0.000000 0.000000 105.653314 95.490021 0.000000 74.374154 36.040050 32.894281 63.307081 81.128718 133.833081 0.000000 106.261154 20.793623 0.000000 0.000000 110.144237 138.522044 123.757727 0.000000 77.206041 64.040987 94.399351 78.141484 0.000000 114.628436 129.892957 78.186393 17.238716 23.071401 0.000000 89.123313 0.000000 55.321338 0.000000 0.000000 0.000000 0.000000 0.000000 0.000000 0.000000 160.372473 73.765643 0.000000 0.000000 0.000000 0.000000 158.971564 0.000000 0.000000 0.000000 0.000000 0.000000 0.000000 0.000000 0.000000 0.000000 119.806127 0.000000 0.000000 0.000000 149.154071 147.771317 132.602647 0.000000 0.000000 0.000000 0.000000
0.000000 0.000000 42.839714 0.000000 130.122862 144.272627 0.000000 0.000000 64.761265 0.000000 60.400342 0.000000 48.923703 0.000000 108.455368 0.000000 54.196230 74.295423 55.811017 0.000000 0.000000 27.494339 56.048406 67.438610 25.711737 44.378653 34.079972 127.635327 112.877440 0.000000 60.781949 135.428369 0.000000 67.064301 0.000000 0.000000 0.000000 0.000000 0.000000 0.000000 0.000000 0.000000 0.000000 0.000000 105.462826 0.000000 94.316709 0.000000 0.000000 0.000000 57.244405 113.785794 0.000000 0.000000 0.000000 0.000000 0.000000 0.000000 82.474243 88.744197 69.844898 0.000000 0.000000 0.000000 117.512436 0.000000 0.000000 0.000000
105.653314 42.839714 0.000000 128.825407 0.000000 150.294991 104.385054 122.016424 0.000000 129.579184 106.422272 0.000000 155.602706 116.872926 0.000000 74.995367 34.289037 79.675930 71.031129 0.000000 72.837857 42.045532 47.963017 97.433570 0.000000 38.179584 37.625452 100.181772 105.577560 89.356675 0.000000 0.000000 0.000000 0.000000 0.000000 53.781417 96.516682 0.000000 0.000000 0.000000 0.000000 0.000000 0.000000 0.000000 0.000000 0.000000 162.735477 0.000000 0.000000 0.000000 104.195920 140.702975 116.629442 0.000000 0.000000 52.436406 101.741289 192.162006 0.000000 101.844666 93.923195 0.000000 0.000000 0.000000 0.000000 0.000000 0.000000 143.410637
95.490021 0.000000 128.825407 0.000000 107.916936 73.995584 42.799844 101.991915 67.504263 34.613261 0.000000 39.621667 0.000000 103.472053 73.480699 0.000000 0.000000 0.000000 0.000000 21.119450 0.000000 83.381760 112.970675 30.379253 0.000000 153.284335 121.598066 20.708048 107.033895 0.000000 0.000000 128.496833 83.882018 98.606003 0.000000 0.000000 0.000000 159.762034 0.000000 146.332414 155.258158 175.244222 96.531172 169.989455 0.000000 154.512651 0.000000 173.852464 0.000000 0.000000 0.000000 0.000000 0.000000 166.522052 0.000000 0.000000 0.000000 132.571600 0.000000 0.000000 0.000000 155.698996 188.691150 0.000000 0.000000 0.000000 0.000000 179.102297
0.000000 130.122862 0.000000 107.916936 0.000000 25.663036 109.768792 34.845354 74.070707 110.778473 51.280885 93.646664 132.969380 78.685132 25.581869 0.000000 0.000000 197.401633 0.000000 111.960291 0.000000 108.349349 0.000000 104.508680 167.261601 182.859302 161.693567 115.787315 218.725458 0.000000 173.362352 9.192363 0.000000 28.768844 0.000000 0.000000 0.000000 0.000000 0.000000 0.000000 0.000000 0.000000 0.000000 0.000000 0.000000 0.000000 0.000000 0.000000 0.000000 0.000000 0.000000 0.000000 0.000000 0.000000 0.000000 0.000000 0.000000 0.000000 0.000000 0.000000 0.000000 0.000000 0.000000 0.000000 0.000000 0.000000 0.000000 0.000000
74.374154 144.272627 150.294991 73.995584 25.663036 0.000000 53.190851 28.086816 92.168287 40.058900 74.781138 22.770553 87.218866 53.811316 26.081638 0.000000 116.224446 114.515717 119.518719 51.196774 0.000000 120.094446 142.627273 85.582250 0.000000 129.164714 126.839289 64.814005 81.912383 92.311697 100.798747 18.063245 0.000000 67.708598 0.000000 0.000000 0.000000 151.579188 0.000000 0.000000 167.814568 178.386393 0.000000 183.703262 0.000000 139.424380 0.000000 187.270391 0.000000 0.000000 0.000000 0.000000 0.000000 157.905331 0.000000 0.000000 0.000000 156.547736 0.000000 0.000000 0.000000 148.546919 198.394915 171.842189 0.000000 0.000000 0.000000 0.000000
36.040050 0.000000 104.385054 42.799844 109.768792 53.190851 0.000000 64.386399 61.234689 27.232473 135.089440 0.000000 150.120502 54.804407 86.058042 62.770586 105.488578 144.201150 124.997799 55.968980 74.534999 86.049540 84.291439 48.183576 0.000000 119.176225 114.535800 38.906495 83.310204 24.277853 0.000000 117.447656 77.535578 83.652194 0.000000 0.000000 0.000000 148.021947 0.000000 0.000000 133.647713 150.927410 92.865360 155.158426 0.000000 0.000000 0.000000 155.527142 0.000000 0.000000 0.000000 0.000000 0.000000 153.834828 155.467058 0.000000 0.000000 117.868422 0.000000 0.000000 0.000000 137.516004 169.352788 0.000000 0.000000 0.000000 0.000000 0.000000
32.894281 0.000000 122.016424 101.991915 34.845354 28.086816 64.386399 0.000000 78.272902 71.396450 87.470130 94.325752 85.320403 24.884030 42.083799 0.000000 120.850821 129.955838 134.817720 99.039011 97.509855 0.000000 111.484956 83.168285 0.000000 128.736847 116.619537 94.028022 47.224131 67.511719 108.912825 27.376341 0.000000 63.288473 0.000000 0.000000 0.000000 170.789944 0.000000 0.000000 153.359774 172.278361 95.403014 158.356700 0.000000 0.000000 0.000000 176.881842 0.000000 0.000000 0.000000 231.063040 0.000000 0.000000 152.240690 0.000000 0.000000 134.595567 0.000000 0.000000 0.000000 146.851509 178.973779 162.574432 0.000000 0.000000 0.000000 161.124516
63.307081 64.761265 0.000000 67.504263 74.070707 92.168287 61.234689 78.272902 0.000000 80.522944 131.838295 61.391482 121.820035 79.335535 48.211726 42.013636 119.955666 139.019956 132.604114 70.956999 55.924510 37.485809 102.308474 39.772688 102.928439 125.805280 107.425033 57.807553 74.875294 55.960461 130.846825 96.845521 56.116288 116.204742 79.720221 0.000000 0.000000 89.180248 0.000000 0.000000 74.948053 89.691438 0.000000 94.168679 0.000000 0.000000 167.022459 91.048618 0.000000 0.000000 0.000000 158.302129 0.000000 95.421054 67.222754 0.000000 0.000000 55.707886 0.000000 180.449997 190.105155 73.827763 89.448714 73.736221 0.000000 0.000000 0.000000 91.788887
81.128718 0.000000 129.579184 34.613261 110.778473 40.058900 27.232473 71.396450 80.522944 0.000000 144.328062 25.576439 154.651444 83.100695 81.994088 0.000000 151.716283 161.053306 156.736979 22.167189 104.107335 0.000000 121.069085 60.679938 0.000000 162.751617 156.013680 38.653152 103.135514 119.394092 166.217051 121.496139 110.592650 82.513085 0.000000 0.000000 0.000000 171.692021 0.000000 163.686240 161.507841 177.959032 109.805945 182.917905 0.000000 164.978723 0.000000 181.118135 0.000000 0.000000 0.000000 0.000000 0.000000 177.435044 0.000000 0.000000 0.000000 148.104630 0.000000 0.000000 0.000000 164.146184 194.664127 209.778107 0.000000 0.000000 0.000000 0.000000
133.833081 60.400342 106.422272 0.000000 51.280885 74.781138 135.089440 87.470130 131.838295 144.328062 0.000000 149.668565 31.223722 95.800889 0.000000 0.000000 52.658885 28.968654 38.122669 152.070967 0.000000 94.612771 0.000000 149.981188 40.892833 30.568207 61.163719 159.881854 64.696420 121.751511 49.783386 50.768066 124.621328 33.487926 0.000000 94.388160 145.247960 0.000000 0.000000 0.000000 0.000000 205.252631 163.392423 0.000000 89.634768 0.000000 81.056893 0.000000 0.000000 0.000000 0.000000 97.688027 109.481883 0.000000 0.000000 134.402276 0.000000 186.467858 68.998689 104.042143 108.504743 199.716258 212.431369 191.619586 97.372684 0.000000 0.000000 0.000000
0.000000 0.000000 0.000000 39.621667 93.646664 22.770553 0.000000 94.325752 61.391482 25.576439 149.668565 0.000000 0.000000 96.202539 40.609431 0.000000 0.000000 0.000000 0.000000 15.293273 0.000000 0.000000 0.000000 51.212769 0.000000 161.171646 172.433912 51.200607 108.332143 0.000000 0.000000 111.646186 0.000000 87.491323 0.000000 0.000000 0.000000 142.618616 0.000000 138.440489 146.900033 158.285238 0.000000 152.697416 0.000000 133.799205 0.000000 159.022301 0.000000 0.000000 0.000000 0.000000 0.000000 154.619506 0.000000 0.000000 0.000000 125.657220 0.000000 0.000000 0.000000 141.905909 184.507362 0.000000 0.000000 0.000000 0.000000 0.000000
106.261154 48.923703 155.602706 0.000000 132.969380 87.218866 150.120502 85.320403 121.820035 154.651444 31.223722 0.000000 0.000000 89.037421 161.682330 0.000000 0.000000 52.948532 0.000000 0.000000 0.000000 89.335000 0.000000 135.562071 25.018093 35.246361 35.717696 173.965454 77.218532 0.000000 22.243946 69.695207 0.000000 16.773912 0.000000 91.901405 0.000000 0.000000 0.000000 0.000000 0.000000 225.972757 160.260877 0.000000 82.109529 0.000000 77.292285 0.000000 0.000000 0.000000 0.000000 92.066366 0.000000 0.000000 0.000000 105.850883 0.000000 184.823644 54.101521 91.037812 100.126840 0.000000 0.000000 0.000000 88.041351 0.000000 0.000000 0.000000
20.793623 0.000000 116.872926 103.472053 78.685132 53.811316 54.804407 24.884030 79.335535 83.100695 95.800889 96.202539 89.037421 0.000000 0.000000 0.000000 121.162895 132.925887 131.379651 99.737808 92.881831 75.879741 108.718052 81.407581 0.000000 128.139188 116.543519 91.390155 36.646953 56.804481 108.575280 20.783406 0.000000 87.194651 153.049405 0.000000 0.000000 170.397052 0.000000 0.000000 151.510577 174.230515 92.013641 167.091696 0.000000 0.000000 0.000000 177.184049 0.000000 0.000000 0.000000 234.861338 0.000000 0.000000 149.669506 0.000000 0.000000 137.172017 0.000000 211.332644 0.000000 150.268249 171.744447 152.717195 0.000000 0.000000 0.000000 166.264635
0.000000 108.455368 0.000000 73.480699 25.581869 26.081638 86.058042 42.083799 48.211726 81.994088 0.000000 40.609431 161.682330 0.000000 0.000000 0.000000 0.000000 0.000000 0.000000 76.218507 0.000000 82.587469 0.000000 84.508401 140.707071 158.726253 152.069740 81.071262 0.000000 0.000000 0.000000 34.376879 0.000000 0.000000 0.000000 0.000000 0.000000 0.000000 0.000000 0.000000 0.000000 0.000000 0.000000 0.000000 0.000000 0.000000 0.000000 0.000000 0.000000 0.000000 0.000000 0.000000 0.000000 0.000000 0.000000 0.000000 0.000000 0.000000 0.000000 0.000000 0.000000 0.000000 0.000000 0.000000 0.000000 0.000000 0.000000 0.000000
0.000000 0.000000 74.995367 0.000000 0.000000 0.000000 62.770586 0.000000 42.013636 0.000000 0.000000 0.000000 0.000000 0.000000 0.000000 0.000000 0.000000 0.000000 0.000000 0.000000 24.983821 36.621560 24.100345 30.729026 0.000000 94.199368 22.428969 49.560221 0.000000 0.000000 0.000000 0.000000 0.000000 81.137004 0.000000 0.000000 110.538298 0.000000 0.000000 0.000000 0.000000 0.000000 0.000000 0.000000 0.000000 0.000000 0.000000 0.000000 0.000000 16.262585 0.000000 0.000000 0.000000 0.000000 114.598086 58.330804 105.531776 123.301959 0.000000 0.000000 100.428276 146.037761 128.812672 111.675725 0.000000 0.000000 0.000000 0.000000
110.144237 54.196230 34.289037 0.000000 0.000000 116.224446 105.488578 120.850821 119.955666 151.716283 52.658885 0.000000 0.000000 121.162895 0.000000 0.000000 0.000000 58.127526 29.699108 0.000000 61.631482 95.881114 23.620961 125.837131 0.000000 45.691413 63.438196 121.245753 99.197068 78.350200 0.000000 94.198089 101.142503 42.960722 0.000000 62.619101 101.263422 0.000000 0.000000 0.000000 0.000000 0.000000 0.000000 0.000000 0.000000 0.000000 0.000000 0.000000 0.000000 0.000000 111.931642 0.000000 112.530695 0.000000 176.311831 0.000000 114.125056 184.230675 0.000000 102.481605 103.504050 201.375851 214.065127 175.644869 0.000000 0.000000 0.000000 0.000000
138.522044 74.295423 79.675930 0.000000 197.401633 114.515717 144.201150 129.955838 139.019956 161.053306 28.968654 0.000000 52.948532 132.925887 0.000000 0.000000 58.127526 0.000000 26.136952 0.000000 0.000000 97.215916 122.709817 149.676731 44.045238 33.810647 62.112862 0.000000 108.604178 125.706530 51.745732 89.738965 115.933996 50.411727 0.000000 0.000000 129.449693 0.000000 0.000000 0.000000 0.000000 0.000000 0.000000 0.000000 101.474290 0.000000 95.980872 0.000000 0.000000 0.000000 0.000000 102.301100 104.206271 0.000000 0.000000 0.000000 0.000000 0.000000 56.110329 99.724342 106.930128 0.000000 0.000000 0.000000 100.414995 0.000000 0.000000 0.000000
123.757727 55.811017 71.031129 0.000000 0.000000 119.518719 124.997799 134.817720 132.604114 156.736979 38.122669 0.000000 0.000000 131.379651 0.000000 0.000000 29.699108 26.136952 0.000000 0.000000 73.299397 113.896311 88.048003 154.796106 0.000000 32.422844 64.234629 150.866487 109.302310 104.726093 0.000000 95.121787 100.908785 44.163702 0.000000 73.297906 110.719798 0.000000 0.000000 0.000000 0.000000 0.000000 0.000000 0.000000 99.746559 0.000000 98.980481 0.000000 0.000000 0.000000 122.636350 108.103769 111.152991 0.000000 0.000000 0.000000 0.000000 199.876007 0.000000 100.763545 105.805070 215.611097 210.216849 0.000000 107.691746 0.000000 0.000000 0.000000
0.000000 0.000000 0.000000 21.119450 111.960291 51.196774 55.968980 99.039011 70.956999 22.167189 152.070967 15.293273 0.000000 99.737808 76.218507 0.000000 0.000000 0.000000 0.000000 0.000000 0.000000 0.000000 0.000000 42.771194 0.000000 0.000000 0.000000 34.459079 107.779964 0.000000 0.000000 117.971455 0.000000 91.302307 0.000000 0.000000 0.000000 151.611207 0.000000 156.397449 145.612929 172.288965 0.000000 165.246087 0.000000 148.602012 0.000000 0.000000 0.000000 0.000000 0.000000 0.000000 0.000000 164.339538 0.000000 0.000000 0.000000 131.364935 0.000000 0.000000 0.000000 150.206088 0.000000 0.000000 0.000000 0.000000 0.000000 0.000000
77.206041 0.000000 72.837857 0.000000 0.000000 0.000000 74.534999 97.509855 55.924510 104.107335 0.000000 0.000000 0.000000 92.881831 0.000000 24.983821 61.631482 0.000000 73.299397 0.000000 0.000000 53.046798 45.015995 15.439477 0.000000 72.992557 64.855039 32.581714 70.507974 36.497809 0.000000 0.000000 46.712751 52.595153 127.391252 0.000000 0.000000 0.000000 0.000000 0.000000 149.508513 0.000000 65.802233 0.000000 0.000000 0.000000 0.000000 0.000000 0.000000 78.752531 0.000000 0.000000 0.000000 0.000000 120.596811 65.685703 116.200466 122.109348 0.000000 0.000000 0.000000 126.983660 138.185458 121.553141 0.000000 0.000000 0.000000 0.000000
64.040987 27.494339 42.045532 83.381760 108.349349 120.094446 86.049540 0.000000 37.485809 0.000000 94.612771 0.000000 89.335000 75.879741 82.587469 36.621560 95.881114 97.215916 113.896311 0.000000 53.046798 0.000000 53.966845 35.628900 61.756259 76.572765 31.998921 56.812878 67.483744 54.214560 93.725867 119.783509 53.239688 90.562115 0.000000 0.000000 52.552577 0.000000 0.000000 0.000000 0.000000 0.000000 0.000000 0.000000 0.000000 0.000000 136.293356 0.000000 0.000000 43.654487 0.000000 0.000000 0.000000 0.000000 66.521848 0.000000 74.222971 70.345886 0.000000 131.901379 50.294616 72.276813 83.170000 67.130788 0.000000 0.000000 0.000000 0.000000
94.399351 56.048406 47.963017 112.970675 0.000000 142.627273 84.291439 111.484956 102.308474 121.069085 0.000000 0.000000 0.000000 108.718052 0.000000 24.100345 23.620961 122.709817 88.048003 0.000000 45.015995 53.966845 0.000000 52.317138 0.000000 65.327068 51.214401 66.051548 94.496106 57.432777 0.000000 0.000000 0.000000 35.984763 0.000000 81.316887 102.820675 0.000000 0.000000 0.000000 0.000000 0.000000 0.000000 0.000000 0.000000 0.000000 0.000000 0.000000 0.000000 14.719744 113.153833 0.000000 0.000000 0.000000 123.554012 62.117131 107.859042 160.233699 0.000000 144.743415 100.918072 151.340691 174.954057 130.561036 0.000000 0.000000 0.000000 0.000000
78.141484 67.438610 97.433570 30.379253 104.508680 85.582250 48.183576 83.168285 39.772688 60.679938 149.981188 51.212769 135.562071 81.407581 84.508401 30.729026 125.837131 149.676731 154.796106 42.771194 15.439477 35.628900 52.317138 0.000000 109.341115 122.464356 72.957068 20.237795 89.742896 71.419526 136.378716 128.340923 74.351411 102.720203 129.306277 0.000000 0.000000 129.804896 0.000000 121.752895 121.016359 140.670921 59.748115 143.058401 0.000000 121.765899 178.958432 143.012751 0.000000 39.794971 0.000000 196.440906 206.953183 141.335680 123.654937 0.000000 0.000000 104.896748 0.000000 197.170623 194.952745 120.947848 143.599334 123.122727 0.000000 172.982960 0.000000 136.589123
0.000000 25.711737 0.000000 0.000000 167.261601 0.000000 0.000000 0.000000 102.928439 0.000000 40.892833 0.000000 25.018093 0.000000 140.707071 0.000000 0.000000 44.045238 0.000000 0.000000 0.000000 61.756259 0.000000 109.341115 0.000000 36.799642 26.568674 0.000000 0.000000 0.000000 39.902159 0.000000 0.000000 0.000000 0.000000 0.000000 0.000000 0.000000 0.000000 0.000000 0.000000 0.000000 0.000000 0.000000 76.432616 0.000000 54.407569 0.000000 0.000000 0.000000 0.000000 69.583511 0.000000 0.000000 0.000000 0.000000 0.000000 0.000000 40.028375 57.793393 71.350618 0.000000 0.000000 0.000000 63.198105 0.000000 0.000000 0.000000
114.628436 44.378653 38.179584 153.284335 182.859302 129.164714 119.176225 128.736847 125.805280 162.751617 30.568207 161.171646 35.246361 128.139188 158.726253 94.199368 45.691413 33.810647 32.422844 0.000000 72.992557 76.572765 65.327068 122.464356 36.799642 0.000000 44.992196 129.377409 111.116829 98.921066 11.473902 99.843740 107.821054 56.837322 0.000000 62.315669 93.875290 0.000000 0.000000 0.000000 0.000000 0.000000 160.229135 0.000000 90.828182 0.000000 85.999217 0.000000 0.000000 0.000000 105.553922 98.023525 102.990166 0.000000 171.557092 0.000000 129.564928 184.690784 52.166491 92.735221 97.413550 225.199570 0.000000 191.481020 94.820146 0.000000 0.000000 146.307521
129.892957 34.079972 37.625452 121.598066 161.693567 126.839289 114.535800 116.619537 107.425033 156.013680 61.163719 172.433912 35.717696 116.543519 152.069740 22.428969 63.438196 62.112862 64.234629 0.000000 64.855039 31.998921 51.214401 72.957068 26.568674 44.992196 0.000000 78.764837 105.608661 152.422047 43.583948 117.976101 0.000000 64.127458 0.000000 47.983154 92.993298 0.000000 0.000000 0.000000 0.000000 240.757297 0.000000 0.000000 104.470442 0.000000 98.879884 0.000000 0.000000 47.598739 103.238845 100.226147 100.431102 0.000000 0.000000 76.247458 95.673544 187.772625 49.625630 90.597196 93.039376 207.665902 232.062397 190.967862 102.390413 0.000000 0.000000 0.000000
78.186393 127.635327 100.181772 20.708048 115.787315 64.814005 38.906495 94.028022 57.807553 38.653152 159.881854 51.200607 173.965454 91.390155 81.071262 49.560221 121.245753 0.000000 150.866487 34.459079 32.581714 56.812878 66.051548 20.237795 0.000000 129.377409 78.764837 0.000000 91.252750 43.901851 0.000000 134.431054 72.702811 84.098957 131.265045 0.000000 160.704439 157.568012 0.000000 152.855050 138.073495 151.506950 65.781145 161.955346 168.289149 147.651820 0.000000 152.213956 0.000000 49.928415 0.000000 214.203379 198.415067 162.692527 125.184385 0.000000 164.413071 117.549477 0.000000 202.049040 195.229971 139.691268 145.839342 128.703589 0.000000 180.471390 130.242953 142.379345
17.238716 112.877440 105.577560 107.033895 218.725458 81.912383 83.310204 47.224131 74.875294 103.135514 64.696420 108.332143 77.218532 36.646953 0.000000 0.000000 99.197068 108.604178 109.302310 107.779964 70.507974 67.483744 94.496106 89.742896 0.000000 111.116829 105.608661 91.252750 0.000000 35.259157 98.924795 11.209879 19.253366 37.327977 151.216555 0.000000 0.000000 0.000000 0.000000 0.000000 156.544820 177.680590 86.545250 0.000000 194.014291 0.000000 0.000000 176.546464 0.000000 0.000000 0.000000 210.247516 0.000000 0.000000 133.512455 83.118924 156.919195 138.654365 0.000000 160.521328 0.000000 145.548020 159.013402 140.187941 0.000000 0.000000 140.494788 156.843121
23.071401 0.000000 89.356675 0.000000 0.000000 92.311697 24.277853 67.511719 55.960461 119.394092 121.751511 0.000000 0.000000 56.804481 0.000000 0.000000 78.350200 125.706530 104.726093 0.000000 36.497809 54.214560 57.432777 71.419526 0.000000 98.921066 152.422047 43.901851 35.259157 0.000000 0.000000 111.677754 58.351165 51.280262 131.935824 0.000000 0.000000 0.000000 0.000000 0.000000 140.183812 155.661103 66.550847 0.000000 182.527237 0.000000 0.000000 153.552263 0.000000 106.934770 0.000000 0.000000 189.533663 0.000000 121.779449 67.908549 123.748700 120.185769 0.000000 171.168107 192.994312 124.283621 140.937737 122.944251 0.000000 0.000000 126.345153 135.513940
0.000000 60.781949 0.000000 0.000000 173.362352 100.798747 0.000000 108.912825 130.846825 166.217051 49.783386 0.000000 22.243946 108.575280 0.000000 0.000000 0.000000 51.745732 0.000000 0.000000 0.000000 93.725867 0.000000 136.378716 39.902159 11.473902 43.583948 0.000000 98.924795 0.000000 0.000000 96.760690 0.000000 65.886531 0.000000 106.074838 0.000000 0.000000 0.000000 0.000000 0.000000 0.000000 0.000000 0.000000 91.571337 0.000000 86.232650 0.000000 0.000000 0.000000 0.000000 100.316938 0.000000 0.000000 0.000000 117.350010 0.000000 191.076735 59.366851 92.966375 105.746359 0.000000 0.000000 0.000000 95.885956 0.000000 0.000000 0.000000
89.123313 135.428369 0.000000 128.496833 9.192363 18.063245 117.447656 27.376341 96.845521 121.496139 50.768066 111.646186 69.695207 20.783406 34.376879 0.000000 94.198089 89.738965 95.121787 117.971455 0.000000 119.783509 0.000000 128.340923 0.000000 99.843740 117.976101 134.431054 11.209879 111.677754 96.760690 0.000000 0.000000 19.892010 0.000000 0.000000 0.000000 0.000000 0.000000 0.000000 0.000000 205.326910 0.000000 0.000000 0.000000 0.000000 0.000000 212.690313 0.000000 0.000000 0.000000 0.000000 0.000000 0.000000 0.000000 0.000000 0.000000 167.366649 0.000000 0.000000 0.000000 177.535478 205.372128 181.620523 0.000000 0.000000 0.000000 0.000000
0.000000 0.000000 0.000000 83.882018 0.000000 0.000000 77.535578 0.000000 56.116288 110.592650 124.621328 0.000000 0.000000 0.000000 0.000000 0.000000 101.142503 115.933996 100.908785 0.000000 46.712751 53.239688 0.000000 74.351411 0.000000 107.821054 0.000000 72.702811 19.253366 58.351165 0.000000 0.000000 0.000000 22.693399 0.000000 0.000000 0.000000 0.000000 0.000000 0.000000 0.000000 0.000000 62.278330 0.000000 0.000000 0.000000 0.000000 0.000000 0.000000 0.000000 0.000000 0.000000 0.000000 0.000000 118.368230 0.000000 0.000000 117.262320 0.000000 0.000000 0.000000 129.622959 136.020659 121.040584 0.000000 0.000000 0.000000 0.000000
55.321338 67.064301 0.000000 98.606003 28.768844 67.708598 83.652194 63.288473 116.204742 82.513085 33.487926 87.491323 16.773912 87.194651 0.000000 81.137004 42.960722 50.411727 44.163702 91.302307 52.595153 90.562115 35.984763 102.720203 0.000000 56.837322 64.127458 84.098957 37.327977 51.280262 65.886531 19.892010 22.693399 0.000000 0.000000 0.000000 0.000000 0.000000 0.000000 0.000000 142.698239 157.406195 0.000000 0.000000 0.000000 0.000000 0.000000 165.567229 0.000000 0.000000 0.000000 0.000000 0.000000 0.000000 131.529286 0.000000 0.000000 126.877859 0.000000 118.625938 111.325541 143.820379 157.053464 142.803071 0.000000 0.000000 0.000000 0.000000
0.000000 0.000000 0.000000 0.000000 0.000000 0.000000 0.000000 0.000000 79.720221 0.000000 0.000000 0.000000 0.000000 153.049405 0.000000 0.000000 0.000000 0.000000 0.000000 0.000000 127.391252 0.000000 0.000000 129.306277 0.000000 0.000000 0.000000 131.265045 151.216555 131.935824 0.000000 0.000000 0.000000 0.000000 0.000000 0.000000 0.000000 95.682822 0.000000 0.000000 28.184547 55.857672 67.706385 69.150837 0.000000 0.000000 0.000000 28.231393 0.000000 0.000000 99.386479 117.123804 111.757623 109.330356 0.000000 64.174903 84.701859 84.295757 0.000000 109.819449 0.000000 83.711243 23.830570 28.419466 0.000000 0.000000 0.000000 57.611599
0.000000 0.000000 53.781417 0.000000 0.000000 0.000000 0.000000 0.000000 0.000000 0.000000 94.388160 0.000000 91.901405 0.000000 0.000000 0.000000 62.619101 0.000000 73.297906 0.000000 0.000000 0.000000 81.316887 0.000000 0.000000 62.315669 47.983154 0.000000 0.000000 0.000000 106.074838 0.000000 0.000000 0.000000 0.000000 0.000000 41.437381 0.000000 0.000000 144.062348 0.000000 156.633162 58.144723 0.000000 78.461989 0.000000 55.038310 0.000000 114.009753 0.000000 49.512733 0.000000 49.887768 0.000000 0.000000 35.735637 54.705012 85.076125 25.043313 38.441136 36.966921 0.000000 119.600182 0.000000 71.138620 119.732656 0.000000 75.036587
0.000000 0.000000 96.516682 0.000000 0.000000 0.000000 0.000000 0.000000 0.000000 0.000000 145.247960 0.000000 0.000000 0.000000 0.000000 110.538298 101.263422 129.449693 110.719798 0.000000 0.000000 52.552577 102.820675 0.000000 0.000000 93.875290 92.993298 160.704439 0.000000 0.000000 0.000000 0.000000 0.000000 0.000000 0.000000 41.437381 0.000000 119.528798 0.000000 0.000000 97.255588 126.461813 0.000000 125.158887 0.000000 0.000000 119.799966 113.021503 0.000000 0.000000 30.235537 79.240338 51.675135 0.000000 68.582812 43.332854 30.958245 93.928330 0.000000 30.893354 34.927347 94.177638 140.966079 91.372559 0.000000 0.000000 0.000000 0.000000
0.000000 0.000000 0.000000 159.762034 0.000000 151.579188 148.021947 170.789944 89.180248 171.692021 0.000000 142.618616 0.000000 170.397052 0.000000 0.000000 0.000000 0.000000 0.000000 151.611207 0.000000 0.000000 0.000000 129.804896 0.000000 0.000000 0.000000 157.568012 0.000000 0.000000 0.000000 0.000000 0.000000 0.000000 95.682822 0.000000 119.528798 0.000000 0.000000 83.766240 44.622036 107.920045 74.142927 31.101833 143.259084 40.136904 0.000000 111.730786 0.000000 0.000000 0.000000 167.668581 163.885006 21.906716 0.000000 0.000000 0.000000 35.177958 0.000000 161.370683 160.170394 29.494702 115.462018 117.016453 0.000000 125.870550 0.000000 99.238731
0.000000 0.000000 0.000000 0.000000 0.000000 0.000000 0.000000 0.000000 0.000000 0.000000 0.000000 0.000000 0.000000 0.000000 0.000000 0.000000 0.000000 0.000000 0.000000 0.000000 0.000000 0.000000 0.000000 0.000000 0.000000 0.000000 0.000000 0.000000 0.000000 0.000000 0.000000 0.000000 0.000000 0.000000 0.000000 0.000000 0.000000 0.000000 0.000000 16.421575 0.000000 20.324804 51.821458 0.000000 36.286826 0.000000 0.000000 0.000000 17.479816 0.000000 0.000000 0.000000 0.000000 0.000000 0.000000 100.281495 0.000000 56.199153 156.066814 169.320554 157.212861 0.000000 0.000000 0.000000 0.000000 12.939643 0.000000 12.190868
0.000000 0.000000 0.000000 146.332414 0.000000 0.000000 0.000000 0.000000 0.000000 163.686240 0.000000 138.440489 0.000000 0.000000 0.000000 0.000000 0.000000 0.000000 0.000000 156.397449 0.000000 0.000000 0.000000 121.752895 0.000000 0.000000 0.000000 152.855050 0.000000 0.000000 0.000000 0.000000 0.000000 0.000000 0.000000 144.062348 0.000000 83.766240 16.421575 0.000000 51.858984 19.820385 67.631345 39.232567 54.477959 36.677391 136.061696 101.239948 23.160635 0.000000 0.000000 161.461773 173.878771 54.100247 0.000000 115.772875 0.000000 66.278404 166.313100 178.258247 176.066070 70.423207 122.029133 0.000000 0.000000 76.146693 0.000000 31.310540
0.000000 0.000000 0.000000 155.258158 0.000000 167.814568 133.647713 153.359774 74.948053 161.507841 0.000000 146.900033 0.000000 151.510577 0.000000 0.000000 0.000000 0.000000 0.000000 145.612929 149.508513 0.000000 0.000000 121.016359 0.000000 0.000000 0.000000 138.073495 156.544820 140.183812 0.000000 0.000000 0.000000 142.698239 28.184547 0.000000 97.255588 44.622036 0.000000 51.858984 0.000000 62.485370 60.737116 28.894667 107.347987 0.000000 0.000000 44.230254 76.362240 0.000000 99.230510 128.426102 117.306570 61.230312 75.282041 70.154062 87.808440 67.162951 0.000000 114.678500 111.555185 36.763431 82.574945 39.360928 0.000000 112.454086 88.550461 82.171408
160.372473 0.000000 0.000000 175.244222 0.000000 178.386393 150.927410 172.278361 89.691438 177.959032 205.252631 158.285238 225.972757 174.230515 0.000000 0.000000 0.000000 0.000000 0.000000 172.288965 0.000000 0.000000 0.000000 140.670921 0.000000 0.000000 240.757297 151.506950 177.680590 155.661103 0.000000 205.326910 0.000000 157.406195 55.857672 156.633162 126.461813 107.920045 20.324804 19.820385 62.485370 0.000000 77.379269 76.331970 56.326397 99.035977 90.599664 33.339163 41.742016 0.000000 124.680220 98.891364 107.147108 103.130691 0.000000 130.921444 116.921165 87.552833 183.245628 127.297076 170.141683 88.903003 53.357814 72.944303 117.862811 38.598099 0.000000 35.481264
73.765643 0.000000 0.000000 96.531172 0.000000 0.000000 92.865360 95.403014 0.000000 109.805945 163.392423 0.000000 160.260877 92.013641 0.000000 0.000000 0.000000 0.000000 0.000000 0.000000 65.802233 0.000000 0.000000 59.748115 0.000000 160.229135 0.000000 65.781145 86.545250 66.550847 0.000000 0.000000 62.278330 0.000000 67.706385 58.144723 0.000000 74.142927 51.821458 67.631345 60.737116 77.379269 0.000000 79.203877 0.000000 70.715364 109.061104 81.467378 0.000000 0.000000 0.000000 0.000000 0.000000 80.533689 54.094674 32.691713 0.000000 42.590724 88.919383 107.760798 109.202613 58.338255 76.450078 65.000972 0.000000 0.000000 60.971051 74.062504
0.000000 0.000000 0.000000 169.989455 0.000000 183.703262 155.158426 158.356700 94.168679 182.917905 0.000000 152.697416 0.000000 167.091696 0.000000 0.000000 0.000000 0.000000 0.000000 165.246087 0.000000 0.000000 0.000000 143.058401 0.000000 0.000000 0.000000 161.955346 0.000000 0.000000 0.000000 0.000000 0.000000 0.000000 69.150837 0.000000 125.158887 31.101833 0.000000 39.232567 28.894667 76.331970 79.203877 0.000000 134.837316 34.359322 149.334235 85.808867 61.733994 0.000000 146.343802 160.314322 155.796933 29.039572 0.000000 0.000000 114.767142 67.762516 0.000000 163.189146 161.808487 38.013773 100.578697 106.627974 0.000000 123.865196 0.000000 92.487455
0.000000 105.462826 0.000000 0.000000 0.000000 0.000000 0.000000 0.000000 0.000000 0.000000 89.634768 0.000000 82.109529 0.000000 0.000000 0.000000 0.000000 101.474290 99.746559 0.000000 0.000000 0.000000 0.000000 0.000000 76.432616 90.828182 104.470442 168.289149 194.014291 182.527237 91.571337 0.000000 0.000000 0.000000 0.000000 78.461989 0.000000 143.259084 36.286826 54.477959 107.347987 56.326397 0.000000 134.837316 0.000000 151.032390 38.160186 78.489451 0.000000 0.000000 0.000000 23.654189 16.242517 146.172951 0.000000 0.000000 0.000000 144.182240 42.065996 25.820212 63.243708 0.000000 61.248186 0.000000 27.805684 55.296334 0.000000 17.058207
0.000000 0.000000 0.000000 154.512651 0.000000 139.424380 0.000000 0.000000 0.000000 164.978723 0.000000 133.799205 0.000000 0.000000 0.000000 0.000000 0.000000 0.000000 0.000000 148.602012 0.000000 0.000000 0.000000 121.765899 0.000000 0.000000 0.000000 147.651820 0.000000 0.000000 0.000000 0.000000 0.000000 0.000000 0.000000 0.000000 0.000000 40.136904 0.000000 36.677391 0.000000 99.035977 70.715364 34.359322 151.032390 0.000000 0.000000 106.994487 0.000000 0.000000 0.000000 160.989137 158.474823 31.183295 0.000000 0.000000 0.000000 17.913036 0.000000 163.534098 170.852459 46.416537 110.333684 0.000000 0.000000 127.847966 0.000000 101.504777
0.000000 94.316709 162.735477 0.000000 0.000000 0.000000 0.000000 0.000000 167.022459 0.000000 81.056893 0.000000 77.292285 0.000000 0.000000 0.000000 0.000000 95.980872 98.980481 0.000000 0.000000 136.293356 0.000000 178.958432 54.407569 85.999217 98.879884 0.000000 0.000000 0.000000 86.232650 0.000000 0.000000 0.000000 0.000000 55.038310 119.799966 0.000000 0.000000 136.061696 0.000000 90.599664 109.061104 149.334235 38.160186 0.000000 0.000000 95.158246 161.276248 0.000000 122.879980 71.867572 79.162846 0.000000 0.000000 85.969545 0.000000 141.036898 23.374641 38.103142 42.601810 0.000000 78.125142 0.000000 27.240323 77.826860 0.000000 48.652159
158.971564 0.000000 0.000000 173.852464 0.000000 187.270391 155.527142 176.881842 91.048618 181.118135 0.000000 159.022301 0.000000 177.184049 0.000000 0.000000 0.000000 0.000000 0.000000 0.000000 0.000000 0.000000 0.000000 143.012751 0.000000 0.000000 0.000000 152.213956 176.546464 153.552263 0.000000 212.690313 0.000000 165.567229 28.231393 0.000000 113.021503 111.730786 0.000000 101.239948 44.230254 33.339163 81.467378 85.808867 78.489451 106.994487 95.158246 0.000000 85.087418 0.000000 116.429633 99.740322 104.857848 109.560223 0.000000 92.310600 105.933900 99.496458 0.000000 118.237091 116.255161 93.365854 43.678428 62.638407 108.243381 17.277531 0.000000 39.200731
0.000000 0.000000 0.000000 0.000000 0.000000 0.000000 0.000000 0.000000 0.000000 0.000000 0.000000 0.000000 0.000000 0.000000 0.000000 0.000000 0.000000 0.000000 0.000000 0.000000 0.000000 0.000000 0.000000 0.000000 0.000000 0.000000 0.000000 0.000000 0.000000 0.000000 0.000000 0.000000 0.000000 0.000000 0.000000 114.009753 0.000000 0.000000 17.479816 23.160635 76.362240 41.742016 0.000000 61.733994 0.000000 0.000000 161.276248 85.087418 0.000000 0.000000 0.000000 0.000000 0.000000 0.000000 0.000000 89.860588 0.000000 44.863837 142.978541 150.137983 150.517434 0.000000 0.000000 0.000000 0.000000 52.782796 0.000000 0.000000
0.000000 0.000000 0.000000 0.000000 0.000000 0.000000 0.000000 0.000000 0.000000 0.000000 0.000000 0.000000 0.000000 0.000000 0.000000 16.262585 0.000000 0.000000 0.000000 0.000000 78.752531 43.654487 14.719744 39.794971 0.000000 0.000000 47.598739 49.928415 0.000000 106.934770 0.000000 0.000000 0.000000 0.000000 0.000000 0.000000 0.000000 0.000000 0.000000 0.000000 0.000000 0.000000 0.000000 0.000000 0.000000 0.000000 0.000000 0.000000 0.000000 0.000000 0.000000 0.000000 0.000000 0.000000 51.891351 36.233914 98.169511 17.614344 0.000000 112.138516 49.927288 22.496362 0.000000 115.147976 0.000000 0.000000 0.000000 0.000000
0.000000 57.244405 104.195920 0.000000 0.000000 0.000000 0.000000 0.000000 0.000000 0.000000 0.000000 0.000000 0.000000 0.000000 0.000000 0.000000 111.931642 0.000000 122.636350 0.000000 0.000000 0.000000 113.153833 0.000000 0.000000 105.553922 103.238845 0.000000 0.000000 0.000000 0.000000 0.000000 0.000000 0.000000 99.386479 49.512733 30.235537 0.000000 0.000000 0.000000 99.230510 124.680220 0.000000 146.343802 0.000000 0.000000 122.879980 116.429633 0.000000 0.000000 0.000000 45.949680 22.742752 161.161665 66.981923 0.000000 29.777040 0.000000 0.000000 27.205183 60.202712 102.591779 117.570899 80.902083 0.000000 0.000000 0.000000 30.708655
0.000000 113.785794 140.702975 0.000000 0.000000 0.000000 0.000000 231.063040 158.302129 0.000000 97.688027 0.000000 92.066366 234.861338 0.000000 0.000000 0.000000 102.301100 108.103769 0.000000 0.000000 0.000000 0.000000 196.440906 69.583511 98.023525 100.226147 214.203379 210.247516 0.000000 100.316938 0.000000 0.000000 0.000000 117.123804 0.000000 79.240338 167.668581 0.000000 161.461773 128.426102 98.891364 0.000000 160.314322 23.654189 160.989137 71.867572 99.740322 0.000000 0.000000 45.949680 0.000000 27.287305 165.916567 100.835934 0.000000 90.006016 0.000000 43.145322 26.978514 60.494056 165.438351 92.416936 113.592217 47.661392 92.934432 0.000000 46.206869
0.000000 0.000000 116.629442 0.000000 0.000000 0.000000 0.000000 0.000000 0.000000 0.000000 109.481883 0.000000 0.000000 0.000000 0.000000 0.000000 112.530695 104.206271 111.152991 0.000000 0.000000 0.000000 0.000000 206.953183 0.000000 102.990166 100.431102 198.415067 0.000000 189.533663 0.000000 0.000000 0.000000 0.000000 111.757623 49.887768 51.675135 163.885006 0.000000 173.878771 117.306570 107.147108 0.000000 155.796933 16.242517 158.474823 79.162846 104.857848 0.000000 0.000000 22.742752 27.287305 0.000000 162.198585 80.282602 0.000000 64.940240 0.000000 42.717417 27.130440 59.023503 120.233760 102.594839 103.072287 65.063764 95.083852 0.000000 39.043002
0.000000 0.000000 0.000000 166.522052 0.000000 157.905331 153.834828 0.000000 95.421054 177.435044 0.000000 154.619506 0.000000 0.000000 0.000000 0.000000 0.000000 0.000000 0.000000 164.339538 0.000000 0.000000 0.000000 141.335680 0.000000 0.000000 0.000000 162.692527 0.000000 0.000000 0.000000 0.000000 0.000000 0.000000 109.330356 0.000000 0.000000 21.906716 0.000000 54.100247 61.230312 103.130691 80.533689 29.039572 146.172951 31.183295 0.000000 109.560223 0.000000 0.000000 161.161665 165.916567 162.198585 0.000000 0.000000 0.000000 0.000000 13.087532 0.000000 168.410903 175.661107 44.669800 115.594556 113.852515 0.000000 133.359246 0.000000 101.111782
0.000000 0.000000 0.000000 0.000000 0.000000 0.000000 155.467058 152.240690 67.222754 0.000000 0.000000 0.000000 0.000000 149.669506 0.000000 114.598086 176.311831 0.000000 0.000000 0.000000 120.596811 66.521848 123.554012 123.654937 0.000000 171.557092 0.000000 125.184385 133.512455 121.779449 0.000000 0.000000 118.368230 131.529286 0.000000 0.000000 68.582812 0.000000 0.000000 0.000000 75.282041 0.000000 54.094674 0.000000 0.000000 0.000000 0.000000 0.000000 0.000000 51.891351 66.981923 100.835934 80.282602 0.000000 0.000000 52.160220 36.114011 8.754087 0.000000 89.468136 71.978182 29.779578 0.000000 25.267896 0.000000 0.000000 0.000000 40.010957
0.000000 0.000000 52.436406 0.000000 0.000000 0.000000 0.000000 0.000000 0.000000 0.000000 134.402276 0.000000 105.850883 0.000000 0.000000 58.330804 0.000000 0.000000 0.000000 0.000000 65.685703 0.000000 62.117131 0.000000 0.000000 0.000000 76.247458 0.000000 83.118924 67.908549 117.350010 0.000000 0.000000 0.000000 64.174903 35.735637 43.332854 0.000000 100.281495 115.772875 70.154062 130.921444 32.691713 0.000000 0.000000 0.000000 85.969545 92.310600 89.860588 36.233914 0.000000 0.000000 0.000000 0.000000 52.160220 0.000000 45.826613 40.808587 56.491334 69.002118 40.375090 57.898692 73.321109 58.974956 92.864240 0.000000 53.977779 105.744770
0.000000 0.000000 101.741289 0.000000 0.000000 0.000000 0.000000 0.000000 0.000000 0.000000 0.000000 0.000000 0.000000 0.000000 0.000000 105.531776 114.125056 0.000000 0.000000 0.000000 116.200466 74.222971 107.859042 0.000000 0.000000 129.564928 95.673544 164.413071 156.919195 123.748700 0.000000 0.000000 0.000000 0.000000 84.701859 54.705012 30.958245 0.000000 0.000000 0.000000 87.808440 116.921165 0.000000 114.767142 0.000000 0.000000 0.000000 105.933900 0.000000 98.169511 29.777040 90.006016 64.940240 0.000000 36.114011 45.826613 0.000000 73.199466 0.000000 59.754987 40.304198 72.124374 106.097608 52.337896 0.000000 0.000000 0.000000 32.211790
119.806127 0.000000 192.162006 132.571600 0.000000 156.547736 117.868422 134.595567 55.707886 148.104630 186.467858 125.657220 184.823644 137.172017 0.000000 123.301959 184.230675 0.000000 199.876007 131.364935 122.109348 70.345886 160.233699 104.896748 0.000000 184.690784 187.772625 117.549477 138.654365 120.185769 191.076735 167.366649 117.262320 126.877859 84.295757 85.076125 93.928330 35.177958 56.199153 66.278404 67.162951 87.552833 42.590724 67.762516 144.182240 17.913036 141.036898 99.496458 44.863837 17.614344 0.000000 0.000000 0.000000 13.087532 8.754087 40.808587 73.199466 0.000000 111.244783 123.051234 92.530920 20.842429 91.565562 83.248574 146.931308 124.183657 78.536742 97.163405
0.000000 82.474243 0.000000 0.000000 0.000000 0.000000 0.000000 0.000000 0.000000 0.000000 68.998689 0.000000 54.101521 0.000000 0.000000 0.000000 0.000000 56.110329 0.000000 0.000000 0.000000 0.000000 0.000000 0.000000 40.028375 52.166491 49.625630 0.000000 0.000000 0.000000 59.366851 0.000000 0.000000 0.000000 0.000000 25.043313 0.000000 0.000000 156.066814 166.313100 0.000000 183.245628 88.919383 0.000000 42.065996 0.000000 23.374641 0.000000 142.978541 0.000000 0.000000 43.145322 42.717417 0.000000 0.000000 56.491334 0.000000 111.244783 0.000000 34.458087 33.580644 0.000000 0.000000 0.000000 42.571860 0.000000 0.000000 56.345215
0.000000 88.744197 101.844666 0.000000 0.000000 0.000000 0.000000 0.000000 180.449997 0.000000 104.042143 0.000000 91.037812 211.332644 0.000000 0.000000 102.481605 99.724342 100.763545 0.000000 0.000000 131.901379 144.743415 197.170623 57.793393 92.735221 90.597196 202.049040 160.521328 171.168107 92.966375 0.000000 0.000000 118.625938 109.819449 38.441136 30.893354 161.370683 169.320554 178.258247 114.678500 127.297076 107.760798 163.189146 25.820212 163.534098 38.103142 118.237091 150.137983 112.138516 27.205183 26.978514 27.130440 168.410903 89.468136 69.002118 59.754987 123.051234 34.458087 0.000000 38.620133 117.106072 107.719986 106.843317 28.348320 101.893104 0.000000 54.303877
