0.000000 0.000000 0.001747 0.000133 0.000000 0.000480 0.072240 0.021347 0.001627 0.001413 0.000720 0.000000 0.000160 0.144147 0.000000 0.000000 0.004533 0.001280 0.004120 0.000000 0.000613 0.000107 0.001907 0.000973 0.000000 0.005720 0.000133 0.002280 0.101573 0.064333 0.000000 0.000240 0.000000 0.001280 0.000000 0.000000 0.000000 0.000000 0.000000 0.000000 0.000000 0.000067 0.000067 0.000000 0.000000 0.000000 0.000000 0.000120 0.000000 0.000000 0.000000 0.000000 0.000000 0.000000 0.000000 0.000000 0.000000 0.000107 0.000000 0.000000 0.000000 0.000107 0.000173 0.000147 0.000000 0.000000 0.000000 0.000000
0.000000 0.000000 0.016547 0.000000 0.002507 0.000120 0.000000 0.000000 0.009307 0.000000 0.000573 0.000000 0.012160 0.000000 0.000600 0.000000 0.006107 0.000227 0.000800 0.000000 0.000000 0.005040 0.001693 0.002400 0.029080 0.009893 0.068347 0.000067 0.000093 0.000000 0.000787 0.000173 0.000000 0.000413 0.000000 0.000000 0.000000 0.000000 0.000000 0.000000 0.000000 0.000000 0.000000 0.000000 0.000227 0.000000 0.000840 0.000000 0.000000 0.000000 0.000093 0.000093 0.000000 0.000000 0.000000 0.000000 0.000000 0.000000 0.000107 0.000867 0.000840 0.000000 0.000000 0.000000 0.000240 0.000000 0.000000 0.000000
0.001747 0.016547 0.000000 0.000200 0.000000 0.000120 0.043240 0.001840 0.000000 0.000387 0.000160 0.000000 0.000080 0.003107 0.000000 0.001707 0.001920 0.000600 0.001773 0.000000 0.002107 0.002680 0.070280 0.001000 0.000000 0.135307 0.094667 0.009427 0.001347 0.017200 0.000000 0.000000 0.000000 0.000000 0.000000 0.003360 0.042773 0.000000 0.000000 0.000000 0.000000 0.000000 0.000000 0.000000 0.000000 0.000000 0.000253 0.000000 0.000000 0.000000 0.011360 0.000093 0.000373 0.000000 0.000000 0.000533 0.003693 0.000067 0.000000 0.004987 0.044373 0.000000 0.000000 0.000000 0.000000 0.000000 0.000000 0.000067
0.000133 0.000000 0.000200 0.000000 0.000427 0.002853 0.007520 0.001613 0.005160 0.073307 0.000000 0.014947 0.000000 0.001280 0.000267 0.000000 0.000000 0.000000 0.000000 0.056093 0.000000 0.000067 0.000080 0.034547 0.000000 0.000107 0.000240 0.109053 0.002467 0.000000 0.000000 0.000160 0.000080 0.000573 0.000000 0.000000 0.000000 0.002773 0.000000 0.000627 0.000547 0.000773 0.000147 0.001267 0.000000 0.000653 0.000000 0.000333 0.000000 0.000000 0.000000 0.000000 0.000000 0.001653 0.000000 0.000000 0.000000 0.000453 0.000000 0.000000 0.000000 0.005880 0.000120 0.000000 0.000000 0.000000 0.000000 0.000080
0.000000 0.002507 0.000000 0.000427 0.000000 0.011640 0.000147 0.000520 0.001027 0.001093 0.001320 0.000533 0.000800 0.000067 0.016867 0.000000 0.000000 0.000067 0.000000 0.000240 0.000000 0.003507 0.000000 0.005573 0.000720 0.000747 0.001440 0.000440 0.000067 0.000000 0.000133 0.007840 0.000000 0.003147 0.000000 0.000000 0.000000 0.000000 0.000000 0.000000 0.000000 0.000000 0.000000 0.000000 0.000000 0.000000 0.000000 0.000000 0.000000 0.000000 0.000000 0.000000 0.000000 0.000000 0.000000 0.000000 0.000000 0.000000 0.000000 0.000000 0.000000 0.000000 0.000000 0.000000 0.000000 0.000000 0.000000 0.000000
0.000480 0.000120 0.000120 0.002853 0.011640 0.000000 0.053293 0.170173 0.000373 0.151000 0.002093 0.017640 0.001187 0.016880 0.010800 0.000000 0.000293 0.000413 0.000547 0.003427 0.000000 0.000187 0.000187 0.001347 0.000000 0.000653 0.000600 0.018893 0.002427 0.000213 0.000093 0.039387 0.000000 0.000707 0.000000 0.000000 0.000000 0.000240 0.000000 0.000000 0.000107 0.000240 0.000000 0.000093 0.000000 0.000080 0.000000 0.000160 0.000000 0.000000 0.000000 0.000000 0.000000 0.000120 0.000000 0.000000 0.000000 0.000200 0.000000 0.000000 0.000000 0.000960 0.000107 0.000093 0.000000 0.000000 0.000000 0.000000
0.072240 0.000000 0.043240 0.007520 0.000147 0.053293 0.000000 0.055693 0.002813 0.297187 0.000360 0.000000 0.000120 0.088493 0.000147 0.000107 0.004667 0.000840 0.002413 0.000413 0.015787 0.000147 0.026600 0.007680 0.000000 0.025053 0.002387 0.360453 0.028587 0.082933 0.000000 0.000387 0.001133 0.003533 0.000000 0.000000 0.000000 0.001173 0.000000 0.000000 0.000360 0.000880 0.000080 0.000413 0.000000 0.000000 0.000000 0.000373 0.000000 0.000000 0.000000 0.000000 0.000000 0.000293 0.000067 0.000000 0.000000 0.000973 0.000000 0.000000 0.000000 0.004160 0.000173 0.000000 0.000000 0.000000 0.000000 0.000000
0.021347 0.000000 0.001840 0.001613 0.000520 0.170173 0.055693 0.000000 0.002413 0.036880 0.002987 0.001587 0.001653 0.264827 0.000373 0.000000 0.002587 0.001267 0.002787 0.001253 0.000413 0.000000 0.001360 0.002387 0.000000 0.004200 0.000667 0.007107 0.011267 0.005227 0.000173 0.038933 0.000000 0.000853 0.000000 0.000000 0.000000 0.000187 0.000000 0.000000 0.000373 0.000933 0.000133 0.000093 0.000000 0.000000 0.000000 0.000720 0.000000 0.000000 0.000000 0.000067 0.000000 0.000000 0.000093 0.000000 0.000000 0.001173 0.000000 0.000000 0.000000 0.002093 0.000600 0.000280 0.000000 0.000000 0.000000 0.000107
0.001627 0.009307 0.000000 0.005160 0.001027 0.000373 0.002813 0.002413 0.000000 0.002373 0.000427 0.000373 0.002213 0.003280 0.000280 0.000280 0.000240 0.000280 0.000147 0.000573 0.001507 0.007013 0.000213 0.090693 0.003227 0.001107 0.002440 0.025773 0.010333 0.026867 0.000267 0.000267 0.000587 0.000760 0.000240 0.000000 0.000000 0.000707 0.000000 0.000000 0.000760 0.001187 0.000000 0.000413 0.000000 0.000000 0.000267 0.001013 0.000000 0.000000 0.000000 0.000080 0.000000 0.000173 0.000347 0.000000 0.000000 0.003787 0.000000 0.000240 0.000120 0.005013 0.002213 0.001493 0.000000 0.000000 0.000000 0.000067
0.001413 0.000000 0.000387 0.073307 0.001093 0.151000 0.297187 0.036880 0.002373 0.000000 0.000693 0.036587 0.000520 0.024987 0.000373 0.000000 0.000387 0.000213 0.000440 0.059280 0.000067 0.000000 0.000293 0.008547 0.000000 0.000507 0.000920 0.190933 0.018680 0.000147 0.000107 0.001187 0.000187 0.004733 0.000000 0.000000 0.000000 0.003053 0.000000 0.000507 0.000933 0.001267 0.000067 0.001360 0.000000 0.000320 0.000000 0.000573 0.000000 0.000000 0.000000 0.000000 0.000000 0.001387 0.000000 0.000000 0.000000 0.000760 0.000000 0.000000 0.000000 0.007453 0.000133 0.000067 0.000000 0.000000 0.000000 0.000000
0.000720 0.000573 0.000160 0.000000 0.001320 0.002093 0.000360 0.002987 0.000427 0.000693 0.000000 0.000093 0.058187 0.002320 0.000000 0.000000 0.009467 0.065187 0.016640 0.000067 0.000000 0.000120 0.000000 0.000160 0.000773 0.177520 0.013147 0.000080 0.016720 0.001773 0.020213 0.023053 0.000080 0.023733 0.000000 0.000267 0.000080 0.000000 0.000000 0.000000 0.000000 0.000093 0.000080 0.000000 0.001120 0.000000 0.011040 0.000000 0.000000 0.000000 0.000000 0.000427 0.000067 0.000000 0.000000 0.000147 0.000000 0.000200 0.000533 0.002747 0.003187 0.000173 0.000067 0.000067 0.001480 0.000000 0.000000 0.000000
0.000000 0.000000 0.000000 0.014947 0.000533 0.017640 0.000000 0.001587 0.000373 0.036587 0.000093 0.000000 0.000000 0.002053 0.000453 0.000000 0.000000 0.000000 0.000000 0.016373 0.000000 0.000000 0.000000 0.000627 0.000000 0.000067 0.000120 0.002173 0.001480 0.000000 0.000000 0.000187 0.000000 0.000347 0.000000 0.000000 0.000000 0.001627 0.000000 0.000307 0.000200 0.000427 0.000000 0.000400 0.000000 0.000240 0.000000 0.000160 0.000000 0.000000 0.000000 0.000000 0.000000 0.000493 0.000000 0.000000 0.000000 0.000213 0.000000 0.000000 0.000000 0.002613 0.000067 0.000000 0.000000 0.000000 0.000000 0.000000
0.000160 0.012160 0.000080 0.000000 0.000800 0.001187 0.000120 0.001653 0.002213 0.000520 0.058187 0.000000 0.000000 0.000720 0.000067 0.000000 0.000000 0.000147 0.000000 0.000000 0.000000 0.000960 0.000000 0.000480 0.022400 0.005107 0.057213 0.000080 0.002933 0.000000 0.041440 0.005320 0.000000 0.008720 0.000000 0.000413 0.000000 0.000000 0.000000 0.000000 0.000000 0.000067 0.000093 0.000000 0.003120 0.000000 0.021853 0.000000 0.000000 0.000000 0.000000 0.000693 0.000000 0.000000 0.000000 0.000093 0.000000 0.000187 0.000880 0.004000 0.004893 0.000000 0.000000 0.000000 0.003600 0.000000 0.000000 0.000000
0.144147 0.000000 0.003107 0.001280 0.000067 0.016880 0.088493 0.264827 0.003280 0.024987 0.002320 0.002053 0.000720 0.000000 0.000000 0.000000 0.005120 0.001773 0.005493 0.001387 0.000867 0.000107 0.002547 0.003053 0.000000 0.006400 0.000960 0.006427 0.063133 0.029333 0.000133 0.056640 0.000000 0.000720 0.000080 0.000000 0.000000 0.000200 0.000000 0.000000 0.000320 0.001107 0.000373 0.000067 0.000000 0.000000 0.000000 0.000720 0.000000 0.000000 0.000000 0.000080 0.000000 0.000000 0.000200 0.000000 0.000000 0.001133 0.000000 0.000080 0.000000 0.002160 0.001000 0.000640 0.000000 0.000000 0.000000 0.000187
0.000000 0.000600 0.000000 0.000267 0.016867 0.010800 0.000147 0.000373 0.000280 0.000373 0.000000 0.000453 0.000067 0.000000 0.000000 0.000000 0.000000 0.000000 0.000000 0.000187 0.000000 0.000507 0.000000 0.001080 0.000187 0.000200 0.000333 0.000093 0.000000 0.000000 0.000000 0.001813 0.000000 0.000000 0.000000 0.000000 0.000000 0.000000 0.000000 0.000000 0.000000 0.000000 0.000000 0.000000 0.000000 0.000000 0.000000 0.000000 0.000000 0.000000 0.000000 0.000000 0.000000 0.000000 0.000000 0.000000 0.000000 0.000000 0.000000 0.000000 0.000000 0.000000 0.000000 0.000000 0.000000 0.000000 0.000000 0.000000
0.000000 0.000000 0.001707 0.000000 0.000000 0.000000 0.000107 0.000000 0.000280 0.000000 0.000000 0.000000 0.000000 0.000000 0.000000 0.000000 0.000000 0.000000 0.000000 0.000000 0.061813 0.034853 0.047173 0.010213 0.000000 0.000480 0.034307 0.003573 0.000000 0.000000 0.000000 0.000000 0.000000 0.000240 0.000000 0.000000 0.000093 0.000000 0.000000 0.000000 0.000000 0.000000 0.000000 0.000000 0.000000 0.000000 0.000000 0.000000 0.000000 0.014760 0.000000 0.000000 0.000000 0.000000 0.002800 0.000613 0.008733 0.000093 0.000000 0.000000 0.002680 0.000227 0.000120 0.001067 0.000000 0.000000 0.000000 0.000000
0.004533 0.006107 0.001920 0.000000 0.000000 0.000293 0.004667 0.002587 0.000240 0.000387 0.009467 0.000000 0.000000 0.005120 0.000000 0.000000 0.000000 0.012627 0.072507 0.000000 0.001213 0.000067 0.004387 0.000240 0.000000 0.002213 0.077520 0.000907 0.011600 0.050013 0.000000 0.000800 0.000173 0.041333 0.000000 0.000907 0.007827 0.000000 0.000000 0.000000 0.000000 0.000000 0.000000 0.000000 0.000000 0.000000 0.000000 0.000000 0.000000 0.000000 0.002480 0.000000 0.000400 0.000000 0.000107 0.000000 0.000067 0.000080 0.000000 0.009187 0.006947 0.000107 0.000093 0.000187 0.000000 0.000000 0.000000 0.000000
0.001280 0.000227 0.000600 0.000000 0.000067 0.000413 0.000840 0.001267 0.000280 0.000213 0.065187 0.000000 0.000147 0.001773 0.000000 0.000000 0.012627 0.000000 0.055667 0.000000 0.000000 0.000107 0.000067 0.000213 0.000067 0.046240 0.006960 0.000000 0.005133 0.003173 0.000467 0.001013 0.000240 0.012653 0.000000 0.000000 0.000080 0.000000 0.000000 0.000000 0.000000 0.000000 0.000000 0.000000 0.000453 0.000000 0.001213 0.000000 0.000000 0.000000 0.000000 0.000747 0.000160 0.000000 0.000000 0.000000 0.000000 0.000000 0.000213 0.005800 0.002813 0.000000 0.000000 0.000000 0.000587 0.000000 0.000000 0.000000
0.004120 0.000800 0.001773 0.000000 0.000000 0.000547 0.002413 0.002787 0.000147 0.000440 0.016640 0.000000 0.000000 0.005493 0.000000 0.000000 0.072507 0.055667 0.000000 0.000000 0.000093 0.000080 0.000120 0.000093 0.000000 0.038107 0.011893 0.000147 0.014480 0.019627 0.000000 0.000627 0.000800 0.033093 0.000000 0.000213 0.000893 0.000000 0.000000 0.000000 0.000000 0.000000 0.000000 0.000000 0.000080 0.000000 0.000120 0.000000 0.000000 0.000000 0.000267 0.000413 0.000427 0.000000 0.000000 0.000000 0.000000 0.000067 0.000000 0.009520 0.005400 0.000080 0.000067 0.000000 0.000080 0.000000 0.000000 0.000000
0.000000 0.000000 0.000000 0.056093 0.000240 0.003427 0.000413 0.001253 0.000573 0.059280 0.000067 0.016373 0.000000 0.001387 0.000187 0.000000 0.000000 0.000000 0.000000 0.000000 0.000000 0.000000 0.000000 0.001680 0.000000 0.000000 0.000000 0.010853 0.000933 0.000000 0.000000 0.000187 0.000000 0.000173 0.000000 0.000000 0.000000 0.000733 0.000000 0.000147 0.000147 0.000200 0.000000 0.000347 0.000000 0.000133 0.000000 0.000000 0.000000 0.000000 0.000000 0.000000 0.000000 0.000427 0.000000 0.000000 0.000000 0.000200 0.000000 0.000000 0.000000 0.001493 0.000000 0.000000 0.000000 0.000000 0.000000 0.000000
0.000613 0.000000 0.002107 0.000000 0.000000 0.000000 0.015787 0.000413 0.001507 0.000067 0.000000 0.000000 0.000000 0.000867 0.000000 0.061813 0.001213 0.000000 0.000093 0.000000 0.000000 0.025880 0.098307 0.002493 0.000000 0.001680 0.006320 0.066413 0.004413 0.036213 0.000000 0.000000 0.000080 0.013240 0.000080 0.000000 0.000000 0.000000 0.000000 0.000000 0.000080 0.000000 0.000080 0.000000 0.000000 0.000000 0.000000 0.000000 0.000000 0.002280 0.000000 0.000000 0.000000 0.000000 0.009480 0.000547 0.003613 0.000440 0.000000 0.000000 0.000000 0.001027 0.000787 0.005627 0.000000 0.000000 0.000000 0.000000
0.000107 0.005040 0.002680 0.000067 0.003507 0.000187 0.000147 0.000000 0.007013 0.000000 0.000120 0.000000 0.000960 0.000107 0.000507 0.034853 0.000067 0.000107 0.000080 0.000000 0.025880 0.000000 0.014920 0.021813 0.001760 0.001533 0.028853 0.003387 0.001773 0.022507 0.000107 0.000267 0.000493 0.000280 0.000000 0.000000 0.000080 0.000000 0.000000 0.000000 0.000000 0.000000 0.000000 0.000000 0.000000 0.000000 0.000133 0.000000 0.000000 0.006533 0.000000 0.000000 0.000000 0.000000 0.002773 0.000000 0.000213 0.000213 0.000000 0.000133 0.001067 0.000773 0.000280 0.002507 0.000000 0.000000 0.000000 0.000000
0.001907 0.001693 0.070280 0.000080 0.000000 0.000187 0.026600 0.001360 0.000213 0.000293 0.000000 0.000000 0.000000 0.002547 0.000000 0.047173 0.004387 0.000067 0.000120 0.000000 0.098307 0.014920 0.000000 0.006200 0.000000 0.011493 0.165440 0.043013 0.001933 0.059747 0.000000 0.000000 0.000000 0.019480 0.000000 0.000120 0.019053 0.000000 0.000000 0.000000 0.000000 0.000000 0.000000 0.000000 0.000000 0.000000 0.000000 0.000000 0.000000 0.023747 0.000213 0.000000 0.000000 0.000000 0.002813 0.002080 0.048573 0.000107 0.000000 0.000080 0.034787 0.000507 0.000120 0.000653 0.000000 0.000000 0.000000 0.000000
0.000973 0.002400 0.001000 0.034547 0.005573 0.001347 0.007680 0.002387 0.090693 0.008547 0.000160 0.000627 0.000480 0.003053 0.001080 0.010213 0.000240 0.000213 0.000093 0.001680 0.002493 0.021813 0.006200 0.000000 0.000547 0.003800 0.045107 0.138040 0.007707 0.005720 0.000173 0.000493 0.002547 0.001533 0.000133 0.000000 0.000000 0.004413 0.000000 0.000413 0.001973 0.003653 0.001240 0.001813 0.000000 0.000320 0.000133 0.002000 0.000000 0.000507 0.000000 0.000067 0.000067 0.001400 0.000173 0.000000 0.000000 0.004493 0.000000 0.000293 0.000240 0.014840 0.002333 0.000627 0.000000 0.000107 0.000000 0.000360
0.000000 0.029080 0.000000 0.000000 0.000720 0.000000 0.000000 0.000000 0.003227 0.000000 0.000773 0.000000 0.022400 0.000000 0.000187 0.000000 0.000000 0.000067 0.000000 0.000000 0.000000 0.001760 0.000000 0.000547 0.000000 0.001253 0.037747 0.000000 0.000000 0.000000 0.001787 0.000000 0.000000 0.000000 0.000000 0.000000 0.000000 0.000000 0.000000 0.000000 0.000000 0.000000 0.000000 0.000000 0.000133 0.000000 0.001147 0.000000 0.000000 0.000000 0.000000 0.000067 0.000000 0.000000 0.000000 0.000000 0.000000 0.000000 0.000067 0.000320 0.000587 0.000000 0.000000 0.000000 0.000267 0.000000 0.000000 0.000000
0.005720 0.009893 0.135307 0.000107 0.000747 0.000653 0.025053 0.004200 0.001107 0.000507 0.177520 0.000067 0.005107 0.006400 0.000200 0.000480 0.002213 0.046240 0.038107 0.000000 0.001680 0.001533 0.011493 0.003800 0.001253 0.000000 0.196520 0.004200 0.009000 0.035973 0.027320 0.000933 0.000120 0.013147 0.000000 0.002600 0.006267 0.000000 0.000000 0.000000 0.000000 0.000000 0.000093 0.000000 0.003187 0.000000 0.013093 0.000000 0.000000 0.000000 0.002427 0.005187 0.003667 0.000000 0.000067 0.000000 0.000120 0.000480 0.001147 0.057027 0.048080 0.000120 0.000000 0.000120 0.005093 0.000000 0.000000 0.000133
0.000133 0.068347 0.094667 0.000240 0.001440 0.000600 0.002387 0.000667 0.002440 0.000920 0.013147 0.000120 0.057213 0.000960 0.000333 0.034307 0.077520 0.006960 0.011893 0.000000 0.006320 0.028853 0.165440 0.045107 0.037747 0.196520 0.000000 0.038933 0.003147 0.000120 0.014867 0.000840 0.000000 0.019760 0.000000 0.003000 0.004613 0.000000 0.000000 0.000000 0.000000 0.000067 0.000000 0.000000 0.001453 0.000000 0.005120 0.000000 0.000000 0.000280 0.001387 0.003453 0.002680 0.000000 0.000000 0.000427 0.004480 0.000440 0.001640 0.049720 0.046773 0.000187 0.000107 0.000120 0.002947 0.000000 0.000000 0.000000
0.002280 0.000067 0.009427 0.109053 0.000440 0.018893 0.360453 0.007107 0.025773 0.190933 0.000080 0.002173 0.000080 0.006427 0.000093 0.003573 0.000907 0.000000 0.000147 0.010853 0.066413 0.003387 0.043013 0.138040 0.000000 0.004200 0.038933 0.000000 0.030867 0.125560 0.000000 0.000200 0.010147 0.005960 0.000333 0.000000 0.000093 0.004587 0.000000 0.000533 0.002000 0.004800 0.000800 0.002347 0.000200 0.000547 0.000000 0.002853 0.000000 0.000693 0.000000 0.000160 0.000147 0.001947 0.000693 0.000000 0.000067 0.004253 0.000000 0.000093 0.000227 0.016480 0.004840 0.002280 0.000000 0.000160 0.000080 0.000733
0.101573 0.000093 0.001347 0.002467 0.000067 0.002427 0.028587 0.011267 0.010333 0.018680 0.016720 0.001480 0.002933 0.063133 0.000000 0.000000 0.011600 0.005133 0.014480 0.000933 0.004413 0.001773 0.001933 0.007707 0.000000 0.009000 0.003147 0.030867 0.000000 0.119400 0.000240 0.015147 0.086573 0.013400 0.000347 0.000000 0.000000 0.000000 0.000000 0.000000 0.000267 0.000987 0.000840 0.000000 0.000067 0.000000 0.000000 0.000947 0.000000 0.000000 0.000000 0.000067 0.000000 0.000000 0.003307 0.000080 0.000160 0.001827 0.000000 0.000147 0.000000 0.003173 0.003280 0.006040 0.000000 0.000000 0.000067 0.000200
0.064333 0.000000 0.017200 0.000000 0.000000 0.000213 0.082933 0.005227 0.026867 0.000147 0.001773 0.000000 0.000000 0.029333 0.000000 0.000000 0.050013 0.003173 0.019627 0.000000 0.036213 0.022507 0.059747 0.005720 0.000000 0.035973 0.000120 0.125560 0.119400 0.000000 0.000000 0.000147 0.006067 0.010253 0.000360 0.000000 0.000000 0.000000 0.000000 0.000000 0.000320 0.000480 0.001627 0.000000 0.000067 0.000000 0.000000 0.000533 0.000000 0.000213 0.000000 0.000000 0.000093 0.000000 0.011520 0.000280 0.000573 0.001347 0.000000 0.000173 0.000160 0.004427 0.005907 0.013000 0.000000 0.000000 0.000187 0.000387
0.000000 0.000787 0.000000 0.000000 0.000133 0.000093 0.000000 0.000173 0.000267 0.000107 0.020213 0.000000 0.041440 0.000133 0.000000 0.000000 0.000000 0.000467 0.000000 0.000000 0.000000 0.000107 0.000000 0.000173 0.001787 0.027320 0.014867 0.000000 0.000240 0.000000 0.000000 0.000227 0.000000 0.000253 0.000000 0.000120 0.000000 0.000000 0.000000 0.000000 0.000000 0.000000 0.000000 0.000000 0.001587 0.000000 0.009080 0.000000 0.000000 0.000000 0.000000 0.000533 0.000000 0.000000 0.000000 0.000080 0.000000 0.000133 0.000387 0.003520 0.004160 0.000000 0.000000 0.000000 0.002613 0.000000 0.000000 0.000000
0.000240 0.000173 0.000000 0.000160 0.007840 0.039387 0.000387 0.038933 0.000267 0.001187 0.023053 0.000187 0.005320 0.056640 0.001813 0.000000 0.000800 0.001013 0.000627 0.000187 0.000000 0.000267 0.000000 0.000493 0.000000 0.000933 0.000840 0.000200 0.015147 0.000147 0.000227 0.000000 0.000000 0.015800 0.000000 0.000000 0.000000 0.000000 0.000000 0.000000 0.000000 0.000067 0.000000 0.000000 0.000000 0.000000 0.000000 0.000080 0.000000 0.000000 0.000000 0.000000 0.000000 0.000000 0.000000 0.000000 0.000000 0.000187 0.000000 0.000000 0.000000 0.000120 0.000200 0.000067 0.000000 0.000000 0.000000 0.000000
0.000000 0.000000 0.000000 0.000080 0.000000 0.000000 0.001133 0.000000 0.000587 0.000187 0.000080 0.000000 0.000000 0.000000 0.000000 0.000000 0.000173 0.000240 0.000800 0.000000 0.000080 0.000493 0.000000 0.002547 0.000000 0.000120 0.000000 0.010147 0.086573 0.006067 0.000000 0.000000 0.000000 0.005080 0.000000 0.000000 0.000000 0.000000 0.000000 0.000000 0.000000 0.000000 0.000093 0.000000 0.000000 0.000000 0.000000 0.000000 0.000000 0.000000 0.000000 0.000000 0.000000 0.000000 0.000813 0.000000 0.000000 0.000067 0.000000 0.000000 0.000000 0.000160 0.000413 0.001533 0.000000 0.000000 0.000000 0.000000
0.001280 0.000413 0.000000 0.000573 0.003147 0.000707 0.003533 0.000853 0.000760 0.004733 0.023733 0.000347 0.008720 0.000720 0.000000 0.000240 0.041333 0.012653 0.033093 0.000173 0.013240 0.000280 0.019480 0.001533 0.000000 0.013147 0.019760 0.005960 0.013400 0.010253 0.000253 0.015800 0.005080 0.000000 0.000000 0.000000 0.000000 0.000000 0.000000 0.000000 0.000067 0.000200 0.000000 0.000000 0.000000 0.000000 0.000000 0.000133 0.000000 0.000000 0.000000 0.000000 0.000000 0.000000 0.000173 0.000000 0.000000 0.000360 0.000000 0.000347 0.000267 0.000427 0.000413 0.000587 0.000000 0.000000 0.000000 0.000000
0.000000 0.000000 0.000000 0.000000 0.000000 0.000000 0.000000 0.000000 0.000240 0.000000 0.000000 0.000000 0.000000 0.000080 0.000000 0.000000 0.000000 0.000000 0.000000 0.000000 0.000080 0.000000 0.000000 0.000133 0.000000 0.000000 0.000000 0.000333 0.000347 0.000360 0.000000 0.000000 0.000000 0.000000 0.000000 0.000000 0.000000 0.000120 0.000000 0.000000 0.014613 0.000600 0.000947 0.000827 0.000000 0.000000 0.000000 0.031253 0.000000 0.000000 0.000093 0.000467 0.000747 0.000120 0.000000 0.000213 0.000200 0.001160 0.000000 0.000747 0.000000 0.003413 0.078000 0.024173 0.000000 0.000000 0.000000 0.000480
0.000000 0.000000 0.003360 0.000000 0.000000 0.000000 0.000000 0.000000 0.000000 0.000000 0.000267 0.000000 0.000413 0.000000 0.000000 0.000000 0.000907 0.000000 0.000213 0.000000 0.000000 0.000000 0.000120 0.000000 0.000000 0.002600 0.003000 0.000000 0.000000 0.000000 0.000120 0.000000 0.000000 0.000000 0.000000 0.000000 0.004200 0.000000 0.000000 0.000400 0.000000 0.000173 0.001640 0.000000 0.000107 0.000000 0.001627 0.000000 0.000133 0.000000 0.003800 0.000000 0.000733 0.000000 0.000000 0.000893 0.000507 0.002827 0.021040 0.009880 0.066480 0.000000 0.000067 0.000000 0.000133 0.000120 0.000000 0.000187
0.000000 0.000000 0.042773 0.000000 0.000000 0.000000 0.000000 0.000000 0.000000 0.000000 0.000080 0.000000 0.000000 0.000000 0.000000 0.000093 0.007827 0.000080 0.000893 0.000000 0.000000 0.000080 0.019053 0.000000 0.000000 0.006267 0.004613 0.000093 0.000000 0.000000 0.000000 0.000000 0.000000 0.000000 0.000000 0.004200 0.000000 0.000080 0.000000 0.000000 0.035640 0.000307 0.000000 0.000467 0.000000 0.000000 0.000067 0.002720 0.000000 0.000000 0.076880 0.000227 0.001373 0.000000 0.006360 0.000680 0.088720 0.000893 0.000000 0.119867 0.134413 0.018120 0.000373 0.006333 0.000000 0.000000 0.000000 0.000000
0.000000 0.000000 0.000000 0.002773 0.000000 0.000240 0.001173 0.000187 0.000707 0.003053 0.000000 0.001627 0.000000 0.000200 0.000000 0.000000 0.000000 0.000000 0.000000 0.000733 0.000000 0.000000 0.000000 0.004413 0.000000 0.000000 0.000000 0.004587 0.000000 0.000000 0.000000 0.000000 0.000000 0.000000 0.000120 0.000000 0.000080 0.000000 0.000000 0.000760 0.005067 0.004787 0.002707 0.077120 0.000160 0.016947 0.000000 0.003147 0.000000 0.000000 0.000000 0.000253 0.000160 0.039720 0.000000 0.000000 0.000000 0.012813 0.000000 0.000147 0.000293 0.065067 0.004173 0.000120 0.000000 0.000307 0.000000 0.001160
0.000000 0.000000 0.000000 0.000000 0.000000 0.000000 0.000000 0.000000 0.000000 0.000000 0.000000 0.000000 0.000000 0.000000 0.000000 0.000000 0.000000 0.000000 0.000000 0.000000 0.000000 0.000000 0.000000 0.000000 0.000000 0.000000 0.000000 0.000000 0.000000 0.000000 0.000000 0.000000 0.000000 0.000000 0.000000 0.000000 0.000000 0.000000 0.000000 0.006480 0.000000 0.003507 0.000080 0.000000 0.000187 0.000000 0.000000 0.000000 0.016067 0.000000 0.000000 0.000000 0.000000 0.000000 0.000000 0.000080 0.000000 0.000307 0.000093 0.000093 0.000347 0.000000 0.000000 0.000000 0.000000 0.000400 0.000000 0.001427
0.000000 0.000000 0.000000 0.000627 0.000000 0.000000 0.000000 0.000000 0.000000 0.000507 0.000000 0.000307 0.000000 0.000000 0.000000 0.000000 0.000000 0.000000 0.000000 0.000147 0.000000 0.000000 0.000000 0.000413 0.000000 0.000000 0.000000 0.000533 0.000000 0.000000 0.000000 0.000000 0.000000 0.000000 0.000000 0.000400 0.000000 0.000760 0.006480 0.000000 0.024427 0.099067 0.000560 0.180027 0.002480 0.001347 0.000173 0.002200 0.019320 0.000000 0.000000 0.000187 0.000160 0.008160 0.000000 0.000533 0.000000 0.002680 0.000467 0.000827 0.003293 0.004973 0.001480 0.000000 0.000000 0.000347 0.000000 0.005307
0.000000 0.000000 0.000000 0.000547 0.000000 0.000107 0.000360 0.000373 0.000760 0.000933 0.000000 0.000200 0.000000 0.000320 0.000000 0.000000 0.000000 0.000000 0.000000 0.000147 0.000080 0.000000 0.000000 0.001973 0.000000 0.000000 0.000000 0.002000 0.000267 0.000320 0.000000 0.000000 0.000000 0.000067 0.014613 0.000000 0.035640 0.005067 0.000000 0.024427 0.000000 0.067067 0.002280 0.249680 0.000080 0.000000 0.000000 0.237053 0.000080 0.000000 0.013973 0.003147 0.009387 0.001160 0.002720 0.000187 0.041080 0.001613 0.000000 0.037253 0.003573 0.302013 0.035053 0.109547 0.000000 0.000373 0.000347 0.006133
0.000067 0.000000 0.000000 0.000773 0.000000 0.000240 0.000880 0.000933 0.001187 0.001267 0.000093 0.000427 0.000067 0.001107 0.000000 0.000000 0.000000 0.000000 0.000000 0.000200 0.000000 0.000000 0.000000 0.003653 0.000000 0.000000 0.000067 0.004800 0.000987 0.000480 0.000000 0.000067 0.000000 0.000200 0.000600 0.000173 0.000307 0.004787 0.003507 0.099067 0.067067 0.000000 0.001627 0.091173 0.007293 0.003373 0.000920 0.213280 0.009560 0.000000 0.000160 0.002627 0.000613 0.014120 0.000000 0.000333 0.000360 0.001653 0.000133 0.002160 0.002227 0.012373 0.013933 0.003507 0.000240 0.030573 0.000000 0.008200
0.000067 0.000000 0.000000 0.000147 0.000000 0.000000 0.000080 0.000133 0.000000 0.000067 0.000080 0.000000 0.000093 0.000373 0.000000 0.000000 0.000000 0.000000 0.000000 0.000000 0.000080 0.000000 0.000000 0.001240 0.000000 0.000093 0.000000 0.000800 0.000840 0.001627 0.000000 0.000000 0.000093 0.000000 0.000947 0.001640 0.000000 0.002707 0.000080 0.000560 0.002280 0.001627 0.000000 0.001133 0.000000 0.000187 0.000133 0.001240 0.000000 0.000000 0.000000 0.000000 0.000000 0.000787 0.000413 0.001387 0.000000 0.018200 0.001427 0.000267 0.001987 0.020747 0.006613 0.004720 0.000000 0.000000 0.000093 0.000173
0.000000 0.000000 0.000000 0.001267 0.000000 0.000093 0.000413 0.000093 0.000413 0.001360 0.000000 0.000400 0.000000 0.000067 0.000000 0.000000 0.000000 0.000000 0.000000 0.000347 0.000000 0.000000 0.000000 0.001813 0.000000 0.000000 0.000000 0.002347 0.000000 0.000000 0.000000 0.000000 0.000000 0.000000 0.000827 0.000000 0.000467 0.077120 0.000000 0.180027 0.249680 0.091173 0.001133 0.000000 0.000773 0.002613 0.000067 0.030173 0.000440 0.000000 0.000147 0.001107 0.001307 0.095440 0.000000 0.000000 0.000120 0.000560 0.000000 0.000867 0.001360 0.209987 0.030773 0.000480 0.000000 0.001173 0.000000 0.004960
0.000000 0.000227 0.000000 0.000000 0.000000 0.000000 0.000000 0.000000 0.000000 0.000000 0.001120 0.000000 0.003120 0.000000 0.000000 0.000000 0.000000 0.000453 0.000080 0.000000 0.000000 0.000000 0.000000 0.000000 0.000133 0.003187 0.001453 0.000200 0.000067 0.000067 0.001587 0.000000 0.000000 0.000000 0.000000 0.000107 0.000000 0.000160 0.000187 0.002480 0.000080 0.007293 0.000000 0.000773 0.000000 0.000133 0.029053 0.006560 0.000000 0.000000 0.000000 0.165467 0.007293 0.000547 0.000000 0.000000 0.000000 0.000147 0.000387 0.036160 0.002267 0.000000 0.016320 0.000000 0.008853 0.019280 0.000000 0.046693
0.000000 0.000000 0.000000 0.000653 0.000000 0.000080 0.000000 0.000000 0.000000 0.000320 0.000000 0.000240 0.000000 0.000000 0.000000 0.000000 0.000000 0.000000 0.000000 0.000133 0.000000 0.000000 0.000000 0.000320 0.000000 0.000000 0.000000 0.000547 0.000000 0.000000 0.000000 0.000000 0.000000 0.000000 0.000000 0.000000 0.000000 0.016947 0.000000 0.001347 0.000000 0.003373 0.000187 0.002613 0.000133 0.000000 0.000000 0.002413 0.000000 0.000000 0.000000 0.000160 0.000067 0.005493 0.000000 0.000000 0.000000 0.001760 0.000000 0.000173 0.000120 0.004773 0.001720 0.000000 0.000000 0.000120 0.000000 0.000160
0.000000 0.000840 0.000253 0.000000 0.000000 0.000000 0.000000 0.000000 0.000267 0.000000 0.011040 0.000000 0.021853 0.000000 0.000000 0.000000 0.000000 0.001213 0.000120 0.000000 0.000000 0.000133 0.000000 0.000133 0.001147 0.013093 0.005120 0.000000 0.000000 0.000000 0.009080 0.000000 0.000000 0.000000 0.000000 0.001627 0.000067 0.000000 0.000000 0.000173 0.000000 0.000920 0.000133 0.000067 0.029053 0.000000 0.000000 0.001360 0.000080 0.000000 0.000067 0.000400 0.000147 0.000000 0.000000 0.000600 0.000000 0.000973 0.008067 0.009920 0.084227 0.000000 0.005200 0.000000 0.027960 0.006227 0.000000 0.006440
0.000120 0.000000 0.000000 0.000333 0.000000 0.000160 0.000373 0.000720 0.001013 0.000573 0.000000 0.000160 0.000000 0.000720 0.000000 0.000000 0.000000 0.000000 0.000000 0.000000 0.000000 0.000000 0.000000 0.002000 0.000000 0.000000 0.000000 0.002853 0.000947 0.000533 0.000000 0.000080 0.000000 0.000133 0.031253 0.000000 0.002720 0.003147 0.000000 0.002200 0.237053 0.213280 0.001240 0.030173 0.006560 0.002413 0.001360 0.000000 0.000067 0.000000 0.002693 0.013067 0.007267 0.011453 0.000000 0.000080 0.002653 0.000827 0.000000 0.012520 0.005467 0.009947 0.089427 0.046693 0.000493 0.029520 0.000000 0.022880
0.000000 0.000000 0.000000 0.000000 0.000000 0.000000 0.000000 0.000000 0.000000 0.000000 0.000000 0.000000 0.000000 0.000000 0.000000 0.000000 0.000000 0.000000 0.000000 0.000000 0.000000 0.000000 0.000000 0.000000 0.000000 0.000000 0.000000 0.000000 0.000000 0.000000 0.000000 0.000000 0.000000 0.000000 0.000000 0.000133 0.000000 0.000000 0.016067 0.019320 0.000080 0.009560 0.000000 0.000440 0.000000 0.000000 0.000080 0.000067 0.000000 0.000000 0.000000 0.000000 0.000000 0.000000 0.000000 0.000093 0.000000 0.001427 0.000400 0.000267 0.000960 0.000000 0.000000 0.000000 0.000000 0.000360 0.000000 0.000000
0.000000 0.000000 0.000000 0.000000 0.000000 0.000000 0.000000 0.000000 0.000000 0.000000 0.000000 0.000000 0.000000 0.000000 0.000000 0.014760 0.000000 0.000000 0.000000 0.000000 0.002280 0.006533 0.023747 0.000507 0.000000 0.000000 0.000280 0.000693 0.000000 0.000213 0.000000 0.000000 0.000000 0.000000 0.000000 0.000000 0.000000 0.000000 0.000000 0.000000 0.000000 0.000000 0.000000 0.000000 0.000000 0.000000 0.000000 0.000000 0.000000 0.000000 0.000000 0.000000 0.000000 0.000000 0.003187 0.009667 0.002147 0.006387 0.000000 0.000067 0.011653 0.006347 0.000000 0.000173 0.000000 0.000000 0.000000 0.000000
0.000000 0.000093 0.011360 0.000000 0.000000 0.000000 0.000000 0.000000 0.000000 0.000000 0.000000 0.000000 0.000000 0.000000 0.000000 0.000000 0.002480 0.000000 0.000267 0.000000 0.000000 0.000000 0.000213 0.000000 0.000000 0.002427 0.001387 0.000000 0.000000 0.000000 0.000000 0.000000 0.000000 0.000000 0.000093 0.003800 0.076880 0.000000 0.000000 0.000000 0.013973 0.000160 0.000000 0.000147 0.000000 0.000000 0.000067 0.002693 0.000000 0.000000 0.000000 0.003400 0.021653 0.000133 0.003440 0.000000 0.023107 0.000000 0.000000 0.011907 0.061080 0.001480 0.000467 0.021933 0.000000 0.000000 0.000000 0.017453
0.000000 0.000093 0.000093 0.000000 0.000000 0.000000 0.000000 0.000067 0.000080 0.000000 0.000427 0.000000 0.000693 0.000080 0.000000 0.000000 0.000000 0.000747 0.000413 0.000000 0.000000 0.000000 0.000000 0.000067 0.000067 0.005187 0.003453 0.000160 0.000067 0.000000 0.000533 0.000000 0.000000 0.000000 0.000467 0.000000 0.000227 0.000253 0.000000 0.000187 0.003147 0.002627 0.000000 0.001107 0.165467 0.000160 0.000400 0.013067 0.000000 0.000000 0.003400 0.000000 0.067507 0.001000 0.000267 0.000000 0.000120 0.000000 0.000320 0.065000 0.004547 0.000240 0.011133 0.010187 0.000827 0.004013 0.000000 0.026760
0.000000 0.000000 0.000373 0.000000 0.000000 0.000000 0.000000 0.000000 0.000000 0.000000 0.000067 0.000000 0.000000 0.000000 0.000000 0.000000 0.000400 0.000160 0.000427 0.000000 0.000000 0.000000 0.000000 0.000067 0.000000 0.003667 0.002680 0.000147 0.000000 0.000093 0.000000 0.000000 0.000000 0.000000 0.000747 0.000733 0.001373 0.000160 0.000000 0.000160 0.009387 0.000613 0.000000 0.001307 0.007293 0.000067 0.000147 0.007267 0.000000 0.000000 0.021653 0.067507 0.000000 0.000840 0.001187 0.000000 0.000453 0.000000 0.000080 0.044973 0.016267 0.000840 0.004013 0.028253 0.000173 0.000440 0.000000 0.036600
0.000000 0.000000 0.000000 0.001653 0.000000 0.000120 0.000293 0.000000 0.000173 0.001387 0.000000 0.000493 0.000000 0.000000 0.000000 0.000000 0.000000 0.000000 0.000000 0.000427 0.000000 0.000000 0.000000 0.001400 0.000000 0.000000 0.000000 0.001947 0.000000 0.000000 0.000000 0.000000 0.000000 0.000000 0.000120 0.000000 0.000000 0.039720 0.000000 0.008160 0.001160 0.014120 0.000787 0.095440 0.000547 0.005493 0.000000 0.011453 0.000000 0.000000 0.000133 0.001000 0.000840 0.000000 0.000000 0.000000 0.000000 0.001547 0.000000 0.000587 0.000600 0.004293 0.011013 0.000133 0.000000 0.000667 0.000000 0.001733
0.000000 0.000000 0.000000 0.000000 0.000000 0.000000 0.000067 0.000093 0.000347 0.000000 0.000000 0.000000 0.000000 0.000200 0.000000 0.002800 0.000107 0.000000 0.000000 0.000000 0.009480 0.002773 0.002813 0.000173 0.000000 0.000067 0.000000 0.000693 0.003307 0.011520 0.000000 0.000000 0.000813 0.000173 0.000000 0.000000 0.006360 0.000000 0.000000 0.000000 0.002720 0.000000 0.000413 0.000000 0.000000 0.000000 0.000000 0.000000 0.000000 0.003187 0.003440 0.000267 0.001187 0.000000 0.000000 0.006053 0.264573 0.008707 0.000000 0.001680 0.013760 0.032987 0.000000 0.090640 0.000000 0.000000 0.000000 0.031213
0.000000 0.000000 0.000533 0.000000 0.000000 0.000000 0.000000 0.000000 0.000000 0.000000 0.000147 0.000000 0.000093 0.000000 0.000000 0.000613 0.000000 0.000000 0.000000 0.000000 0.000547 0.000000 0.002080 0.000000 0.000000 0.000000 0.000427 0.000000 0.000080 0.000280 0.000080 0.000000 0.000000 0.000000 0.000213 0.000893 0.000680 0.000000 0.000080 0.000533 0.000187 0.000333 0.001387 0.000000 0.000000 0.000000 0.000600 0.000080 0.000093 0.009667 0.000000 0.000000 0.000000 0.000000 0.006053 0.000000 0.010053 0.017587 0.001213 0.001173 0.053133 0.003613 0.001120 0.003773 0.000080 0.000000 0.000080 0.000147
0.000000 0.000000 0.003693 0.000000 0.000000 0.000000 0.000000 0.000000 0.000000 0.000000 0.000000 0.000000 0.000000 0.000000 0.000000 0.008733 0.000067 0.000000 0.000000 0.000000 0.003613 0.000213 0.048573 0.000000 0.000000 0.000120 0.004480 0.000067 0.000160 0.000573 0.000000 0.000000 0.000000 0.000000 0.000200 0.000507 0.088720 0.000000 0.000000 0.000000 0.041080 0.000360 0.000000 0.000120 0.000000 0.000000 0.000000 0.002653 0.000000 0.002147 0.023107 0.000120 0.000453 0.000000 0.264573 0.010053 0.000000 0.002533 0.000000 0.009493 0.118747 0.036773 0.000360 0.061893 0.000000 0.000000 0.000000 0.044027
0.000107 0.000000 0.000067 0.000453 0.000000 0.000200 0.000973 0.001173 0.003787 0.000760 0.000200 0.000213 0.000187 0.001133 0.000000 0.000093 0.000080 0.000000 0.000067 0.000200 0.000440 0.000213 0.000107 0.004493 0.000000 0.000480 0.000440 0.004253 0.001827 0.001347 0.000133 0.000187 0.000067 0.000360 0.001160 0.002827 0.000893 0.012813 0.000307 0.002680 0.001613 0.001653 0.018200 0.000560 0.000147 0.001760 0.000973 0.000827 0.001427 0.006387 0.000000 0.000000 0.000000 0.001547 0.008707 0.017587 0.002533 0.000000 0.003053 0.003307 0.047920 0.187973 0.008227 0.004693 0.000187 0.000080 0.000347 0.000573
0.000000 0.000107 0.000000 0.000000 0.000000 0.000000 0.000000 0.000000 0.000000 0.000000 0.000533 0.000000 0.000880 0.000000 0.000000 0.000000 0.000000 0.000213 0.000000 0.000000 0.000000 0.000000 0.000000 0.000000 0.000067 0.001147 0.001640 0.000000 0.000000 0.000000 0.000387 0.000000 0.000000 0.000000 0.000000 0.021040 0.000000 0.000000 0.000093 0.000467 0.000000 0.000133 0.001427 0.000000 0.000387 0.000000 0.008067 0.000000 0.000400 0.000000 0.000000 0.000320 0.000080 0.000000 0.000000 0.001213 0.000000 0.003053 0.000000 0.010467 0.043893 0.000000 0.000000 0.000000 0.001053 0.000000 0.000000 0.000173
0.000000 0.000867 0.004987 0.000000 0.000000 0.000000 0.000000 0.000000 0.000240 0.000000 0.002747 0.000000 0.004000 0.000080 0.000000 0.000000 0.009187 0.005800 0.009520 0.000000 0.000000 0.000133 0.000080 0.000293 0.000320 0.057027 0.049720 0.000093 0.000147 0.000173 0.003520 0.000000 0.000000 0.000347 0.000747 0.009880 0.119867 0.000147 0.000093 0.000827 0.037253 0.002160 0.000267 0.000867 0.036160 0.000173 0.009920 0.012520 0.000267 0.000067 0.011907 0.065000 0.044973 0.000587 0.001680 0.001173 0.009493 0.003307 0.010467 0.000000 0.190240 0.007253 0.005293 0.025413 0.010720 0.001467 0.000000 0.009400
0.000000 0.000840 0.044373 0.000000 0.000000 0.000000 0.000000 0.000000 0.000120 0.000000 0.003187 0.000000 0.004893 0.000000 0.000000 0.002680 0.006947 0.002813 0.005400 0.000000 0.000000 0.001067 0.034787 0.000240 0.000587 0.048080 0.046773 0.000227 0.000000 0.000160 0.004160 0.000000 0.000000 0.000267 0.000000 0.066480 0.134413 0.000293 0.000347 0.003293 0.003573 0.002227 0.001987 0.001360 0.002267 0.000120 0.084227 0.005467 0.000960 0.011653 0.061080 0.004547 0.016267 0.000600 0.013760 0.053133 0.118747 0.047920 0.043893 0.190240 0.000000 0.050920 0.002000 0.000280 0.017640 0.000720 0.000000 0.016107
0.000107 0.000000 0.000000 0.005880 0.000000 0.000960 0.004160 0.002093 0.005013 0.007453 0.000173 0.002613 0.000000 0.002160 0.000000 0.000227 0.000107 0.000000 0.000080 0.001493 0.001027 0.000773 0.000507 0.014840 0.000000 0.000120 0.000187 0.016480 0.003173 0.004427 0.000000 0.000120 0.000160 0.000427 0.003413 0.000000 0.018120 0.065067 0.000000 0.004973 0.302013 0.012373 0.020747 0.209987 0.000000 0.004773 0.000000 0.009947 0.000000 0.006347 0.001480 0.000240 0.000840 0.004293 0.032987 0.003613 0.036773 0.187973 0.000000 0.007253 0.050920 0.000000 0.054960 0.092000 0.000000 0.000160 0.003053 0.014467
0.000173 0.000000 0.000000 0.000120 0.000000 0.000107 0.000173 0.000600 0.002213 0.000133 0.000067 0.000067 0.000000 0.001000 0.000000 0.000120 0.000093 0.000000 0.000067 0.000000 0.000787 0.000280 0.000120 0.002333 0.000000 0.000000 0.000107 0.004840 0.003280 0.005907 0.000000 0.000200 0.000413 0.000413 0.078000 0.000067 0.000373 0.004173 0.000000 0.001480 0.035053 0.013933 0.006613 0.030773 0.016320 0.001720 0.005200 0.089427 0.000000 0.000000 0.000467 0.011133 0.004013 0.011013 0.000000 0.001120 0.000360 0.008227 0.000000 0.005293 0.002000 0.054960 0.000000 0.062387 0.000880 0.020533 0.037413 0.048827
0.000147 0.000000 0.000000 0.000000 0.000000 0.000093 0.000000 0.000280 0.001493 0.000067 0.000067 0.000000 0.000000 0.000640 0.000000 0.001067 0.000187 0.000000 0.000000 0.000000 0.005627 0.002507 0.000653 0.000627 0.000000 0.000120 0.000120 0.002280 0.006040 0.013000 0.000000 0.000067 0.001533 0.000587 0.024173 0.000000 0.006333 0.000120 0.000000 0.000000 0.109547 0.003507 0.004720 0.000480 0.000000 0.000000 0.000000 0.046693 0.000000 0.000173 0.021933 0.010187 0.028253 0.000133 0.090640 0.003773 0.061893 0.004693 0.000000 0.025413 0.000280 0.092000 0.062387 0.000000 0.000000 0.000000 0.000213 0.018427
0.000000 0.000240 0.000000 0.000000 0.000000 0.000000 0.000000 0.000000 0.000000 0.000000 0.001480 0.000000 0.003600 0.000000 0.000000 0.000000 0.000000 0.000587 0.000080 0.000000 0.000000 0.000000 0.000000 0.000000 0.000267 0.005093 0.002947 0.000000 0.000000 0.000000 0.002613 0.000000 0.000000 0.000000 0.000000 0.000133 0.000000 0.000000 0.000000 0.000000 0.000000 0.000240 0.000000 0.000000 0.008853 0.000000 0.027960 0.000493 0.000000 0.000000 0.000000 0.000827 0.000173 0.000000 0.000000 0.000080 0.000000 0.000187 0.001053 0.010720 0.017640 0.000000 0.000880 0.000000 0.000000 0.000707 0.000000 0.000467
