1.000000000000000000e+00 2.073454096634753108e-01 5.235706205828758453e-01 3.352208858131736635e-01 1.702345241429098488e-02 5.484356990575685042e-01 4.321997774580930707e-01 2.265146225657786727e-01 2.976990590578986184e-01 5.541109826133615579e-01 1.030610325297115631e-01 3.220830095556157513e-01 3.935543690473475298e-02 2.839245612138048824e-01 -1.780943567023747509e-01 3.402799257808551414e-01 4.029753547469225872e-01 2.752473514193408688e-01 3.910814507152118868e-01 3.605621894537237027e-01 3.699466988768576603e-01 4.034289579693859928e-01 5.045253070771358317e-01 4.015732594603492744e-01 2.438442275413018334e-01 3.622068428637179038e-01 4.979684005117385182e-01 3.911932071195608485e-01 4.925849782839074598e-01 3.028912538338998095e-01 2.362602363253807902e-01 4.080486850508509983e-02 3.895799547669475116e-01 5.866497287412388850e-01 5.165913824155270451e-01 2.924729882965212968e-01 4.776483328551448526e-01 3.625591172338614165e-01 5.894638179989918070e-02 2.631508046919388555e-01 3.312371562259751046e-01 3.092749931701161969e-01 3.024131512696756618e-01 3.706801528512793098e-01 1.627398574920083385e-01 4.202873564625612124e-01 1.563319447895941683e-01 3.446348807393085911e-01 1.834918514414554391e-01 3.891083620625907513e-01 4.316017550519318791e-01 3.762229962119418292e-01 2.277857928085321726e-01 3.063850527951755276e-01 3.320439067850086134e-01 3.571935726537597278e-01 6.155670621035064238e-01 4.643960183137519904e-01 3.068196775073823712e-01 3.607111232489473851e-01 5.094914179003440236e-01 3.998514785837515850e-01 4.139503022589904879e-01 1.061800060187127054e-02 1.252204656181477860e-01 -6.005497414943328227e-03 4.513113609269637228e-01 3.629933297741108622e-01
2.073454096634753108e-01 9.999999999999998890e-01 3.211198621151084009e-01 5.643432951368669848e-01 1.533116396709385543e-01 4.017878126752593704e-01 4.576510708416454132e-01 2.721881156260940182e-01 4.559231203037938385e-01 4.571937386582736185e-01 3.652718378695288259e-01 5.099646339544421370e-01 2.714505970431559945e-01 3.710849516944466631e-01 2.917129008683436164e-01 2.086282990421264028e-01 3.250362322745324328e-01 2.156704267072101222e-01 3.121321361674142536e-01 4.694458740029814336e-01 3.232421943697674216e-01 7.372732648296943525e-01 3.872586933194741010e-01 5.120477573633861468e-01 4.791484182486772103e-01 5.191889753708837096e-01 5.230064940585608113e-01 5.803362841935107985e-01 5.251192661707976272e-01 4.638549341050206554e-01 8.422213826701034634e-02 2.478223206079686880e-01 3.346718813895368516e-01 4.164724887710234968e-01 1.866184112440938681e-01 6.725746051992386176e-01 2.519462244335789469e-01 4.450991379825687821e-01 1.617528564524837453e-01 4.479366067451820976e-01 4.146594655952026698e-01 2.155181052810794806e-01 3.224835591956159986e-01 4.829685054240730468e-01 2.367574040668148083e-01 5.387400753107624007e-01 2.820427429597271995e-01 3.070177148289370272e-01 2.103762175634865950e-01 2.490349232667059542e-01 3.135814059479268834e-01 2.051738312845554635e-01 3.812459059805175521e-01 5.116428537855052250e-01 3.066089703703546165e-01 7.118655468674057740e-01 3.682567727469479024e-01 4.954292304196913355e-01 4.902708630520983824e-01 4.014087710062035907e-01 5.304759318826416381e-01 5.210720331759450819e-01 4.768951189333874852e-01 4.733702541440060751e-01 1.887972997289242769e-02 1.181302614030983189e-01 1.079864321298670271e-01 6.103764514643771344e-01
5.235706205828758453e-01 3.211198621151084009e-01 1.000000000000000222e+00 5.986655187486030760e-01 2.031831788908190495e-01 5.269609508234790463e-01 8.066528314418348611e-01 5.324035175760236660e-01 6.339883012200174806e-01 5.347199304622423099e-01 1.965217149696465992e-01 6.179624967053252149e-01 2.062193926232159524e-01 5.281363231766633692e-01 1.162977529483881223e-01 2.221996289680661374e-01 4.687396584133747823e-01 3.178455393725565514e-01 3.791205571520370188e-01 6.438608387618274254e-01 2.707029505683776205e-01 5.176662736564323630e-01 4.524828012291299273e-01 7.045557911642524873e-01 4.213047581940525532e-01 6.992735598370224404e-01 7.271028060579068919e-01 5.717526612157582955e-01 3.524087610872607690e-01 3.992329709002425675e-01 3.280482128903065009e-01 2.111752884051541213e-01 2.405362984738706744e-01 3.846226361003841632e-01 2.429956383406371712e-01 2.052588111852069463e-01 7.289693992184866911e-01 3.923743981430090622e-01 7.840404261945209397e-02 3.332375378009120315e-01 5.349279010000488332e-01 4.735561954906368221e-01 6.137169680784094750e-01 3.768291182576528620e-01 2.157550136890104553e-01 6.183160271433183475e-01 2.800610445077328370e-01 4.356970434199403108e-01 3.698954083727797326e-01 2.033299807837873618e-01 3.280508249227698236e-01 4.084117822548202215e-01 1.163061003888571088e-01 6.586780179335194330e-01 2.561904713523849297e-01 3.412330055981326882e-01 5.107384401956387432e-01 6.003620793504234054e-01 3.709925764426597605e-01 4.459204193233693436e-01 6.095501965435801139e-01 4.875348644782299679e-01 3.476037514159948660e-01 3.886490606027497713e-02 2.685447761532220867e-01 4.898767570372967312e-02 3.280680586572901625e-01 3.371804222100519000e-01
3.352208858131736635e-01 5.643432951368669848e-01 5.986655187486030760e-01 9.999999999999998890e-01 1.019028390067199252e-01 5.313655185393878488e-01 7.639931429120446760e-01 4.433321990702761006e-01 7.426205860829350192e-01 6.683912843119337310e-01 2.227223852932515569e-01 8.321592361963419116e-01 2.564329379952221544e-01 5.276430580164209738e-01 3.048158854857632716e-01 3.510495021132863935e-01 3.825222223201754090e-01 2.921691934753284925e-01 3.306168354344858340e-01 7.635731749997132223e-01 4.912556551491455425e-01 6.434580106078845452e-01 5.704041216086908062e-01 7.723652612631795034e-01 4.454921995079063612e-01 5.805137845946540809e-01 6.229466673413025513e-01 8.074960706624556561e-01 4.661481402200376989e-01 3.984562665211739962e-01 2.787741987223030238e-01 1.980968528225192093e-01 4.535889247281346681e-01 4.822353908755217522e-01 2.228748328746409657e-01 3.431880614032493115e-01 3.973364122258140063e-01 8.357688053785098381e-01 1.432924504299703042e-02 5.309696305557893847e-01 5.375168375630742235e-01 2.806443887518049185e-01 6.313351818850050368e-01 5.927889638115728665e-01 2.730167629994666445e-01 8.881269040711657903e-01 2.896330358375762137e-01 3.685789302664169154e-01 2.958209386882740266e-01 3.636683198390865956e-01 1.329163462673808027e-01 2.307900655352680963e-01 5.493769900542705420e-02 7.665757506655096476e-01 4.572963048878804782e-01 4.716389559625743799e-01 4.274811858790616981e-01 6.431843534886193536e-01 4.010491569964902969e-01 2.837756998280145937e-01 4.862146778525057722e-01 7.270237539359187817e-01 3.575449206837469918e-01 2.020893740643077696e-01 1.889765990064427581e-01 4.169802227592928762e-02 2.912403256456904677e-01 4.573085276031235158e-01
1.702345241429098488e-02 1.533116396709385543e-01 2.031831788908190495e-01 1.019028390067199252e-01 9.999999999999997780e-01 3.008899205801936483e-01 1.955654117564922523e-01 4.614755637585556958e-01 8.926792035386205137e-02 1.926620309889685856e-01 4.118209685194996195e-01 2.285850285411994420e-01 2.678209971011086266e-01 2.316817828648730926e-01 1.536675734072704969e-01 -8.431176884850058451e-02 1.469522310713061997e-01 1.542525258317814230e-01 1.245670986136561409e-02 7.911670113249413827e-02 8.031426451616450329e-03 1.233624453369577822e-01 6.680691689728768257e-02 1.117778575488811432e-01 2.795375323553444397e-02 2.250393206512795452e-01 2.140674421184456111e-01 2.725479596781772429e-01 2.672235949313934156e-01 2.510817408002684048e-01 -6.901206143750352774e-03 4.778710413030036186e-01 -2.739703421251412155e-02 3.330980000292192017e-02 4.651978358356627374e-02 1.632209354637035870e-01 1.654991102056420360e-01 -5.319410016606785068e-04 2.899787803786763596e-01 2.454714263087409420e-01 2.166467713074058110e-01 3.426621022130880712e-01 1.747703184967897283e-01 2.035179858428650124e-01 3.668339443275087652e-01 1.342192905782288448e-01 3.270349926110348027e-01 2.971755878290551767e-01 -1.745940900679045227e-02 -3.590150153375919195e-02 8.011484428954154802e-02 2.428758188864704737e-01 1.997939950238517004e-02 1.214539950352497705e-01 -4.446525545971266244e-03 2.165113749479732341e-01 9.141397337807159740e-02 6.093976568514278963e-02 1.613901728641123079e-01 3.208126254265404320e-01 2.213327715647623040e-01 2.181921413993682668e-01 3.367867860736062924e-01 2.119509318728264036e-01 1.923604723625629564e-01 3.790380882954054176e-01 -9.359249408464083431e-02 1.691346945845483840e-01
5.484356990575685042e-01 4.017878126752593704e-01 5.269609508234790463e-01 5.313655185393878488e-01 3.008899205801936483e-01 1.000000000000000222e+00 5.503194512011578832e-01 5.755412029680122554e-01 4.843165971782323886e-01 8.024088698861192581e-01 3.943873166390016727e-01 6.236975363370730330e-01 3.623375211748141034e-01 4.282027826469462228e-01 1.362256520490314204e-01 4.163091975324227367e-01 4.606260488917482965e-01 2.424995203642067720e-01 2.742600038796018658e-01 4.080969753792565435e-01 5.883106105428118626e-01 5.337122822735741456e-01 6.537340733969305706e-01 5.721281911946038967e-01 2.608676108647138836e-01 4.187176366270476957e-01 5.236298602471267660e-01 7.483328052626265769e-01 7.330966417043580652e-01 4.063643914415956404e-01 8.676060056552048483e-02 4.200546654507777422e-01 4.169195945793412461e-01 5.048215811641356687e-01 3.326963438095184578e-01 3.745227628187933755e-01 3.868981327290846317e-01 5.558999742187706872e-01 2.550394046086505995e-01 7.052462813700610678e-01 4.735466826811866592e-01 5.741214559635012815e-01 5.096930797125340806e-01 7.158091892499387487e-01 4.993415312904656567e-01 6.998113972467939758e-01 4.351457988868001059e-01 3.888304883665082978e-01 3.390125594008396304e-01 4.978998443257059980e-01 2.274197746775221407e-01 3.534877996117452570e-01 1.239183298603463712e-01 4.149137737380105828e-01 5.897822177180601644e-01 5.164278325496854949e-01 5.952017036216119550e-01 6.028776049907925705e-01 3.107639620675128889e-01 3.424491502943887156e-01 4.894531923036061771e-01 7.644425514218016193e-01 6.826779204501189913e-01 2.892371260240589881e-01 3.234739734032910929e-01 3.459927655632321075e-01 2.293418016767822809e-01 5.562375674847996887e-01
4.321997774580930707e-01 4.576510708416454132e-01 8.066528314418348611e-01 7.639931429120446760e-01 1.955654117564922523e-01 5.503194512011578832e-01 1.000000000000000000e+00 5.730852950618242625e-01 7.862709767733849775e-01 6.597201546533422167e-01 2.669808055989179585e-01 6.868470987887619339e-01 2.983315861105333422e-01 7.304153200004532831e-01 2.893478396665360997e-01 2.735306166813881168e-01 5.473405472007260020e-01 4.352134772073780189e-01 4.741530058452370078e-01 6.798580719128293204e-01 3.331777648302111094e-01 6.658894890237848641e-01 4.636465199265517589e-01 8.448150012566914002e-01 5.320739991017907622e-01 7.200206903519771329e-01 6.935066996763316061e-01 7.103201828036721510e-01 4.728141626553669097e-01 5.150388082588079897e-01 4.333801575413799290e-01 2.991141386051439088e-01 3.589614968550292051e-01 4.187381975560547920e-01 3.469854818804051222e-01 3.011032535084343098e-01 5.731021788837282749e-01 5.750156709013517498e-01 6.122805833077069743e-02 4.762476292383078236e-01 7.770097829713474846e-01 4.992938333723727640e-01 7.343716721706043948e-01 5.651820017558980558e-01 3.068428349536825306e-01 6.989276144330650586e-01 4.130809668903421827e-01 6.125887112356227515e-01 3.234475712031956718e-01 2.613305819088060367e-01 3.499732008291810970e-01 4.009729887676807270e-01 1.959877166756459066e-01 7.404162458930310109e-01 2.843523214263293797e-01 4.641013017552349518e-01 4.509043706470478030e-01 7.699627061513946158e-01 4.365979943172825783e-01 4.703663420380373994e-01 6.115729715357902663e-01 6.041700187071168404e-01 4.329772314680535583e-01 1.357723907850122980e-01 3.866005807688953078e-01 8.994516385902424915e-02 2.711800274575863479e-01 4.421787974556501966e-01
2.265146225657786727e-01 2.721881156260940182e-01 5.324035175760236660e-01 4.433321990702761006e-01 4.614755637585556958e-01 5.755412029680122554e-01 5.730852950618242625e-01 1.000000000000000000e+00 4.166420613735753453e-01 5.494616356364273591e-01 4.990659152958341616e-01 5.215510460219963118e-01 4.503852200349667267e-01 5.623391927761446363e-01 2.121728537017509020e-01 1.419034514474332709e-01 3.077191949433208396e-01 3.935274236585101781e-01 1.775625212804630149e-01 3.799912373008959565e-01 2.984215256637237634e-01 3.767308149446690901e-01 3.128333896567004335e-01 3.931254872047470483e-01 1.163614505555209261e-01 4.430414731466808531e-01 4.832990358982477974e-01 6.443712375445012075e-01 5.243668483388773671e-01 4.274328011125256288e-01 -4.637531245160523424e-02 4.566598116299986354e-01 3.335344470257843308e-01 3.054134393146478166e-01 1.543514241400773812e-01 3.758844133631848439e-01 4.178894922821577707e-01 3.501541432480099192e-01 3.652158673388033461e-01 5.655465442576321777e-01 5.586283852723521459e-01 7.606575806555542218e-01 4.618266674989778275e-01 5.064145470778608216e-01 5.695829485114748403e-01 4.899753332148251705e-01 5.347927428720387066e-01 5.485476582357518005e-01 2.399921404873484321e-01 2.084070396096875111e-01 5.312891271313009700e-02 4.887342441628242939e-01 -6.619153890448779831e-02 4.207841910390727747e-01 2.838186793542675224e-01 4.081299532249118567e-01 2.659926124864904762e-01 3.673803796962648582e-01 3.023507789706005311e-01 4.548404229531123888e-01 4.223419446525377707e-01 5.702830811871818506e-01 5.293193228986646792e-01 2.986152335040644368e-01 4.397503025567720547e-01 4.187504942491123705e-01 1.825273898275425188e-01 4.134827036014347978e-01
2.976990590578986184e-01 4.559231203037938385e-01 6.339883012200174806e-01 7.426205860829350192e-01 8.926792035386205137e-02 4.843165971782323886e-01 7.862709767733849775e-01 4.166420613735753453e-01 1.000000000000000000e+00 5.763364194715956401e-01 2.281716373997502711e-01 6.716517797795414912e-01 3.864735730408684344e-01 5.793620323189992982e-01 2.704772419642988979e-01 2.418584567831032206e-01 2.746058077785804019e-01 2.466715201030890148e-01 2.496431844251341958e-01 6.868769661372479129e-01 2.707367238603655690e-01 6.255900256452091579e-01 3.280162262862249545e-01 8.504101556030023712e-01 5.304143672586008051e-01 4.954341198625445419e-01 6.489140213322677209e-01 5.862121353604532459e-01 3.605062864274913292e-01 1.748721885742422766e-01 3.423699062979265739e-01 1.883744941726409328e-01 2.283835521817241254e-01 2.465599397418686001e-01 1.938283214108161012e-01 2.150071082581930804e-01 3.782617872578059592e-01 5.836038171980709732e-01 2.948760330033528554e-02 4.575674390624367427e-01 5.403186645564486135e-01 3.461215289227979053e-01 7.192366042578254293e-01 5.059689822970471207e-01 2.199753970052722163e-01 6.953888864177968365e-01 4.015548867717918524e-01 4.248679387685327935e-01 3.643845616865934445e-01 2.234068987216362712e-01 5.514044061101651406e-02 1.094194766303624999e-01 1.355829067022320221e-02 7.052939217949960593e-01 2.791468892703742322e-01 3.920139514563696359e-01 2.494676396203436286e-01 7.339345344696353024e-01 4.826144894163827415e-01 1.606025501963361801e-01 5.155406392782853064e-01 4.693191470497757312e-01 3.609486416266294295e-01 -6.451394157810519392e-02 3.869317249408884551e-01 8.426173797075592331e-02 1.998269500880542060e-01 3.174114631506695927e-01
5.541109826133615579e-01 4.571937386582736185e-01 5.347199304622423099e-01 6.683912843119337310e-01 1.926620309889685856e-01 8.024088698861192581e-01 6.597201546533422167e-01 5.494616356364273591e-01 5.763364194715956401e-01 1.000000000000000000e+00 3.393306525032032672e-01 7.276020618213241420e-01 4.103503896425092501e-01 5.587153137074759579e-01 7.619410619406180585e-02 4.462129052560973586e-01 5.279988878304614497e-01 3.402949703544023707e-01 3.309144881443831232e-01 5.503530478661996517e-01 6.187212675142210738e-01 5.855615282658531706e-01 6.927541361878016835e-01 6.987462807824027511e-01 3.132917578796731717e-01 4.485049135719330060e-01 6.034096462870738309e-01 8.239325675953471650e-01 7.415343200239561394e-01 3.761295411116287180e-01 2.285319542556352446e-01 2.896031339198755772e-01 4.972415555008031229e-01 4.954474002466033311e-01 4.775119470961526336e-01 3.968849742421841631e-01 3.437005059467558299e-01 6.856399779157300589e-01 1.502049439404282705e-01 7.427685938413771671e-01 5.606161008212597885e-01 4.803436012529327948e-01 5.470157838891278601e-01 9.082791965044768601e-01 4.539015753011475529e-01 7.916588521402578849e-01 4.742965927545410576e-01 5.270465752708713980e-01 2.331455702751263348e-01 4.946257136969108292e-01 1.906967973588667709e-01 4.123702595861481468e-01 5.189786654964512885e-02 5.654496299396278847e-01 5.659185372879398379e-01 4.800994972700429742e-01 5.404174228855641582e-01 6.623383598427365904e-01 4.021563745584559313e-01 2.811660145947913469e-01 5.099350700094693600e-01 7.853685600410550416e-01 6.634027464466351054e-01 1.947212086606261439e-01 3.615754543512774144e-01 1.838919703146681961e-01 3.184369832769060604e-01 5.119616369480755047e-01
1.030610325297115631e-01 3.652718378695288259e-01 1.965217149696465992e-01 2.227223852932515569e-01 4.118209685194996195e-01 3.943873166390016727e-01 2.669808055989179585e-01 4.990659152958341616e-01 2.281716373997502711e-01 3.393306525032032672e-01 1.000000000000000000e+00 3.026057408133946414e-01 7.812861957968642024e-01 3.725139576947145148e-01 2.466970233876650542e-01 3.134701416605466251e-02 1.675816540614337713e-01 2.664758571603396131e-01 1.364453210516610726e-01 1.698446345567424520e-01 8.943864217205726996e-02 3.799897027241514458e-01 1.526775989498436459e-01 2.089377136972712656e-01 2.453685189116723009e-01 1.896049310893413442e-01 4.015114624586371694e-01 3.507301637860776311e-01 4.715993054646603899e-01 3.066833821760736600e-01 -1.025832886410881356e-01 5.970954766087742671e-01 2.695283497000737216e-01 2.107869638107203181e-01 1.500142925878664990e-01 4.639067788718562180e-01 1.070102840218229434e-01 1.726092855791247216e-01 4.786989531331828918e-01 4.733982236110210740e-01 3.104859372606424972e-01 4.135248043126424911e-01 1.102533000234796751e-01 4.019196905485402094e-01 7.752252655456789432e-01 2.559920709638879299e-01 7.508689722188753857e-01 3.820295471804708853e-01 3.136358922801987248e-01 1.261516960248687536e-01 9.437597600684743959e-02 3.182373133473746507e-01 1.613308842170488311e-01 2.146186429507532523e-01 1.051665524110367428e-01 3.688398620537029493e-01 1.526918894129191406e-01 1.804809271147788108e-01 2.964645611342247578e-01 2.747572834599790181e-01 4.367991253375524408e-01 3.012646135501779732e-01 4.130434539013799755e-01 2.852528431043203638e-01 3.073849991978979124e-01 6.204315814895411396e-01 1.061709496462303476e-01 3.045291107371209116e-01
3.220830095556157513e-01 5.099646339544421370e-01 6.179624967053252149e-01 8.321592361963419116e-01 2.285850285411994420e-01 6.236975363370730330e-01 6.868470987887619339e-01 5.215510460219963118e-01 6.716517797795414912e-01 7.276020618213241420e-01 3.026057408133946414e-01 1.000000000000000000e+00 2.696874016044621403e-01 5.424802060769177148e-01 2.155491673924558316e-01 2.458305418971488687e-01 3.518164868457894223e-01 3.151117221785512679e-01 2.956467269440655743e-01 7.982072997434089823e-01 3.912747632195041625e-01 5.606091966640189828e-01 4.964400139499778875e-01 6.981941865543909165e-01 3.170913161223832266e-01 5.636066876273529980e-01 6.286625315941319903e-01 8.029198644691291076e-01 4.735929491499250577e-01 3.911536600632774530e-01 2.045443529156525109e-01 2.437800986091771538e-01 3.497833677944543473e-01 3.640824958667958078e-01 2.081691010796159758e-01 3.279629104434798603e-01 3.854815824423624693e-01 6.748632860865730887e-01 9.204267584405438629e-02 5.843264056601665812e-01 4.824094370760916295e-01 4.409828328161664590e-01 6.063419913868225430e-01 6.126131828882162011e-01 3.256872725730944884e-01 8.863006671598520070e-01 3.170759701724708002e-01 4.145881480587456647e-01 2.900486643165926526e-01 2.544181585509709409e-01 8.982699883727643386e-02 3.091333281875464634e-01 -4.468162067790208691e-03 8.080639295157696633e-01 3.640731365840653155e-01 4.313955174128262238e-01 3.569029146070785141e-01 5.654024623934956750e-01 3.289545921094058079e-01 2.967968952498790114e-01 5.002064271090782555e-01 6.970113325576533514e-01 4.324707020347857700e-01 2.114698899756143613e-01 2.012673750833932074e-01 8.677555321774439723e-02 2.387295035146195510e-01 4.548040585349911735e-01
3.935543690473475298e-02 2.714505970431559945e-01 2.062193926232159524e-01 2.564329379952221544e-01 2.678209971011086266e-01 3.623375211748141034e-01 2.983315861105333422e-01 4.503852200349667267e-01 3.864735730408684344e-01 4.103503896425092501e-01 7.812861957968642024e-01 2.696874016044621403e-01 9.999999999999997780e-01 3.740307512112721056e-01 3.064737263280092883e-01 1.271711582836546617e-01 1.323503326873725627e-01 1.957754476858216686e-01 1.376088941330008350e-02 1.299736857637672494e-01 2.096021731066056160e-01 3.702898390670383288e-01 1.908593691251251334e-01 3.293147313144323962e-01 2.421954748821040226e-01 1.350347756509650762e-02 3.968821720815879361e-01 3.313235112574589580e-01 4.723470950955288572e-01 8.312804103841252290e-02 -2.590207879979849331e-02 5.069979111756223178e-01 2.577867299950808433e-01 9.056924414949928115e-02 9.544585219524222286e-02 3.455595711608447917e-01 2.733867746914478078e-02 2.656449171664475029e-01 4.503795841513511533e-01 5.826123408554980676e-01 2.527579620764253687e-01 3.639500625361659636e-01 2.000098689739404634e-01 5.083039029563217737e-01 7.497152910480837651e-01 3.192105784160614301e-01 8.141255320800852013e-01 3.778461455406864622e-01 3.491782961088237269e-01 1.899803453518649765e-01 -1.156044862834868375e-01 1.571772834693449250e-01 -5.326336268893734627e-03 1.771856526533234777e-01 2.459134505626325296e-01 2.343605949631203944e-01 7.473962300735341457e-02 2.727195954372788611e-01 3.061301878451160863e-01 -4.575386982312305145e-03 3.696855834351252534e-01 2.938653862236379477e-01 4.560990341624306388e-01 7.390048473659623085e-02 4.318217803205071648e-01 5.600471446165984357e-01 9.533665677999907107e-02 2.155556212588833620e-01
2.839245612138048824e-01 3.710849516944466631e-01 5.281363231766633692e-01 5.276430580164209738e-01 2.316817828648730926e-01 4.282027826469462228e-01 7.304153200004532831e-01 5.623391927761446363e-01 5.793620323189992982e-01 5.587153137074759579e-01 3.725139576947145148e-01 5.424802060769177148e-01 3.740307512112721056e-01 1.000000000000000000e+00 2.876352972758717264e-01 1.804902318336981393e-01 4.318082234970506694e-01 5.391287501621151446e-01 5.282666017118428092e-01 4.876805119229803975e-01 2.352907707241983504e-01 5.288125684777287283e-01 2.744255844962175672e-01 6.364566609560334820e-01 3.750874244208047270e-01 4.927090556511810604e-01 6.663823854139028224e-01 5.406872434822185269e-01 5.295152906739598597e-01 4.236889113962233333e-01 3.229063286537505739e-01 2.667315064123629842e-01 3.085261041509684277e-01 1.870834894842794416e-01 3.564910484400979351e-01 2.572502978446608024e-01 2.909268264151833594e-01 3.399240423775100051e-01 1.340525433555745938e-01 4.752146960140186116e-01 6.690924863399582145e-01 4.770752407265778650e-01 5.000257130055291155e-01 5.524391151560045232e-01 3.508927189243665756e-01 5.067159697018447373e-01 4.452194592972053000e-01 7.490617723881726198e-01 1.960778283389655041e-01 1.663560667253447256e-01 1.818868189961449777e-01 4.022978974688264375e-01 1.705468728165628334e-01 5.493237561868986596e-01 1.903457311344986802e-01 3.662784473909256877e-01 1.564762433545712761e-01 5.528314566337122482e-01 3.532722765471536519e-01 3.330112907963574398e-01 5.744843618268908880e-01 4.264614983851430230e-01 5.499213661001309816e-01 1.894345288189061560e-01 4.669003805531047324e-01 1.498524578701841414e-01 1.547466731637165416e-01 3.161244555737131590e-01
-1.780943567023747509e-01 2.917129008683436164e-01 1.162977529483881223e-01 3.048158854857632716e-01 1.536675734072704969e-01 1.362256520490314204e-01 2.893478396665360997e-01 2.121728537017509020e-01 2.704772419642988979e-01 7.619410619406180585e-02 2.466970233876650542e-01 2.155491673924558316e-01 3.064737263280092883e-01 2.876352972758717264e-01 9.999999999999997780e-01 5.144542479203024349e-02 3.933924986531148887e-02 1.639574691987397137e-01 1.044323751679616663e-01 1.082188006659902391e-01 1.290698501251781039e-01 2.108026974087026661e-01 5.881991165441217279e-02 2.602725979509774024e-01 2.593426591884461785e-01 1.431051614745169898e-01 2.504439362551690307e-01 2.143092415039471177e-01 2.282471897827285379e-01 9.275840773409790851e-02 8.052554790868700352e-02 2.434191508320862618e-01 1.139053527903546997e-01 -1.980237812245225562e-02 -9.480521615666813451e-02 2.071248255215583367e-01 3.870916807254689423e-02 1.893233469745122521e-01 2.089057605811369678e-01 2.298065397216519368e-01 2.125234683557286064e-01 1.895369555076996115e-01 1.971112033864529101e-01 1.522401013833366012e-01 1.787144038833351489e-01 1.529703842366854916e-01 3.122296816634282934e-01 1.685881661130733122e-01 2.419549400246861215e-01 4.052332453322780859e-02 -1.012923073393111467e-01 -4.589933297893352554e-02 1.791221416305331963e-03 1.766839186183461197e-01 1.352479342186576894e-01 2.488566721663517667e-01 -1.289725773692418712e-02 1.708932377757635679e-01 9.866675543228281553e-02 6.917478163251475354e-02 2.182236830756337231e-01 1.376179171891503406e-01 2.431217264055937632e-01 1.717892838546005996e-01 1.667432364419989543e-01 2.351724469719036203e-01 3.335767612039648028e-02 2.179114765855515168e-01
3.402799257808551414e-01 2.086282990421264028e-01 2.221996289680661374e-01 3.510495021132863935e-01 -8.431176884850058451e-02 4.163091975324227367e-01 2.735306166813881168e-01 1.419034514474332709e-01 2.418584567831032206e-01 4.462129052560973586e-01 3.134701416605466251e-02 2.458305418971488687e-01 1.271711582836546617e-01 1.804902318336981393e-01 5.144542479203024349e-02 9.999999999999998890e-01 4.341578955081243918e-01 2.370075565412858576e-01 2.161764016363346974e-01 1.279087018258878439e-01 7.746037849168699863e-01 3.812404947157343460e-01 7.799457984008633105e-01 3.486331963847337789e-01 1.118037531902076887e-01 1.366783464282356197e-01 2.948407299342843402e-01 4.694346370693830428e-01 4.971458848426995591e-01 1.908900680298298014e-01 1.527835753427574939e-01 -3.401946294251298464e-02 4.457889721683192530e-01 3.902381089412356174e-01 2.656440061565016886e-01 2.301479505923587077e-01 1.586682331872638629e-01 4.824889228104656813e-01 -7.025020530385429895e-02 3.658255131413731265e-01 2.191122283124506132e-01 6.756562063590580702e-02 3.328348861229288858e-01 4.359737441441786099e-01 1.553854505725430768e-01 4.532849310396906972e-01 1.355245810456289224e-01 1.437808087392424550e-01 9.568704312779860444e-02 8.550205238194393820e-01 1.652194753746661082e-01 2.095685801388845193e-01 1.390540819591254418e-01 7.848913391484772795e-02 7.759154600896670528e-01 3.211562637783741403e-01 6.066345141169484645e-01 4.042305118674062725e-01 1.222958930777340997e-01 -2.457301276034455639e-02 1.976144889080777567e-01 5.674141990193281027e-01 4.177308543662714424e-01 2.552068667498926247e-01 1.939664907099791502e-01 -7.371634151003743363e-02 1.644262376292383032e-01 3.384046420886467899e-01
4.029753547469225872e-01 3.250362322745324328e-01 4.687396584133747823e-01 3.825222223201754090e-01 1.469522310713061997e-01 4.606260488917482965e-01 5.473405472007260020e-01 3.077191949433208396e-01 2.746058077785804019e-01 5.279988878304614497e-01 1.675816540614337713e-01 3.518164868457894223e-01 1.323503326873725627e-01 4.318082234970506694e-01 3.933924986531148887e-02 4.341578955081243918e-01 9.999999999999998890e-01 4.469083569121503619e-01 5.292402040785019190e-01 2.888913551248558087e-01 4.892616864345645800e-01 4.489190645424260273e-01 6.533414121262134389e-01 4.404838882700694569e-01 3.181423209963413767e-01 5.430964798489051892e-01 3.660322532213213242e-01 5.210066905472958698e-01 4.838966954293235645e-01 5.543331131482580609e-01 3.080211388971371145e-01 2.572988117458770985e-01 3.372046909986792795e-01 3.227625183467853209e-01 3.510689142067608959e-01 2.367783050759925401e-01 3.252672900702059944e-01 3.393743772352403321e-01 -1.176776760153937576e-02 3.020811873553305715e-01 4.774149866048362223e-01 2.211737803654939272e-01 4.040326471795550045e-01 5.215478256943735236e-01 2.266923651556477515e-01 4.598034429614002994e-01 2.125997810321554882e-01 4.214238069946854570e-01 7.229405883083751816e-02 4.324482890300320737e-01 5.658934554545832496e-01 4.720012413166381759e-01 3.642212072251532207e-01 3.513490819770983542e-01 4.434049681156244094e-01 3.277994834797924861e-01 5.808765417020073096e-01 4.432843931848047259e-01 1.245930853345066508e-01 3.560267337979739488e-01 3.170553414614775689e-01 5.518098911844011578e-01 4.826304354018718934e-01 3.557214585618255209e-01 2.031825408571724390e-01 4.443507394623591802e-03 2.036743373841467808e-01 4.691048409734954183e-01
2.752473514193408688e-01 2.156704267072101222e-01 3.178455393725565514e-01 2.921691934753284925e-01 1.542525258317814230e-01 2.424995203642067720e-01 4.352134772073780189e-01 3.935274236585101781e-01 2.466715201030890148e-01 3.402949703544023707e-01 2.664758571603396131e-01 3.151117221785512679e-01 1.957754476858216686e-01 5.391287501621151446e-01 1.639574691987397137e-01 2.370075565412858576e-01 4.469083569121503619e-01 1.000000000000000000e+00 5.822775865033431586e-01 2.069086611389343022e-01 2.329680836809318312e-01 3.585908479637850421e-01 2.957518775541347344e-01 2.464754951124730198e-01 3.054268779252396482e-01 2.916482862758301153e-01 4.609161088266808814e-01 3.408474547072880556e-01 3.730301198522856798e-01 3.642426218944114780e-01 1.792649601730267606e-01 1.906038370998630882e-01 2.900155789265955186e-01 2.177848992931551431e-01 3.075791314523054765e-01 2.503511623346216242e-01 2.001134546662781122e-01 2.356540553623415468e-01 1.055803894392866038e-01 2.212533590538817985e-01 4.364096456316720607e-01 3.395263880033509429e-01 2.787197485945632214e-01 2.723054546412437826e-01 2.964413046067492785e-01 3.254185959978421749e-01 3.400642575863273009e-01 4.836256675021772811e-01 8.737210470160503006e-02 2.572568862204873130e-01 2.781379326591750245e-01 5.095699916784099948e-01 2.027470644948550227e-01 2.598025401529259759e-01 2.088936969297430779e-01 2.340441607664154322e-01 1.886579342081942945e-01 2.281878039814042580e-01 1.901470764977035433e-01 2.542789454812325323e-01 3.636572177902762104e-01 2.737467601554363639e-01 3.825816131420046173e-01 2.105948244197545227e-01 3.778218311912220351e-01 6.329240849069320274e-02 1.365003195063542174e-01 2.967447847861831578e-01
3.910814507152118868e-01 3.121321361674142536e-01 3.791205571520370188e-01 3.306168354344858340e-01 1.245670986136561409e-02 2.742600038796018658e-01 4.741530058452370078e-01 1.775625212804630149e-01 2.496431844251341958e-01 3.309144881443831232e-01 1.364453210516610726e-01 2.956467269440655743e-01 1.376088941330008350e-02 5.282666017118428092e-01 1.044323751679616663e-01 2.161764016363346974e-01 5.292402040785019190e-01 5.822775865033431586e-01 1.000000000000000222e+00 2.266800730764765570e-01 2.648856372407527582e-01 4.472647689455320763e-01 3.859862118838806588e-01 3.059206314494790080e-01 3.316180725687141728e-01 4.635075360377218234e-01 4.782810936143869207e-01 3.105453717206421715e-01 3.772971471072625871e-01 5.182669710795655416e-01 3.087341547779855477e-01 2.589021837491986208e-02 3.396575288784701163e-01 3.322188719516115940e-01 4.160141638237078721e-01 2.321539082452062086e-01 2.620722712438772195e-01 2.180715239573983721e-01 -2.021012817423220587e-02 1.518385794421806267e-01 4.248924992620331520e-01 1.401339501977609814e-01 2.201847106959581024e-01 2.780648184460640659e-01 7.132199705591146799e-02 3.254359083721871104e-01 7.380184125582731069e-02 4.850180398475115728e-01 1.332755443896177228e-01 2.496017614396999207e-01 4.752516972119080196e-01 4.035883867707413808e-01 5.262287141050938644e-01 2.835864290764055218e-01 2.016959314552237426e-01 2.913201010561023985e-01 3.126258827841692511e-01 3.022327918349578812e-01 1.843534450640258449e-01 3.561076141726970956e-01 4.320359733918891498e-01 2.553685688982491597e-01 2.944661356715425060e-01 2.707193287800119252e-01 1.731962081377551657e-02 -1.605351418981433576e-01 2.364371263830732928e-01 3.118704242437757568e-01
3.605621894537237027e-01 4.694458740029814336e-01 6.438608387618274254e-01 7.635731749997132223e-01 7.911670113249413827e-02 4.080969753792565435e-01 6.798580719128293204e-01 3.799912373008959565e-01 6.868769661372479129e-01 5.503530478661996517e-01 1.698446345567424520e-01 7.982072997434089823e-01 1.299736857637672494e-01 4.876805119229803975e-01 1.082188006659902391e-01 1.279087018258878439e-01 2.888913551248558087e-01 2.069086611389343022e-01 2.266800730764765570e-01 1.000000000000000222e+00 2.022299759382053252e-01 5.488216897631658098e-01 3.343721105528668636e-01 6.900120207663624772e-01 4.243051851625204707e-01 5.632770874894396096e-01 6.000395271201505176e-01 5.798273211405803318e-01 3.003080170077431221e-01 3.608733431440431794e-01 2.048822802429792755e-01 1.512254937959779111e-01 2.624537343855066762e-01 3.749142371726522649e-01 2.574279165341414322e-01 3.573517150823245503e-01 4.988337373130626307e-01 5.388196757813674687e-01 8.636325816346310247e-03 3.261182434415852427e-01 5.287501061751003206e-01 3.536631928793192992e-01 6.073587599378584834e-01 4.134104464126352463e-01 1.806231823909842660e-01 7.382408530964235105e-01 1.711253401352182679e-01 3.823905438131374734e-01 2.452360976206748311e-01 8.722942531672969735e-02 1.737296691801782644e-01 2.387076612800222153e-01 2.760008456850780376e-02 9.446968395935130269e-01 1.660665801177470535e-01 4.046378600005058335e-01 3.077180910682469905e-01 6.087968038644789859e-01 4.286643965693890945e-01 3.216267379576395746e-01 5.315116084644206929e-01 4.669353053040046220e-01 2.639642324138962715e-01 1.391060036784630971e-01 1.663653792710610979e-01 1.942113874534238949e-02 3.037039471587102413e-01 3.868317699901896445e-01
3.699466988768576603e-01 3.232421943697674216e-01 2.707029505683776205e-01 4.912556551491455425e-01 8.031426451616450329e-03 5.883106105428118626e-01 3.331777648302111094e-01 2.984215256637237634e-01 2.707367238603655690e-01 6.187212675142210738e-01 8.943864217205726996e-02 3.912747632195041625e-01 2.096021731066056160e-01 2.352907707241983504e-01 1.290698501251781039e-01 7.746037849168699863e-01 4.892616864345645800e-01 2.329680836809318312e-01 2.648856372407527582e-01 2.022299759382053252e-01 1.000000000000000000e+00 4.490763937969745045e-01 8.662300793465695925e-01 4.098679704375259858e-01 1.340804756427884381e-01 2.203562866814423871e-01 3.601007939138766711e-01 6.535092008197347369e-01 6.444037821324847259e-01 2.841842453768920751e-01 1.288997253250097341e-01 9.882917056618498175e-02 5.432614017591528288e-01 4.808565482113598133e-01 2.293883621362407532e-01 2.836227416292922965e-01 1.596663031596044779e-01 6.704968477353411282e-01 2.129854282595095363e-02 5.392035225418236877e-01 2.792456619988143429e-01 2.058381761306465885e-01 3.860457977373037419e-01 6.250666820399326529e-01 2.850469084833031075e-01 5.915936293281786051e-01 1.942390242731690531e-01 1.593325067425487018e-01 1.612186927080400678e-01 8.044952250715312614e-01 1.121146986809577611e-01 2.381792123477444179e-01 1.050648020266331667e-01 1.700879328304253368e-01 9.068341785959309620e-01 4.387225621189475011e-01 6.110312463342857381e-01 4.329175896389704792e-01 1.550167245545598094e-01 4.847507713284578829e-02 2.788178534395821528e-01 7.298647821221720955e-01 5.447030868707734008e-01 3.215577898817396640e-01 1.681577311932284657e-01 8.371192317512173020e-02 2.210162425043457057e-01 4.713649690410773863e-01
4.034289579693859928e-01 7.372732648296943525e-01 5.176662736564323630e-01 6.434580106078845452e-01 1.233624453369577822e-01 5.337122822735741456e-01 6.658894890237848641e-01 3.767308149446690901e-01 6.255900256452091579e-01 5.855615282658531706e-01 3.799897027241514458e-01 5.606091966640189828e-01 3.702898390670383288e-01 5.288125684777287283e-01 2.108026974087026661e-01 3.812404947157343460e-01 4.489190645424260273e-01 3.585908479637850421e-01 4.472647689455320763e-01 5.488216897631658098e-01 4.490763937969745045e-01 1.000000000000000000e+00 5.450832451414087121e-01 6.773886801553966608e-01 5.500644308644954128e-01 5.458553482456316441e-01 6.608492355255074502e-01 6.429895097373667934e-01 5.327148672742970659e-01 4.844406447955516004e-01 2.750404433909762747e-01 2.245300938974599536e-01 3.887883519674290578e-01 4.637387396395747929e-01 2.682220895660391013e-01 5.786916138931691433e-01 3.063253988666602146e-01 5.146955515905357048e-01 6.255488527114577701e-02 4.961687175478832201e-01 5.136908910417455898e-01 3.121870409414866931e-01 4.824988762520255881e-01 5.564668370096392813e-01 3.346657852403531197e-01 6.393822042664830674e-01 3.634504463568329347e-01 3.778817298187868712e-01 2.311759269181023480e-01 4.326030578824963113e-01 2.921988238931425008e-01 2.267374572366363805e-01 3.205458873204347081e-01 5.574053931105648063e-01 4.265820680125768649e-01 7.006099277267617831e-01 4.775289595078819338e-01 6.416117187679317713e-01 5.240003371840420421e-01 3.081125374386469162e-01 5.624878319626361867e-01 5.763984145968105155e-01 4.684870493182402007e-01 3.145873419048532682e-01 2.040312060046969300e-01 1.283611698393849754e-01 1.454223104621047147e-01 5.489348676545284800e-01
5.045253070771358317e-01 3.872586933194741010e-01 4.524828012291299273e-01 5.704041216086908062e-01 6.680691689728768257e-02 6.537340733969305706e-01 4.636465199265517589e-01 3.128333896567004335e-01 3.280162262862249545e-01 6.927541361878016835e-01 1.526775989498436459e-01 4.964400139499778875e-01 1.908593691251251334e-01 2.744255844962175672e-01 5.881991165441217279e-02 7.799457984008633105e-01 6.533414121262134389e-01 2.957518775541347344e-01 3.859862118838806588e-01 3.343721105528668636e-01 8.662300793465695925e-01 5.450832451414087121e-01 1.000000000000000000e+00 4.958324448554748964e-01 2.446611139629254750e-01 3.925093989678858364e-01 4.775696075055267942e-01 7.166617809543991413e-01 6.455191798315930152e-01 4.059945822974631024e-01 2.360170875008387736e-01 1.824329551782973846e-01 5.487259285078774917e-01 5.472300272496120055e-01 3.207511532177318991e-01 3.079714118144913915e-01 3.170123965452203429e-01 6.565440025838100713e-01 3.854292256350534598e-03 5.042681609259156428e-01 3.480785798518670204e-01 1.932803758198166078e-01 4.347959572408063855e-01 6.589271650681416403e-01 2.917787369384314822e-01 6.645566423550340884e-01 1.993748008241110481e-01 2.448688534199001399e-01 1.408619263057672988e-01 7.978517227146211255e-01 3.403057355058922151e-01 3.671719688444445295e-01 2.249324148885012142e-01 3.009892869438233753e-01 8.133562587244345110e-01 4.445185569540238690e-01 7.977365000201028788e-01 4.984086321807093545e-01 1.943992419512135805e-01 1.904548449934465593e-01 3.697871204391054434e-01 7.830620287632825693e-01 5.465035660005377327e-01 3.279090748654082677e-01 1.759068906119765630e-01 2.597394884757679018e-02 2.870657217885604351e-01 4.927089879135570505e-01
