0.000000000000000000e+00 0.000000000000000000e+00 1.520000000000000084e-03 0.000000000000000000e+00 0.000000000000000000e+00 1.200000000000000030e-04 2.282666666666666525e-02 2.933333333333333365e-03 8.000000000000000654e-05 1.466666666666666629e-04 1.200000000000000030e-04 0.000000000000000000e+00 1.333333333333333397e-04 8.893333333333333646e-02 0.000000000000000000e+00 0.000000000000000000e+00 2.586666666666666801e-03 2.933333333333333257e-04 5.866666666666666514e-04 0.000000000000000000e+00 2.266666666666666558e-04 0.000000000000000000e+00 3.186666666666666640e-03 3.466666666666666724e-04 0.000000000000000000e+00 7.066666666666666409e-04 8.000000000000000654e-05 3.333333333333333222e-04 6.492000000000000548e-02 1.786666666666666611e-02 0.000000000000000000e+00 0.000000000000000000e+00 0.000000000000000000e+00 2.666666666666666794e-04 0.000000000000000000e+00 0.000000000000000000e+00 0.000000000000000000e+00 0.000000000000000000e+00 0.000000000000000000e+00 0.000000000000000000e+00 0.000000000000000000e+00 0.000000000000000000e+00 0.000000000000000000e+00 0.000000000000000000e+00 0.000000000000000000e+00 0.000000000000000000e+00 0.000000000000000000e+00 0.000000000000000000e+00 0.000000000000000000e+00 0.000000000000000000e+00 0.000000000000000000e+00 0.000000000000000000e+00 0.000000000000000000e+00 0.000000000000000000e+00 0.000000000000000000e+00 0.000000000000000000e+00 0.000000000000000000e+00 0.000000000000000000e+00 0.000000000000000000e+00 0.000000000000000000e+00 0.000000000000000000e+00 0.000000000000000000e+00 0.000000000000000000e+00 0.000000000000000000e+00 0.000000000000000000e+00 0.000000000000000000e+00 0.000000000000000000e+00 0.000000000000000000e+00
0.000000000000000000e+00 0.000000000000000000e+00 7.200000000000000453e-04 0.000000000000000000e+00 5.199999999999999544e-04 0.000000000000000000e+00 1.466666666666666629e-04 8.000000000000000654e-05 2.746666666666666787e-03 0.000000000000000000e+00 0.000000000000000000e+00 0.000000000000000000e+00 5.239999999999999866e-03 1.333333333333333397e-04 1.333333333333333397e-04 2.666666666666666794e-04 5.373333333333333260e-03 1.200000000000000030e-04 8.226666666666666849e-03 0.000000000000000000e+00 0.000000000000000000e+00 4.373333333333333239e-03 0.000000000000000000e+00 6.426666666666666465e-03 2.558666666666666728e-02 1.421333333333333303e-02 4.545333333333333170e-02 2.266666666666666558e-04 1.866666666666666593e-04 9.333333333333332967e-05 0.000000000000000000e+00 0.000000000000000000e+00 0.000000000000000000e+00 9.600000000000000243e-04 0.000000000000000000e+00 1.066666666666666664e-04 8.000000000000000654e-05 0.000000000000000000e+00 0.000000000000000000e+00 0.000000000000000000e+00 0.000000000000000000e+00 0.000000000000000000e+00 0.000000000000000000e+00 0.000000000000000000e+00 9.333333333333332967e-05 0.000000000000000000e+00 2.533333333333333292e-04 0.000000000000000000e+00 0.000000000000000000e+00 0.000000000000000000e+00 7.466666666666666374e-04 1.066666666666666664e-04 8.800000000000000313e-04 0.000000000000000000e+00 0.000000000000000000e+00 0.000000000000000000e+00 2.799999999999999755e-04 0.000000000000000000e+00 0.000000000000000000e+00 2.546666666666666697e-03 3.640000000000000006e-03 0.000000000000000000e+00 0.000000000000000000e+00 0.000000000000000000e+00 8.000000000000000654e-05 0.000000000000000000e+00 0.000000000000000000e+00 6.666666666666666986e-05
1.520000000000000084e-03 7.200000000000000453e-04 0.000000000000000000e+00 6.666666666666666986e-05 0.000000000000000000e+00 3.466666666666666724e-04 2.915999999999999842e-02 5.960000000000000020e-03 0.000000000000000000e+00 4.266666666666666654e-04 3.200000000000000262e-04 0.000000000000000000e+00 1.333333333333333397e-04 1.338666666666666651e-02 0.000000000000000000e+00 3.466666666666666724e-04 1.235333333333333283e-01 5.866666666666666514e-04 2.613333333333333394e-03 9.333333333333332967e-05 1.273333333333333262e-02 5.066666666666666584e-04 8.949333333333332752e-02 1.386666666666666690e-03 0.000000000000000000e+00 8.912000000000000477e-02 6.309333333333333460e-02 1.305333333333333345e-02 4.186666666666666661e-03 8.693333333333334162e-03 6.666666666666666986e-05 0.000000000000000000e+00 0.000000000000000000e+00 7.626666666666667010e-03 0.000000000000000000e+00 5.866666666666666514e-04 6.973333333333333120e-03 0.000000000000000000e+00 0.000000000000000000e+00 0.000000000000000000e+00 0.000000000000000000e+00 0.000000000000000000e+00 0.000000000000000000e+00 0.000000000000000000e+00 0.000000000000000000e+00 0.000000000000000000e+00 0.000000000000000000e+00 0.000000000000000000e+00 0.000000000000000000e+00 2.799999999999999755e-04 9.960000000000000103e-03 0.000000000000000000e+00 1.093333333333333310e-03 0.000000000000000000e+00 8.000000000000000654e-05 3.866666666666666689e-04 1.773333333333333359e-02 3.733333333333333187e-04 0.000000000000000000e+00 7.600000000000000418e-04 1.907999999999999974e-02 3.733333333333333187e-04 0.000000000000000000e+00 0.000000000000000000e+00 0.000000000000000000e+00 0.000000000000000000e+00 0.000000000000000000e+00 1.093333333333333310e-03
0.000000000000000000e+00 0.000000000000000000e+00 6.666666666666666986e-05 0.000000000000000000e+00 2.799999999999999755e-04 7.626666666666667010e-03 1.373333333333333350e-02 1.306666666666666697e-03 8.519999999999999796e-03 1.327599999999999891e-01 0.000000000000000000e+00 5.293333333333333050e-03 0.000000000000000000e+00 1.479999999999999979e-03 5.066666666666666584e-04 0.000000000000000000e+00 0.000000000000000000e+00 0.000000000000000000e+00 0.000000000000000000e+00 7.942666666666667319e-02 0.000000000000000000e+00 0.000000000000000000e+00 0.000000000000000000e+00 3.754666666666666569e-02 0.000000000000000000e+00 1.333333333333333397e-04 8.000000000000000654e-05 2.028933333333333422e-01 2.959999999999999958e-03 0.000000000000000000e+00 0.000000000000000000e+00 0.000000000000000000e+00 0.000000000000000000e+00 4.666666666666666619e-04 0.000000000000000000e+00 0.000000000000000000e+00 0.000000000000000000e+00 4.893333333333333736e-03 2.266666666666666558e-04 9.200000000000000278e-04 2.000000000000000096e-04 1.133333333333333415e-03 7.466666666666666374e-04 6.186666666666666703e-03 0.000000000000000000e+00 8.000000000000000383e-04 0.000000000000000000e+00 2.400000000000000061e-04 0.000000000000000000e+00 0.000000000000000000e+00 0.000000000000000000e+00 0.000000000000000000e+00 0.000000000000000000e+00 1.866666666666666648e-03 0.000000000000000000e+00 0.000000000000000000e+00 0.000000000000000000e+00 5.599999999999999509e-04 0.000000000000000000e+00 0.000000000000000000e+00 6.666666666666666986e-05 6.266666666666666913e-03 2.133333333333333327e-04 0.000000000000000000e+00 0.000000000000000000e+00 0.000000000000000000e+00 0.000000000000000000e+00 1.733333333333333362e-04
0.000000000000000000e+00 5.199999999999999544e-04 0.000000000000000000e+00 2.799999999999999755e-04 0.000000000000000000e+00 3.333333333333333222e-04 8.800000000000000313e-04 3.866666666666666689e-04 1.466666666666666683e-03 1.253333333333333296e-03 0.000000000000000000e+00 1.733333333333333362e-04 3.733333333333333187e-04 2.266666666666666558e-04 1.578666666666666760e-02 0.000000000000000000e+00 0.000000000000000000e+00 0.000000000000000000e+00 0.000000000000000000e+00 6.533333333333333484e-04 0.000000000000000000e+00 9.733333333333333203e-04 0.000000000000000000e+00 8.666666666666666269e-04 4.400000000000000157e-04 3.866666666666666689e-04 2.253333333333333317e-03 1.133333333333333415e-03 5.466666666666666549e-04 0.000000000000000000e+00 0.000000000000000000e+00 0.000000000000000000e+00 0.000000000000000000e+00 1.466666666666666629e-04 0.000000000000000000e+00 0.000000000000000000e+00 0.000000000000000000e+00 0.000000000000000000e+00 0.000000000000000000e+00 0.000000000000000000e+00 0.000000000000000000e+00 0.000000000000000000e+00 0.000000000000000000e+00 6.666666666666666986e-05 0.000000000000000000e+00 0.000000000000000000e+00 0.000000000000000000e+00 0.000000000000000000e+00 0.000000000000000000e+00 0.000000000000000000e+00 0.000000000000000000e+00 0.000000000000000000e+00 0.000000000000000000e+00 0.000000000000000000e+00 0.000000000000000000e+00 0.000000000000000000e+00 0.000000000000000000e+00 0.000000000000000000e+00 0.000000000000000000e+00 0.000000000000000000e+00 0.000000000000000000e+00 6.666666666666666986e-05 0.000000000000000000e+00 0.000000000000000000e+00 0.000000000000000000e+00 0.000000000000000000e+00 0.000000000000000000e+00 0.000000000000000000e+00
1.200000000000000030e-04 0.000000000000000000e+00 3.466666666666666724e-04 7.626666666666667010e-03 3.333333333333333222e-04 0.000000000000000000e+00 5.286666666666666597e-02 7.757333333333332748e-02 1.573333333333333268e-03 2.419866666666666555e-01 5.866666666666666514e-04 6.970666666666666678e-02 1.306666666666666697e-03 3.399999999999999811e-03 5.946666666666666941e-03 0.000000000000000000e+00 3.866666666666666689e-04 2.000000000000000096e-04 2.266666666666666558e-04 2.881333333333333316e-02 8.000000000000000654e-05 0.000000000000000000e+00 1.293333333333333401e-03 1.413333333333333282e-03 0.000000000000000000e+00 7.333333333333333414e-04 4.000000000000000192e-04 2.218666666666666704e-02 2.426666666666666815e-03 2.400000000000000061e-04 0.000000000000000000e+00 1.940000000000000058e-02 0.000000000000000000e+00 1.573333333333333268e-03 0.000000000000000000e+00 0.000000000000000000e+00 0.000000000000000000e+00 4.800000000000000122e-04 0.000000000000000000e+00 3.066666666666666759e-04 0.000000000000000000e+00 9.333333333333333239e-04 9.333333333333332967e-05 9.466666666666666199e-04 0.000000000000000000e+00 6.666666666666666986e-05 0.000000000000000000e+00 3.333333333333333222e-04 0.000000000000000000e+00 0.000000000000000000e+00 0.000000000000000000e+00 0.000000000000000000e+00 0.000000000000000000e+00 2.666666666666666794e-04 0.000000000000000000e+00 0.000000000000000000e+00 0.000000000000000000e+00 2.933333333333333257e-04 0.000000000000000000e+00 0.000000000000000000e+00 0.000000000000000000e+00 1.680000000000000070e-03 2.666666666666666794e-04 0.000000000000000000e+00 0.000000000000000000e+00 0.000000000000000000e+00 0.000000000000000000e+00 1.600000000000000131e-04
2.282666666666666525e-02 1.466666666666666629e-04 2.915999999999999842e-02 1.373333333333333350e-02 8.800000000000000313e-04 5.286666666666666597e-02 0.000000000000000000e+00 9.887999999999999567e-02 2.560000000000000209e-03 1.818400000000000016e-01 2.799999999999999755e-04 2.133333333333333327e-04 1.600000000000000131e-04 1.564266666666666583e-01 1.413333333333333282e-03 3.066666666666666759e-04 8.666666666666666269e-03 3.333333333333333222e-04 1.240000000000000000e-03 1.106666666666666606e-03 1.858666666666666800e-02 0.000000000000000000e+00 6.940000000000000335e-02 2.900000000000000147e-02 0.000000000000000000e+00 1.041333333333333347e-02 5.013333333333333183e-03 4.119599999999999929e-01 2.226666666666666725e-02 5.665333333333333332e-02 0.000000000000000000e+00 2.933333333333333257e-04 0.000000000000000000e+00 1.959999999999999937e-03 0.000000000000000000e+00 0.000000000000000000e+00 0.000000000000000000e+00 6.133333333333333519e-04 0.000000000000000000e+00 3.200000000000000262e-04 8.000000000000000654e-05 4.000000000000000192e-04 1.200000000000000030e-04 6.933333333333333449e-04 0.000000000000000000e+00 0.000000000000000000e+00 0.000000000000000000e+00 8.000000000000000654e-05 0.000000000000000000e+00 0.000000000000000000e+00 0.000000000000000000e+00 0.000000000000000000e+00 0.000000000000000000e+00 2.533333333333333292e-04 0.000000000000000000e+00 0.000000000000000000e+00 0.000000000000000000e+00 2.133333333333333327e-04 0.000000000000000000e+00 0.000000000000000000e+00 1.200000000000000030e-04 1.133333333333333415e-03 2.000000000000000096e-04 0.000000000000000000e+00 0.000000000000000000e+00 0.000000000000000000e+00 0.000000000000000000e+00 1.200000000000000030e-04
2.933333333333333365e-03 8.000000000000000654e-05 5.960000000000000020e-03 1.306666666666666697e-03 3.866666666666666689e-04 7.757333333333332748e-02 9.887999999999999567e-02 0.000000000000000000e+00 4.559999999999999817e-03 4.001333333333333131e-02 2.773333333333333380e-03 3.573333333333333309e-03 3.439999999999999915e-03 1.206533333333333347e-01 1.080000000000000014e-03 0.000000000000000000e+00 5.400000000000000286e-03 1.160000000000000007e-03 1.733333333333333254e-03 3.213333333333333233e-03 6.666666666666666444e-04 0.000000000000000000e+00 1.278666666666666667e-02 2.973333333333333470e-03 0.000000000000000000e+00 3.893333333333333281e-03 7.866666666666666339e-04 8.466666666666667479e-03 1.268000000000000030e-02 6.946666666666666962e-03 8.000000000000000654e-05 3.672000000000000264e-02 0.000000000000000000e+00 2.880000000000000181e-03 0.000000000000000000e+00 0.000000000000000000e+00 0.000000000000000000e+00 6.666666666666666986e-05 0.000000000000000000e+00 9.333333333333332967e-05 6.666666666666666986e-05 1.319999999999999993e-03 3.333333333333333222e-04 2.933333333333333257e-04 0.000000000000000000e+00 0.000000000000000000e+00 0.000000000000000000e+00 3.866666666666666689e-04 0.000000000000000000e+00 0.000000000000000000e+00 0.000000000000000000e+00 0.000000000000000000e+00 0.000000000000000000e+00 8.000000000000000654e-05 0.000000000000000000e+00 0.000000000000000000e+00 0.000000000000000000e+00 1.226666666666666704e-03 0.000000000000000000e+00 0.000000000000000000e+00 0.000000000000000000e+00 2.599999999999999881e-03 9.600000000000000243e-04 3.066666666666666759e-04 0.000000000000000000e+00 0.000000000000000000e+00 0.000000000000000000e+00 4.133333333333333152e-04
8.000000000000000654e-05 2.746666666666666787e-03 0.000000000000000000e+00 8.519999999999999796e-03 1.466666666666666683e-03 1.573333333333333268e-03 2.560000000000000209e-03 4.559999999999999817e-03 0.000000000000000000e+00 8.546666666666665954e-03 9.333333333333332967e-05 2.133333333333333327e-04 1.973333333333333450e-03 1.600000000000000077e-03 1.413333333333333282e-03 0.000000000000000000e+00 0.000000000000000000e+00 0.000000000000000000e+00 0.000000000000000000e+00 5.199999999999999544e-04 0.000000000000000000e+00 1.118666666666666594e-02 0.000000000000000000e+00 3.738666666666666527e-02 2.520000000000000104e-03 9.200000000000000278e-04 7.666666666666666248e-03 1.525333333333333402e-02 5.293333333333333050e-03 3.466666666666666724e-04 0.000000000000000000e+00 0.000000000000000000e+00 2.266666666666666558e-04 4.266666666666666654e-04 0.000000000000000000e+00 0.000000000000000000e+00 0.000000000000000000e+00 7.333333333333333414e-04 0.000000000000000000e+00 1.333333333333333397e-04 1.066666666666666664e-04 5.333333333333333589e-04 0.000000000000000000e+00 1.786666666666666655e-03 0.000000000000000000e+00 0.000000000000000000e+00 0.000000000000000000e+00 2.933333333333333257e-04 0.000000000000000000e+00 0.000000000000000000e+00 0.000000000000000000e+00 0.000000000000000000e+00 0.000000000000000000e+00 2.000000000000000096e-04 0.000000000000000000e+00 0.000000000000000000e+00 0.000000000000000000e+00 9.866666666666667248e-04 0.000000000000000000e+00 0.000000000000000000e+00 0.000000000000000000e+00 2.360000000000000119e-03 8.533333333333333309e-04 4.533333333333333117e-04 0.000000000000000000e+00 0.000000000000000000e+00 0.000000000000000000e+00 0.000000000000000000e+00
1.466666666666666629e-04 0.000000000000000000e+00 4.266666666666666654e-04 1.327599999999999891e-01 1.253333333333333296e-03 2.419866666666666555e-01 1.818400000000000016e-01 4.001333333333333131e-02 8.546666666666665954e-03 0.000000000000000000e+00 4.800000000000000122e-04 4.073333333333333667e-02 5.866666666666666514e-04 1.470666666666666650e-02 1.146666666666666711e-03 0.000000000000000000e+00 2.266666666666666558e-04 2.133333333333333327e-04 5.333333333333333589e-04 1.186933333333333312e-01 0.000000000000000000e+00 0.000000000000000000e+00 3.333333333333333222e-04 5.519999999999999733e-03 0.000000000000000000e+00 1.066666666666666718e-03 8.000000000000000383e-04 2.726666666666666683e-01 1.755999999999999922e-02 9.333333333333332967e-05 0.000000000000000000e+00 4.533333333333333117e-04 0.000000000000000000e+00 6.413333333333333386e-03 0.000000000000000000e+00 0.000000000000000000e+00 0.000000000000000000e+00 3.453333333333333428e-03 6.666666666666666986e-05 1.799999999999999951e-03 3.866666666666666689e-04 3.279999999999999930e-03 5.333333333333333589e-04 5.799999999999999600e-03 6.666666666666666986e-05 5.066666666666666584e-04 0.000000000000000000e+00 5.999999999999999474e-04 0.000000000000000000e+00 0.000000000000000000e+00 0.000000000000000000e+00 9.333333333333332967e-05 0.000000000000000000e+00 1.360000000000000098e-03 0.000000000000000000e+00 0.000000000000000000e+00 0.000000000000000000e+00 9.066666666666666234e-04 0.000000000000000000e+00 0.000000000000000000e+00 9.333333333333332967e-05 8.053333333333332483e-03 9.466666666666666199e-04 0.000000000000000000e+00 0.000000000000000000e+00 8.000000000000000654e-05 0.000000000000000000e+00 7.066666666666666409e-04
1.200000000000000030e-04 0.000000000000000000e+00 3.200000000000000262e-04 0.000000000000000000e+00 0.000000000000000000e+00 5.866666666666666514e-04 2.799999999999999755e-04 2.773333333333333380e-03 9.333333333333332967e-05 4.800000000000000122e-04 0.000000000000000000e+00 5.199999999999999544e-04 1.578666666666666760e-02 3.893333333333333281e-03 0.000000000000000000e+00 0.000000000000000000e+00 3.346666666666666626e-03 6.736000000000000321e-02 1.514666666666666592e-02 1.866666666666666593e-04 0.000000000000000000e+00 0.000000000000000000e+00 2.266666666666666558e-04 1.600000000000000131e-04 2.613333333333333394e-03 6.044000000000000067e-02 8.573333333333333847e-03 1.466666666666666629e-04 6.839999999999999726e-03 3.333333333333333222e-04 3.653333333333333519e-03 5.879999999999999810e-03 0.000000000000000000e+00 2.501333333333333186e-02 0.000000000000000000e+00 0.000000000000000000e+00 0.000000000000000000e+00 0.000000000000000000e+00 0.000000000000000000e+00 0.000000000000000000e+00 0.000000000000000000e+00 1.466666666666666629e-04 0.000000000000000000e+00 0.000000000000000000e+00 1.306666666666666697e-03 0.000000000000000000e+00 8.226666666666666849e-03 2.133333333333333327e-04 0.000000000000000000e+00 0.000000000000000000e+00 0.000000000000000000e+00 8.000000000000000654e-05 8.000000000000000654e-05 0.000000000000000000e+00 0.000000000000000000e+00 0.000000000000000000e+00 0.000000000000000000e+00 0.000000000000000000e+00 0.000000000000000000e+00 1.066666666666666718e-03 8.666666666666666269e-04 8.000000000000000654e-05 3.333333333333333222e-04 0.000000000000000000e+00 1.066666666666666718e-03 5.199999999999999544e-04 0.000000000000000000e+00 5.466666666666666549e-04
0.000000000000000000e+00 0.000000000000000000e+00 0.000000000000000000e+00 5.293333333333333050e-03 1.733333333333333362e-04 6.970666666666666678e-02 2.133333333333333327e-04 3.573333333333333309e-03 2.133333333333333327e-04 4.073333333333333667e-02 5.199999999999999544e-04 0.000000000000000000e+00 4.533333333333333117e-04 3.720000000000000216e-03 0.000000000000000000e+00 0.000000000000000000e+00 0.000000000000000000e+00 1.733333333333333362e-04 2.133333333333333327e-04 3.527999999999999886e-02 0.000000000000000000e+00 0.000000000000000000e+00 0.000000000000000000e+00 1.066666666666666664e-04 0.000000000000000000e+00 5.333333333333333589e-04 4.266666666666666654e-04 1.769333333333333175e-02 2.386666666666666711e-03 0.000000000000000000e+00 0.000000000000000000e+00 3.733333333333333187e-04 0.000000000000000000e+00 1.240000000000000000e-03 0.000000000000000000e+00 0.000000000000000000e+00 0.000000000000000000e+00 4.800000000000000122e-04 0.000000000000000000e+00 1.066666666666666664e-04 0.000000000000000000e+00 1.733333333333333362e-04 0.000000000000000000e+00 8.000000000000000383e-04 0.000000000000000000e+00 2.933333333333333257e-04 0.000000000000000000e+00 1.066666666666666664e-04 0.000000000000000000e+00 0.000000000000000000e+00 0.000000000000000000e+00 0.000000000000000000e+00 0.000000000000000000e+00 1.733333333333333362e-04 0.000000000000000000e+00 0.000000000000000000e+00 0.000000000000000000e+00 9.333333333333332967e-05 0.000000000000000000e+00 0.000000000000000000e+00 0.000000000000000000e+00 7.733333333333333379e-04 0.000000000000000000e+00 0.000000000000000000e+00 0.000000000000000000e+00 0.000000000000000000e+00 0.000000000000000000e+00 0.000000000000000000e+00
1.333333333333333397e-04 5.239999999999999866e-03 1.333333333333333397e-04 0.000000000000000000e+00 3.733333333333333187e-04 1.306666666666666697e-03 1.600000000000000131e-04 3.439999999999999915e-03 1.973333333333333450e-03 5.866666666666666514e-04 1.578666666666666760e-02 4.533333333333333117e-04 0.000000000000000000e+00 1.479999999999999979e-03 1.200000000000000030e-04 0.000000000000000000e+00 9.333333333333332967e-05 1.066666666666666664e-04 1.200000000000000030e-04 2.266666666666666558e-04 0.000000000000000000e+00 2.480000000000000000e-03 6.666666666666666986e-05 2.160000000000000028e-03 4.426666666666666944e-02 5.733333333333333337e-03 4.313333333333333602e-02 1.600000000000000131e-04 2.813333333333333484e-03 0.000000000000000000e+00 1.115999999999999978e-02 5.733333333333333337e-03 0.000000000000000000e+00 7.146666666666666619e-03 0.000000000000000000e+00 0.000000000000000000e+00 0.000000000000000000e+00 8.000000000000000654e-05 0.000000000000000000e+00 0.000000000000000000e+00 0.000000000000000000e+00 3.733333333333333187e-04 0.000000000000000000e+00 6.666666666666666986e-05 3.773333333333333400e-03 6.666666666666666986e-05 1.570666666666666739e-02 4.133333333333333152e-04 0.000000000000000000e+00 0.000000000000000000e+00 0.000000000000000000e+00 1.333333333333333397e-04 0.000000000000000000e+00 0.000000000000000000e+00 0.000000000000000000e+00 0.000000000000000000e+00 0.000000000000000000e+00 0.000000000000000000e+00 1.600000000000000131e-04 2.533333333333333184e-03 1.506666666666666571e-03 1.733333333333333362e-04 1.013333333333333317e-03 0.000000000000000000e+00 2.560000000000000209e-03 1.053333333333333422e-03 0.000000000000000000e+00 1.319999999999999993e-03
8.893333333333333646e-02 1.333333333333333397e-04 1.338666666666666651e-02 1.479999999999999979e-03 2.266666666666666558e-04 3.399999999999999811e-03 1.564266666666666583e-01 1.206533333333333347e-01 1.600000000000000077e-03 1.470666666666666650e-02 3.893333333333333281e-03 3.720000000000000216e-03 1.479999999999999979e-03 0.000000000000000000e+00 2.666666666666666794e-04 0.000000000000000000e+00 1.406666666666666655e-02 2.106666666666666844e-03 5.146666666666666577e-03 3.360000000000000139e-03 1.680000000000000070e-03 0.000000000000000000e+00 2.741333333333333469e-02 3.533333333333333205e-03 6.666666666666666986e-05 7.159999999999999698e-03 2.000000000000000042e-03 1.070666666666666642e-02 1.051466666666666661e-01 3.182666666666666977e-02 1.066666666666666664e-04 1.522666666666666613e-02 0.000000000000000000e+00 3.786666666666666480e-03 0.000000000000000000e+00 0.000000000000000000e+00 0.000000000000000000e+00 0.000000000000000000e+00 0.000000000000000000e+00 0.000000000000000000e+00 0.000000000000000000e+00 3.200000000000000262e-04 1.200000000000000030e-04 9.333333333333332967e-05 0.000000000000000000e+00 0.000000000000000000e+00 0.000000000000000000e+00 1.200000000000000030e-04 0.000000000000000000e+00 0.000000000000000000e+00 0.000000000000000000e+00 0.000000000000000000e+00 0.000000000000000000e+00 0.000000000000000000e+00 1.066666666666666664e-04 0.000000000000000000e+00 0.000000000000000000e+00 3.200000000000000262e-04 0.000000000000000000e+00 0.000000000000000000e+00 0.000000000000000000e+00 9.866666666666667248e-04 4.533333333333333117e-04 1.466666666666666629e-04 0.000000000000000000e+00 9.333333333333332967e-05 0.000000000000000000e+00 1.600000000000000131e-04
0.000000000000000000e+00 1.333333333333333397e-04 0.000000000000000000e+00 5.066666666666666584e-04 1.578666666666666760e-02 5.946666666666666941e-03 1.413333333333333282e-03 1.080000000000000014e-03 1.413333333333333282e-03 1.146666666666666711e-03 0.000000000000000000e+00 0.000000000000000000e+00 1.200000000000000030e-04 2.666666666666666794e-04 0.000000000000000000e+00 0.000000000000000000e+00 0.000000000000000000e+00 0.000000000000000000e+00 0.000000000000000000e+00 1.466666666666666629e-04 0.000000000000000000e+00 4.933333333333333624e-04 0.000000000000000000e+00 7.200000000000000453e-04 1.733333333333333362e-04 1.466666666666666629e-04 7.200000000000000453e-04 1.533333333333333380e-03 8.533333333333333309e-04 0.000000000000000000e+00 0.000000000000000000e+00 1.733333333333333362e-04 0.000000000000000000e+00 1.200000000000000030e-04 0.000000000000000000e+00 0.000000000000000000e+00 0.000000000000000000e+00 1.066666666666666664e-04 0.000000000000000000e+00 0.000000000000000000e+00 0.000000000000000000e+00 0.000000000000000000e+00 0.000000000000000000e+00 1.466666666666666629e-04 0.000000000000000000e+00 0.000000000000000000e+00 0.000000000000000000e+00 0.000000000000000000e+00 0.000000000000000000e+00 0.000000000000000000e+00 0.000000000000000000e+00 0.000000000000000000e+00 0.000000000000000000e+00 0.000000000000000000e+00 0.000000000000000000e+00 0.000000000000000000e+00 0.000000000000000000e+00 0.000000000000000000e+00 0.000000000000000000e+00 0.000000000000000000e+00 0.000000000000000000e+00 1.066666666666666664e-04 0.000000000000000000e+00 0.000000000000000000e+00 0.000000000000000000e+00 0.000000000000000000e+00 0.000000000000000000e+00 0.000000000000000000e+00
0.000000000000000000e+00 2.666666666666666794e-04 3.466666666666666724e-04 0.000000000000000000e+00 0.000000000000000000e+00 0.000000000000000000e+00 3.066666666666666759e-04 0.000000000000000000e+00 0.000000000000000000e+00 0.000000000000000000e+00 0.000000000000000000e+00 0.000000000000000000e+00 0.000000000000000000e+00 0.000000000000000000e+00 0.000000000000000000e+00 0.000000000000000000e+00 1.733333333333333362e-04 0.000000000000000000e+00 0.000000000000000000e+00 0.000000000000000000e+00 6.502666666666666317e-02 3.614666666666666722e-02 2.354933333333333323e-01 1.873333333333333448e-02 0.000000000000000000e+00 5.066666666666666584e-04 1.889333333333333489e-02 1.545333333333333281e-02 9.333333333333332967e-05 6.000000000000000125e-03 0.000000000000000000e+00 0.000000000000000000e+00 0.000000000000000000e+00 4.000000000000000192e-04 0.000000000000000000e+00 0.000000000000000000e+00 6.666666666666666986e-05 0.000000000000000000e+00 0.000000000000000000e+00 0.000000000000000000e+00 0.000000000000000000e+00 0.000000000000000000e+00 0.000000000000000000e+00 0.000000000000000000e+00 0.000000000000000000e+00 0.000000000000000000e+00 0.000000000000000000e+00 0.000000000000000000e+00 0.000000000000000000e+00 2.220000000000000098e-02 1.200000000000000030e-04 0.000000000000000000e+00 0.000000000000000000e+00 0.000000000000000000e+00 6.599999999999999964e-03 6.133333333333333519e-03 1.595999999999999849e-02 2.666666666666666794e-04 0.000000000000000000e+00 6.666666666666666986e-05 1.360000000000000098e-03 3.066666666666666759e-04 1.200000000000000030e-04 2.066666666666666739e-03 0.000000000000000000e+00 0.000000000000000000e+00 0.000000000000000000e+00 8.000000000000000654e-05
2.586666666666666801e-03 5.373333333333333260e-03 1.235333333333333283e-01 0.000000000000000000e+00 0.000000000000000000e+00 3.866666666666666689e-04 8.666666666666666269e-03 5.400000000000000286e-03 0.000000000000000000e+00 2.266666666666666558e-04 3.346666666666666626e-03 0.000000000000000000e+00 9.333333333333332967e-05 1.406666666666666655e-02 0.000000000000000000e+00 1.733333333333333362e-04 0.000000000000000000e+00 9.373333333333332476e-03 4.905333333333333073e-02 0.000000000000000000e+00 7.653333333333333169e-03 4.133333333333333152e-04 5.517333333333333117e-02 1.000000000000000021e-03 1.066666666666666664e-04 4.315999999999999698e-02 5.910666666666666846e-02 2.146666666666666515e-03 1.794666666666666632e-02 4.422666666666666413e-02 0.000000000000000000e+00 8.000000000000000654e-05 2.000000000000000096e-04 7.879999999999999852e-03 0.000000000000000000e+00 7.466666666666666374e-04 1.546666666666666676e-03 0.000000000000000000e+00 0.000000000000000000e+00 0.000000000000000000e+00 0.000000000000000000e+00 0.000000000000000000e+00 0.000000000000000000e+00 0.000000000000000000e+00 0.000000000000000000e+00 0.000000000000000000e+00 0.000000000000000000e+00 0.000000000000000000e+00 0.000000000000000000e+00 1.066666666666666664e-04 3.066666666666666759e-03 0.000000000000000000e+00 1.373333333333333394e-03 0.000000000000000000e+00 0.000000000000000000e+00 8.000000000000000654e-05 1.186666666666666599e-03 3.333333333333333222e-04 0.000000000000000000e+00 3.186666666666666640e-03 6.866666666666666752e-03 1.733333333333333362e-04 0.000000000000000000e+00 0.000000000000000000e+00 0.000000000000000000e+00 0.000000000000000000e+00 0.000000000000000000e+00 1.333333333333333397e-04
2.933333333333333257e-04 1.200000000000000030e-04 5.866666666666666514e-04 0.000000000000000000e+00 0.000000000000000000e+00 2.000000000000000096e-04 3.333333333333333222e-04 1.160000000000000007e-03 0.000000000000000000e+00 2.133333333333333327e-04 6.736000000000000321e-02 1.733333333333333362e-04 1.066666666666666664e-04 2.106666666666666844e-03 0.000000000000000000e+00 0.000000000000000000e+00 9.373333333333332476e-03 0.000000000000000000e+00 2.682666666666666533e-02 1.200000000000000030e-04 0.000000000000000000e+00 0.000000000000000000e+00 7.200000000000000453e-04 0.000000000000000000e+00 3.200000000000000262e-04 1.702666666666666564e-02 3.413333333333333323e-03 1.066666666666666664e-04 3.693333333333333190e-03 2.119999999999999923e-03 8.000000000000000654e-05 4.266666666666666654e-04 9.333333333333332967e-05 3.426666666666666836e-03 0.000000000000000000e+00 1.066666666666666664e-04 0.000000000000000000e+00 0.000000000000000000e+00 0.000000000000000000e+00 0.000000000000000000e+00 0.000000000000000000e+00 0.000000000000000000e+00 0.000000000000000000e+00 0.000000000000000000e+00 1.200000000000000030e-04 0.000000000000000000e+00 2.400000000000000061e-04 0.000000000000000000e+00 0.000000000000000000e+00 0.000000000000000000e+00 0.000000000000000000e+00 2.799999999999999755e-04 0.000000000000000000e+00 0.000000000000000000e+00 0.000000000000000000e+00 0.000000000000000000e+00 0.000000000000000000e+00 0.000000000000000000e+00 9.333333333333332967e-05 1.879999999999999944e-03 1.146666666666666711e-03 0.000000000000000000e+00 0.000000000000000000e+00 0.000000000000000000e+00 3.733333333333333187e-04 0.000000000000000000e+00 0.000000000000000000e+00 0.000000000000000000e+00
5.866666666666666514e-04 8.226666666666666849e-03 2.613333333333333394e-03 0.000000000000000000e+00 0.000000000000000000e+00 2.266666666666666558e-04 1.240000000000000000e-03 1.733333333333333254e-03 0.000000000000000000e+00 5.333333333333333589e-04 1.514666666666666592e-02 2.133333333333333327e-04 1.200000000000000030e-04 5.146666666666666577e-03 0.000000000000000000e+00 0.000000000000000000e+00 4.905333333333333073e-02 2.682666666666666533e-02 0.000000000000000000e+00 2.799999999999999755e-04 1.066666666666666664e-04 0.000000000000000000e+00 1.559999999999999972e-03 2.799999999999999755e-04 2.746666666666666787e-03 4.933333333333333320e-02 1.930666666666666642e-02 2.666666666666666794e-04 7.640000000000000090e-03 5.199999999999999761e-03 0.000000000000000000e+00 5.466666666666666549e-04 9.333333333333332967e-05 3.234666666666666940e-02 0.000000000000000000e+00 2.320000000000000014e-03 2.666666666666666794e-04 0.000000000000000000e+00 0.000000000000000000e+00 0.000000000000000000e+00 0.000000000000000000e+00 0.000000000000000000e+00 0.000000000000000000e+00 0.000000000000000000e+00 0.000000000000000000e+00 0.000000000000000000e+00 1.333333333333333397e-04 0.000000000000000000e+00 0.000000000000000000e+00 0.000000000000000000e+00 6.533333333333333484e-04 5.466666666666666549e-04 2.133333333333333436e-03 0.000000000000000000e+00 0.000000000000000000e+00 0.000000000000000000e+00 0.000000000000000000e+00 1.866666666666666593e-04 0.000000000000000000e+00 1.134666666666666636e-02 8.933333333333333057e-03 0.000000000000000000e+00 0.000000000000000000e+00 0.000000000000000000e+00 8.000000000000000654e-05 0.000000000000000000e+00 0.000000000000000000e+00 8.000000000000000654e-05
0.000000000000000000e+00 0.000000000000000000e+00 9.333333333333332967e-05 7.942666666666667319e-02 6.533333333333333484e-04 2.881333333333333316e-02 1.106666666666666606e-03 3.213333333333333233e-03 5.199999999999999544e-04 1.186933333333333312e-01 1.866666666666666593e-04 3.527999999999999886e-02 2.266666666666666558e-04 3.360000000000000139e-03 1.466666666666666629e-04 0.000000000000000000e+00 0.000000000000000000e+00 1.200000000000000030e-04 2.799999999999999755e-04 0.000000000000000000e+00 0.000000000000000000e+00 0.000000000000000000e+00 0.000000000000000000e+00 7.733333333333333379e-04 0.000000000000000000e+00 2.666666666666666794e-04 1.466666666666666629e-04 5.821333333333333221e-02 2.279999999999999909e-03 0.000000000000000000e+00 0.000000000000000000e+00 1.866666666666666593e-04 0.000000000000000000e+00 8.800000000000000313e-04 0.000000000000000000e+00 0.000000000000000000e+00 0.000000000000000000e+00 1.706666666666666662e-03 1.333333333333333397e-04 4.933333333333333624e-04 1.866666666666666593e-04 5.466666666666666549e-04 0.000000000000000000e+00 3.013333333333333142e-03 0.000000000000000000e+00 6.266666666666666479e-04 0.000000000000000000e+00 9.333333333333332967e-05 0.000000000000000000e+00 0.000000000000000000e+00 0.000000000000000000e+00 0.000000000000000000e+00 0.000000000000000000e+00 8.400000000000000348e-04 0.000000000000000000e+00 0.000000000000000000e+00 0.000000000000000000e+00 2.000000000000000096e-04 0.000000000000000000e+00 0.000000000000000000e+00 0.000000000000000000e+00 2.840000000000000076e-03 1.866666666666666593e-04 0.000000000000000000e+00 0.000000000000000000e+00 0.000000000000000000e+00 0.000000000000000000e+00 0.000000000000000000e+00
2.266666666666666558e-04 0.000000000000000000e+00 1.273333333333333262e-02 0.000000000000000000e+00 0.000000000000000000e+00 8.000000000000000654e-05 1.858666666666666800e-02 6.666666666666666444e-04 0.000000000000000000e+00 0.000000000000000000e+00 0.000000000000000000e+00 0.000000000000000000e+00 0.000000000000000000e+00 1.680000000000000070e-03 0.000000000000000000e+00 6.502666666666666317e-02 7.653333333333333169e-03 0.000000000000000000e+00 1.066666666666666664e-04 0.000000000000000000e+00 0.000000000000000000e+00 1.760000000000000063e-03 2.350266666666666615e-01 2.639999999999999986e-03 0.000000000000000000e+00 1.093333333333333310e-03 2.840000000000000076e-03 3.767999999999999822e-02 1.626666666666666669e-03 1.014000000000000040e-01 0.000000000000000000e+00 0.000000000000000000e+00 0.000000000000000000e+00 1.477333333333333276e-02 0.000000000000000000e+00 0.000000000000000000e+00 0.000000000000000000e+00 0.000000000000000000e+00 0.000000000000000000e+00 0.000000000000000000e+00 0.000000000000000000e+00 0.000000000000000000e+00 0.000000000000000000e+00 0.000000000000000000e+00 0.000000000000000000e+00 0.000000000000000000e+00 0.000000000000000000e+00 0.000000000000000000e+00 0.000000000000000000e+00 2.573333333333333289e-03 0.000000000000000000e+00 0.000000000000000000e+00 0.000000000000000000e+00 0.000000000000000000e+00 4.453333333333333449e-03 4.666666666666666619e-04 1.266666666666666592e-03 4.933333333333333624e-04 0.000000000000000000e+00 0.000000000000000000e+00 6.666666666666666986e-05 8.133333333333333344e-04 6.400000000000000524e-04 3.266666666666666850e-03 0.000000000000000000e+00 0.000000000000000000e+00 0.000000000000000000e+00 1.733333333333333362e-04
0.000000000000000000e+00 4.373333333333333239e-03 5.066666666666666584e-04 0.000000000000000000e+00 9.733333333333333203e-04 0.000000000000000000e+00 0.000000000000000000e+00 0.000000000000000000e+00 1.118666666666666594e-02 0.000000000000000000e+00 0.000000000000000000e+00 0.000000000000000000e+00 2.480000000000000000e-03 0.000000000000000000e+00 4.933333333333333624e-04 3.614666666666666722e-02 4.133333333333333152e-04 0.000000000000000000e+00 0.000000000000000000e+00 0.000000000000000000e+00 1.760000000000000063e-03 0.000000000000000000e+00 8.466666666666667479e-03 2.121333333333333404e-02 3.946666666666666899e-03 1.266666666666666592e-03 2.528000000000000039e-02 4.666666666666667053e-03 4.666666666666666619e-04 2.466666666666666487e-03 0.000000000000000000e+00 0.000000000000000000e+00 0.000000000000000000e+00 1.066666666666666664e-04 0.000000000000000000e+00 0.000000000000000000e+00 0.000000000000000000e+00 8.000000000000000654e-05 0.000000000000000000e+00 0.000000000000000000e+00 0.000000000000000000e+00 0.000000000000000000e+00 0.000000000000000000e+00 0.000000000000000000e+00 0.000000000000000000e+00 0.000000000000000000e+00 0.000000000000000000e+00 0.000000000000000000e+00 0.000000000000000000e+00 1.799999999999999951e-03 0.000000000000000000e+00 0.000000000000000000e+00 0.000000000000000000e+00 0.000000000000000000e+00 1.106666666666666606e-03 0.000000000000000000e+00 8.400000000000000348e-04 2.400000000000000061e-04 0.000000000000000000e+00 0.000000000000000000e+00 1.200000000000000030e-04 1.866666666666666593e-04 1.600000000000000131e-04 7.600000000000000418e-04 0.000000000000000000e+00 0.000000000000000000e+00 0.000000000000000000e+00 0.000000000000000000e+00
3.186666666666666640e-03 0.000000000000000000e+00 8.949333333333332752e-02 0.000000000000000000e+00 0.000000000000000000e+00 1.293333333333333401e-03 6.940000000000000335e-02 1.278666666666666667e-02 0.000000000000000000e+00 3.333333333333333222e-04 2.266666666666666558e-04 0.000000000000000000e+00 6.666666666666666986e-05 2.741333333333333469e-02 0.000000000000000000e+00 2.354933333333333323e-01 5.517333333333333117e-02 7.200000000000000453e-04 1.559999999999999972e-03 0.000000000000000000e+00 2.350266666666666615e-01 8.466666666666667479e-03 0.000000000000000000e+00 5.413333333333333365e-03 0.000000000000000000e+00 1.422666666666666697e-02 1.513599999999999945e-01 7.114666666666666361e-02 6.733333333333333358e-03 8.350666666666667348e-02 0.000000000000000000e+00 0.000000000000000000e+00 0.000000000000000000e+00 2.613333333333333480e-02 0.000000000000000000e+00 9.333333333333332967e-05 6.573333333333332938e-03 0.000000000000000000e+00 0.000000000000000000e+00 0.000000000000000000e+00 0.000000000000000000e+00 0.000000000000000000e+00 0.000000000000000000e+00 0.000000000000000000e+00 0.000000000000000000e+00 0.000000000000000000e+00 0.000000000000000000e+00 0.000000000000000000e+00 0.000000000000000000e+00 1.608000000000000054e-02 1.920000000000000049e-03 0.000000000000000000e+00 1.866666666666666593e-04 0.000000000000000000e+00 2.079999999999999818e-03 2.386666666666666711e-03 4.667999999999999927e-02 1.333333333333333397e-04 0.000000000000000000e+00 1.600000000000000131e-04 2.210666666666666683e-02 1.733333333333333362e-04 0.000000000000000000e+00 2.000000000000000096e-04 0.000000000000000000e+00 0.000000000000000000e+00 0.000000000000000000e+00 4.400000000000000157e-04
