0.000000 0.000000 109.938422 95.883017 0.000000 0.000000 22.151424 73.929071 76.687175 99.578787 116.235496 0.000000 0.000000 19.896131 113.391436 0.000000 107.119315 133.787269 125.828420 112.225669 75.232849 83.255105 91.496307 94.969389 0.000000 128.697672 142.338239 94.164374 27.352412 42.671200 0.000000 0.000000 0.000000 77.677233 0.000000 0.000000 0.000000 0.000000 0.000000 0.000000 0.000000 171.931656 96.463865 0.000000 0.000000 0.000000 0.000000 182.000725 0.000000 0.000000 0.000000 0.000000 0.000000 0.000000 0.000000 0.000000 0.000000 136.546845 0.000000 0.000000 0.000000 146.309602 173.425586 0.000000 0.000000 0.000000 0.000000 0.000000
0.000000 0.000000 41.958217 0.000000 139.405921 0.000000 0.000000 0.000000 68.172523 0.000000 70.445299 0.000000 50.010128 120.378841 126.126229 0.000000 55.089363 0.000000 62.014584 0.000000 0.000000 25.593310 52.996111 83.962637 28.343760 42.991653 34.392669 0.000000 104.990371 0.000000 56.652994 131.555593 0.000000 73.305173 0.000000 0.000000 51.809095 0.000000 0.000000 0.000000 0.000000 0.000000 0.000000 0.000000 95.688893 0.000000 98.644104 0.000000 0.000000 0.000000 62.161681 0.000000 0.000000 0.000000 0.000000 0.000000 63.009758 0.000000 0.000000 70.187907 48.240814 0.000000 0.000000 0.000000 113.715596 0.000000 0.000000 0.000000
109.938422 41.958217 0.000000 117.477522 0.000000 129.320872 104.487530 115.922179 0.000000 118.995649 89.688033 0.000000 0.000000 123.329949 0.000000 85.181679 51.390034 0.000000 65.567129 0.000000 71.361036 0.000000 35.009527 97.619006 0.000000 34.285254 35.905432 101.639756 153.339793 112.280608 0.000000 0.000000 0.000000 53.155785 0.000000 51.006573 94.546128 0.000000 0.000000 0.000000 0.000000 0.000000 0.000000 0.000000 0.000000 0.000000 0.000000 0.000000 0.000000 0.000000 97.238598 0.000000 115.541336 0.000000 128.172718 0.000000 104.301822 164.870819 0.000000 96.080480 89.550572 0.000000 0.000000 0.000000 0.000000 0.000000 0.000000 0.000000
95.883017 0.000000 117.477522 0.000000 0.000000 72.487683 49.435557 100.011374 62.191477 28.299127 174.071588 41.449662 139.541807 109.172179 76.938191 0.000000 0.000000 0.000000 182.140662 22.430881 0.000000 67.859189 0.000000 25.208590 0.000000 147.835418 144.504405 25.520976 113.414383 111.996033 0.000000 138.222983 0.000000 111.627652 0.000000 0.000000 0.000000 69.330484 0.000000 160.685803 169.155423 169.202065 95.260517 161.855807 0.000000 153.598596 0.000000 180.831645 0.000000 0.000000 0.000000 0.000000 0.000000 107.268415 0.000000 0.000000 0.000000 138.986117 0.000000 0.000000 0.000000 160.171841 189.740719 0.000000 0.000000 0.000000 0.000000 0.000000
0.000000 139.405921 0.000000 0.000000 0.000000 19.541006 0.000000 115.909827 63.514943 109.756533 123.074886 103.379571 56.681993 150.882040 19.868069 0.000000 0.000000 0.000000 0.000000 0.000000 0.000000 103.224624 0.000000 105.166794 189.611494 180.095138 174.694786 117.549139 151.535009 0.000000 146.548649 30.321032 0.000000 16.899357 0.000000 0.000000 0.000000 0.000000 0.000000 0.000000 0.000000 0.000000 0.000000 0.000000 0.000000 0.000000 0.000000 0.000000 0.000000 0.000000 0.000000 0.000000 0.000000 0.000000 0.000000 0.000000 0.000000 0.000000 0.000000 0.000000 0.000000 0.000000 0.000000 0.000000 0.000000 0.000000 0.000000 0.000000
0.000000 0.000000 129.320872 72.487683 19.541006 0.000000 53.398153 28.963544 70.634991 42.367182 125.036930 54.742859 77.506072 65.850286 22.801216 0.000000 154.530587 150.749146 123.619826 65.295654 0.000000 105.457530 125.558374 84.240976 0.000000 156.487749 170.669847 70.570289 90.616849 115.095774 137.723528 35.725346 0.000000 74.190358 0.000000 0.000000 0.000000 156.845464 0.000000 155.121048 0.000000 164.986871 0.000000 158.359466 0.000000 139.928843 0.000000 183.800302 0.000000 0.000000 0.000000 0.000000 0.000000 102.180764 0.000000 0.000000 0.000000 140.237963 0.000000 0.000000 0.000000 157.983169 183.310427 0.000000 0.000000 0.000000 0.000000 0.000000
22.151424 0.000000 104.487530 49.435557 0.000000 53.398153 0.000000 61.548237 97.830827 37.704309 139.004067 97.745255 122.263820 45.942200 0.000000 73.222203 105.464765 141.547333 129.024596 77.432410 80.843678 0.000000 93.671727 52.609323 0.000000 133.893187 131.953834 45.347766 79.252285 36.379480 0.000000 118.605546 69.863143 94.319527 0.000000 0.000000 0.000000 0.000000 0.000000 0.000000 0.000000 0.000000 0.000000 167.115977 0.000000 0.000000 0.000000 0.000000 0.000000 0.000000 0.000000 0.000000 0.000000 0.000000 0.000000 0.000000 183.739511 159.343762 0.000000 207.204453 0.000000 169.364371 190.878476 0.000000 0.000000 0.000000 0.000000 0.000000
73.929071 0.000000 115.922179 100.011374 115.909827 28.963544 61.548237 0.000000 77.885914 57.042671 103.836273 93.118236 61.361932 23.634559 64.397351 0.000000 128.662833 133.548296 138.336810 94.147570 100.339619 0.000000 108.391955 84.583489 0.000000 140.220180 143.782416 93.332684 64.261276 72.387559 115.860413 32.979074 0.000000 62.396664 0.000000 0.000000 165.219325 157.092313 0.000000 0.000000 0.000000 162.408089 92.257116 160.494407 0.000000 0.000000 0.000000 201.627859 0.000000 0.000000 0.000000 0.000000 0.000000 96.534654 0.000000 0.000000 0.000000 132.884154 0.000000 0.000000 0.000000 147.904095 183.262585 0.000000 0.000000 0.000000 0.000000 0.000000
76.687175 68.172523 0.000000 62.191477 63.514943 70.634991 97.830827 77.885914 0.000000 63.320337 142.893172 37.004801 118.605032 88.071060 49.979918 0.000000 0.000000 0.000000 150.853475 51.258841 0.000000 24.360997 0.000000 37.186328 106.473802 129.591808 117.856372 63.634803 84.579011 60.191861 157.459366 94.971519 0.000000 111.835199 79.641248 0.000000 0.000000 81.219213 0.000000 0.000000 0.000000 94.201752 13.115412 90.712240 169.377129 0.000000 0.000000 107.366583 0.000000 0.000000 0.000000 0.000000 0.000000 79.012526 0.000000 0.000000 0.000000 61.224589 0.000000 0.000000 189.439891 76.846818 101.020127 83.160915 0.000000 0.000000 0.000000 0.000000
99.578787 0.000000 118.995649 28.299127 109.756533 42.367182 37.704309 57.042671 63.320337 0.000000 156.636491 37.181949 121.935569 71.134879 85.477901 0.000000 128.634396 167.341665 147.386076 25.622563 86.121950 103.358981 105.700369 55.357792 167.209741 149.335017 170.701953 39.979127 112.345685 78.620124 170.446355 112.649350 0.000000 107.594955 0.000000 0.000000 168.363232 160.359216 0.000000 160.783499 175.788523 170.463788 88.781588 162.615059 0.000000 146.097878 0.000000 187.178028 0.000000 0.000000 0.000000 0.000000 0.000000 154.200550 0.000000 0.000000 0.000000 134.713326 0.000000 210.606506 177.002982 158.287294 181.232522 0.000000 0.000000 0.000000 0.000000 179.376957
116.235496 70.445299 89.688033 174.071588 123.074886 125.036930 139.004067 103.836273 142.893172 156.636491 0.000000 155.669793 31.192774 90.851912 184.013687 0.000000 47.365841 20.639914 20.388950 163.625558 0.000000 100.278497 121.405813 157.767979 36.978499 25.428853 56.293412 163.894999 74.211485 124.658914 38.367903 68.650802 0.000000 24.855441 0.000000 123.362710 0.000000 0.000000 0.000000 0.000000 0.000000 173.220933 0.000000 0.000000 73.859585 0.000000 71.973125 159.152459 0.000000 0.000000 0.000000 90.062546 101.613447 0.000000 0.000000 0.000000 0.000000 210.554891 47.476339 88.056775 97.060667 221.068190 116.658434 0.000000 88.000612 101.735349 0.000000 80.803472
0.000000 0.000000 0.000000 41.449662 103.379571 54.742859 97.745255 93.118236 37.004801 37.181949 155.669793 0.000000 128.338570 110.929992 80.409959 0.000000 0.000000 171.000274 166.283645 14.226157 0.000000 0.000000 0.000000 56.864268 0.000000 177.314318 183.865957 47.515170 117.369588 0.000000 173.468593 119.482832 0.000000 113.273918 0.000000 0.000000 0.000000 155.870244 0.000000 145.551840 0.000000 168.537910 90.612358 158.784710 0.000000 143.476902 0.000000 189.741597 121.791054 0.000000 0.000000 0.000000 0.000000 104.441331 0.000000 0.000000 0.000000 152.855920 0.000000 0.000000 0.000000 162.748613 192.990056 0.000000 0.000000 0.000000 0.000000 0.000000
0.000000 50.010128 0.000000 139.541807 56.681993 77.506072 122.263820 61.361932 118.605032 121.935569 31.192774 128.338570 0.000000 65.622369 126.870219 0.000000 0.000000 65.773732 0.000000 131.164213 0.000000 85.806173 0.000000 138.561942 16.869385 23.079660 29.557482 145.760819 53.927022 0.000000 18.634812 48.922272 0.000000 27.353847 0.000000 84.418643 0.000000 0.000000 0.000000 0.000000 0.000000 155.539726 0.000000 0.000000 69.764351 0.000000 69.881691 133.284772 0.000000 0.000000 0.000000 90.427725 0.000000 0.000000 0.000000 0.000000 0.000000 177.343697 41.355496 86.028173 98.083910 174.864819 126.613518 0.000000 84.446336 106.797677 0.000000 78.433988
19.896131 120.378841 123.329949 109.172179 150.882040 65.850286 45.942200 23.634559 88.071060 71.134879 90.851912 110.929992 65.622369 0.000000 86.203920 0.000000 121.399566 116.211607 131.722882 108.983590 89.756856 103.023678 105.657246 103.152420 103.926771 129.342044 128.416067 100.868656 38.181787 61.826677 107.751820 20.033305 0.000000 57.122782 167.920019 0.000000 0.000000 179.377537 0.000000 183.433622 0.000000 182.556303 96.790316 180.336367 0.000000 0.000000 0.000000 192.453828 0.000000 0.000000 0.000000 0.000000 0.000000 147.690492 0.000000 0.000000 0.000000 150.337292 121.777890 169.647072 164.632514 160.163131 187.686154 0.000000 0.000000 0.000000 0.000000 176.061527
113.391436 126.126229 0.000000 76.938191 19.868069 22.801216 0.000000 64.397351 49.979918 85.477901 184.013687 80.409959 126.870219 86.203920 0.000000 0.000000 0.000000 0.000000 181.804306 80.301967 0.000000 79.536006 0.000000 76.076497 159.732046 166.046810 159.188646 89.210393 110.193575 0.000000 171.086224 44.797506 0.000000 135.746565 0.000000 0.000000 0.000000 0.000000 0.000000 0.000000 0.000000 0.000000 0.000000 0.000000 0.000000 0.000000 0.000000 0.000000 0.000000 0.000000 0.000000 0.000000 0.000000 0.000000 0.000000 0.000000 0.000000 0.000000 0.000000 0.000000 0.000000 0.000000 0.000000 0.000000 0.000000 0.000000 0.000000 0.000000
0.000000 0.000000 85.181679 0.000000 0.000000 0.000000 73.222203 0.000000 0.000000 0.000000 0.000000 0.000000 0.000000 0.000000 0.000000 0.000000 102.607687 0.000000 0.000000 0.000000 35.526700 33.385202 27.980323 24.281765 0.000000 107.405539 28.871556 42.015544 0.000000 76.413039 0.000000 0.000000 0.000000 0.000000 0.000000 0.000000 0.000000 0.000000 0.000000 0.000000 0.000000 0.000000 0.000000 0.000000 0.000000 0.000000 0.000000 149.905450 0.000000 97.685974 0.000000 0.000000 0.000000 0.000000 109.089033 46.501170 103.181215 107.269373 0.000000 0.000000 92.978204 117.209891 134.813005 114.412175 0.000000 0.000000 0.000000 0.000000
107.119315 55.089363 51.390034 0.000000 0.000000 154.530587 105.464765 128.662833 0.000000 128.634396 47.365841 0.000000 0.000000 121.399566 0.000000 102.607687 0.000000 49.570624 23.656837 0.000000 68.776967 61.528648 50.239706 135.666270 0.000000 47.938464 67.943898 111.200913 104.890988 77.864531 0.000000 0.000000 0.000000 27.928391 0.000000 63.846880 106.028844 0.000000 0.000000 0.000000 0.000000 0.000000 0.000000 0.000000 0.000000 0.000000 0.000000 0.000000 0.000000 0.000000 111.641130 0.000000 0.000000 0.000000 0.000000 0.000000 115.401666 0.000000 0.000000 101.698329 101.375349 0.000000 0.000000 0.000000 0.000000 0.000000 0.000000 0.000000
133.787269 0.000000 0.000000 0.000000 0.000000 150.749146 141.547333 133.548296 0.000000 167.341665 20.639914 171.000274 65.773732 116.211607 0.000000 0.000000 49.570624 0.000000 20.167027 163.128268 0.000000 0.000000 88.875361 160.955808 47.351579 38.395533 56.574584 169.096271 97.947585 120.086992 49.147501 91.442823 0.000000 52.243815 0.000000 0.000000 0.000000 0.000000 0.000000 0.000000 0.000000 0.000000 0.000000 0.000000 98.715921 0.000000 78.673665 0.000000 0.000000 0.000000 0.000000 95.334518 101.400110 0.000000 0.000000 0.000000 0.000000 217.800974 53.063725 92.942772 95.207797 0.000000 0.000000 0.000000 90.391469 0.000000 0.000000 0.000000
125.828420 62.014584 65.567129 182.140662 0.000000 123.619826 129.024596 138.336810 150.853475 147.386076 20.388950 166.283645 0.000000 131.722882 181.804306 0.000000 23.656837 20.167027 0.000000 163.765497 102.233837 101.870932 76.006187 151.151300 56.690100 32.641296 65.299716 150.447380 122.486923 106.089969 0.000000 103.651266 99.538696 39.720300 0.000000 66.412357 119.564342 0.000000 0.000000 0.000000 0.000000 0.000000 0.000000 0.000000 0.000000 0.000000 0.000000 0.000000 0.000000 0.000000 114.015345 105.906795 110.135304 0.000000 0.000000 0.000000 145.131604 200.213786 61.746419 100.147194 101.919767 213.329084 0.000000 0.000000 0.000000 0.000000 0.000000 0.000000
112.225669 0.000000 0.000000 22.430881 0.000000 65.295654 77.432410 94.147570 51.258841 25.622563 163.625558 14.226157 131.164213 108.983590 80.301967 0.000000 0.000000 163.128268 163.765497 0.000000 0.000000 0.000000 0.000000 31.612212 0.000000 180.849593 187.025872 32.443017 121.582726 0.000000 175.396451 124.015294 0.000000 114.526135 0.000000 0.000000 0.000000 133.451022 0.000000 140.259861 0.000000 171.278886 113.647791 155.017291 0.000000 143.959940 0.000000 181.627425 0.000000 0.000000 0.000000 0.000000 0.000000 113.429231 0.000000 0.000000 0.000000 135.419864 0.000000 0.000000 0.000000 151.733701 194.065247 0.000000 0.000000 0.000000 0.000000 185.704810
75.232849 0.000000 71.361036 0.000000 0.000000 0.000000 80.843678 100.339619 0.000000 86.121950 0.000000 0.000000 0.000000 89.756856 0.000000 35.526700 68.776967 0.000000 102.233837 0.000000 0.000000 57.372360 45.317442 17.881007 0.000000 110.334821 75.404953 18.500882 64.146290 41.854850 0.000000 0.000000 0.000000 38.045069 139.351659 0.000000 125.608276 0.000000 0.000000 0.000000 0.000000 0.000000 0.000000 0.000000 0.000000 0.000000 0.000000 157.888074 0.000000 118.428797 0.000000 0.000000 0.000000 0.000000 127.320954 66.961730 123.465114 123.276212 0.000000 0.000000 116.254431 126.248491 146.090432 124.821474 0.000000 0.000000 0.000000 0.000000
83.255105 25.593310 0.000000 67.859189 103.224624 105.457530 0.000000 0.000000 24.360997 103.358981 100.278497 0.000000 85.806173 103.023678 79.536006 33.385202 61.528648 0.000000 101.870932 0.000000 57.372360 0.000000 55.642713 36.640761 61.461138 85.361203 45.567222 58.970746 77.482033 58.974655 93.040093 131.540399 54.939417 99.884036 84.342376 0.000000 0.000000 0.000000 0.000000 0.000000 0.000000 0.000000 0.000000 0.000000 121.925964 0.000000 129.803946 103.366647 0.000000 53.436926 0.000000 0.000000 0.000000 0.000000 67.869024 0.000000 64.807093 56.932673 0.000000 0.000000 51.449739 73.115969 92.868462 73.834562 130.897685 0.000000 0.000000 0.000000
91.496307 52.996111 35.009527 0.000000 0.000000 125.558374 93.671727 108.391955 0.000000 105.700369 121.405813 0.000000 0.000000 105.657246 0.000000 27.980323 50.239706 88.875361 76.006187 0.000000 45.317442 55.642713 0.000000 71.843694 0.000000 61.477243 52.022415 70.451240 98.233285 64.783204 0.000000 165.194122 0.000000 22.810528 0.000000 66.452794 107.343818 0.000000 0.000000 0.000000 0.000000 0.000000 0.000000 0.000000 0.000000 0.000000 0.000000 0.000000 0.000000 109.046831 136.746129 0.000000 146.461009 0.000000 118.945985 63.660279 115.258693 137.961818 0.000000 130.099070 104.917360 149.816823 0.000000 124.654776 0.000000 0.000000 0.000000 0.000000
94.969389 83.962637 97.619006 25.208590 105.166794 84.240976 52.609323 84.583489 37.186328 55.357792 157.767979 56.864268 138.561942 103.152420 76.076497 24.281765 135.666270 160.955808 151.151300 31.612212 17.881007 36.640761 71.843694 0.000000 119.790031 123.128912 100.923651 26.585079 101.156542 78.693445 150.191802 130.267892 76.944659 116.582531 132.057669 0.000000 0.000000 121.968788 0.000000 141.948582 144.245200 147.309541 55.490230 132.679031 197.658596 0.000000 185.098790 152.179864 0.000000 117.698003 0.000000 212.684265 211.038834 111.833136 125.619287 66.167512 134.805111 108.358458 0.000000 198.976122 173.907806 119.212694 147.143845 126.605240 201.513515 174.573324 127.808464 143.582019
0.000000 28.343760 0.000000 0.000000 189.611494 0.000000 0.000000 0.000000 106.473802 167.209741 36.978499 0.000000 16.869385 103.926771 159.732046 0.000000 0.000000 47.351579 56.690100 0.000000 0.000000 61.461138 0.000000 119.790031 0.000000 35.526362 30.950371 0.000000 79.047909 0.000000 34.653097 76.665912 0.000000 49.806818 0.000000 0.000000 0.000000 0.000000 0.000000 0.000000 0.000000 0.000000 0.000000 0.000000 68.231619 0.000000 34.481197 0.000000 0.000000 0.000000 0.000000 80.448251 0.000000 0.000000 0.000000 0.000000 0.000000 0.000000 41.859391 69.022810 58.170887 0.000000 0.000000 0.000000 73.692077 0.000000 0.000000 0.000000
128.697672 42.991653 34.285254 147.835418 180.095138 156.487749 133.893187 140.220180 129.591808 149.335017 25.428853 177.314318 23.079660 129.342044 166.046810 107.405539 47.938464 38.395533 32.641296 180.849593 110.334821 85.361203 61.477243 123.128912 35.526362 0.000000 46.311916 140.093185 115.591998 125.150562 26.754973 98.962179 0.000000 58.252646 0.000000 55.903465 99.115909 0.000000 0.000000 0.000000 209.040029 209.643888 0.000000 218.124658 90.023684 0.000000 82.110887 187.746492 0.000000 144.391231 102.891793 92.725869 99.933828 0.000000 169.100517 0.000000 122.579195 188.386159 47.094906 90.740856 91.195534 196.837337 199.723257 177.081068 89.500382 0.000000 0.000000 117.297013
142.338239 34.392669 35.905432 144.504405 174.694786 170.669847 131.953834 143.782416 117.856372 170.701953 56.293412 183.865957 29.557482 128.416067 159.188646 28.871556 67.943898 56.574584 65.299716 187.025872 75.404953 45.567222 52.022415 100.923651 30.950371 46.311916 0.000000 88.873820 119.639859 135.485414 35.196834 122.825562 0.000000 66.622825 233.166534 45.377450 90.455939 0.000000 0.000000 0.000000 0.000000 230.915268 0.000000 191.517977 98.815738 0.000000 92.518134 171.758897 0.000000 103.706252 102.360305 98.380393 103.933702 0.000000 116.227592 50.875665 101.689757 203.167462 49.604473 90.406065 88.959784 192.084253 213.036362 167.108712 98.847896 0.000000 0.000000 106.674895
94.164374 0.000000 101.639756 25.520976 117.549139 70.570289 45.347766 93.332684 63.634803 39.979127 163.894999 47.515170 145.760819 100.868656 89.210393 42.015544 111.200913 169.096271 150.447380 32.443017 18.500882 58.970746 70.451240 26.585079 0.000000 140.093185 88.873820 0.000000 103.098329 52.923009 173.935596 141.842800 74.891685 90.091678 140.851420 0.000000 0.000000 103.455110 0.000000 157.568278 159.568611 164.886880 80.007033 163.389362 231.435052 152.352089 0.000000 164.756270 0.000000 113.243817 0.000000 0.000000 0.000000 143.839626 123.079284 68.681295 138.513975 119.435925 0.000000 215.026277 161.821767 142.153413 150.508214 123.558009 0.000000 0.000000 129.749045 153.603217
27.352412 104.990371 153.339793 113.414383 151.535009 90.616849 79.252285 64.261276 84.579011 112.345685 74.211485 117.369588 53.927022 38.181787 110.193575 0.000000 104.890988 97.947585 122.486923 121.582726 64.146290 77.482033 98.233285 101.156542 79.047909 115.591998 119.639859 103.098329 0.000000 35.082793 94.790832 9.872940 25.796051 31.737012 164.394271 0.000000 0.000000 185.054071 0.000000 191.586543 172.709602 183.833312 97.886368 187.895373 0.000000 0.000000 0.000000 187.504389 0.000000 0.000000 0.000000 0.000000 0.000000 0.000000 153.410308 93.090094 0.000000 145.096043 0.000000 150.995367 156.003345 154.391583 175.899291 157.985835 0.000000 0.000000 0.000000 166.198138
42.671200 0.000000 112.280608 111.996033 0.000000 115.095774 36.379480 72.387559 60.191861 78.620124 124.658914 0.000000 0.000000 61.826677 0.000000 76.413039 77.864531 120.086992 106.089969 0.000000 41.854850 58.974655 64.783204 78.693445 0.000000 125.150562 135.485414 52.923009 35.082793 0.000000 0.000000 0.000000 0.000000 32.628113 145.141860 0.000000 0.000000 0.000000 0.000000 0.000000 157.847753 159.911150 74.426683 0.000000 0.000000 0.000000 0.000000 156.638799 0.000000 118.404042 0.000000 0.000000 0.000000 0.000000 127.654641 66.992392 133.513642 120.318004 0.000000 0.000000 0.000000 129.295609 150.698347 126.448503 0.000000 0.000000 134.699462 132.115312
0.000000 56.652994 0.000000 0.000000 146.548649 137.723528 0.000000 115.860413 157.459366 170.446355 38.367903 173.468593 18.634812 107.751820 171.086224 0.000000 0.000000 49.147501 0.000000 175.396451 0.000000 93.040093 0.000000 150.191802 34.653097 26.754973 35.196834 173.935596 94.790832 0.000000 0.000000 94.218217 0.000000 62.778052 0.000000 0.000000 0.000000 0.000000 0.000000 0.000000 0.000000 0.000000 0.000000 0.000000 83.012034 0.000000 80.903524 0.000000 0.000000 0.000000 0.000000 95.333359 0.000000 0.000000 0.000000 0.000000 0.000000 221.246983 50.801846 92.132785 100.237123 0.000000 0.000000 0.000000 91.519035 0.000000 0.000000 0.000000
0.000000 131.555593 0.000000 138.222983 30.321032 35.725346 118.605546 32.979074 94.971519 112.649350 68.650802 119.482832 48.922272 20.033305 44.797506 0.000000 0.000000 91.442823 103.651266 124.015294 0.000000 131.540399 165.194122 130.267892 76.665912 98.962179 122.825562 141.842800 9.872940 0.000000 94.218217 0.000000 0.000000 17.460503 0.000000 0.000000 0.000000 0.000000 0.000000 0.000000 0.000000 0.000000 0.000000 0.000000 0.000000 0.000000 0.000000 0.000000 0.000000 0.000000 0.000000 0.000000 0.000000 0.000000 0.000000 0.000000 0.000000 181.540094 0.000000 156.482028 0.000000 206.131887 0.000000 0.000000 0.000000 0.000000 0.000000 0.000000
0.000000 0.000000 0.000000 0.000000 0.000000 0.000000 69.863143 0.000000 0.000000 0.000000 0.000000 0.000000 0.000000 0.000000 0.000000 0.000000 0.000000 0.000000 99.538696 0.000000 0.000000 54.939417 0.000000 76.944659 0.000000 0.000000 0.000000 74.891685 25.796051 0.000000 0.000000 0.000000 0.000000 26.677651 0.000000 0.000000 0.000000 0.000000 0.000000 0.000000 0.000000 0.000000 0.000000 0.000000 0.000000 0.000000 0.000000 0.000000 0.000000 0.000000 0.000000 0.000000 0.000000 0.000000 0.000000 0.000000 0.000000 113.139464 0.000000 0.000000 0.000000 129.048283 0.000000 0.000000 0.000000 0.000000 0.000000 0.000000
77.677233 73.305173 53.155785 111.627652 16.899357 74.190358 94.319527 62.396664 111.835199 107.594955 24.855441 113.273918 27.353847 57.122782 135.746565 0.000000 27.928391 52.243815 39.720300 114.526135 38.045069 99.884036 22.810528 116.582531 49.806818 58.252646 66.622825 90.091678 31.737012 32.628113 62.778052 17.460503 26.677651 0.000000 0.000000 0.000000 95.434356 0.000000 0.000000 0.000000 0.000000 191.036340 0.000000 0.000000 0.000000 0.000000 0.000000 186.625623 0.000000 0.000000 101.618498 0.000000 0.000000 0.000000 0.000000 0.000000 113.950478 155.984334 0.000000 116.586389 102.725654 167.998334 178.692042 0.000000 0.000000 0.000000 0.000000 0.000000
0.000000 0.000000 0.000000 0.000000 0.000000 0.000000 0.000000 0.000000 79.641248 0.000000 0.000000 0.000000 0.000000 167.920019 0.000000 0.000000 0.000000 0.000000 0.000000 0.000000 139.351659 84.342376 0.000000 132.057669 0.000000 0.000000 233.166534 140.851420 164.394271 145.141860 0.000000 0.000000 0.000000 0.000000 0.000000 0.000000 99.204008 101.894870 0.000000 0.000000 28.602727 61.603535 77.180015 91.077488 119.381677 0.000000 0.000000 20.493893 0.000000 0.000000 114.543428 126.637106 123.390779 0.000000 0.000000 85.031587 82.640930 88.879188 0.000000 126.122239 139.328783 92.631030 30.405671 39.699653 0.000000 0.000000 52.787036 62.854000
0.000000 0.000000 51.006573 0.000000 0.000000 0.000000 0.000000 0.000000 0.000000 0.000000 123.362710 0.000000 84.418643 0.000000 0.000000 0.000000 63.846880 0.000000 66.412357 0.000000 0.000000 0.000000 66.452794 0.000000 0.000000 55.903465 45.377450 0.000000 0.000000 0.000000 0.000000 0.000000 0.000000 0.000000 0.000000 0.000000 40.189361 0.000000 134.076052 134.426228 0.000000 145.140259 54.129046 0.000000 71.663371 0.000000 46.146231 133.876737 118.884769 90.990338 51.993098 73.406000 55.936766 0.000000 90.101789 21.093862 52.379451 88.196868 28.030559 45.877133 33.052636 126.104810 133.226338 131.930175 55.286143 0.000000 0.000000 68.887098
0.000000 51.809095 94.546128 0.000000 0.000000 0.000000 0.000000 165.219325 0.000000 168.363232 0.000000 0.000000 0.000000 0.000000 0.000000 0.000000 106.028844 0.000000 119.564342 0.000000 125.608276 0.000000 107.343818 0.000000 0.000000 99.115909 90.455939 0.000000 0.000000 0.000000 0.000000 0.000000 0.000000 95.434356 99.204008 40.189361 0.000000 136.540756 0.000000 139.697692 109.502273 122.480180 0.000000 118.810129 92.137130 0.000000 0.000000 117.896399 0.000000 83.737965 52.351959 92.032166 64.499881 0.000000 65.068399 0.000000 36.072123 97.757342 0.000000 39.761110 31.407481 97.106014 158.137207 101.279626 79.865254 0.000000 0.000000 62.926578
0.000000 0.000000 0.000000 69.330484 0.000000 156.845464 0.000000 157.092313 81.219213 160.359216 0.000000 155.870244 0.000000 179.377537 0.000000 0.000000 0.000000 0.000000 0.000000 133.451022 0.000000 0.000000 0.000000 121.968788 0.000000 0.000000 0.000000 103.455110 185.054071 0.000000 0.000000 0.000000 0.000000 0.000000 101.894870 0.000000 136.540756 0.000000 0.000000 74.352846 65.670990 108.684461 66.595367 29.513156 166.540201 40.070388 0.000000 119.243946 0.000000 0.000000 0.000000 174.922296 173.751641 32.201423 0.000000 0.000000 0.000000 29.166425 0.000000 176.710900 183.967282 33.473276 114.999425 0.000000 0.000000 137.727337 0.000000 108.010831
0.000000 0.000000 0.000000 0.000000 0.000000 0.000000 0.000000 0.000000 0.000000 0.000000 0.000000 0.000000 0.000000 0.000000 0.000000 0.000000 0.000000 0.000000 0.000000 0.000000 0.000000 0.000000 0.000000 0.000000 0.000000 0.000000 0.000000 0.000000 0.000000 0.000000 0.000000 0.000000 0.000000 0.000000 0.000000 134.076052 0.000000 0.000000 0.000000 18.640753 0.000000 34.531134 61.864603 102.351042 0.000000 0.000000 177.080452 0.000000 26.935938 0.000000 0.000000 0.000000 193.538305 0.000000 0.000000 104.037127 0.000000 0.000000 169.452251 186.165505 170.580194 122.657343 0.000000 0.000000 195.044027 22.029880 0.000000 34.124360
0.000000 0.000000 0.000000 160.685803 0.000000 155.121048 0.000000 0.000000 0.000000 160.783499 0.000000 145.551840 0.000000 183.433622 0.000000 0.000000 0.000000 0.000000 0.000000 140.259861 0.000000 0.000000 0.000000 141.948582 0.000000 0.000000 0.000000 157.568278 191.586543 0.000000 0.000000 0.000000 0.000000 0.000000 0.000000 134.426228 139.697692 74.352846 18.640753 0.000000 60.179859 28.216506 65.810642 36.283878 119.130616 45.791926 177.528422 79.081784 18.568906 0.000000 161.866357 138.401620 158.288444 64.833571 0.000000 98.311750 129.864375 72.315489 171.284693 166.173603 167.747152 62.122793 100.067171 0.000000 0.000000 29.548612 0.000000 71.044542
0.000000 0.000000 0.000000 169.155423 0.000000 0.000000 0.000000 0.000000 0.000000 175.788523 0.000000 0.000000 0.000000 0.000000 0.000000 0.000000 0.000000 0.000000 0.000000 0.000000 0.000000 0.000000 0.000000 144.245200 0.000000 209.040029 0.000000 159.568611 172.709602 157.847753 0.000000 0.000000 0.000000 0.000000 28.602727 0.000000 109.502273 65.670990 0.000000 60.179859 0.000000 61.485047 81.545184 39.333880 146.175872 95.721231 175.797940 46.774042 77.201212 106.014633 120.291892 135.046929 125.296687 72.307070 82.522582 71.612523 93.179298 67.373571 0.000000 129.263204 118.830843 42.298111 89.044708 36.455238 158.899234 120.448386 81.260237 87.741055
171.931656 0.000000 0.000000 169.202065 0.000000 164.986871 0.000000 162.408089 94.201752 170.463788 173.220933 168.537910 155.539726 182.556303 0.000000 0.000000 0.000000 0.000000 0.000000 171.278886 0.000000 0.000000 0.000000 147.309541 0.000000 209.643888 230.915268 164.886880 183.833312 159.911150 0.000000 0.000000 0.000000 191.036340 61.603535 145.140259 122.480180 108.684461 34.531134 28.216506 61.485047 0.000000 82.346255 53.967982 100.417600 87.397505 130.557639 22.601672 45.368409 0.000000 138.197527 131.090284 140.796697 87.889358 113.755926 100.174743 113.112414 99.096370 133.675880 137.079534 145.654663 96.253704 53.618053 71.264600 132.141574 36.680078 0.000000 45.925556
96.463865 0.000000 0.000000 95.260517 0.000000 0.000000 0.000000 92.257116 13.115412 88.781588 0.000000 90.612358 0.000000 96.790316 0.000000 0.000000 0.000000 0.000000 0.000000 113.647791 0.000000 0.000000 0.000000 55.490230 0.000000 0.000000 0.000000 80.007033 97.886368 74.426683 0.000000 0.000000 0.000000 0.000000 77.180015 54.129046 0.000000 66.595367 61.864603 65.810642 81.545184 82.346255 0.000000 68.808672 0.000000 28.052340 114.057196 91.076893 40.819148 0.000000 0.000000 0.000000 132.030590 57.978095 0.000000 23.138269 0.000000 42.271002 96.124721 121.710187 98.604540 62.335895 86.567789 68.742329 119.221277 0.000000 0.000000 98.833526
0.000000 0.000000 0.000000 161.855807 0.000000 158.359466 167.115977 160.494407 90.712240 162.615059 0.000000 158.784710 0.000000 180.336367 0.000000 0.000000 0.000000 0.000000 0.000000 155.017291 0.000000 0.000000 0.000000 132.679031 0.000000 218.124658 191.517977 163.389362 187.895373 0.000000 0.000000 0.000000 0.000000 0.000000 91.077488 0.000000 118.810129 29.513156 102.351042 36.283878 39.333880 53.967982 68.808672 0.000000 152.173484 31.237702 168.915062 87.591124 66.642484 0.000000 139.134027 164.022972 154.767663 25.357754 110.844455 0.000000 103.427837 56.584572 160.758649 143.726798 160.825602 38.668015 99.380171 82.869770 168.457861 112.638981 0.000000 97.029780
0.000000 95.688893 0.000000 0.000000 0.000000 0.000000 0.000000 0.000000 169.377129 0.000000 73.859585 0.000000 69.764351 0.000000 0.000000 0.000000 0.000000 98.715921 0.000000 0.000000 0.000000 121.925964 0.000000 197.658596 68.231619 90.023684 98.815738 231.435052 0.000000 0.000000 83.012034 0.000000 0.000000 0.000000 119.381677 71.663371 92.137130 166.540201 0.000000 119.130616 146.175872 100.417600 0.000000 152.173484 0.000000 149.683537 23.430680 95.339585 0.000000 0.000000 52.093188 19.726686 17.311453 148.539213 67.128660 0.000000 77.519486 163.789966 28.455161 27.172342 51.809411 160.013964 61.514649 112.301948 28.436904 53.392849 0.000000 28.760742
0.000000 0.000000 0.000000 153.598596 0.000000 139.928843 0.000000 0.000000 0.000000 146.097878 0.000000 143.476902 0.000000 0.000000 0.000000 0.000000 0.000000 0.000000 0.000000 143.959940 0.000000 0.000000 0.000000 0.000000 0.000000 0.000000 0.000000 152.352089 0.000000 0.000000 0.000000 0.000000 0.000000 0.000000 0.000000 0.000000 0.000000 40.070388 0.000000 45.791926 95.721231 87.397505 28.052340 31.237702 149.683537 0.000000 0.000000 101.765545 0.000000 0.000000 0.000000 157.373658 157.071605 19.770384 0.000000 0.000000 0.000000 27.825574 0.000000 163.399325 169.956599 51.634568 107.505677 0.000000 164.227017 115.904400 0.000000 101.353663
0.000000 98.644104 0.000000 0.000000 0.000000 0.000000 0.000000 0.000000 0.000000 0.000000 71.973125 0.000000 69.881691 0.000000 0.000000 0.000000 0.000000 78.673665 0.000000 0.000000 0.000000 129.803946 0.000000 185.098790 34.481197 82.110887 92.518134 0.000000 0.000000 0.000000 80.903524 0.000000 0.000000 0.000000 0.000000 46.146231 0.000000 0.000000 177.080452 177.528422 175.797940 130.557639 114.057196 168.915062 23.430680 0.000000 0.000000 107.642612 165.276468 119.087056 0.000000 52.578295 90.873052 172.003207 0.000000 77.933158 0.000000 141.451444 22.424276 35.448372 28.585061 159.936228 77.411850 152.491206 23.236632 74.231560 0.000000 57.818057
182.000725 0.000000 0.000000 180.831645 0.000000 183.800302 0.000000 201.627859 107.366583 187.178028 159.152459 189.741597 133.284772 192.453828 0.000000 149.905450 0.000000 0.000000 0.000000 181.627425 157.888074 103.366647 0.000000 152.179864 0.000000 187.746492 171.758897 164.756270 187.504389 156.638799 0.000000 0.000000 0.000000 186.625623 20.493893 133.876737 117.896399 119.243946 0.000000 79.081784 46.774042 22.601672 91.076893 87.591124 95.339585 101.765545 107.642612 0.000000 51.240764 0.000000 129.014594 121.775702 130.248154 101.189525 95.888496 106.700077 102.399271 111.575577 87.199063 127.844869 135.268001 109.020188 36.552853 63.142128 113.820710 16.122887 0.000000 48.293675
0.000000 0.000000 0.000000 0.000000 0.000000 0.000000 0.000000 0.000000 0.000000 0.000000 0.000000 121.791054 0.000000 0.000000 0.000000 0.000000 0.000000 0.000000 0.000000 0.000000 0.000000 0.000000 0.000000 0.000000 0.000000 0.000000 0.000000 0.000000 0.000000 0.000000 0.000000 0.000000 0.000000 0.000000 0.000000 118.884769 0.000000 0.000000 26.935938 18.568906 77.201212 45.368409 40.819148 66.642484 0.000000 0.000000 165.276468 51.240764 0.000000 0.000000 0.000000 0.000000 0.000000 79.825568 0.000000 90.638744 0.000000 34.081576 152.756136 166.663240 152.893453 0.000000 0.000000 0.000000 0.000000 37.476699 0.000000 55.475366
0.000000 0.000000 0.000000 0.000000 0.000000 0.000000 0.000000 0.000000 0.000000 0.000000 0.000000 0.000000 0.000000 0.000000 0.000000 97.685974 0.000000 0.000000 0.000000 0.000000 118.428797 53.436926 109.046831 117.698003 0.000000 144.391231 103.706252 113.243817 0.000000 118.404042 0.000000 0.000000 0.000000 0.000000 0.000000 90.990338 83.737965 0.000000 0.000000 0.000000 106.014633 0.000000 0.000000 0.000000 0.000000 0.000000 119.087056 0.000000 0.000000 0.000000 114.279864 0.000000 121.633719 0.000000 22.987146 39.887001 20.867873 22.654437 131.518930 105.229952 55.740749 37.243348 170.866469 80.464739 0.000000 0.000000 0.000000 90.631395
0.000000 62.161681 97.238598 0.000000 0.000000 0.000000 0.000000 0.000000 0.000000 0.000000 0.000000 0.000000 0.000000 0.000000 0.000000 0.000000 111.641130 0.000000 114.015345 0.000000 0.000000 0.000000 136.746129 0.000000 0.000000 102.891793 102.360305 0.000000 0.000000 0.000000 0.000000 0.000000 0.000000 101.618498 114.543428 51.993098 52.351959 0.000000 0.000000 161.866357 120.291892 138.197527 0.000000 139.134027 52.093188 0.000000 0.000000 129.014594 0.000000 114.279864 0.000000 54.297927 20.535159 0.000000 79.378304 0.000000 34.973629 130.766831 0.000000 31.970653 65.786841 116.920247 119.856959 95.802651 0.000000 0.000000 0.000000 30.877941
0.000000 0.000000 0.000000 0.000000 0.000000 0.000000 0.000000 0.000000 0.000000 0.000000 90.062546 0.000000 90.427725 0.000000 0.000000 0.000000 0.000000 95.334518 105.906795 0.000000 0.000000 0.000000 0.000000 212.684265 80.448251 92.725869 98.380393 0.000000 0.000000 0.000000 95.333359 0.000000 0.000000 0.000000 126.637106 73.406000 92.032166 174.922296 0.000000 138.401620 135.046929 131.090284 0.000000 164.022972 19.726686 157.373658 52.578295 121.775702 0.000000 0.000000 54.297927 0.000000 27.834448 159.326168 101.768684 0.000000 84.946054 168.889580 38.129303 23.183759 66.907102 158.903532 104.332649 118.596971 58.934690 91.031332 0.000000 51.016542
0.000000 0.000000 115.541336 0.000000 0.000000 0.000000 0.000000 0.000000 0.000000 0.000000 101.613447 0.000000 0.000000 0.000000 0.000000 0.000000 0.000000 101.400110 110.135304 0.000000 0.000000 0.000000 146.461009 211.038834 0.000000 99.933828 103.933702 0.000000 0.000000 0.000000 0.000000 0.000000 0.000000 0.000000 123.390779 55.936766 64.499881 173.751641 193.538305 158.288444 125.296687 140.796697 132.030590 154.767663 17.311453 157.071605 90.873052 130.248154 0.000000 121.633719 20.535159 27.834448 0.000000 159.844767 102.857892 0.000000 61.794098 144.137899 0.000000 34.967304 65.442352 136.400630 125.835627 109.472759 67.564389 102.233009 0.000000 39.161784
0.000000 0.000000 0.000000 107.268415 0.000000 102.180764 0.000000 96.534654 79.012526 154.200550 0.000000 104.441331 0.000000 147.690492 0.000000 0.000000 0.000000 0.000000 0.000000 113.429231 0.000000 0.000000 0.000000 111.833136 0.000000 0.000000 0.000000 143.839626 0.000000 0.000000 0.000000 0.000000 0.000000 0.000000 0.000000 0.000000 0.000000 32.201423 0.000000 64.833571 72.307070 87.889358 57.978095 25.357754 148.539213 19.770384 172.003207 101.189525 79.825568 0.000000 0.000000 159.326168 159.844767 0.000000 0.000000 0.000000 0.000000 14.986885 0.000000 166.128857 177.735276 40.842780 108.115364 0.000000 167.420652 115.358381 0.000000 101.882579
0.000000 0.000000 128.172718 0.000000 0.000000 0.000000 0.000000 0.000000 0.000000 0.000000 0.000000 0.000000 0.000000 0.000000 0.000000 109.089033 0.000000 0.000000 0.000000 0.000000 127.320954 67.869024 118.945985 125.619287 0.000000 169.100517 116.227592 123.079284 153.410308 127.654641 0.000000 0.000000 0.000000 0.000000 0.000000 90.101789 65.068399 0.000000 0.000000 0.000000 82.522582 113.755926 0.000000 110.844455 67.128660 0.000000 0.000000 95.888496 0.000000 22.987146 79.378304 101.768684 102.857892 0.000000 0.000000 60.066137 36.742298 16.148303 0.000000 110.522873 84.686214 30.182940 82.255814 42.704301 0.000000 0.000000 0.000000 55.588618
0.000000 0.000000 0.000000 0.000000 0.000000 0.000000 0.000000 0.000000 0.000000 0.000000 0.000000 0.000000 0.000000 0.000000 0.000000 46.501170 0.000000 0.000000 0.000000 0.000000 66.961730 0.000000 63.660279 66.167512 0.000000 0.000000 50.875665 68.681295 93.090094 66.992392 0.000000 0.000000 0.000000 0.000000 85.031587 21.093862 0.000000 0.000000 104.037127 98.311750 71.612523 100.174743 23.138269 0.000000 0.000000 0.000000 77.933158 106.700077 90.638744 39.887001 0.000000 0.000000 0.000000 0.000000 60.066137 0.000000 54.390035 50.863627 68.459512 90.149268 61.270464 57.685834 79.681663 62.357627 93.179641 0.000000 0.000000 109.675183
0.000000 63.009758 104.301822 0.000000 0.000000 0.000000 183.739511 0.000000 0.000000 0.000000 0.000000 0.000000 0.000000 0.000000 0.000000 103.181215 115.401666 0.000000 145.131604 0.000000 123.465114 64.807093 115.258693 134.805111 0.000000 122.579195 101.689757 138.513975 0.000000 133.513642 0.000000 0.000000 0.000000 113.950478 82.640930 52.379451 36.072123 0.000000 0.000000 129.864375 93.179298 113.112414 0.000000 103.427837 77.519486 0.000000 0.000000 102.399271 0.000000 20.867873 34.973629 84.946054 61.794098 0.000000 36.742298 54.390035 0.000000 54.021198 0.000000 50.158476 41.836140 67.818742 113.895447 66.685621 0.000000 0.000000 0.000000 20.102170
136.546845 0.000000 164.870819 138.986117 0.000000 140.237963 159.343762 132.884154 61.224589 134.713326 210.554891 152.855920 177.343697 150.337292 0.000000 107.269373 0.000000 217.800974 200.213786 135.419864 123.276212 56.932673 137.961818 108.358458 0.000000 188.386159 203.167462 119.435925 145.096043 120.318004 221.246983 181.540094 113.139464 155.984334 88.879188 88.196868 97.757342 29.166425 0.000000 72.315489 67.373571 99.096370 42.271002 56.584572 163.789966 27.825574 141.451444 111.575577 34.081576 22.654437 130.766831 168.889580 144.137899 14.986885 16.148303 50.863627 54.021198 0.000000 124.063919 133.034755 107.489734 20.022414 101.137387 87.589882 147.512558 127.192833 83.151396 118.628306
0.000000 0.000000 0.000000 0.000000 0.000000 0.000000 0.000000 0.000000 0.000000 0.000000 47.476339 0.000000 41.355496 121.777890 0.000000 0.000000 0.000000 53.063725 61.746419 0.000000 0.000000 0.000000 0.000000 0.000000 41.859391 47.094906 49.604473 0.000000 0.000000 0.000000 50.801846 0.000000 0.000000 0.000000 0.000000 28.030559 0.000000 0.000000 169.452251 171.284693 0.000000 133.675880 96.124721 160.758649 28.455161 0.000000 22.424276 87.199063 152.756136 131.518930 0.000000 38.129303 0.000000 0.000000 0.000000 68.459512 0.000000 124.063919 0.000000 35.129486 32.965245 0.000000 68.743119 0.000000 38.360553 63.502387 0.000000 41.777562
0.000000 70.187907 96.080480 0.000000 0.000000 0.000000 207.204453 0.000000 0.000000 210.606506 88.056775 0.000000 86.028173 169.647072 0.000000 0.000000 101.698329 92.942772 100.147194 0.000000 0.000000 0.000000 130.099070 198.976122 69.022810 90.740856 90.406065 215.026277 150.995367 0.000000 92.132785 156.482028 0.000000 116.586389 126.122239 45.877133 39.761110 176.710900 186.165505 166.173603 129.263204 137.079534 121.710187 143.726798 27.172342 163.399325 35.448372 127.844869 166.663240 105.229952 31.970653 23.183759 34.967304 166.128857 110.522873 90.149268 50.158476 133.034755 35.129486 0.000000 44.645822 138.105181 117.013454 116.190031 22.615944 102.773507 0.000000 60.562233
