0.000000 0.000000 0.000133 0.000960 0.000000 0.000000 0.012333 0.000773 0.000813 0.000867 0.000267 0.000000 0.000000 0.062053 0.000093 0.000000 0.006667 0.000267 0.005747 0.000093 0.001053 0.000133 0.003213 0.001787 0.000000 0.003080 0.000987 0.004827 0.107133 0.051360 0.000000 0.000000 0.000000 0.002267 0.000000 0.000000 0.000000 0.000000 0.000000 0.000000 0.000000 0.000067 0.000160 0.000000 0.000000 0.000000 0.000000 0.000187 0.000000 0.000000 0.000000 0.000000 0.000000 0.000000 0.000000 0.000000 0.000000 0.000840 0.000000 0.000000 0.000000 0.000640 0.000360 0.000000 0.000000 0.000000 0.000000 0.000000
0.000000 0.000000 0.000653 0.000000 0.000320 0.000000 0.000000 0.000000 0.001120 0.000000 0.001253 0.000000 0.003307 0.000067 0.000467 0.000000 0.000240 0.000000 0.000147 0.000000 0.000000 0.004427 0.000680 0.004187 0.016747 0.002147 0.016293 0.000000 0.000093 0.000000 0.000320 0.000147 0.000000 0.000360 0.000000 0.000000 0.000067 0.000000 0.000000 0.000000 0.000000 0.000000 0.000000 0.000000 0.000253 0.000000 0.000307 0.000000 0.000000 0.000000 0.000160 0.000000 0.000000 0.000000 0.000000 0.000000 0.000307 0.000000 0.000000 0.000893 0.003187 0.000000 0.000000 0.000000 0.000200 0.000000 0.000000 0.000000
0.000133 0.000653 0.000000 0.000293 0.000000 0.002600 0.016400 0.003013 0.000000 0.007627 0.000107 0.000000 0.000000 0.001160 0.000000 0.000093 0.028853 0.000000 0.001920 0.000000 0.009613 0.000000 0.090893 0.001240 0.000000 0.053800 0.041360 0.004800 0.000147 0.000413 0.000000 0.000000 0.000000 0.001227 0.000000 0.001467 0.014987 0.000000 0.000000 0.000000 0.000000 0.000000 0.000000 0.000000 0.000000 0.000000 0.000000 0.000000 0.000000 0.000000 0.003253 0.000000 0.000227 0.000000 0.000107 0.000000 0.016600 0.000093 0.000000 0.005507 0.019387 0.000000 0.000000 0.000000 0.000000 0.000000 0.000000 0.000000
0.000960 0.000000 0.000293 0.000000 0.000000 0.002107 0.004973 0.002893 0.013427 0.227613 0.000093 0.028093 0.000200 0.004053 0.000107 0.000000 0.000000 0.000000 0.000067 0.104373 0.000000 0.000333 0.000000 0.071067 0.000000 0.001173 0.000787 0.169920 0.004453 0.000107 0.000000 0.000133 0.000000 0.000320 0.000000 0.000000 0.000000 0.011227 0.000000 0.000893 0.000080 0.000413 0.000253 0.006053 0.000000 0.000653 0.000000 0.000093 0.000000 0.000000 0.000000 0.000000 0.000000 0.001293 0.000000 0.000000 0.000000 0.000787 0.000000 0.000000 0.000000 0.004013 0.000107 0.000000 0.000000 0.000000 0.000000 0.000000
0.000000 0.000320 0.000000 0.000000 0.000000 0.004280 0.000000 0.000133 0.002120 0.000133 0.000373 0.000160 0.001333 0.000307 0.007693 0.000000 0.000000 0.000000 0.000000 0.000000 0.000000 0.002227 0.000000 0.003547 0.000120 0.000307 0.001693 0.000213 0.000453 0.000000 0.000080 0.000773 0.000000 0.004200 0.000000 0.000000 0.000000 0.000000 0.000000 0.000000 0.000000 0.000000 0.000000 0.000000 0.000000 0.000000 0.000000 0.000000 0.000000 0.000000 0.000000 0.000000 0.000000 0.000000 0.000000 0.000000 0.000000 0.000000 0.000000 0.000000 0.000000 0.000000 0.000000 0.000000 0.000000 0.000000 0.000000 0.000000
0.000000 0.000000 0.002600 0.002107 0.004280 0.000000 0.019667 0.051107 0.001387 0.114680 0.000587 0.026227 0.001187 0.007520 0.007893 0.000000 0.000173 0.000067 0.000107 0.003947 0.000000 0.000147 0.001373 0.002293 0.000000 0.002907 0.000760 0.012613 0.002653 0.000107 0.000067 0.020467 0.000000 0.000587 0.000000 0.000000 0.000000 0.001387 0.000000 0.000480 0.000000 0.000187 0.000000 0.002880 0.000000 0.000133 0.000000 0.000213 0.000000 0.000000 0.000000 0.000000 0.000000 0.000560 0.000000 0.000000 0.000000 0.001253 0.000000 0.000000 0.000000 0.001960 0.000107 0.000000 0.000000 0.000000 0.000000 0.000000
0.012333 0.000000 0.016400 0.004973 0.000000 0.019667 0.000000 0.026960 0.000400 0.191440 0.000413 0.000280 0.000067 0.081613 0.000000 0.000067 0.007200 0.000320 0.003200 0.000413 0.000840 0.000000 0.035520 0.013053 0.000000 0.011667 0.002173 0.217120 0.010880 0.089173 0.000000 0.000320 0.000133 0.001107 0.000000 0.000000 0.000000 0.000000 0.000000 0.000000 0.000000 0.000000 0.000000 0.000080 0.000000 0.000000 0.000000 0.000000 0.000000 0.000000 0.000000 0.000000 0.000000 0.000000 0.000000 0.000000 0.000067 0.000133 0.000000 0.000080 0.000000 0.000200 0.000080 0.000000 0.000000 0.000000 0.000000 0.000000
0.000773 0.000000 0.003013 0.002893 0.000133 0.051107 0.026960 0.000000 0.000813 0.077307 0.000987 0.009653 0.002427 0.151853 0.000520 0.000000 0.006173 0.000240 0.004053 0.004733 0.000280 0.000000 0.015600 0.002773 0.000000 0.005973 0.001853 0.010187 0.005453 0.007920 0.000133 0.030200 0.000000 0.001253 0.000000 0.000000 0.000080 0.000200 0.000000 0.000000 0.000000 0.000147 0.000080 0.000387 0.000000 0.000000 0.000000 0.000067 0.000000 0.000000 0.000000 0.000000 0.000000 0.000067 0.000000 0.000000 0.000000 0.000867 0.000000 0.000000 0.000000 0.000520 0.000320 0.000000 0.000000 0.000000 0.000000 0.000000
0.000813 0.001120 0.000000 0.013427 0.002120 0.001387 0.000400 0.000813 0.000000 0.021120 0.000307 0.004693 0.000427 0.002867 0.002467 0.000000 0.000000 0.000000 0.000173 0.005760 0.000000 0.014373 0.000000 0.069600 0.000707 0.000427 0.003667 0.019560 0.005307 0.001240 0.000067 0.000213 0.000000 0.000160 0.000267 0.000000 0.000000 0.000680 0.000000 0.000000 0.000000 0.000240 0.000667 0.000813 0.000080 0.000000 0.000000 0.000853 0.000000 0.000000 0.000000 0.000000 0.000000 0.000147 0.000000 0.000000 0.000000 0.003067 0.000000 0.000000 0.000080 0.002267 0.001773 0.000107 0.000000 0.000000 0.000000 0.000000
0.000867 0.000000 0.007627 0.227613 0.000133 0.114680 0.191440 0.077307 0.021120 0.000000 0.001307 0.051173 0.001480 0.043453 0.000427 0.000000 0.002267 0.000307 0.001413 0.091853 0.000067 0.000067 0.014173 0.020933 0.000067 0.008293 0.002360 0.221760 0.012893 0.002800 0.000160 0.003480 0.000000 0.001440 0.000000 0.000000 0.000107 0.008293 0.000000 0.002467 0.000120 0.001920 0.000587 0.014480 0.000000 0.001347 0.000000 0.000493 0.000000 0.000000 0.000000 0.000000 0.000000 0.001573 0.000000 0.000000 0.000000 0.003693 0.000000 0.000093 0.000067 0.011760 0.000893 0.000000 0.000000 0.000000 0.000000 0.000160
0.000267 0.001253 0.000107 0.000093 0.000373 0.000587 0.000413 0.000987 0.000307 0.001307 0.000000 0.001427 0.050253 0.006200 0.000173 0.000000 0.000667 0.073147 0.040760 0.000347 0.000000 0.000480 0.000240 0.001013 0.007053 0.063000 0.024213 0.000280 0.009093 0.000093 0.018627 0.004747 0.000000 0.020107 0.000000 0.000120 0.000000 0.000000 0.000000 0.000000 0.000000 0.000107 0.000000 0.000000 0.003307 0.000000 0.007493 0.000093 0.000000 0.000000 0.000000 0.000413 0.000093 0.000000 0.000000 0.000000 0.000000 0.000307 0.000307 0.002493 0.003413 0.000107 0.000227 0.000000 0.001893 0.000133 0.000000 0.000147
0.000000 0.000000 0.000000 0.028093 0.000160 0.026227 0.000280 0.009653 0.004693 0.051173 0.001427 0.000000 0.001680 0.011773 0.000280 0.000000 0.000000 0.000400 0.000480 0.088413 0.000000 0.000000 0.000000 0.001133 0.000000 0.001280 0.001387 0.022600 0.006747 0.000000 0.000307 0.003147 0.000000 0.001120 0.000000 0.000000 0.000000 0.002613 0.000000 0.001333 0.000000 0.000267 0.000093 0.004533 0.000000 0.000773 0.000000 0.000093 0.000067 0.000000 0.000000 0.000000 0.000000 0.001520 0.000000 0.000000 0.000000 0.000413 0.000000 0.000000 0.000000 0.002680 0.000080 0.000000 0.000000 0.000000 0.000000 0.000000
0.000000 0.003307 0.000000 0.000200 0.001333 0.001187 0.000067 0.002427 0.000427 0.001480 0.050253 0.001680 0.000000 0.004587 0.000253 0.000000 0.000000 0.000107 0.000000 0.000400 0.000000 0.001120 0.000000 0.001040 0.067000 0.006213 0.063400 0.000253 0.008907 0.000000 0.049560 0.013813 0.000000 0.014187 0.000000 0.000067 0.000000 0.000000 0.000000 0.000000 0.000000 0.000120 0.000000 0.000000 0.008493 0.000000 0.012293 0.000187 0.000000 0.000000 0.000000 0.000427 0.000000 0.000000 0.000000 0.000000 0.000000 0.000227 0.000440 0.003147 0.002987 0.000107 0.000453 0.000000 0.003400 0.000227 0.000000 0.000240
0.062053 0.000067 0.001160 0.004053 0.000307 0.007520 0.081613 0.151853 0.002867 0.043453 0.006200 0.011773 0.004587 0.000000 0.000853 0.000000 0.010880 0.001893 0.009573 0.003933 0.001107 0.000093 0.016613 0.003693 0.000093 0.010920 0.006280 0.017547 0.098120 0.043360 0.000853 0.022267 0.000000 0.007427 0.000080 0.000000 0.000000 0.000253 0.000000 0.000093 0.000000 0.000467 0.000280 0.000320 0.000000 0.000000 0.000000 0.000440 0.000000 0.000000 0.000000 0.000000 0.000000 0.000120 0.000000 0.000000 0.000000 0.002427 0.000067 0.000200 0.000173 0.001773 0.000813 0.000000 0.000000 0.000000 0.000000 0.000107
0.000093 0.000467 0.000000 0.000107 0.007693 0.007893 0.000000 0.000520 0.002467 0.000427 0.000173 0.000280 0.000253 0.000853 0.000000 0.000000 0.000000 0.000000 0.000120 0.000187 0.000000 0.004013 0.000000 0.009013 0.000293 0.000293 0.002627 0.000347 0.001373 0.000000 0.000067 0.002773 0.000000 0.000107 0.000000 0.000000 0.000000 0.000000 0.000000 0.000000 0.000000 0.000000 0.000000 0.000000 0.000000 0.000000 0.000000 0.000000 0.000000 0.000000 0.000000 0.000000 0.000000 0.000000 0.000000 0.000000 0.000000 0.000000 0.000000 0.000000 0.000000 0.000000 0.000000 0.000000 0.000000 0.000000 0.000000 0.000000
0.000000 0.000000 0.000093 0.000000 0.000000 0.000000 0.000067 0.000000 0.000000 0.000000 0.000000 0.000000 0.000000 0.000000 0.000000 0.000000 0.000107 0.000000 0.000000 0.000000 0.025387 0.034000 0.017133 0.016600 0.000000 0.000387 0.013680 0.005693 0.000000 0.004773 0.000000 0.000000 0.000000 0.000000 0.000000 0.000000 0.000000 0.000000 0.000000 0.000000 0.000000 0.000000 0.000000 0.000000 0.000000 0.000000 0.000000 0.000067 0.000000 0.011173 0.000000 0.000000 0.000000 0.000000 0.004547 0.002253 0.016667 0.000547 0.000000 0.000000 0.001280 0.000333 0.000413 0.001333 0.000000 0.000000 0.000000 0.000000
0.006667 0.000240 0.028853 0.000000 0.000000 0.000173 0.007200 0.006173 0.000000 0.002267 0.000667 0.000000 0.000000 0.010880 0.000000 0.000107 0.000000 0.001080 0.061613 0.000000 0.001093 0.000187 0.048960 0.000360 0.000000 0.018387 0.053240 0.001560 0.010973 0.009507 0.000000 0.000000 0.000000 0.004600 0.000000 0.000360 0.003840 0.000000 0.000000 0.000000 0.000000 0.000000 0.000000 0.000000 0.000000 0.000000 0.000000 0.000000 0.000000 0.000000 0.000627 0.000000 0.000000 0.000000 0.000000 0.000000 0.002507 0.000000 0.000000 0.002947 0.003760 0.000000 0.000000 0.000000 0.000000 0.000000 0.000000 0.000000
0.000267 0.000000 0.000000 0.000000 0.000000 0.000067 0.000320 0.000240 0.000000 0.000307 0.073147 0.000400 0.000107 0.001893 0.000000 0.000000 0.001080 0.000000 0.029547 0.000067 0.000000 0.000000 0.000080 0.000093 0.000200 0.014760 0.006347 0.000107 0.002413 0.000120 0.000160 0.000480 0.000000 0.002027 0.000000 0.000000 0.000000 0.000000 0.000000 0.000000 0.000000 0.000000 0.000000 0.000000 0.000080 0.000000 0.000187 0.000000 0.000000 0.000000 0.000000 0.000440 0.000067 0.000000 0.000000 0.000000 0.000000 0.000067 0.000520 0.003120 0.001680 0.000000 0.000000 0.000000 0.000227 0.000000 0.000000 0.000000
0.005747 0.000147 0.001920 0.000067 0.000000 0.000107 0.003200 0.004053 0.000173 0.001413 0.040760 0.000480 0.000000 0.009573 0.000120 0.000000 0.061613 0.029547 0.000000 0.000147 0.000467 0.000067 0.004027 0.000800 0.000067 0.055907 0.022120 0.000800 0.011800 0.003373 0.000000 0.000147 0.000107 0.017747 0.000000 0.000120 0.000320 0.000000 0.000000 0.000000 0.000000 0.000000 0.000000 0.000000 0.000000 0.000000 0.000000 0.000000 0.000000 0.000000 0.000147 0.000173 0.000160 0.000000 0.000000 0.000000 0.000107 0.000120 0.000160 0.005000 0.001973 0.000093 0.000000 0.000000 0.000000 0.000000 0.000000 0.000000
0.000093 0.000000 0.000000 0.104373 0.000000 0.003947 0.000413 0.004733 0.005760 0.091853 0.000347 0.088413 0.000400 0.003933 0.000187 0.000000 0.000000 0.000067 0.000147 0.000000 0.000000 0.000000 0.000000 0.007040 0.000000 0.000453 0.000573 0.049867 0.002107 0.000000 0.000067 0.000507 0.000000 0.000347 0.000000 0.000000 0.000000 0.003893 0.000000 0.000813 0.000000 0.000307 0.000067 0.004947 0.000000 0.000653 0.000000 0.000173 0.000000 0.000000 0.000000 0.000000 0.000000 0.001067 0.000000 0.000000 0.000000 0.000427 0.000000 0.000000 0.000000 0.002733 0.000080 0.000000 0.000000 0.000000 0.000000 0.000067
0.001053 0.000000 0.009613 0.000000 0.000000 0.000000 0.000840 0.000280 0.000000 0.000067 0.000000 0.000000 0.000000 0.001107 0.000000 0.025387 0.001093 0.000000 0.000467 0.000000 0.000000 0.004640 0.227427 0.001733 0.000000 0.001773 0.007093 0.022880 0.001827 0.031747 0.000000 0.000000 0.000000 0.007667 0.000107 0.000000 0.000080 0.000000 0.000000 0.000000 0.000000 0.000000 0.000000 0.000000 0.000000 0.000000 0.000000 0.000227 0.000000 0.008693 0.000000 0.000000 0.000000 0.000000 0.009400 0.001440 0.010720 0.001560 0.000000 0.000000 0.000467 0.002200 0.001227 0.004573 0.000000 0.000000 0.000000 0.000000
0.000133 0.004427 0.000000 0.000333 0.002227 0.000147 0.000000 0.000000 0.014373 0.000067 0.000480 0.000000 0.001120 0.000093 0.004013 0.034000 0.000187 0.000000 0.000067 0.000000 0.004640 0.000000 0.013947 0.029400 0.002400 0.000600 0.017480 0.003453 0.001493 0.003360 0.000133 0.000213 0.000107 0.000307 0.000147 0.000000 0.000000 0.000000 0.000000 0.000000 0.000000 0.000000 0.000000 0.000000 0.000160 0.000000 0.000120 0.000133 0.000000 0.000813 0.000000 0.000000 0.000000 0.000000 0.000360 0.000000 0.000787 0.000387 0.000000 0.000000 0.000707 0.000347 0.000560 0.000293 0.000093 0.000000 0.000000 0.000000
0.003213 0.000680 0.090893 0.000000 0.000000 0.001373 0.035520 0.015600 0.000000 0.014173 0.000240 0.000000 0.000000 0.016613 0.000000 0.017133 0.048960 0.000080 0.004027 0.000000 0.227427 0.013947 0.000000 0.002413 0.000000 0.035053 0.129867 0.023213 0.003480 0.014480 0.000000 0.000093 0.000000 0.027387 0.000000 0.003867 0.009507 0.000000 0.000000 0.000000 0.000000 0.000000 0.000000 0.000000 0.000000 0.000000 0.000000 0.000000 0.000000 0.011907 0.000560 0.000000 0.000120 0.000000 0.009747 0.001907 0.075253 0.000147 0.000000 0.000293 0.030827 0.000347 0.000000 0.000307 0.000000 0.000000 0.000000 0.000000
0.001787 0.004187 0.001240 0.071067 0.003547 0.002293 0.013053 0.002773 0.069600 0.020933 0.001013 0.001133 0.001040 0.003693 0.009013 0.016600 0.000360 0.000093 0.000800 0.007040 0.001733 0.029400 0.002413 0.000000 0.002880 0.012227 0.042867 0.125653 0.015600 0.012853 0.000307 0.000533 0.000520 0.001120 0.000640 0.000000 0.000000 0.001227 0.000000 0.000667 0.000080 0.001947 0.002000 0.001093 0.000267 0.000000 0.000200 0.002680 0.000000 0.000227 0.000000 0.000133 0.000133 0.000093 0.000547 0.000187 0.000547 0.011547 0.000000 0.000787 0.000800 0.009627 0.007827 0.000987 0.000160 0.000080 0.000080 0.001333
0.000000 0.016747 0.000000 0.000000 0.000120 0.000000 0.000000 0.000000 0.000707 0.000067 0.007053 0.000000 0.067000 0.000093 0.000293 0.000000 0.000000 0.000200 0.000067 0.000000 0.000000 0.002400 0.000000 0.002880 0.000000 0.006533 0.032040 0.000000 0.000333 0.000000 0.004520 0.000240 0.000000 0.000720 0.000000 0.000000 0.000000 0.000000 0.000000 0.000000 0.000000 0.000000 0.000000 0.000000 0.000907 0.000000 0.002867 0.000000 0.000000 0.000000 0.000000 0.000080 0.000000 0.000000 0.000000 0.000000 0.000000 0.000000 0.000120 0.001333 0.001547 0.000000 0.000000 0.000000 0.000973 0.000000 0.000000 0.000000
0.003080 0.002147 0.053800 0.001173 0.000307 0.002907 0.011667 0.005973 0.000427 0.008293 0.063000 0.001280 0.006213 0.010920 0.000293 0.000387 0.018387 0.014760 0.055907 0.000453 0.001773 0.000600 0.035053 0.012227 0.006533 0.000000 0.111253 0.008120 0.008987 0.001760 0.002880 0.001187 0.000000 0.006733 0.000000 0.001413 0.005440 0.000000 0.000000 0.000000 0.000120 0.000093 0.000000 0.000120 0.001707 0.000000 0.003760 0.000160 0.000000 0.000360 0.005947 0.005147 0.003627 0.000000 0.000067 0.000000 0.000600 0.000880 0.007413 0.091453 0.056600 0.000493 0.000133 0.000133 0.004507 0.000000 0.000000 0.000400
0.000987 0.016293 0.041360 0.000787 0.001693 0.000760 0.002173 0.001853 0.003667 0.002360 0.024213 0.001387 0.063400 0.006280 0.002627 0.013680 0.053240 0.006347 0.022120 0.000573 0.007093 0.017480 0.129867 0.042867 0.032040 0.111253 0.000000 0.027773 0.006533 0.000440 0.006200 0.001280 0.000000 0.011973 0.000067 0.005880 0.014120 0.000000 0.000000 0.000000 0.000000 0.000067 0.000000 0.000093 0.003400 0.000000 0.005040 0.000067 0.000000 0.002533 0.003573 0.003160 0.001453 0.000000 0.001413 0.000840 0.034160 0.000707 0.004867 0.054893 0.069667 0.000493 0.000093 0.000093 0.005187 0.000000 0.000000 0.000213
0.004827 0.000000 0.004800 0.169920 0.000213 0.012613 0.217120 0.010187 0.019560 0.221760 0.000280 0.022600 0.000253 0.017547 0.000347 0.005693 0.001560 0.000107 0.000800 0.049867 0.022880 0.003453 0.023213 0.125653 0.000000 0.008120 0.027773 0.000000 0.039013 0.140733 0.000107 0.000413 0.001560 0.003280 0.000440 0.000000 0.000000 0.006787 0.000000 0.001160 0.000187 0.001093 0.000747 0.007973 0.000067 0.000733 0.000000 0.001107 0.000000 0.000533 0.000000 0.000000 0.000000 0.000960 0.001760 0.000227 0.000693 0.007107 0.000000 0.000147 0.000400 0.011040 0.006040 0.001613 0.000000 0.000000 0.000080 0.000467
0.107133 0.000093 0.000147 0.004453 0.000453 0.002653 0.010880 0.005453 0.005307 0.012893 0.009093 0.006747 0.008907 0.098120 0.001373 0.000000 0.010973 0.002413 0.011800 0.002107 0.001827 0.001493 0.003480 0.015600 0.000333 0.008987 0.006533 0.039013 0.000000 0.067693 0.000907 0.008213 0.054160 0.045853 0.000347 0.000000 0.000000 0.000280 0.000000 0.000120 0.000080 0.000600 0.000640 0.000400 0.000000 0.000000 0.000000 0.001267 0.000000 0.000000 0.000000 0.000000 0.000000 0.000000 0.000240 0.000093 0.000000 0.007347 0.000000 0.000253 0.000133 0.005867 0.004333 0.000307 0.000000 0.000000 0.000000 0.000440
0.051360 0.000000 0.000413 0.000107 0.000000 0.000107 0.089173 0.007920 0.001240 0.002800 0.000093 0.000000 0.000000 0.043360 0.000000 0.004773 0.009507 0.000120 0.003373 0.000000 0.031747 0.003360 0.014480 0.012853 0.000000 0.001760 0.000440 0.140733 0.067693 0.000000 0.000000 0.000000 0.000000 0.007707 0.000360 0.000000 0.000000 0.000000 0.000000 0.000000 0.000080 0.000120 0.000187 0.000000 0.000000 0.000000 0.000000 0.000453 0.000000 0.001867 0.000000 0.000000 0.000000 0.000000 0.006467 0.000480 0.000987 0.004333 0.000000 0.000000 0.000000 0.005067 0.003240 0.002587 0.000000 0.000000 0.000107 0.000173
0.000000 0.000320 0.000000 0.000000 0.000080 0.000067 0.000000 0.000133 0.000067 0.000160 0.018627 0.000307 0.049560 0.000853 0.000067 0.000000 0.000000 0.000160 0.000000 0.000067 0.000000 0.000133 0.000000 0.000307 0.004520 0.002880 0.006200 0.000107 0.000907 0.000000 0.000000 0.000560 0.000000 0.001280 0.000000 0.000000 0.000000 0.000000 0.000000 0.000000 0.000000 0.000000 0.000000 0.000000 0.001600 0.000000 0.003320 0.000000 0.000000 0.000000 0.000000 0.000400 0.000000 0.000000 0.000000 0.000000 0.000000 0.000093 0.000253 0.001747 0.001773 0.000000 0.000000 0.000000 0.001547 0.000000 0.000000 0.000000
0.000000 0.000147 0.000000 0.000133 0.000773 0.020467 0.000320 0.030200 0.000213 0.003480 0.004747 0.003147 0.013813 0.022267 0.002773 0.000000 0.000000 0.000480 0.000147 0.000507 0.000000 0.000213 0.000093 0.000533 0.000240 0.001187 0.001280 0.000413 0.008213 0.000000 0.000560 0.000000 0.000000 0.046867 0.000000 0.000000 0.000000 0.000000 0.000000 0.000000 0.000000 0.000000 0.000000 0.000000 0.000000 0.000000 0.000000 0.000000 0.000000 0.000000 0.000000 0.000000 0.000000 0.000000 0.000000 0.000000 0.000000 0.000067 0.000000 0.000067 0.000000 0.000120 0.000000 0.000000 0.000000 0.000000 0.000000 0.000000
0.000000 0.000000 0.000000 0.000000 0.000000 0.000000 0.000133 0.000000 0.000000 0.000000 0.000000 0.000000 0.000000 0.000000 0.000000 0.000000 0.000000 0.000000 0.000107 0.000000 0.000000 0.000107 0.000000 0.000520 0.000000 0.000000 0.000000 0.001560 0.054160 0.000000 0.000000 0.000000 0.000000 0.000280 0.000000 0.000000 0.000000 0.000000 0.000000 0.000000 0.000000 0.000000 0.000000 0.000000 0.000000 0.000000 0.000000 0.000000 0.000000 0.000000 0.000000 0.000000 0.000000 0.000000 0.000000 0.000000 0.000000 0.000160 0.000000 0.000000 0.000000 0.000080 0.000000 0.000000 0.000000 0.000000 0.000000 0.000000
0.002267 0.000360 0.001227 0.000320 0.004200 0.000587 0.001107 0.001253 0.000160 0.001440 0.020107 0.001120 0.014187 0.007427 0.000107 0.000000 0.004600 0.002027 0.017747 0.000347 0.007667 0.000307 0.027387 0.001120 0.000720 0.006733 0.011973 0.003280 0.045853 0.007707 0.001280 0.046867 0.000280 0.000000 0.000000 0.000000 0.000373 0.000000 0.000000 0.000000 0.000000 0.000093 0.000000 0.000000 0.000000 0.000000 0.000000 0.000147 0.000000 0.000000 0.000080 0.000000 0.000000 0.000000 0.000000 0.000000 0.000373 0.000453 0.000000 0.000240 0.000627 0.000227 0.000213 0.000000 0.000000 0.000000 0.000000 0.000000
0.000000 0.000000 0.000000 0.000000 0.000000 0.000000 0.000000 0.000000 0.000267 0.000000 0.000000 0.000000 0.000000 0.000080 0.000000 0.000000 0.000000 0.000000 0.000000 0.000000 0.000107 0.000147 0.000000 0.000640 0.000000 0.000000 0.000067 0.000440 0.000347 0.000360 0.000000 0.000000 0.000000 0.000000 0.000000 0.000000 0.000067 0.000067 0.000000 0.000000 0.017640 0.001653 0.000520 0.000413 0.000320 0.000000 0.000000 0.109893 0.000000 0.000000 0.000440 0.000920 0.002013 0.000000 0.000000 0.000200 0.000107 0.001213 0.000000 0.001560 0.000880 0.003440 0.073600 0.023427 0.000000 0.000000 0.000067 0.000427
0.000000 0.000000 0.001467 0.000000 0.000000 0.000000 0.000000 0.000000 0.000000 0.000000 0.000120 0.000000 0.000067 0.000000 0.000000 0.000000 0.000360 0.000000 0.000120 0.000000 0.000000 0.000000 0.003867 0.000000 0.000000 0.001413 0.005880 0.000000 0.000000 0.000000 0.000000 0.000000 0.000000 0.000000 0.000000 0.000000 0.001067 0.000000 0.000733 0.000293 0.000000 0.000160 0.002147 0.000000 0.000107 0.000000 0.012467 0.000200 0.000453 0.000067 0.001627 0.000067 0.001093 0.000000 0.000080 0.001520 0.002160 0.002360 0.022027 0.008347 0.082973 0.000093 0.000213 0.000160 0.000800 0.000000 0.000000 0.000600
0.000000 0.000067 0.014987 0.000000 0.000000 0.000000 0.000000 0.000080 0.000000 0.000107 0.000000 0.000000 0.000000 0.000000 0.000000 0.000000 0.003840 0.000000 0.000320 0.000000 0.000080 0.000000 0.009507 0.000000 0.000000 0.005440 0.014120 0.000000 0.000000 0.000000 0.000000 0.000000 0.000000 0.000373 0.000067 0.001067 0.000000 0.000320 0.000000 0.000733 0.023987 0.010040 0.000000 0.014040 0.000227 0.000000 0.000000 0.002880 0.000000 0.000400 0.032653 0.000347 0.001773 0.000000 0.005947 0.000000 0.088453 0.003120 0.000000 0.093787 0.024173 0.021227 0.000400 0.002107 0.000120 0.000000 0.000000 0.001253
0.000000 0.000000 0.000000 0.011227 0.000000 0.001387 0.000000 0.000200 0.000680 0.008293 0.000000 0.002613 0.000000 0.000253 0.000000 0.000000 0.000000 0.000000 0.000000 0.003893 0.000000 0.000000 0.000000 0.001227 0.000000 0.000000 0.000000 0.006787 0.000280 0.000000 0.000000 0.000000 0.000000 0.000000 0.000067 0.000000 0.000320 0.000000 0.000000 0.003173 0.001067 0.002027 0.008307 0.109800 0.000107 0.039907 0.000000 0.002467 0.000000 0.000000 0.000000 0.000133 0.000093 0.062600 0.000000 0.000000 0.000000 0.029413 0.000000 0.000360 0.000200 0.134333 0.003480 0.000000 0.000000 0.000120 0.000000 0.000600
0.000000 0.000000 0.000000 0.000000 0.000000 0.000000 0.000000 0.000000 0.000000 0.000000 0.000000 0.000000 0.000000 0.000000 0.000000 0.000000 0.000000 0.000000 0.000000 0.000000 0.000000 0.000000 0.000000 0.000000 0.000000 0.000000 0.000000 0.000000 0.000000 0.000000 0.000000 0.000000 0.000000 0.000000 0.000000 0.000733 0.000000 0.000000 0.000000 0.002880 0.000000 0.001027 0.001733 0.000160 0.000000 0.000000 0.000627 0.000000 0.007160 0.000000 0.000000 0.000000 0.000120 0.000000 0.000000 0.000613 0.000000 0.000000 0.000373 0.000547 0.002640 0.000067 0.000000 0.000000 0.000080 0.000920 0.000000 0.001000
0.000000 0.000000 0.000000 0.000893 0.000000 0.000480 0.000000 0.000000 0.000000 0.002467 0.000000 0.001333 0.000000 0.000093 0.000000 0.000000 0.000000 0.000000 0.000000 0.000813 0.000000 0.000000 0.000000 0.000667 0.000000 0.000000 0.000000 0.001160 0.000120 0.000000 0.000000 0.000000 0.000000 0.000000 0.000000 0.000293 0.000733 0.003173 0.002880 0.000000 0.021507 0.077267 0.001413 0.135267 0.000387 0.005733 0.000200 0.005587 0.004893 0.000000 0.000093 0.000307 0.000253 0.001987 0.000000 0.000307 0.000440 0.000933 0.000320 0.001333 0.001720 0.025920 0.001827 0.000000 0.000000 0.007667 0.000000 0.001987
0.000000 0.000000 0.000000 0.000080 0.000000 0.000000 0.000000 0.000000 0.000000 0.000120 0.000000 0.000000 0.000000 0.000000 0.000000 0.000000 0.000000 0.000000 0.000000 0.000000 0.000000 0.000000 0.000000 0.000080 0.000000 0.000120 0.000000 0.000187 0.000080 0.000080 0.000000 0.000000 0.000000 0.000000 0.017640 0.000000 0.023987 0.001067 0.000000 0.021507 0.000000 0.079907 0.000147 0.188053 0.000587 0.000107 0.000067 0.162213 0.000133 0.000080 0.004320 0.001467 0.003653 0.000080 0.003387 0.000093 0.025413 0.003253 0.000000 0.012560 0.003320 0.313187 0.031560 0.097773 0.000080 0.000240 0.000200 0.003160
0.000067 0.000000 0.000000 0.000413 0.000000 0.000187 0.000000 0.000147 0.000240 0.001920 0.000107 0.000267 0.000120 0.000467 0.000000 0.000000 0.000000 0.000000 0.000000 0.000307 0.000000 0.000000 0.000000 0.001947 0.000000 0.000093 0.000067 0.001093 0.000600 0.000120 0.000000 0.000000 0.000000 0.000093 0.001653 0.000160 0.010040 0.002027 0.001027 0.077267 0.079907 0.000000 0.001160 0.115987 0.002920 0.006853 0.000467 0.215053 0.000640 0.000000 0.004240 0.002240 0.003493 0.004067 0.000227 0.000200 0.008920 0.002680 0.000253 0.018147 0.002347 0.014227 0.007400 0.008547 0.000467 0.024867 0.000000 0.005813
0.000160 0.000000 0.000000 0.000253 0.000000 0.000000 0.000000 0.000080 0.000667 0.000587 0.000000 0.000093 0.000000 0.000280 0.000000 0.000000 0.000000 0.000000 0.000000 0.000067 0.000000 0.000000 0.000000 0.002000 0.000000 0.000000 0.000000 0.000747 0.000640 0.000187 0.000000 0.000000 0.000000 0.000000 0.000520 0.002147 0.000000 0.008307 0.001733 0.001413 0.000147 0.001160 0.000000 0.003787 0.000000 0.000773 0.001053 0.002640 0.001547 0.000000 0.000000 0.000000 0.000093 0.000507 0.000000 0.007293 0.000000 0.018467 0.000707 0.000573 0.003293 0.015173 0.005013 0.000400 0.000107 0.000000 0.000000 0.000293
0.000000 0.000000 0.000000 0.006053 0.000000 0.002880 0.000080 0.000387 0.000813 0.014480 0.000000 0.004533 0.000000 0.000320 0.000000 0.000000 0.000000 0.000000 0.000000 0.004947 0.000000 0.000000 0.000000 0.001093 0.000000 0.000120 0.000093 0.007973 0.000400 0.000000 0.000000 0.000000 0.000000 0.000000 0.000413 0.000000 0.014040 0.109800 0.000160 0.135267 0.188053 0.115987 0.003787 0.000000 0.001227 0.007413 0.000240 0.039213 0.000333 0.000000 0.001667 0.001680 0.002173 0.030547 0.000307 0.000000 0.007453 0.004680 0.000133 0.010387 0.002253 0.339587 0.028213 0.000813 0.000293 0.001533 0.000000 0.005907
0.000000 0.000253 0.000000 0.000000 0.000000 0.000000 0.000000 0.000000 0.000080 0.000000 0.003307 0.000000 0.008493 0.000000 0.000000 0.000000 0.000000 0.000080 0.000000 0.000000 0.000000 0.000160 0.000000 0.000267 0.000907 0.001707 0.003400 0.000067 0.000000 0.000000 0.001600 0.000000 0.000000 0.000000 0.000320 0.000107 0.000227 0.000107 0.000000 0.000387 0.000587 0.002920 0.000000 0.001227 0.000000 0.000320 0.019480 0.007507 0.000000 0.000000 0.000427 0.064413 0.021387 0.000293 0.000227 0.000000 0.000387 0.000173 0.008240 0.044133 0.005960 0.000493 0.018773 0.002853 0.015093 0.007520 0.000000 0.017213
0.000000 0.000000 0.000000 0.000653 0.000000 0.000133 0.000000 0.000000 0.000000 0.001347 0.000000 0.000773 0.000000 0.000000 0.000000 0.000000 0.000000 0.000000 0.000000 0.000653 0.000000 0.000000 0.000000 0.000000 0.000000 0.000000 0.000000 0.000733 0.000000 0.000000 0.000000 0.000000 0.000000 0.000000 0.000000 0.000000 0.000000 0.039907 0.000000 0.005733 0.000107 0.006853 0.000773 0.007413 0.000320 0.000000 0.000000 0.005227 0.000000 0.000000 0.000000 0.000400 0.000400 0.011907 0.000000 0.000000 0.000000 0.001373 0.000000 0.000547 0.000480 0.008240 0.002413 0.000000 0.000067 0.000307 0.000000 0.000640
0.000000 0.000307 0.000000 0.000000 0.000000 0.000000 0.000000 0.000000 0.000000 0.000000 0.007493 0.000000 0.012293 0.000000 0.000000 0.000000 0.000000 0.000187 0.000000 0.000000 0.000000 0.000120 0.000000 0.000200 0.002867 0.003760 0.005040 0.000000 0.000000 0.000000 0.003320 0.000000 0.000000 0.000000 0.000000 0.012467 0.000000 0.000000 0.000627 0.000200 0.000067 0.000467 0.001053 0.000240 0.019480 0.000000 0.000000 0.000973 0.000387 0.000120 0.000000 0.000160 0.000067 0.000067 0.000000 0.000853 0.000000 0.001627 0.041267 0.004853 0.081467 0.000240 0.002200 0.000080 0.039613 0.000907 0.000000 0.000773
0.000187 0.000000 0.000000 0.000093 0.000000 0.000213 0.000000 0.000067 0.000853 0.000493 0.000093 0.000093 0.000187 0.000440 0.000000 0.000067 0.000000 0.000000 0.000000 0.000173 0.000227 0.000133 0.000000 0.002680 0.000000 0.000160 0.000067 0.001107 0.001267 0.000453 0.000000 0.000000 0.000000 0.000147 0.109893 0.000200 0.002880 0.002467 0.000000 0.005587 0.162213 0.215053 0.002640 0.039213 0.007507 0.005227 0.000973 0.000000 0.000200 0.000000 0.005253 0.008080 0.010320 0.003440 0.000533 0.000187 0.005867 0.004173 0.000253 0.019947 0.005973 0.019253 0.078707 0.039600 0.001427 0.017507 0.000000 0.016253
0.000000 0.000000 0.000000 0.000000 0.000000 0.000000 0.000000 0.000000 0.000000 0.000000 0.000000 0.000067 0.000000 0.000000 0.000000 0.000000 0.000000 0.000000 0.000000 0.000000 0.000000 0.000000 0.000000 0.000000 0.000000 0.000000 0.000000 0.000000 0.000000 0.000000 0.000000 0.000000 0.000000 0.000000 0.000000 0.000453 0.000000 0.000000 0.007160 0.004893 0.000133 0.000640 0.001547 0.000333 0.000000 0.000000 0.000387 0.000200 0.000000 0.000000 0.000000 0.000000 0.000000 0.000107 0.000000 0.000547 0.000000 0.000347 0.000267 0.000480 0.001707 0.000000 0.000000 0.000000 0.000000 0.000387 0.000000 0.000400
0.000000 0.000000 0.000000 0.000000 0.000000 0.000000 0.000000 0.000000 0.000000 0.000000 0.000000 0.000000 0.000000 0.000000 0.000000 0.011173 0.000000 0.000000 0.000000 0.000000 0.008693 0.000813 0.011907 0.000227 0.000000 0.000360 0.002533 0.000533 0.000000 0.001867 0.000000 0.000000 0.000000 0.000000 0.000000 0.000067 0.000400 0.000000 0.000000 0.000000 0.000080 0.000000 0.000000 0.000000 0.000000 0.000000 0.000120 0.000000 0.000000 0.000000 0.000320 0.000000 0.000293 0.000000 0.059907 0.015680 0.031280 0.007267 0.000133 0.002040 0.009680 0.003507 0.000080 0.008080 0.000000 0.000000 0.000000 0.000347
0.000000 0.000160 0.003253 0.000000 0.000000 0.000000 0.000000 0.000000 0.000000 0.000000 0.000000 0.000000 0.000000 0.000000 0.000000 0.000000 0.000627 0.000000 0.000147 0.000000 0.000000 0.000000 0.000560 0.000000 0.000000 0.005947 0.003573 0.000000 0.000000 0.000000 0.000000 0.000000 0.000000 0.000080 0.000440 0.001627 0.032653 0.000000 0.000000 0.000093 0.004320 0.004240 0.000000 0.001667 0.000427 0.000000 0.000000 0.005253 0.000000 0.000320 0.000000 0.003760 0.036720 0.000000 0.002320 0.000000 0.027373 0.000893 0.000000 0.047053 0.045067 0.003040 0.001440 0.016933 0.000000 0.000000 0.000000 0.014053
0.000000 0.000000 0.000000 0.000000 0.000000 0.000000 0.000000 0.000000 0.000000 0.000000 0.000413 0.000000 0.000427 0.000000 0.000000 0.000000 0.000000 0.000440 0.000173 0.000000 0.000000 0.000000 0.000000 0.000133 0.000080 0.005147 0.003160 0.000000 0.000000 0.000000 0.000400 0.000000 0.000000 0.000000 0.000920 0.000067 0.000347 0.000133 0.000000 0.000307 0.001467 0.002240 0.000000 0.001680 0.064413 0.000400 0.000160 0.008080 0.000000 0.000000 0.003760 0.000000 0.039387 0.000360 0.000560 0.000000 0.001187 0.000187 0.001013 0.037480 0.003480 0.001107 0.005080 0.009440 0.000173 0.000640 0.000000 0.010347
0.000000 0.000000 0.000227 0.000000 0.000000 0.000000 0.000000 0.000000 0.000000 0.000000 0.000093 0.000000 0.000000 0.000000 0.000000 0.000000 0.000000 0.000067 0.000160 0.000000 0.000000 0.000000 0.000120 0.000133 0.000000 0.003627 0.001453 0.000000 0.000000 0.000000 0.000000 0.000000 0.000000 0.000000 0.002013 0.001093 0.001773 0.000093 0.000120 0.000253 0.003653 0.003493 0.000093 0.002173 0.021387 0.000400 0.000067 0.010320 0.000000 0.000293 0.036720 0.039387 0.000000 0.000320 0.002453 0.000000 0.006960 0.000760 0.000000 0.034600 0.016747 0.002840 0.008307 0.025387 0.000227 0.000107 0.000000 0.032093
0.000000 0.000000 0.000000 0.001293 0.000000 0.000560 0.000000 0.000067 0.000147 0.001573 0.000000 0.001520 0.000000 0.000120 0.000000 0.000000 0.000000 0.000000 0.000000 0.001067 0.000000 0.000000 0.000000 0.000093 0.000000 0.000000 0.000000 0.000960 0.000000 0.000000 0.000000 0.000000 0.000000 0.000000 0.000000 0.000000 0.000000 0.062600 0.000000 0.001987 0.000080 0.004067 0.000507 0.030547 0.000293 0.011907 0.000067 0.003440 0.000107 0.000000 0.000000 0.000360 0.000320 0.000000 0.000000 0.000000 0.000000 0.001840 0.000000 0.000400 0.000293 0.014773 0.001453 0.000000 0.000080 0.000227 0.000000 0.000480
0.000000 0.000000 0.000107 0.000000 0.000000 0.000000 0.000000 0.000000 0.000000 0.000000 0.000000 0.000000 0.000000 0.000000 0.000000 0.004547 0.000000 0.000000 0.000000 0.000000 0.009400 0.000360 0.009747 0.000547 0.000000 0.000067 0.001413 0.001760 0.000240 0.006467 0.000000 0.000000 0.000000 0.000000 0.000000 0.000080 0.005947 0.000000 0.000000 0.000000 0.003387 0.000227 0.000000 0.000307 0.000227 0.000000 0.000000 0.000533 0.000000 0.059907 0.002320 0.000560 0.002453 0.000000 0.000000 0.002267 0.275160 0.004640 0.000000 0.002067 0.008920 0.059320 0.000307 0.062667 0.000000 0.000000 0.000000 0.017373
0.000000 0.000000 0.000000 0.000000 0.000000 0.000000 0.000000 0.000000 0.000000 0.000000 0.000000 0.000000 0.000000 0.000000 0.000000 0.002253 0.000000 0.000000 0.000000 0.000000 0.001440 0.000000 0.001907 0.000187 0.000000 0.000000 0.000840 0.000227 0.000093 0.000480 0.000000 0.000000 0.000000 0.000000 0.000200 0.001520 0.000000 0.000000 0.000613 0.000307 0.000093 0.000200 0.007293 0.000000 0.000000 0.000000 0.000853 0.000187 0.000547 0.015680 0.000000 0.000000 0.000000 0.000000 0.002267 0.000000 0.005107 0.010573 0.000507 0.000453 0.004293 0.002133 0.000760 0.001213 0.000120 0.000000 0.000000 0.000067
0.000000 0.000307 0.016600 0.000000 0.000000 0.000000 0.000067 0.000000 0.000000 0.000000 0.000000 0.000000 0.000000 0.000000 0.000000 0.016667 0.002507 0.000000 0.000107 0.000000 0.010720 0.000787 0.075253 0.000547 0.000000 0.000600 0.034160 0.000693 0.000000 0.000987 0.000000 0.000000 0.000000 0.000373 0.000107 0.002160 0.088453 0.000000 0.000000 0.000440 0.025413 0.008920 0.000000 0.007453 0.000387 0.000000 0.000000 0.005867 0.000000 0.031280 0.027373 0.001187 0.006960 0.000000 0.275160 0.005107 0.000000 0.012693 0.000000 0.038213 0.163853 0.052387 0.000493 0.045707 0.000000 0.000000 0.000000 0.020747
0.000840 0.000000 0.000093 0.000787 0.000000 0.001253 0.000133 0.000867 0.003067 0.003693 0.000307 0.000413 0.000227 0.002427 0.000000 0.000547 0.000000 0.000067 0.000120 0.000427 0.001560 0.000387 0.000147 0.011547 0.000000 0.000880 0.000707 0.007107 0.007347 0.004333 0.000093 0.000067 0.000160 0.000453 0.001213 0.002360 0.003120 0.029413 0.000000 0.000933 0.003253 0.002680 0.018467 0.004680 0.000173 0.001373 0.001627 0.004173 0.000347 0.007267 0.000893 0.000187 0.000760 0.001840 0.004640 0.010573 0.012693 0.000000 0.001320 0.008520 0.029453 0.170480 0.010920 0.003800 0.000373 0.000067 0.000107 0.001387
0.000000 0.000000 0.000000 0.000000 0.000000 0.000000 0.000000 0.000000 0.000000 0.000000 0.000307 0.000000 0.000440 0.000067 0.000000 0.000000 0.000000 0.000520 0.000160 0.000000 0.000000 0.000000 0.000000 0.000000 0.000120 0.007413 0.004867 0.000000 0.000000 0.000000 0.000253 0.000000 0.000000 0.000000 0.000000 0.022027 0.000000 0.000000 0.000373 0.000320 0.000000 0.000253 0.000707 0.000133 0.008240 0.000000 0.041267 0.000253 0.000267 0.000133 0.000000 0.001013 0.000000 0.000000 0.000000 0.000507 0.000000 0.001320 0.000000 0.019747 0.062027 0.000000 0.000773 0.000000 0.011187 0.000587 0.000000 0.000627
0.000000 0.000893 0.005507 0.000000 0.000000 0.000000 0.000080 0.000000 0.000000 0.000093 0.002493 0.000000 0.003147 0.000200 0.000000 0.000000 0.002947 0.003120 0.005000 0.000000 0.000000 0.000000 0.000293 0.000787 0.001333 0.091453 0.054893 0.000147 0.000253 0.000000 0.001747 0.000067 0.000000 0.000240 0.001560 0.008347 0.093787 0.000360 0.000547 0.001333 0.012560 0.018147 0.000573 0.010387 0.044133 0.000547 0.004853 0.019947 0.000480 0.002040 0.047053 0.037480 0.034600 0.000400 0.002067 0.000453 0.038213 0.008520 0.019747 0.000000 0.098307 0.007173 0.008907 0.017920 0.006147 0.000733 0.000000 0.011320
0.000000 0.003187 0.019387 0.000000 0.000000 0.000000 0.000000 0.000000 0.000080 0.000067 0.003413 0.000000 0.002987 0.000173 0.000000 0.001280 0.003760 0.001680 0.001973 0.000000 0.000467 0.000707 0.030827 0.000800 0.001547 0.056600 0.069667 0.000400 0.000133 0.000000 0.001773 0.000000 0.000000 0.000627 0.000880 0.082973 0.024173 0.000200 0.002640 0.001720 0.003320 0.002347 0.003293 0.002253 0.005960 0.000480 0.081467 0.005973 0.001707 0.009680 0.045067 0.003480 0.016747 0.000293 0.008920 0.004293 0.163853 0.029453 0.062027 0.098307 0.000000 0.031787 0.006147 0.004053 0.015720 0.000173 0.000000 0.012827
0.000640 0.000000 0.000000 0.004013 0.000000 0.001960 0.000200 0.000520 0.002267 0.011760 0.000107 0.002680 0.000107 0.001773 0.000000 0.000333 0.000000 0.000000 0.000093 0.002733 0.002200 0.000347 0.000347 0.009627 0.000000 0.000493 0.000493 0.011040 0.005867 0.005067 0.000000 0.000120 0.000080 0.000227 0.003440 0.000093 0.021227 0.134333 0.000067 0.025920 0.313187 0.014227 0.015173 0.339587 0.000493 0.008240 0.000240 0.019253 0.000000 0.003507 0.003040 0.001107 0.002840 0.014773 0.059320 0.002133 0.052387 0.170480 0.000000 0.007173 0.031787 0.000000 0.067427 0.145360 0.000147 0.000440 0.001227 0.011560
0.000360 0.000000 0.000000 0.000107 0.000000 0.000107 0.000080 0.000320 0.001773 0.000893 0.000227 0.000080 0.000453 0.000813 0.000000 0.000413 0.000000 0.000000 0.000000 0.000080 0.001227 0.000560 0.000000 0.007827 0.000000 0.000133 0.000093 0.006040 0.004333 0.003240 0.000000 0.000000 0.000000 0.000213 0.073600 0.000213 0.000400 0.003480 0.000000 0.001827 0.031560 0.007400 0.005013 0.028213 0.018773 0.002413 0.002200 0.078707 0.000000 0.000080 0.001440 0.005080 0.008307 0.001453 0.000307 0.000760 0.000493 0.010920 0.000773 0.008907 0.006147 0.067427 0.000000 0.066320 0.001013 0.006507 0.048600 0.071293
0.000000 0.000000 0.000000 0.000000 0.000000 0.000000 0.000000 0.000000 0.000107 0.000000 0.000000 0.000000 0.000000 0.000000 0.000000 0.001333 0.000000 0.000000 0.000000 0.000000 0.004573 0.000293 0.000307 0.000987 0.000000 0.000133 0.000093 0.001613 0.000307 0.002587 0.000000 0.000000 0.000000 0.000000 0.023427 0.000160 0.002107 0.000000 0.000000 0.000000 0.097773 0.008547 0.000400 0.000813 0.002853 0.000000 0.000080 0.039600 0.000000 0.008080 0.016933 0.009440 0.025387 0.000000 0.062667 0.001213 0.045707 0.003800 0.000000 0.017920 0.004053 0.145360 0.066320 0.000000 0.000080 0.000000 0.000987 0.008293
0.000000 0.000200 0.000000 0.000000 0.000000 0.000000 0.000000 0.000000 0.000000 0.000000 0.001893 0.000000 0.003400 0.000000 0.000000 0.000000 0.000000 0.000227 0.000000 0.000000 0.000000 0.000093 0.000000 0.000160 0.000973 0.004507 0.005187 0.000000 0.000000 0.000000 0.001547 0.000000 0.000000 0.000000 0.000000 0.000800 0.000120 0.000000 0.000080 0.000000 0.000080 0.000467 0.000107 0.000293 0.015093 0.000067 0.039613 0.001427 0.000000 0.000000 0.000000 0.000173 0.000227 0.000080 0.000000 0.000120 0.000000 0.000373 0.011187 0.006147 0.015720 0.000147 0.001013 0.000080 0.000000 0.000147 0.000000 0.000533
