0.000000 0.000000 108.499922 92.894995 0.000000 57.741132 39.169857 48.794059 69.795520 96.782564 111.099249 0.000000 0.000000 19.740305 0.000000 0.000000 114.089087 137.381181 128.333526 110.052642 80.323562 0.000000 95.796848 92.178697 0.000000 129.630662 156.900947 93.070007 21.029769 36.661829 0.000000 0.000000 0.000000 62.913803 0.000000 0.000000 0.000000 0.000000 0.000000 0.000000 0.000000 162.982681 86.411870 0.000000 0.000000 0.000000 0.000000 165.896929 0.000000 0.000000 0.000000 0.000000 0.000000 0.000000 139.955976 0.000000 0.000000 132.788733 0.000000 0.000000 0.000000 143.458758 157.315859 140.509532 0.000000 0.000000 0.000000 0.000000
0.000000 0.000000 38.795220 0.000000 145.725310 0.000000 0.000000 0.000000 73.061969 0.000000 55.659025 0.000000 47.702376 0.000000 118.398449 0.000000 0.000000 80.046556 69.214676 0.000000 0.000000 41.891722 0.000000 85.257429 28.186086 54.586482 38.806826 0.000000 103.775960 0.000000 0.000000 0.000000 0.000000 71.009072 0.000000 0.000000 0.000000 0.000000 0.000000 0.000000 0.000000 0.000000 0.000000 0.000000 0.000000 0.000000 122.560291 0.000000 0.000000 0.000000 0.000000 0.000000 0.000000 0.000000 0.000000 0.000000 0.000000 0.000000 75.830601 75.379984 79.598963 0.000000 0.000000 0.000000 0.000000 0.000000 0.000000 0.000000
108.499922 38.795220 0.000000 0.000000 162.992204 125.856556 100.346793 114.944678 0.000000 155.647094 77.062462 0.000000 0.000000 115.973757 142.337891 87.383821 44.726838 83.121355 60.003525 0.000000 65.676715 74.798545 43.083911 95.193745 0.000000 34.651148 30.381188 87.975200 115.531025 86.621779 0.000000 0.000000 0.000000 59.281606 0.000000 52.956795 96.566258 0.000000 0.000000 0.000000 170.566291 0.000000 0.000000 0.000000 0.000000 0.000000 0.000000 0.000000 0.000000 128.662235 99.941934 134.654816 111.013839 0.000000 136.173434 55.936099 95.440741 0.000000 0.000000 95.162760 91.659268 157.545584 0.000000 139.214592 0.000000 0.000000 0.000000 97.970071
92.894995 0.000000 0.000000 0.000000 111.945268 76.007308 51.670662 95.822300 60.724666 22.437287 0.000000 41.619931 0.000000 115.829053 0.000000 0.000000 0.000000 0.000000 0.000000 20.876887 0.000000 0.000000 0.000000 31.893345 0.000000 193.145734 0.000000 19.554510 118.586222 0.000000 0.000000 133.648452 0.000000 99.537199 0.000000 0.000000 0.000000 163.070942 0.000000 144.582224 149.951091 163.158979 84.251910 169.227216 0.000000 146.353911 0.000000 155.541255 0.000000 0.000000 0.000000 0.000000 0.000000 151.764989 0.000000 0.000000 0.000000 127.271884 0.000000 0.000000 0.000000 158.118200 0.000000 0.000000 0.000000 0.000000 0.000000 0.000000
0.000000 145.725310 162.992204 111.945268 0.000000 20.379462 108.631320 50.295965 73.978796 105.115122 97.883632 77.288405 133.748074 105.986152 22.927574 0.000000 179.110697 117.152475 145.009129 101.911951 0.000000 104.978760 0.000000 96.062331 158.326259 171.308330 184.301869 122.508324 151.368731 0.000000 0.000000 20.205819 0.000000 23.510249 0.000000 0.000000 0.000000 0.000000 0.000000 0.000000 0.000000 0.000000 0.000000 0.000000 0.000000 0.000000 0.000000 0.000000 0.000000 0.000000 0.000000 0.000000 0.000000 0.000000 0.000000 0.000000 0.000000 0.000000 0.000000 0.000000 0.000000 0.000000 0.000000 0.000000 0.000000 0.000000 0.000000 0.000000
57.741132 0.000000 125.856556 76.007308 20.379462 0.000000 54.905607 27.826366 58.570161 35.098950 112.109646 48.793696 122.222448 57.018847 22.402562 0.000000 149.180408 152.778105 158.975342 57.483273 101.093196 0.000000 112.759706 79.794770 0.000000 150.780276 158.914675 65.606486 63.959555 86.626113 0.000000 32.759972 0.000000 95.698559 0.000000 0.000000 0.000000 157.599953 0.000000 132.491527 150.003622 168.902657 129.577165 160.120909 0.000000 139.804524 0.000000 172.772525 0.000000 0.000000 0.000000 0.000000 0.000000 142.551728 0.000000 0.000000 0.000000 134.845950 0.000000 0.000000 0.000000 156.318504 0.000000 0.000000 0.000000 0.000000 0.000000 0.000000
39.169857 0.000000 100.346793 51.670662 108.631320 54.905607 0.000000 52.777046 75.460878 30.772799 148.377478 77.829963 0.000000 47.742748 0.000000 99.896439 114.082887 171.206651 128.221386 74.062537 73.467520 0.000000 86.983981 54.006150 0.000000 137.511565 133.088527 39.663658 81.999652 29.518878 0.000000 120.342420 77.759945 79.782120 0.000000 0.000000 0.000000 167.471048 0.000000 157.483224 139.915859 159.367476 107.427588 169.917371 0.000000 157.675613 0.000000 181.761307 0.000000 0.000000 0.000000 0.000000 0.000000 0.000000 152.056417 0.000000 0.000000 126.830241 0.000000 0.000000 0.000000 157.282871 176.076993 0.000000 0.000000 0.000000 0.000000 0.000000
48.794059 0.000000 114.944678 95.822300 50.295965 27.826366 52.777046 0.000000 79.413313 49.305695 91.896669 88.512469 96.954515 26.967969 55.239041 0.000000 129.673281 107.931462 126.680447 92.079673 94.395829 0.000000 108.303627 87.144895 90.477333 130.780373 119.808173 83.756309 45.886110 70.441529 115.710571 29.830997 98.782713 51.992628 0.000000 0.000000 0.000000 154.197486 0.000000 0.000000 156.149363 169.532967 88.863333 192.879987 0.000000 0.000000 0.000000 170.965965 0.000000 0.000000 0.000000 0.000000 0.000000 0.000000 0.000000 0.000000 0.000000 140.731251 0.000000 0.000000 0.000000 158.461637 176.354233 0.000000 0.000000 0.000000 0.000000 0.000000
69.795520 73.061969 0.000000 60.724666 73.978796 58.570161 75.460878 79.413313 0.000000 73.224352 132.324810 26.672273 120.906467 90.192838 47.851215 43.632583 143.680047 162.009512 138.092319 54.561646 54.794938 21.271632 0.000000 39.578514 104.767939 131.712061 127.876156 66.349105 94.674505 57.158855 0.000000 0.000000 74.696284 116.980477 0.000000 0.000000 0.000000 150.929002 0.000000 0.000000 0.000000 93.267971 0.000000 134.729973 0.000000 0.000000 0.000000 88.697208 0.000000 0.000000 0.000000 0.000000 0.000000 0.000000 0.000000 0.000000 0.000000 61.947529 0.000000 0.000000 199.456168 80.591900 96.023117 0.000000 0.000000 0.000000 0.000000 0.000000
96.782564 0.000000 155.647094 22.437287 105.115122 35.098950 30.772799 49.305695 73.224352 0.000000 167.315752 32.655322 166.736082 101.506056 82.253997 0.000000 183.898682 178.651956 188.291785 21.083970 107.096930 0.000000 178.599658 77.383737 0.000000 178.626124 182.454929 46.624007 116.396990 150.484245 0.000000 131.996140 103.222624 98.062472 0.000000 0.000000 0.000000 173.603927 0.000000 157.239559 159.350985 173.359320 103.319000 179.163690 0.000000 162.287659 0.000000 175.823403 0.000000 0.000000 0.000000 0.000000 0.000000 164.718701 0.000000 0.000000 0.000000 145.367137 0.000000 0.000000 0.000000 168.212134 195.980790 0.000000 0.000000 0.000000 0.000000 0.000000
111.099249 55.659025 77.062462 0.000000 97.883632 112.109646 148.377478 91.896669 132.324810 167.315752 0.000000 148.685592 26.843407 104.387517 0.000000 0.000000 41.197747 28.002849 25.848583 156.935104 0.000000 95.275035 0.000000 153.057864 32.226569 31.246255 61.759016 172.655530 87.772060 75.610977 40.001182 70.542366 0.000000 25.944897 0.000000 102.874349 0.000000 0.000000 0.000000 0.000000 0.000000 0.000000 179.620640 0.000000 92.819771 0.000000 87.989593 0.000000 0.000000 0.000000 0.000000 98.283529 0.000000 0.000000 0.000000 0.000000 0.000000 205.165132 61.028138 101.870585 107.475923 0.000000 0.000000 0.000000 102.625462 0.000000 0.000000 0.000000
0.000000 0.000000 0.000000 41.619931 77.288405 48.793696 77.829963 88.512469 26.672273 32.655322 148.685592 0.000000 160.116310 101.047273 53.450218 0.000000 196.187487 156.841863 168.151009 21.312589 0.000000 0.000000 0.000000 53.640718 0.000000 168.540907 171.429107 64.120839 110.110460 0.000000 0.000000 108.981519 0.000000 92.690391 0.000000 0.000000 0.000000 144.789848 0.000000 126.888084 146.495911 0.000000 70.736666 151.298493 0.000000 133.643061 0.000000 0.000000 0.000000 0.000000 0.000000 0.000000 0.000000 134.044039 0.000000 0.000000 0.000000 148.704507 0.000000 0.000000 0.000000 147.821623 0.000000 0.000000 0.000000 0.000000 0.000000 0.000000
0.000000 47.702376 0.000000 0.000000 133.748074 122.222448 0.000000 96.954515 120.906467 166.736082 26.843407 160.116310 0.000000 105.915967 160.766986 0.000000 0.000000 52.066929 86.469285 165.286934 0.000000 85.617103 0.000000 138.460137 23.719917 29.372244 39.381094 166.074912 84.350837 0.000000 19.943376 74.858997 0.000000 37.222550 0.000000 105.071145 0.000000 0.000000 0.000000 0.000000 0.000000 0.000000 184.959862 0.000000 74.212192 0.000000 74.848774 0.000000 0.000000 0.000000 0.000000 98.099169 0.000000 0.000000 0.000000 126.974182 0.000000 198.268775 39.615166 88.630154 99.275067 0.000000 0.000000 0.000000 91.722908 0.000000 0.000000 0.000000
19.740305 0.000000 115.973757 115.829053 105.986152 57.018847 47.742748 26.967969 90.192838 101.506056 104.387517 101.047273 105.915967 0.000000 101.173467 0.000000 130.160962 115.832443 134.712848 102.605708 93.789610 0.000000 107.286436 106.329163 95.499636 131.211141 123.727697 99.698107 28.093312 64.451674 130.819972 17.602624 91.039329 43.230327 0.000000 0.000000 0.000000 193.748328 0.000000 0.000000 172.691249 186.301514 104.283544 204.516673 0.000000 0.000000 0.000000 183.439201 0.000000 0.000000 0.000000 0.000000 0.000000 0.000000 154.887949 0.000000 0.000000 152.009314 0.000000 190.472573 190.824605 164.849175 178.730059 151.877777 0.000000 0.000000 0.000000 0.000000
0.000000 118.398449 142.337891 0.000000 22.927574 22.402562 0.000000 55.239041 47.851215 82.253997 0.000000 53.450218 160.766986 101.173467 0.000000 0.000000 0.000000 0.000000 184.737083 77.240377 0.000000 75.760113 0.000000 69.330489 148.171643 165.863349 164.592525 99.582947 77.401337 0.000000 0.000000 40.546857 0.000000 45.124095 0.000000 0.000000 0.000000 0.000000 0.000000 0.000000 0.000000 0.000000 0.000000 0.000000 0.000000 0.000000 0.000000 0.000000 0.000000 0.000000 0.000000 0.000000 0.000000 0.000000 0.000000 0.000000 0.000000 0.000000 0.000000 0.000000 0.000000 0.000000 0.000000 0.000000 0.000000 0.000000 0.000000 0.000000
0.000000 0.000000 87.383821 0.000000 0.000000 0.000000 99.896439 0.000000 43.632583 0.000000 0.000000 0.000000 0.000000 0.000000 0.000000 0.000000 112.562960 0.000000 0.000000 0.000000 48.672090 39.691500 37.085652 52.150432 109.188841 115.550504 59.884987 58.801435 90.813776 71.225546 0.000000 0.000000 73.261794 78.884335 0.000000 0.000000 156.877643 0.000000 0.000000 0.000000 0.000000 0.000000 0.000000 0.000000 0.000000 0.000000 0.000000 0.000000 0.000000 100.955278 0.000000 0.000000 0.000000 0.000000 118.222854 57.778793 108.728778 104.014783 0.000000 0.000000 101.937476 118.341207 130.127413 115.619771 0.000000 0.000000 0.000000 0.000000
114.089087 0.000000 44.726838 0.000000 179.110697 149.180408 114.082887 129.673281 143.680047 183.898682 41.197747 196.187487 0.000000 130.160962 0.000000 112.562960 0.000000 40.773900 25.376438 0.000000 82.493597 84.708974 42.767613 132.040638 0.000000 36.765513 66.336167 121.049402 115.239974 79.572513 0.000000 137.773865 0.000000 26.771247 0.000000 0.000000 109.926853 0.000000 0.000000 0.000000 0.000000 0.000000 0.000000 0.000000 0.000000 0.000000 0.000000 0.000000 0.000000 0.000000 114.458408 0.000000 109.185776 0.000000 0.000000 0.000000 0.000000 0.000000 0.000000 108.800010 113.911462 0.000000 0.000000 0.000000 0.000000 0.000000 0.000000 0.000000
137.381181 80.046556 83.121355 0.000000 117.152475 152.778105 171.206651 107.931462 162.009512 178.651956 28.002849 156.841863 52.066929 115.832443 0.000000 0.000000 40.773900 0.000000 20.249501 168.763129 0.000000 103.918976 100.675306 165.643235 53.153372 28.935013 65.501500 178.328158 101.247124 108.887907 54.867821 89.524163 0.000000 50.183998 0.000000 0.000000 0.000000 0.000000 0.000000 0.000000 0.000000 0.000000 0.000000 0.000000 96.446307 0.000000 94.942304 0.000000 0.000000 0.000000 0.000000 104.777801 114.735661 0.000000 0.000000 0.000000 0.000000 205.982721 60.155851 100.863443 106.817734 0.000000 0.000000 0.000000 106.785306 0.000000 0.000000 0.000000
128.333526 69.214676 60.003525 0.000000 145.009129 158.975342 128.221386 126.680447 138.092319 188.291785 25.848583 168.151009 86.469285 134.712848 184.737083 0.000000 25.376438 20.249501 0.000000 162.510426 97.432504 96.910495 68.563266 151.825168 50.396656 34.701564 68.961423 145.827481 124.465216 96.806433 0.000000 91.113918 131.451492 45.907405 0.000000 63.290735 123.127766 0.000000 0.000000 0.000000 0.000000 0.000000 0.000000 0.000000 0.000000 0.000000 106.292330 0.000000 0.000000 0.000000 0.000000 103.550510 110.518841 0.000000 0.000000 0.000000 0.000000 196.166491 66.822451 100.959313 104.884116 211.983530 0.000000 0.000000 117.552342 0.000000 0.000000 0.000000
110.052642 0.000000 0.000000 20.876887 101.911951 57.483273 74.062537 92.079673 54.561646 21.083970 156.935104 21.312589 165.286934 102.605708 77.240377 0.000000 0.000000 168.763129 162.510426 0.000000 0.000000 0.000000 0.000000 36.946578 0.000000 169.840651 174.128436 34.753477 111.302518 0.000000 0.000000 114.389224 0.000000 93.219664 0.000000 0.000000 0.000000 158.011417 0.000000 135.706365 145.783686 155.957770 75.247196 160.930750 0.000000 138.262866 0.000000 0.000000 0.000000 0.000000 0.000000 0.000000 0.000000 146.229008 0.000000 0.000000 0.000000 123.766781 0.000000 0.000000 0.000000 153.233070 0.000000 0.000000 0.000000 0.000000 0.000000 0.000000
80.323562 0.000000 65.676715 0.000000 0.000000 101.093196 73.467520 94.395829 54.794938 107.096930 0.000000 0.000000 0.000000 93.789610 0.000000 48.672090 82.493597 0.000000 97.432504 0.000000 0.000000 55.561062 46.048548 84.988093 0.000000 122.051754 68.187185 31.503492 51.664841 37.362697 0.000000 0.000000 31.421445 48.001773 0.000000 0.000000 0.000000 0.000000 0.000000 0.000000 0.000000 0.000000 77.340611 0.000000 0.000000 0.000000 0.000000 149.606779 0.000000 114.920257 0.000000 0.000000 0.000000 0.000000 123.266160 69.566278 120.753936 118.458383 0.000000 0.000000 0.000000 127.982179 139.084832 121.267589 0.000000 0.000000 0.000000 0.000000
0.000000 41.891722 74.798545 0.000000 104.978760 0.000000 0.000000 0.000000 21.271632 0.000000 95.275035 0.000000 85.617103 0.000000 75.760113 39.691500 84.708974 103.918976 96.910495 0.000000 55.561062 0.000000 56.159282 46.146620 72.052958 86.321911 74.236628 63.530776 90.353798 53.689775 0.000000 0.000000 0.000000 103.641848 0.000000 0.000000 0.000000 0.000000 0.000000 0.000000 0.000000 0.000000 0.000000 0.000000 0.000000 0.000000 153.083295 0.000000 0.000000 54.520657 0.000000 0.000000 0.000000 0.000000 65.653342 0.000000 0.000000 65.792771 0.000000 124.817157 121.994915 68.768094 79.488541 64.270942 0.000000 0.000000 0.000000 0.000000
95.796848 0.000000 43.083911 0.000000 0.000000 112.759706 86.983981 108.303627 0.000000 178.599658 0.000000 0.000000 0.000000 107.286436 0.000000 37.085652 42.767613 100.675306 68.563266 0.000000 46.048548 56.159282 0.000000 82.729666 0.000000 86.047962 58.279726 69.843757 98.716833 62.540018 0.000000 0.000000 91.055832 43.985119 0.000000 63.873262 99.140879 0.000000 0.000000 0.000000 175.029908 0.000000 0.000000 0.000000 0.000000 0.000000 0.000000 0.000000 0.000000 106.357936 140.217398 0.000000 198.467991 0.000000 123.317056 66.559990 109.387048 0.000000 0.000000 151.935722 104.430677 142.585216 0.000000 123.190654 0.000000 0.000000 0.000000 0.000000
92.178697 85.257429 95.193745 31.893345 96.062331 79.794770 54.006150 87.144895 39.578514 77.383737 153.057864 53.640718 138.460137 106.329163 69.330489 52.150432 132.040638 165.643235 151.825168 36.946578 84.988093 46.146620 82.729666 0.000000 120.252222 134.022846 115.798925 29.884978 105.119410 75.071238 165.247622 134.837303 86.608154 99.948142 140.715998 0.000000 161.604883 136.800232 0.000000 148.078938 121.997820 140.891595 57.968565 147.609437 201.985641 118.089421 204.748273 141.122110 0.000000 122.368370 0.000000 0.000000 187.551582 128.295603 115.998948 68.181312 0.000000 107.906468 157.263121 185.460056 179.455349 124.627372 137.722016 117.939272 0.000000 0.000000 0.000000 0.000000
0.000000 28.186086 0.000000 0.000000 158.326259 0.000000 0.000000 90.477333 104.767939 0.000000 32.226569 0.000000 23.719917 95.499636 148.171643 109.188841 0.000000 53.153372 50.396656 0.000000 0.000000 72.052958 0.000000 120.252222 0.000000 44.778827 39.022790 139.628888 86.893928 0.000000 0.000000 77.624088 0.000000 46.965309 0.000000 0.000000 0.000000 0.000000 0.000000 0.000000 0.000000 0.000000 0.000000 0.000000 62.711604 0.000000 42.857963 0.000000 0.000000 0.000000 0.000000 0.000000 0.000000 0.000000 0.000000 0.000000 0.000000 0.000000 27.681087 84.432158 97.211347 0.000000 0.000000 0.000000 88.447201 0.000000 0.000000 0.000000
129.630662 54.586482 34.651148 193.145734 171.308330 150.780276 137.511565 130.780373 131.712061 178.626124 31.246255 168.540907 29.372244 131.211141 165.863349 115.550504 36.765513 28.935013 34.701564 169.840651 122.051754 86.321911 86.047962 134.022846 44.778827 0.000000 45.291968 135.884042 116.915413 115.739454 49.569322 92.527189 0.000000 56.179496 0.000000 54.301923 101.407175 0.000000 0.000000 0.000000 198.662561 0.000000 185.176732 0.000000 100.104695 0.000000 95.554328 0.000000 0.000000 0.000000 102.735748 99.775952 99.917909 0.000000 162.355828 146.583625 123.031227 196.909778 56.974217 92.807314 95.627993 213.912016 0.000000 177.177144 104.549604 0.000000 0.000000 100.072366
156.900947 38.806826 30.381188 0.000000 184.301869 158.914675 133.088527 119.808173 127.876156 182.454929 61.759016 171.429107 39.381094 123.727697 164.592525 59.884987 66.336167 65.501500 68.961423 174.128436 68.187185 74.236628 58.279726 115.798925 39.022790 45.291968 0.000000 83.505187 113.033198 131.277768 48.991588 104.915819 0.000000 64.530852 0.000000 40.764157 87.620601 0.000000 0.000000 0.000000 212.888967 0.000000 194.670555 0.000000 102.731682 0.000000 96.899560 223.822216 0.000000 100.216081 96.522253 101.621278 102.147810 0.000000 133.181825 54.590392 98.702306 204.611870 56.723742 90.518771 90.454869 203.827505 0.000000 167.040377 107.832072 0.000000 0.000000 104.763082
93.070007 0.000000 87.975200 19.554510 122.508324 65.606486 39.663658 83.756309 66.349105 46.624007 172.655530 64.120839 166.074912 99.698107 99.582947 58.801435 121.049402 178.328158 145.827481 34.753477 31.503492 63.530776 69.843757 29.884978 139.628888 135.884042 83.505187 0.000000 105.388273 46.648925 0.000000 133.701909 84.120062 84.408272 0.000000 0.000000 0.000000 164.420067 0.000000 155.024739 146.011528 157.138073 83.390122 170.315774 0.000000 156.935987 0.000000 153.457740 0.000000 0.000000 0.000000 0.000000 0.000000 154.356210 125.877066 68.846998 0.000000 125.023122 0.000000 190.917529 180.308681 154.126330 148.900264 128.168199 0.000000 0.000000 0.000000 0.000000
21.029769 103.775960 115.531025 118.586222 151.368731 63.959555 81.999652 45.886110 94.674505 116.396990 87.772060 110.110460 84.350837 28.093312 77.401337 90.813776 115.239974 101.247124 124.465216 111.302518 51.664841 90.353798 98.716833 105.119410 86.893928 116.915413 113.033198 105.388273 0.000000 41.513202 104.556910 9.291343 22.070543 35.632558 0.000000 0.000000 0.000000 188.241676 0.000000 0.000000 169.960450 181.908596 98.706132 211.351437 0.000000 0.000000 0.000000 178.840525 0.000000 0.000000 0.000000 0.000000 0.000000 0.000000 134.244359 95.843247 0.000000 146.154764 0.000000 194.068870 157.265549 156.174420 161.714705 133.405563 0.000000 0.000000 0.000000 135.498776
36.661829 0.000000 86.621779 0.000000 0.000000 86.626113 29.518878 70.441529 57.158855 150.484245 75.610977 0.000000 0.000000 64.451674 0.000000 71.225546 79.572513 108.887907 96.806433 0.000000 37.362697 53.689775 62.540018 75.071238 0.000000 115.739454 131.277768 46.648925 41.513202 0.000000 0.000000 0.000000 12.276592 31.895681 133.259792 0.000000 0.000000 0.000000 0.000000 0.000000 154.462796 151.366603 69.417687 0.000000 0.000000 0.000000 0.000000 152.730869 0.000000 118.440298 0.000000 0.000000 0.000000 0.000000 118.088828 65.815129 145.296475 113.852081 0.000000 175.920868 176.968646 123.843128 137.348060 117.366039 0.000000 0.000000 0.000000 106.756996
0.000000 0.000000 0.000000 0.000000 0.000000 0.000000 0.000000 115.710571 0.000000 0.000000 40.001182 0.000000 19.943376 130.819972 0.000000 0.000000 0.000000 54.867821 0.000000 0.000000 0.000000 0.000000 0.000000 165.247622 0.000000 49.569322 48.991588 0.000000 104.556910 0.000000 0.000000 91.532375 0.000000 71.647651 0.000000 0.000000 0.000000 0.000000 0.000000 0.000000 0.000000 0.000000 0.000000 0.000000 0.000000 0.000000 95.787589 0.000000 0.000000 0.000000 0.000000 0.000000 0.000000 0.000000 0.000000 0.000000 0.000000 0.000000 0.000000 101.403853 109.721763 0.000000 0.000000 0.000000 0.000000 0.000000 0.000000 0.000000
0.000000 0.000000 0.000000 133.648452 20.205819 32.759972 120.342420 29.830997 0.000000 131.996140 70.542366 108.981519 74.858997 17.602624 40.546857 0.000000 137.773865 89.524163 91.113918 114.389224 0.000000 0.000000 0.000000 134.837303 77.624088 92.527189 104.915819 133.701909 9.291343 0.000000 91.532375 0.000000 0.000000 19.946194 0.000000 0.000000 0.000000 0.000000 0.000000 0.000000 0.000000 0.000000 0.000000 0.000000 0.000000 0.000000 0.000000 0.000000 0.000000 0.000000 0.000000 0.000000 0.000000 0.000000 0.000000 0.000000 0.000000 0.000000 0.000000 0.000000 0.000000 195.452484 0.000000 0.000000 0.000000 0.000000 0.000000 0.000000
0.000000 0.000000 0.000000 0.000000 0.000000 0.000000 77.759945 98.782713 74.696284 103.222624 0.000000 0.000000 0.000000 91.039329 0.000000 73.261794 0.000000 0.000000 131.451492 0.000000 31.421445 0.000000 91.055832 86.608154 0.000000 0.000000 0.000000 84.120062 22.070543 12.276592 0.000000 0.000000 0.000000 22.112239 0.000000 0.000000 0.000000 0.000000 0.000000 0.000000 0.000000 0.000000 0.000000 0.000000 0.000000 0.000000 0.000000 0.000000 0.000000 0.000000 0.000000 0.000000 0.000000 0.000000 0.000000 0.000000 0.000000 131.089269 0.000000 0.000000 0.000000 147.997432 150.941218 0.000000 0.000000 0.000000 0.000000 0.000000
62.913803 71.009072 59.281606 99.537199 23.510249 95.698559 79.782120 51.992628 116.980477 98.062472 25.944897 92.690391 37.222550 43.230327 45.124095 78.884335 26.771247 50.183998 45.907405 93.219664 48.001773 103.641848 43.985119 99.948142 46.965309 56.179496 64.530852 84.408272 35.632558 31.895681 71.647651 19.946194 22.112239 0.000000 0.000000 60.236788 0.000000 171.681680 0.000000 0.000000 152.414154 170.697764 97.343104 181.304666 0.000000 0.000000 0.000000 164.776722 0.000000 0.000000 0.000000 0.000000 0.000000 0.000000 0.000000 0.000000 0.000000 138.835996 0.000000 107.513829 100.920906 154.568560 162.003238 0.000000 0.000000 0.000000 0.000000 0.000000
0.000000 0.000000 0.000000 0.000000 0.000000 0.000000 0.000000 0.000000 0.000000 0.000000 0.000000 0.000000 0.000000 0.000000 0.000000 0.000000 0.000000 0.000000 0.000000 0.000000 0.000000 0.000000 0.000000 140.715998 0.000000 0.000000 0.000000 0.000000 0.000000 133.259792 0.000000 0.000000 0.000000 0.000000 0.000000 0.000000 108.971140 0.000000 0.000000 107.492172 34.618916 39.728874 67.727362 92.305916 129.764010 0.000000 0.000000 20.014205 0.000000 0.000000 103.847850 134.449792 126.446804 0.000000 71.511601 0.000000 90.557806 91.274577 0.000000 135.027570 146.774203 87.542993 23.848018 22.908592 0.000000 0.000000 0.000000 76.266015
0.000000 0.000000 52.956795 0.000000 0.000000 0.000000 0.000000 0.000000 0.000000 0.000000 102.874349 0.000000 105.071145 0.000000 0.000000 0.000000 0.000000 0.000000 63.290735 0.000000 0.000000 0.000000 63.873262 0.000000 0.000000 54.301923 40.764157 0.000000 0.000000 0.000000 0.000000 0.000000 0.000000 60.236788 0.000000 0.000000 35.254873 0.000000 132.205170 0.000000 0.000000 0.000000 69.769282 0.000000 0.000000 0.000000 44.842099 0.000000 119.052944 0.000000 51.673122 74.906192 44.108939 0.000000 104.204159 34.098745 0.000000 75.640398 26.760813 35.198428 30.586785 107.314866 0.000000 0.000000 61.128742 0.000000 0.000000 45.244845
0.000000 0.000000 96.566258 0.000000 0.000000 0.000000 0.000000 0.000000 0.000000 0.000000 0.000000 0.000000 0.000000 0.000000 0.000000 156.877643 109.926853 0.000000 123.127766 0.000000 0.000000 0.000000 99.140879 161.604883 0.000000 101.407175 87.620601 0.000000 0.000000 0.000000 0.000000 0.000000 0.000000 0.000000 108.971140 35.254873 0.000000 0.000000 0.000000 0.000000 95.526323 125.005926 0.000000 0.000000 73.026731 0.000000 83.539940 117.137186 0.000000 0.000000 42.934116 78.963378 59.566748 0.000000 66.612669 43.319316 41.954723 0.000000 0.000000 40.653387 30.192485 87.239552 117.991452 95.607099 86.919930 0.000000 0.000000 44.209905
0.000000 0.000000 0.000000 163.070942 0.000000 157.599953 167.471048 154.197486 150.929002 173.603927 0.000000 144.789848 0.000000 193.748328 0.000000 0.000000 0.000000 0.000000 0.000000 158.011417 0.000000 0.000000 0.000000 136.800232 0.000000 0.000000 0.000000 164.420067 188.241676 0.000000 0.000000 0.000000 0.000000 171.681680 0.000000 0.000000 0.000000 0.000000 0.000000 77.031162 47.580341 99.689909 69.906394 22.613721 0.000000 41.868898 0.000000 112.249965 0.000000 0.000000 0.000000 0.000000 0.000000 18.422809 0.000000 0.000000 0.000000 33.787890 0.000000 0.000000 132.896850 26.451954 110.041644 0.000000 0.000000 0.000000 0.000000 0.000000
0.000000 0.000000 0.000000 0.000000 0.000000 0.000000 0.000000 0.000000 0.000000 0.000000 0.000000 0.000000 0.000000 0.000000 0.000000 0.000000 0.000000 0.000000 0.000000 0.000000 0.000000 0.000000 0.000000 0.000000 0.000000 0.000000 0.000000 0.000000 0.000000 0.000000 0.000000 0.000000 0.000000 0.000000 0.000000 132.205170 0.000000 0.000000 0.000000 28.953291 97.842748 101.579720 55.627839 91.464974 0.000000 0.000000 0.000000 131.217675 15.844780 0.000000 0.000000 0.000000 0.000000 0.000000 0.000000 102.077685 0.000000 61.824730 177.877322 0.000000 170.302283 113.697712 139.613172 0.000000 0.000000 0.000000 0.000000 0.000000
0.000000 0.000000 0.000000 144.582224 0.000000 132.491527 157.483224 0.000000 0.000000 157.239559 0.000000 126.888084 0.000000 0.000000 0.000000 0.000000 0.000000 0.000000 0.000000 135.706365 0.000000 0.000000 0.000000 148.078938 0.000000 0.000000 0.000000 155.024739 0.000000 0.000000 0.000000 0.000000 0.000000 0.000000 107.492172 0.000000 0.000000 77.031162 28.953291 0.000000 58.599944 35.753873 48.405532 42.216443 0.000000 45.505642 0.000000 70.583592 27.780263 0.000000 0.000000 0.000000 0.000000 60.199375 0.000000 0.000000 141.663040 86.686593 0.000000 0.000000 159.621672 67.105013 77.524853 104.551375 0.000000 78.453297 0.000000 0.000000
0.000000 0.000000 170.566291 149.951091 0.000000 150.003622 139.915859 156.149363 0.000000 159.350985 0.000000 146.495911 0.000000 172.691249 0.000000 0.000000 0.000000 0.000000 0.000000 145.783686 0.000000 0.000000 175.029908 121.997820 0.000000 198.662561 212.888967 146.011528 169.960450 154.462796 0.000000 0.000000 0.000000 152.414154 34.618916 0.000000 95.526323 47.580341 97.842748 58.599944 0.000000 54.788134 63.918025 35.605920 125.094301 61.441437 148.227166 44.837392 86.197942 78.415074 99.683492 126.278546 119.275564 47.577893 67.704775 0.000000 83.594849 49.756009 0.000000 123.253907 108.636124 43.708427 75.803347 26.489949 155.763007 0.000000 0.000000 82.673154
162.982681 0.000000 0.000000 163.158979 0.000000 168.902657 159.367476 169.532967 93.267971 173.359320 0.000000 0.000000 0.000000 186.301514 0.000000 0.000000 0.000000 0.000000 0.000000 155.957770 0.000000 0.000000 0.000000 140.891595 0.000000 0.000000 0.000000 157.138073 181.908596 151.366603 0.000000 0.000000 0.000000 170.697764 39.728874 0.000000 125.005926 99.689909 101.579720 35.753873 54.788134 0.000000 75.414123 50.562472 159.137800 94.704682 0.000000 27.846542 44.171794 0.000000 138.872041 158.308316 150.666655 93.654812 94.038345 0.000000 113.319813 87.157226 0.000000 154.700340 139.253730 89.229238 38.146073 78.065005 181.259201 39.489755 0.000000 106.250935
86.411870 0.000000 0.000000 84.251910 0.000000 129.577165 107.427588 88.863333 0.000000 103.319000 179.620640 70.736666 184.959862 104.283544 0.000000 0.000000 0.000000 0.000000 0.000000 75.247196 77.340611 0.000000 0.000000 57.968565 0.000000 185.176732 194.670555 83.390122 98.706132 69.417687 0.000000 0.000000 0.000000 97.343104 67.727362 69.769282 0.000000 69.906394 55.627839 48.405532 63.918025 75.414123 0.000000 75.382919 0.000000 52.527645 125.682914 75.750634 22.739235 0.000000 0.000000 0.000000 0.000000 58.019729 48.579398 29.347394 0.000000 37.921537 120.612086 139.679275 121.616215 65.074271 70.664027 62.185517 0.000000 0.000000 0.000000 0.000000
0.000000 0.000000 0.000000 169.227216 0.000000 160.120909 169.917371 192.879987 134.729973 179.163690 0.000000 151.298493 0.000000 204.516673 0.000000 0.000000 0.000000 0.000000 0.000000 160.930750 0.000000 0.000000 0.000000 147.609437 0.000000 0.000000 0.000000 170.315774 211.351437 0.000000 0.000000 0.000000 0.000000 181.304666 92.305916 0.000000 0.000000 22.613721 91.464974 42.216443 35.605920 50.562472 75.382919 0.000000 0.000000 24.361687 0.000000 87.239606 75.419888 0.000000 0.000000 0.000000 0.000000 17.741475 0.000000 0.000000 117.824170 57.089700 0.000000 0.000000 138.707357 44.481479 103.973082 0.000000 0.000000 130.941386 0.000000 0.000000
0.000000 0.000000 0.000000 0.000000 0.000000 0.000000 0.000000 0.000000 0.000000 0.000000 92.819771 0.000000 74.212192 0.000000 0.000000 0.000000 0.000000 96.446307 0.000000 0.000000 0.000000 0.000000 0.000000 201.985641 62.711604 100.104695 102.731682 0.000000 0.000000 0.000000 0.000000 0.000000 0.000000 0.000000 129.764010 0.000000 73.026731 0.000000 0.000000 0.000000 125.094301 159.137800 0.000000 0.000000 0.000000 0.000000 16.518387 143.695801 0.000000 0.000000 50.012977 23.780523 35.265448 0.000000 103.586268 0.000000 83.710749 159.079202 39.106869 22.892428 45.460581 142.532709 132.455287 114.576548 20.704130 0.000000 0.000000 0.000000
0.000000 0.000000 0.000000 146.353911 0.000000 139.804524 157.675613 0.000000 0.000000 162.287659 0.000000 133.643061 0.000000 0.000000 0.000000 0.000000 0.000000 0.000000 0.000000 138.262866 0.000000 0.000000 0.000000 118.089421 0.000000 0.000000 0.000000 156.935987 0.000000 0.000000 0.000000 0.000000 0.000000 0.000000 0.000000 0.000000 0.000000 41.868898 0.000000 45.505642 61.441437 94.704682 52.527645 24.361687 0.000000 0.000000 0.000000 106.633239 31.383141 0.000000 0.000000 0.000000 0.000000 18.596612 0.000000 0.000000 0.000000 38.517268 0.000000 0.000000 0.000000 46.962208 100.119875 0.000000 0.000000 0.000000 0.000000 0.000000
0.000000 122.560291 0.000000 0.000000 0.000000 0.000000 0.000000 0.000000 0.000000 0.000000 87.989593 0.000000 74.848774 0.000000 0.000000 0.000000 0.000000 94.942304 106.292330 0.000000 0.000000 153.083295 0.000000 204.748273 42.857963 95.554328 96.899560 0.000000 0.000000 0.000000 95.787589 0.000000 0.000000 0.000000 0.000000 44.842099 83.539940 0.000000 0.000000 0.000000 148.227166 0.000000 125.682914 0.000000 16.518387 0.000000 0.000000 180.700940 169.217850 0.000000 86.145613 42.232154 63.699173 0.000000 0.000000 75.937212 118.154242 134.373416 22.348213 33.484780 30.615085 155.486529 0.000000 158.433313 23.822430 0.000000 0.000000 0.000000
165.896929 0.000000 0.000000 155.541255 0.000000 172.772525 181.761307 170.965965 88.697208 175.823403 0.000000 0.000000 0.000000 183.439201 0.000000 0.000000 0.000000 0.000000 0.000000 0.000000 149.606779 0.000000 0.000000 141.122110 0.000000 0.000000 223.822216 153.457740 178.840525 152.730869 0.000000 0.000000 0.000000 164.776722 20.014205 0.000000 117.137186 112.249965 131.217675 70.583592 44.837392 27.846542 75.750634 87.239606 143.695801 106.633239 180.700940 0.000000 82.142963 0.000000 124.285276 146.681350 139.878088 104.063312 89.549498 82.883755 105.723702 90.191376 0.000000 142.956406 144.389545 96.456502 24.204823 66.607477 171.287601 25.852239 0.000000 95.917456
0.000000 0.000000 0.000000 0.000000 0.000000 0.000000 0.000000 0.000000 0.000000 0.000000 0.000000 0.000000 0.000000 0.000000 0.000000 0.000000 0.000000 0.000000 0.000000 0.000000 0.000000 0.000000 0.000000 0.000000 0.000000 0.000000 0.000000 0.000000 0.000000 0.000000 0.000000 0.000000 0.000000 0.000000 0.000000 119.052944 0.000000 0.000000 15.844780 27.780263 86.197942 44.171794 22.739235 75.419888 0.000000 31.383141 169.217850 82.142963 0.000000 0.000000 0.000000 0.000000 0.000000 0.000000 0.000000 92.169925 0.000000 35.504502 155.064823 170.998411 161.052343 96.487179 117.618864 0.000000 0.000000 0.000000 0.000000 0.000000
0.000000 0.000000 128.662235 0.000000 0.000000 0.000000 0.000000 0.000000 0.000000 0.000000 0.000000 0.000000 0.000000 0.000000 0.000000 100.955278 0.000000 0.000000 0.000000 0.000000 114.920257 54.520657 106.357936 122.368370 0.000000 0.000000 100.216081 0.000000 0.000000 118.440298 0.000000 0.000000 0.000000 0.000000 0.000000 0.000000 0.000000 0.000000 0.000000 0.000000 78.415074 0.000000 0.000000 0.000000 0.000000 0.000000 0.000000 0.000000 0.000000 0.000000 90.555158 0.000000 0.000000 0.000000 36.079502 35.294701 17.166509 22.893759 0.000000 116.721024 38.201606 28.208629 84.372557 70.905632 0.000000 0.000000 0.000000 68.306248
0.000000 0.000000 99.941934 0.000000 0.000000 0.000000 0.000000 0.000000 0.000000 0.000000 0.000000 0.000000 0.000000 0.000000 0.000000 0.000000 114.458408 0.000000 0.000000 0.000000 0.000000 0.000000 140.217398 0.000000 0.000000 102.735748 96.522253 0.000000 0.000000 0.000000 0.000000 0.000000 0.000000 0.000000 103.847850 51.673122 42.934116 0.000000 0.000000 0.000000 99.683492 138.872041 0.000000 0.000000 50.012977 0.000000 86.145613 124.285276 0.000000 90.555158 0.000000 49.055751 30.986650 0.000000 64.882964 95.578023 37.664430 130.554733 0.000000 37.432225 62.139539 108.021903 102.509862 77.511999 81.986568 0.000000 0.000000 42.560811
0.000000 0.000000 134.654816 0.000000 0.000000 0.000000 0.000000 0.000000 0.000000 0.000000 98.283529 0.000000 98.099169 0.000000 0.000000 0.000000 0.000000 104.777801 103.550510 0.000000 0.000000 0.000000 0.000000 0.000000 0.000000 99.775952 101.621278 0.000000 0.000000 0.000000 0.000000 0.000000 0.000000 0.000000 134.449792 74.906192 78.963378 0.000000 0.000000 0.000000 126.278546 158.308316 0.000000 0.000000 23.780523 0.000000 42.232154 146.681350 0.000000 0.000000 49.055751 0.000000 26.466249 0.000000 108.270953 0.000000 91.261181 158.789497 40.846228 20.751905 58.370989 138.210224 134.432469 116.285599 42.768662 0.000000 0.000000 41.519562
0.000000 0.000000 111.013839 0.000000 0.000000 0.000000 0.000000 0.000000 0.000000 0.000000 0.000000 0.000000 0.000000 0.000000 0.000000 0.000000 109.185776 114.735661 110.518841 0.000000 0.000000 0.000000 198.467991 187.551582 0.000000 99.917909 102.147810 0.000000 0.000000 0.000000 0.000000 0.000000 0.000000 0.000000 126.446804 44.108939 59.566748 0.000000 0.000000 0.000000 119.275564 150.666655 0.000000 0.000000 35.265448 0.000000 63.699173 139.878088 0.000000 0.000000 30.986650 26.466249 0.000000 0.000000 94.646654 0.000000 87.374857 133.647417 46.037689 35.140086 62.402024 123.443654 126.630929 109.514434 66.966661 0.000000 0.000000 33.885305
0.000000 0.000000 0.000000 151.764989 0.000000 142.551728 0.000000 0.000000 0.000000 164.718701 0.000000 134.044039 0.000000 0.000000 0.000000 0.000000 0.000000 0.000000 0.000000 146.229008 0.000000 0.000000 0.000000 128.295603 0.000000 0.000000 0.000000 154.356210 0.000000 0.000000 0.000000 0.000000 0.000000 0.000000 0.000000 0.000000 0.000000 18.422809 0.000000 60.199375 47.577893 93.654812 58.019729 17.741475 0.000000 18.596612 0.000000 104.063312 0.000000 0.000000 0.000000 0.000000 0.000000 0.000000 0.000000 0.000000 0.000000 28.124384 0.000000 0.000000 0.000000 23.396989 102.635815 0.000000 0.000000 0.000000 0.000000 0.000000
139.955976 0.000000 136.173434 0.000000 0.000000 0.000000 152.056417 0.000000 0.000000 0.000000 0.000000 0.000000 0.000000 154.887949 0.000000 118.222854 0.000000 0.000000 0.000000 0.000000 123.266160 65.653342 123.317056 115.998948 0.000000 162.355828 133.181825 125.877066 134.244359 118.088828 0.000000 0.000000 0.000000 0.000000 71.511601 104.204159 66.612669 0.000000 0.000000 0.000000 67.704775 94.038345 48.579398 0.000000 103.586268 0.000000 0.000000 89.549498 0.000000 36.079502 64.882964 108.270953 94.646654 0.000000 0.000000 51.161433 44.886647 8.459728 0.000000 96.300820 63.814529 26.984345 64.648786 35.230409 0.000000 0.000000 0.000000 44.552233
0.000000 0.000000 55.936099 0.000000 0.000000 0.000000 0.000000 0.000000 0.000000 0.000000 0.000000 0.000000 126.974182 0.000000 0.000000 57.778793 0.000000 0.000000 0.000000 0.000000 69.566278 0.000000 66.559990 68.181312 0.000000 146.583625 54.590392 68.846998 95.843247 65.815129 0.000000 0.000000 0.000000 0.000000 0.000000 34.098745 43.319316 0.000000 102.077685 0.000000 0.000000 0.000000 29.347394 0.000000 0.000000 0.000000 75.937212 82.883755 92.169925 35.294701 95.578023 0.000000 0.000000 0.000000 51.161433 0.000000 47.673805 38.715223 61.263701 89.263961 44.880216 54.982519 68.876490 51.972939 0.000000 0.000000 0.000000 0.000000
0.000000 0.000000 95.440741 0.000000 0.000000 0.000000 0.000000 0.000000 0.000000 0.000000 0.000000 0.000000 0.000000 0.000000 0.000000 108.728778 0.000000 0.000000 0.000000 0.000000 120.753936 0.000000 109.387048 0.000000 0.000000 123.031227 98.702306 0.000000 0.000000 145.296475 0.000000 0.000000 0.000000 0.000000 90.557806 0.000000 41.954723 0.000000 0.000000 141.663040 83.594849 113.319813 0.000000 117.824170 83.710749 0.000000 118.154242 105.723702 0.000000 17.166509 37.664430 91.261181 87.374857 0.000000 44.886647 47.673805 0.000000 75.752474 0.000000 76.244804 51.459438 78.165726 90.853684 43.465504 112.774602 0.000000 0.000000 47.793051
132.788733 0.000000 0.000000 127.271884 0.000000 134.845950 126.830241 140.731251 61.947529 145.367137 205.165132 148.704507 198.268775 152.009314 0.000000 104.014783 0.000000 205.982721 196.166491 123.766781 118.458383 65.792771 0.000000 107.906468 0.000000 196.909778 204.611870 125.023122 146.154764 113.852081 0.000000 0.000000 131.089269 138.835996 91.274577 75.640398 0.000000 33.787890 61.824730 86.686593 49.756009 87.157226 37.921537 57.089700 159.079202 38.517268 134.373416 90.191376 35.504502 22.893759 130.554733 158.789497 133.647417 28.124384 8.459728 38.715223 75.752474 0.000000 119.657829 132.776071 106.910789 23.049382 91.957986 75.289188 149.353619 0.000000 0.000000 124.353226
0.000000 75.830601 0.000000 0.000000 0.000000 0.000000 0.000000 0.000000 0.000000 0.000000 61.028138 0.000000 39.615166 0.000000 0.000000 0.000000 0.000000 60.155851 66.822451 0.000000 0.000000 0.000000 0.000000 157.263121 27.681087 56.974217 56.723742 0.000000 0.000000 0.000000 0.000000 0.000000 0.000000 0.000000 0.000000 26.760813 0.000000 0.000000 177.877322 0.000000 0.000000 0.000000 120.612086 0.000000 39.106869 0.000000 22.348213 0.000000 155.064823 0.000000 0.000000 40.846228 46.037689 0.000000 0.000000 61.263701 0.000000 119.657829 0.000000 33.298184 30.383315 149.691498 0.000000 0.000000 43.336793 0.000000 0.000000 0.000000
0.000000 75.379984 95.162760 0.000000 0.000000 0.000000 0.000000 0.000000 0.000000 0.000000 101.870585 0.000000 88.630154 190.472573 0.000000 0.000000 108.800010 100.863443 100.959313 0.000000 0.000000 124.817157 151.935722 185.460056 84.432158 92.807314 90.518771 190.917529 194.068870 175.920868 101.403853 0.000000 0.000000 107.513829 135.027570 35.198428 40.653387 0.000000 0.000000 0.000000 123.253907 154.700340 139.679275 0.000000 22.892428 0.000000 33.484780 142.956406 170.998411 116.721024 37.432225 20.751905 35.140086 0.000000 96.300820 89.263961 76.244804 132.776071 33.298184 0.000000 33.788158 139.623687 139.167884 120.070695 31.091995 0.000000 0.000000 41.870376
