0.000000 0.000000 0.001453 0.000173 0.000000 0.000120 0.040120 0.000813 0.000280 0.001587 0.000387 0.000000 0.000000 0.106800 0.000000 0.000000 0.003133 0.000227 0.004053 0.000080 0.001133 0.000000 0.002747 0.002707 0.000000 0.002893 0.000360 0.002693 0.121240 0.044000 0.000000 0.000000 0.000000 0.000400 0.000000 0.000000 0.000000 0.000000 0.000000 0.000000 0.000000 0.000133 0.000160 0.000000 0.000000 0.000000 0.000000 0.000280 0.000000 0.000000 0.000000 0.000000 0.000000 0.000000 0.000160 0.000000 0.000000 0.000413 0.000000 0.000000 0.000000 0.000613 0.000307 0.000080 0.000000 0.000000 0.000000 0.000000
0.000000 0.000000 0.000120 0.000000 0.000240 0.000000 0.000000 0.000000 0.000720 0.000000 0.001600 0.000000 0.002880 0.000000 0.000200 0.000000 0.000000 0.000107 0.000147 0.000000 0.000000 0.000480 0.000000 0.001960 0.001560 0.001867 0.028600 0.000000 0.000107 0.000000 0.000000 0.000000 0.000000 0.000613 0.000000 0.000000 0.000000 0.000000 0.000000 0.000000 0.000000 0.000000 0.000000 0.000000 0.000000 0.000000 0.000067 0.000000 0.000000 0.000000 0.000000 0.000000 0.000000 0.000000 0.000000 0.000000 0.000000 0.000000 0.000067 0.000093 0.000253 0.000000 0.000000 0.000000 0.000000 0.000000 0.000000 0.000000
0.001453 0.000120 0.000000 0.000000 0.000133 0.003693 0.025093 0.013547 0.000000 0.000307 0.000080 0.000000 0.000000 0.019467 0.000067 0.000200 0.077893 0.000267 0.007560 0.000000 0.016520 0.000080 0.148987 0.001000 0.000000 0.095293 0.091520 0.023467 0.003067 0.010347 0.000000 0.000000 0.000000 0.003160 0.000000 0.002733 0.064653 0.000000 0.000000 0.000000 0.000187 0.000000 0.000000 0.000000 0.000000 0.000000 0.000000 0.000000 0.000000 0.000107 0.008947 0.000093 0.000480 0.000000 0.000120 0.001520 0.017213 0.000000 0.000000 0.008827 0.038613 0.000173 0.000000 0.000080 0.000000 0.000000 0.000000 0.000200
0.000173 0.000000 0.000000 0.000000 0.000147 0.003093 0.001533 0.001067 0.004960 0.082413 0.000000 0.001933 0.000000 0.001573 0.000000 0.000000 0.000000 0.000000 0.000000 0.019507 0.000000 0.000000 0.000000 0.011653 0.000000 0.000080 0.000000 0.075880 0.001920 0.000000 0.000000 0.000187 0.000000 0.000973 0.000000 0.000000 0.000000 0.001413 0.000000 0.000453 0.001040 0.000333 0.000333 0.002107 0.000000 0.000640 0.000000 0.000080 0.000000 0.000000 0.000000 0.000000 0.000000 0.000307 0.000000 0.000000 0.000000 0.000960 0.000000 0.000000 0.000000 0.006133 0.000000 0.000000 0.000000 0.000000 0.000000 0.000000
0.000000 0.000240 0.000133 0.000147 0.000000 0.053160 0.000187 0.001053 0.000320 0.000320 0.000653 0.000973 0.000293 0.000293 0.033093 0.000000 0.000107 0.000173 0.000200 0.000347 0.000000 0.000360 0.000000 0.005787 0.000133 0.001093 0.003053 0.000333 0.000187 0.000000 0.000000 0.000760 0.000000 0.008800 0.000000 0.000000 0.000000 0.000000 0.000000 0.000000 0.000000 0.000000 0.000000 0.000000 0.000000 0.000000 0.000000 0.000000 0.000000 0.000000 0.000000 0.000000 0.000000 0.000000 0.000000 0.000000 0.000000 0.000000 0.000000 0.000000 0.000000 0.000000 0.000000 0.000000 0.000000 0.000000 0.000000 0.000000
0.000120 0.000000 0.003693 0.003093 0.053160 0.000000 0.048827 0.089667 0.003040 0.219293 0.000307 0.027493 0.000080 0.019627 0.015200 0.000000 0.000533 0.000080 0.000480 0.017360 0.002707 0.000000 0.000627 0.007067 0.000000 0.002267 0.000520 0.049400 0.007027 0.000573 0.000000 0.019400 0.000000 0.001040 0.000000 0.000000 0.000000 0.000853 0.000000 0.000920 0.000853 0.000267 0.000107 0.001587 0.000000 0.000747 0.000000 0.000347 0.000000 0.000000 0.000000 0.000000 0.000000 0.000453 0.000000 0.000000 0.000000 0.001893 0.000000 0.000000 0.000000 0.003147 0.000000 0.000000 0.000000 0.000000 0.000000 0.000000
0.040120 0.000000 0.025093 0.001533 0.000187 0.048827 0.000000 0.060880 0.000600 0.114293 0.000093 0.000933 0.000000 0.164227 0.000000 0.000107 0.003040 0.000067 0.001627 0.000853 0.020453 0.000000 0.015227 0.019587 0.000000 0.008440 0.002133 0.264333 0.035947 0.062587 0.000000 0.000133 0.001787 0.008440 0.000000 0.000000 0.000000 0.000067 0.000000 0.000093 0.000120 0.000133 0.000093 0.000253 0.000000 0.000067 0.000000 0.000067 0.000000 0.000000 0.000000 0.000000 0.000000 0.000000 0.000080 0.000000 0.000000 0.000253 0.000000 0.000000 0.000000 0.000813 0.000067 0.000000 0.000000 0.000000 0.000000 0.000000
0.000813 0.000000 0.013547 0.001067 0.001053 0.089667 0.060880 0.000000 0.000987 0.050787 0.002187 0.007373 0.000893 0.174613 0.000467 0.000000 0.004760 0.001467 0.004667 0.005920 0.007107 0.000000 0.003893 0.008147 0.000187 0.010800 0.004507 0.016453 0.020640 0.009640 0.000093 0.014693 0.000067 0.002387 0.000000 0.000000 0.000000 0.000093 0.000000 0.000000 0.000467 0.000480 0.000307 0.000133 0.000000 0.000000 0.000000 0.000480 0.000000 0.000000 0.000000 0.000000 0.000000 0.000000 0.000000 0.000000 0.000000 0.001387 0.000000 0.000000 0.000000 0.001573 0.000360 0.000000 0.000000 0.000000 0.000000 0.000000
0.000280 0.000720 0.000000 0.004960 0.000320 0.003040 0.000600 0.000987 0.000000 0.004267 0.000693 0.004693 0.001373 0.001387 0.000520 0.000107 0.000093 0.000067 0.000200 0.002840 0.000093 0.002947 0.000000 0.062320 0.000453 0.001120 0.004787 0.016893 0.002040 0.001387 0.000000 0.000000 0.000133 0.000480 0.000000 0.000000 0.000000 0.000067 0.000000 0.000000 0.000000 0.000360 0.000000 0.000107 0.000000 0.000000 0.000000 0.000360 0.000000 0.000000 0.000000 0.000000 0.000000 0.000000 0.000000 0.000000 0.000000 0.001200 0.000000 0.000000 0.000067 0.000533 0.000107 0.000000 0.000000 0.000000 0.000000 0.000000
0.001587 0.000000 0.000307 0.082413 0.000320 0.219293 0.114293 0.050787 0.004267 0.000000 0.000240 0.061667 0.000067 0.032120 0.000133 0.000000 0.000160 0.000133 0.000240 0.172173 0.000213 0.000000 0.000067 0.007760 0.000000 0.000613 0.001360 0.152600 0.016253 0.000187 0.000000 0.000573 0.000147 0.008853 0.000000 0.000000 0.000000 0.003227 0.000000 0.001107 0.002907 0.000787 0.000307 0.005173 0.000000 0.001600 0.000000 0.000613 0.000000 0.000000 0.000000 0.000000 0.000000 0.000653 0.000000 0.000000 0.000000 0.002360 0.000000 0.000000 0.000000 0.013627 0.000160 0.000000 0.000000 0.000000 0.000000 0.000000
0.000387 0.001600 0.000080 0.000000 0.000653 0.000307 0.000093 0.002187 0.000693 0.000240 0.000000 0.000360 0.065320 0.002680 0.000000 0.000000 0.002320 0.079267 0.022373 0.000253 0.000000 0.000467 0.000000 0.001520 0.007147 0.077813 0.012920 0.000147 0.008800 0.001973 0.004080 0.001893 0.000000 0.020053 0.000000 0.000147 0.000000 0.000000 0.000000 0.000000 0.000000 0.000000 0.000107 0.000000 0.000160 0.000000 0.001533 0.000000 0.000000 0.000000 0.000000 0.000160 0.000000 0.000000 0.000000 0.000000 0.000000 0.000160 0.000307 0.000933 0.001827 0.000000 0.000000 0.000000 0.000520 0.000000 0.000000 0.000000
0.000000 0.000000 0.000000 0.001933 0.000973 0.027493 0.000933 0.007373 0.004693 0.061667 0.000360 0.000000 0.000080 0.013067 0.000267 0.000000 0.000107 0.000200 0.000400 0.035853 0.000000 0.000000 0.000000 0.000867 0.000000 0.000720 0.001227 0.002573 0.005013 0.000000 0.000000 0.000720 0.000000 0.001880 0.000000 0.000000 0.000000 0.000640 0.000000 0.000627 0.000227 0.000000 0.000080 0.001013 0.000000 0.000600 0.000000 0.000000 0.000000 0.000000 0.000000 0.000000 0.000000 0.000240 0.000000 0.000000 0.000000 0.000200 0.000000 0.000000 0.000000 0.002107 0.000000 0.000000 0.000000 0.000000 0.000000 0.000000
0.000000 0.002880 0.000000 0.000000 0.000293 0.000080 0.000000 0.000893 0.001373 0.000067 0.065320 0.000080 0.000000 0.000667 0.000160 0.000000 0.000000 0.000733 0.000200 0.000107 0.000000 0.000840 0.000000 0.001520 0.036293 0.010587 0.039307 0.000080 0.001733 0.000000 0.013893 0.001280 0.000000 0.004173 0.000000 0.000187 0.000000 0.000000 0.000000 0.000000 0.000000 0.000000 0.000080 0.000000 0.002000 0.000000 0.008027 0.000000 0.000000 0.000000 0.000000 0.000280 0.000000 0.000000 0.000000 0.000093 0.000000 0.000320 0.003400 0.001747 0.003587 0.000000 0.000000 0.000000 0.001507 0.000000 0.000000 0.000000
0.106800 0.000000 0.019467 0.001573 0.000293 0.019627 0.164227 0.174613 0.001387 0.032120 0.002680 0.013067 0.000667 0.000000 0.000147 0.000000 0.009293 0.001907 0.011187 0.011893 0.008000 0.000000 0.010240 0.010867 0.000200 0.017493 0.009467 0.014920 0.116240 0.052760 0.000067 0.012280 0.000120 0.012333 0.000000 0.000000 0.000000 0.000067 0.000000 0.000000 0.000587 0.000853 0.000853 0.000080 0.000000 0.000000 0.000000 0.001213 0.000000 0.000000 0.000000 0.000000 0.000000 0.000000 0.000160 0.000000 0.000000 0.002360 0.000000 0.000093 0.000093 0.002627 0.000787 0.000107 0.000000 0.000000 0.000000 0.000000
0.000000 0.000200 0.000067 0.000000 0.033093 0.015200 0.000000 0.000467 0.000520 0.000133 0.000000 0.000267 0.000160 0.000147 0.000000 0.000000 0.000000 0.000000 0.000080 0.000200 0.000000 0.000560 0.000000 0.008853 0.000067 0.000453 0.001973 0.000107 0.000333 0.000000 0.000000 0.001027 0.000000 0.000507 0.000000 0.000000 0.000000 0.000000 0.000000 0.000000 0.000000 0.000000 0.000000 0.000000 0.000000 0.000000 0.000000 0.000000 0.000000 0.000000 0.000000 0.000000 0.000000 0.000000 0.000000 0.000000 0.000000 0.000000 0.000000 0.000000 0.000000 0.000000 0.000000 0.000000 0.000000 0.000000 0.000000 0.000000
0.000000 0.000000 0.000200 0.000000 0.000000 0.000000 0.000107 0.000000 0.000107 0.000000 0.000000 0.000000 0.000000 0.000000 0.000000 0.000000 0.000587 0.000000 0.000000 0.000000 0.023267 0.016160 0.035813 0.004733 0.000067 0.000960 0.005773 0.008507 0.000093 0.002800 0.000000 0.000000 0.000067 0.001253 0.000000 0.000000 0.000067 0.000000 0.000000 0.000000 0.000000 0.000000 0.000000 0.000000 0.000000 0.000000 0.000000 0.000000 0.000000 0.005280 0.000000 0.000000 0.000000 0.000000 0.008787 0.003773 0.019213 0.000560 0.000000 0.000000 0.001707 0.000720 0.000293 0.003533 0.000000 0.000000 0.000000 0.000000
0.003133 0.000000 0.077893 0.000000 0.000107 0.000533 0.003040 0.004760 0.000093 0.000160 0.002320 0.000107 0.000000 0.009293 0.000000 0.000587 0.000000 0.005120 0.063160 0.000000 0.000707 0.000147 0.025840 0.005333 0.000000 0.049467 0.107893 0.001827 0.014840 0.014387 0.000000 0.000067 0.000000 0.013600 0.000000 0.000000 0.000333 0.000000 0.000000 0.000000 0.000000 0.000000 0.000000 0.000000 0.000000 0.000000 0.000000 0.000000 0.000000 0.000000 0.000067 0.000000 0.000067 0.000000 0.000000 0.000000 0.000000 0.000000 0.000000 0.000813 0.000627 0.000000 0.000000 0.000000 0.000000 0.000000 0.000000 0.000000
0.000227 0.000107 0.000267 0.000000 0.000173 0.000080 0.000067 0.001467 0.000067 0.000133 0.079267 0.000200 0.000733 0.001907 0.000000 0.000000 0.005120 0.000000 0.037413 0.000267 0.000000 0.000067 0.000173 0.000413 0.000533 0.062973 0.010333 0.000080 0.003427 0.000480 0.000293 0.000693 0.000000 0.004187 0.000000 0.000000 0.000000 0.000000 0.000000 0.000000 0.000000 0.000000 0.000000 0.000000 0.000107 0.000000 0.000827 0.000000 0.000000 0.000000 0.000000 0.000187 0.000080 0.000000 0.000000 0.000000 0.000000 0.000067 0.000253 0.001893 0.002040 0.000000 0.000000 0.000000 0.000200 0.000000 0.000000 0.000000
0.004053 0.000147 0.007560 0.000000 0.000200 0.000480 0.001627 0.004667 0.000200 0.000240 0.022373 0.000400 0.000200 0.011187 0.000080 0.000000 0.063160 0.037413 0.000000 0.000267 0.000267 0.000187 0.003320 0.001560 0.000720 0.097587 0.038440 0.000720 0.021960 0.011667 0.000000 0.000507 0.000067 0.023747 0.000000 0.000133 0.000107 0.000000 0.000000 0.000000 0.000000 0.000000 0.000000 0.000000 0.000000 0.000000 0.000147 0.000000 0.000000 0.000000 0.000000 0.000093 0.000520 0.000000 0.000000 0.000000 0.000000 0.000093 0.000480 0.003987 0.003320 0.000107 0.000000 0.000000 0.000120 0.000000 0.000000 0.000000
0.000080 0.000000 0.000000 0.019507 0.000347 0.017360 0.000853 0.005920 0.002840 0.172173 0.000253 0.035853 0.000107 0.011893 0.000200 0.000000 0.000000 0.000267 0.000267 0.000000 0.000000 0.000000 0.000000 0.001653 0.000000 0.000747 0.001133 0.026160 0.004680 0.000000 0.000000 0.000773 0.000000 0.001560 0.000000 0.000000 0.000000 0.001160 0.000000 0.000573 0.000547 0.000173 0.000173 0.002053 0.000000 0.000973 0.000000 0.000000 0.000000 0.000000 0.000000 0.000000 0.000000 0.000413 0.000000 0.000000 0.000000 0.000640 0.000000 0.000000 0.000000 0.004253 0.000000 0.000000 0.000000 0.000000 0.000000 0.000000
0.001133 0.000000 0.016520 0.000000 0.000000 0.002707 0.020453 0.007107 0.000093 0.000213 0.000000 0.000000 0.000000 0.008000 0.000000 0.023267 0.000707 0.000000 0.000267 0.000000 0.000000 0.008093 0.208893 0.000813 0.000000 0.000467 0.009373 0.040547 0.007200 0.156053 0.000000 0.000000 0.000627 0.038800 0.000000 0.000000 0.000000 0.000000 0.000000 0.000000 0.000000 0.000000 0.000067 0.000000 0.000000 0.000000 0.000000 0.000120 0.000000 0.002653 0.000000 0.000000 0.000000 0.000000 0.013853 0.002520 0.005840 0.000787 0.000000 0.000000 0.000000 0.001533 0.000720 0.010053 0.000000 0.000000 0.000000 0.000000
0.000000 0.000480 0.000080 0.000000 0.000360 0.000000 0.000000 0.000000 0.002947 0.000000 0.000467 0.000000 0.000840 0.000000 0.000560 0.016160 0.000147 0.000067 0.000187 0.000000 0.008093 0.000000 0.001520 0.008667 0.000507 0.001133 0.007227 0.000360 0.000293 0.003560 0.000000 0.000000 0.000000 0.000307 0.000000 0.000000 0.000000 0.000000 0.000000 0.000000 0.000000 0.000000 0.000000 0.000000 0.000000 0.000000 0.000080 0.000000 0.000000 0.000173 0.000000 0.000000 0.000000 0.000000 0.000880 0.000000 0.000000 0.000080 0.000000 0.000107 0.000093 0.000107 0.000067 0.000627 0.000000 0.000000 0.000000 0.000000
0.002747 0.000000 0.148987 0.000000 0.000000 0.000627 0.015227 0.003893 0.000000 0.000067 0.000000 0.000000 0.000000 0.010240 0.000000 0.035813 0.025840 0.000173 0.003320 0.000000 0.208893 0.001520 0.000000 0.001720 0.000000 0.021667 0.168840 0.018240 0.010147 0.061067 0.000000 0.000000 0.000067 0.025533 0.000000 0.000187 0.007747 0.000000 0.000000 0.000000 0.000187 0.000000 0.000000 0.000000 0.000000 0.000000 0.000000 0.000000 0.000000 0.015160 0.000227 0.000000 0.000093 0.000000 0.015573 0.006840 0.115733 0.000000 0.000000 0.000253 0.017880 0.000107 0.000000 0.003053 0.000000 0.000000 0.000000 0.000000
0.002707 0.001960 0.001000 0.011653 0.005787 0.007067 0.019587 0.008147 0.062320 0.007760 0.001520 0.000867 0.001520 0.010867 0.008853 0.004733 0.005333 0.000413 0.001560 0.001653 0.000813 0.008667 0.001720 0.000000 0.001467 0.015573 0.046947 0.102000 0.029413 0.026640 0.000080 0.000427 0.002960 0.007707 0.000120 0.000000 0.000213 0.001653 0.000000 0.000333 0.006333 0.007133 0.009107 0.002560 0.000080 0.000067 0.000133 0.007800 0.000000 0.000093 0.000000 0.000000 0.000080 0.000200 0.000960 0.000227 0.000000 0.019427 0.000160 0.000933 0.000880 0.024240 0.005160 0.000933 0.000000 0.000000 0.000000 0.000000
0.000000 0.001560 0.000000 0.000000 0.000133 0.000000 0.000000 0.000187 0.000453 0.000000 0.007147 0.000000 0.036293 0.000200 0.000067 0.000067 0.000000 0.000533 0.000720 0.000000 0.000000 0.000507 0.000000 0.001467 0.000000 0.005947 0.024240 0.000067 0.000760 0.000000 0.000000 0.000387 0.000000 0.002880 0.000000 0.000000 0.000000 0.000000 0.000000 0.000000 0.000000 0.000000 0.000000 0.000000 0.000293 0.000000 0.001973 0.000000 0.000000 0.000000 0.000000 0.000000 0.000000 0.000000 0.000000 0.000000 0.000000 0.000000 0.000453 0.000093 0.000200 0.000000 0.000000 0.000000 0.000253 0.000000 0.000000 0.000000
0.002893 0.001867 0.095293 0.000080 0.001093 0.002267 0.008440 0.010800 0.001120 0.000613 0.077813 0.000720 0.010587 0.017493 0.000453 0.000960 0.049467 0.062973 0.097587 0.000747 0.000467 0.001133 0.021667 0.015573 0.005947 0.000000 0.242613 0.006920 0.017400 0.007773 0.000387 0.001867 0.000000 0.019827 0.000000 0.003093 0.007227 0.000000 0.000000 0.000000 0.000187 0.000000 0.000080 0.000000 0.000747 0.000000 0.005080 0.000000 0.000000 0.000000 0.003693 0.002693 0.004800 0.000000 0.000093 0.000080 0.000213 0.000600 0.004920 0.060387 0.050627 0.000253 0.000000 0.000093 0.001560 0.000000 0.000000 0.000067
0.000360 0.028600 0.091520 0.000000 0.003053 0.000520 0.002133 0.004507 0.004787 0.001360 0.012920 0.001227 0.039307 0.009467 0.001973 0.005773 0.107893 0.010333 0.038440 0.001133 0.009373 0.007227 0.168840 0.046947 0.024240 0.242613 0.000000 0.036440 0.010827 0.001227 0.000493 0.001293 0.000000 0.036840 0.000000 0.012813 0.030547 0.000000 0.000000 0.000000 0.000147 0.000000 0.000080 0.000000 0.001493 0.000000 0.008867 0.000120 0.000000 0.001240 0.004347 0.002627 0.003733 0.000000 0.000493 0.002787 0.015053 0.000520 0.006893 0.062613 0.086413 0.000480 0.000000 0.000107 0.002787 0.000000 0.000000 0.000147
0.002693 0.000000 0.023467 0.075880 0.000333 0.049400 0.264333 0.016453 0.016893 0.152600 0.000147 0.002573 0.000080 0.014920 0.000107 0.008507 0.001827 0.000080 0.000720 0.026160 0.040547 0.000360 0.018240 0.102000 0.000067 0.006920 0.036440 0.000000 0.046573 0.094373 0.000000 0.000533 0.006213 0.019413 0.000000 0.000000 0.000000 0.006107 0.000000 0.001253 0.006227 0.003240 0.001267 0.009960 0.000000 0.002333 0.000000 0.003080 0.000000 0.000000 0.000000 0.000000 0.000000 0.001253 0.000480 0.000107 0.000000 0.009560 0.000000 0.000147 0.000147 0.029200 0.002120 0.000573 0.000000 0.000000 0.000000 0.000000
0.121240 0.000107 0.003067 0.001920 0.000187 0.007027 0.035947 0.020640 0.002040 0.016253 0.008800 0.005013 0.001733 0.116240 0.000333 0.000093 0.014840 0.003427 0.021960 0.004680 0.007200 0.000293 0.010147 0.029413 0.000760 0.017400 0.010827 0.046573 0.000000 0.106893 0.000120 0.005507 0.031880 0.035013 0.000000 0.000000 0.000000 0.000080 0.000000 0.000000 0.000867 0.001080 0.001427 0.000107 0.000000 0.000000 0.000000 0.001907 0.000000 0.000000 0.000000 0.000000 0.000000 0.000000 0.001147 0.000120 0.000000 0.003960 0.000000 0.000120 0.000147 0.005120 0.002333 0.000960 0.000000 0.000000 0.000000 0.000133
0.044000 0.000000 0.010347 0.000000 0.000000 0.000573 0.062587 0.009640 0.001387 0.000187 0.001973 0.000000 0.000000 0.052760 0.000000 0.002800 0.014387 0.000480 0.011667 0.000000 0.156053 0.003560 0.061067 0.026640 0.000000 0.007773 0.001227 0.094373 0.106893 0.000000 0.000000 0.000000 0.004027 0.005600 0.000093 0.000000 0.000000 0.000000 0.000000 0.000000 0.000067 0.000453 0.001173 0.000000 0.000000 0.000000 0.000000 0.000827 0.000000 0.000507 0.000000 0.000000 0.000000 0.000000 0.004987 0.001480 0.000227 0.002347 0.000000 0.000147 0.000093 0.004213 0.002573 0.005733 0.000000 0.000000 0.000000 0.000107
0.000000 0.000000 0.000000 0.000000 0.000000 0.000000 0.000000 0.000093 0.000000 0.000000 0.004080 0.000000 0.013893 0.000067 0.000000 0.000000 0.000000 0.000293 0.000000 0.000000 0.000000 0.000000 0.000000 0.000080 0.000000 0.000387 0.000493 0.000000 0.000120 0.000000 0.000000 0.000067 0.000000 0.000093 0.000000 0.000000 0.000000 0.000000 0.000000 0.000000 0.000000 0.000000 0.000000 0.000000 0.000000 0.000000 0.000400 0.000000 0.000000 0.000000 0.000000 0.000000 0.000000 0.000000 0.000000 0.000000 0.000000 0.000000 0.000000 0.000107 0.000373 0.000000 0.000000 0.000000 0.000000 0.000000 0.000000 0.000000
0.000000 0.000000 0.000000 0.000187 0.000760 0.019400 0.000133 0.014693 0.000000 0.000573 0.001893 0.000720 0.001280 0.012280 0.001027 0.000000 0.000067 0.000693 0.000507 0.000773 0.000000 0.000000 0.000000 0.000427 0.000387 0.001867 0.001293 0.000533 0.005507 0.000000 0.000067 0.000000 0.000000 0.013240 0.000000 0.000000 0.000000 0.000000 0.000000 0.000000 0.000000 0.000000 0.000000 0.000000 0.000000 0.000000 0.000000 0.000000 0.000000 0.000000 0.000000 0.000000 0.000000 0.000000 0.000000 0.000000 0.000000 0.000000 0.000000 0.000000 0.000000 0.000067 0.000000 0.000000 0.000000 0.000000 0.000000 0.000000
0.000000 0.000000 0.000000 0.000000 0.000000 0.000000 0.001787 0.000067 0.000133 0.000147 0.000000 0.000000 0.000000 0.000120 0.000000 0.000067 0.000000 0.000000 0.000067 0.000000 0.000627 0.000000 0.000067 0.002960 0.000000 0.000000 0.000000 0.006213 0.031880 0.004027 0.000000 0.000000 0.000000 0.005667 0.000000 0.000000 0.000000 0.000000 0.000000 0.000000 0.000000 0.000000 0.000000 0.000000 0.000000 0.000000 0.000000 0.000000 0.000000 0.000000 0.000000 0.000000 0.000000 0.000000 0.000000 0.000000 0.000000 0.000200 0.000000 0.000000 0.000000 0.000187 0.000133 0.000000 0.000000 0.000000 0.000000 0.000000
0.000400 0.000613 0.003160 0.000973 0.008800 0.001040 0.008440 0.002387 0.000480 0.008853 0.020053 0.001880 0.004173 0.012333 0.000507 0.001253 0.013600 0.004187 0.023747 0.001560 0.038800 0.000307 0.025533 0.007707 0.002880 0.019827 0.036840 0.019413 0.035013 0.005600 0.000093 0.013240 0.005667 0.000000 0.000000 0.000147 0.000000 0.000067 0.000000 0.000000 0.000293 0.000440 0.000093 0.000067 0.000000 0.000000 0.000000 0.000453 0.000000 0.000000 0.000000 0.000000 0.000000 0.000000 0.000000 0.000000 0.000000 0.001520 0.000000 0.000267 0.000293 0.001480 0.000187 0.000000 0.000000 0.000000 0.000000 0.000000
0.000000 0.000000 0.000000 0.000000 0.000000 0.000000 0.000000 0.000000 0.000000 0.000000 0.000000 0.000000 0.000000 0.000000 0.000000 0.000000 0.000000 0.000000 0.000000 0.000000 0.000000 0.000000 0.000000 0.000120 0.000000 0.000000 0.000000 0.000000 0.000000 0.000093 0.000000 0.000000 0.000000 0.000000 0.000000 0.000000 0.001480 0.000000 0.000000 0.000080 0.083907 0.005280 0.000253 0.000693 0.000107 0.000000 0.000000 0.114147 0.000000 0.000000 0.000973 0.000587 0.001520 0.000000 0.000200 0.000000 0.000547 0.000293 0.000000 0.001733 0.000253 0.002520 0.117187 0.054240 0.000000 0.000000 0.000000 0.001573
0.000000 0.000000 0.002733 0.000000 0.000000 0.000000 0.000000 0.000000 0.000000 0.000000 0.000147 0.000000 0.000187 0.000000 0.000000 0.000000 0.000000 0.000000 0.000133 0.000000 0.000000 0.000000 0.000187 0.000000 0.000000 0.003093 0.012813 0.000000 0.000000 0.000000 0.000000 0.000000 0.000000 0.000147 0.000000 0.000000 0.002173 0.000000 0.000307 0.000000 0.000000 0.000000 0.002373 0.000000 0.000000 0.000000 0.003147 0.000000 0.000333 0.000000 0.000427 0.000120 0.000800 0.000000 0.000080 0.006093 0.000000 0.006267 0.018347 0.007427 0.103173 0.000147 0.000000 0.000000 0.000133 0.000000 0.000000 0.000120
0.000000 0.000000 0.064653 0.000000 0.000000 0.000000 0.000000 0.000000 0.000000 0.000000 0.000000 0.000000 0.000000 0.000000 0.000000 0.000067 0.000333 0.000000 0.000107 0.000000 0.000000 0.000000 0.007747 0.000213 0.000000 0.007227 0.030547 0.000000 0.000000 0.000000 0.000000 0.000000 0.000000 0.000000 0.001480 0.002173 0.000000 0.000000 0.000000 0.000000 0.044827 0.006200 0.000000 0.000000 0.000107 0.000000 0.000093 0.024400 0.000000 0.000000 0.110013 0.000773 0.005107 0.000000 0.015507 0.000160 0.121147 0.000000 0.000000 0.057133 0.067533 0.003733 0.000213 0.001413 0.000307 0.000000 0.000000 0.001373
0.000000 0.000000 0.000000 0.001413 0.000000 0.000853 0.000067 0.000093 0.000067 0.003227 0.000000 0.000640 0.000000 0.000067 0.000000 0.000000 0.000000 0.000000 0.000000 0.001160 0.000000 0.000000 0.000000 0.001653 0.000000 0.000000 0.000000 0.006107 0.000080 0.000000 0.000000 0.000000 0.000000 0.000067 0.000000 0.000000 0.000000 0.000000 0.000000 0.001320 0.001973 0.000960 0.006867 0.152413 0.000000 0.007360 0.000000 0.001160 0.000000 0.000000 0.000000 0.000000 0.000000 0.036387 0.000000 0.000000 0.000000 0.020080 0.000000 0.000000 0.000160 0.092027 0.001560 0.000000 0.000000 0.000000 0.000000 0.000000
0.000000 0.000000 0.000000 0.000000 0.000000 0.000000 0.000000 0.000000 0.000000 0.000000 0.000000 0.000000 0.000000 0.000000 0.000000 0.000000 0.000000 0.000000 0.000000 0.000000 0.000000 0.000000 0.000000 0.000000 0.000000 0.000000 0.000000 0.000000 0.000000 0.000000 0.000000 0.000000 0.000000 0.000000 0.000000 0.000307 0.000000 0.000000 0.000000 0.001933 0.000253 0.000293 0.001173 0.000240 0.000000 0.000000 0.000000 0.000160 0.016093 0.000000 0.000000 0.000000 0.000000 0.000000 0.000000 0.000240 0.000000 0.000600 0.000093 0.000000 0.000533 0.000133 0.000253 0.000000 0.000000 0.000000 0.000000 0.000000
0.000000 0.000000 0.000000 0.000453 0.000000 0.000920 0.000093 0.000000 0.000000 0.001107 0.000000 0.000627 0.000000 0.000000 0.000000 0.000000 0.000000 0.000000 0.000000 0.000573 0.000000 0.000000 0.000000 0.000333 0.000000 0.000000 0.000000 0.001253 0.000000 0.000000 0.000000 0.000000 0.000000 0.000000 0.000080 0.000000 0.000000 0.001320 0.001933 0.000000 0.054000 0.097027 0.002880 0.137360 0.000000 0.023893 0.000000 0.012040 0.007933 0.000000 0.000000 0.000000 0.000000 0.001320 0.000000 0.000000 0.000080 0.000480 0.000000 0.000000 0.000133 0.029893 0.002853 0.000093 0.000000 0.000253 0.000000 0.000000
0.000000 0.000000 0.000187 0.001040 0.000000 0.000853 0.000120 0.000467 0.000000 0.002907 0.000000 0.000227 0.000000 0.000587 0.000000 0.000000 0.000000 0.000000 0.000000 0.000547 0.000000 0.000000 0.000187 0.006333 0.000000 0.000187 0.000147 0.006227 0.000867 0.000067 0.000000 0.000000 0.000000 0.000293 0.083907 0.000000 0.044827 0.001973 0.000253 0.054000 0.000000 0.133267 0.001787 0.180653 0.000667 0.001120 0.000160 0.304200 0.001120 0.000213 0.016667 0.003907 0.008973 0.000600 0.032707 0.000000 0.046360 0.011973 0.000000 0.018440 0.036200 0.375187 0.051960 0.152347 0.000320 0.000000 0.000000 0.002120
0.000133 0.000000 0.000000 0.000333 0.000000 0.000267 0.000133 0.000480 0.000360 0.000787 0.000000 0.000000 0.000000 0.000853 0.000000 0.000000 0.000000 0.000000 0.000000 0.000173 0.000000 0.000000 0.000000 0.007133 0.000000 0.000000 0.000000 0.003240 0.001080 0.000453 0.000000 0.000000 0.000000 0.000440 0.005280 0.000000 0.006200 0.000960 0.000293 0.097027 0.133267 0.000000 0.003960 0.086747 0.000107 0.012787 0.000000 0.318960 0.003093 0.000000 0.001187 0.000440 0.001080 0.003213 0.000893 0.000000 0.001933 0.014373 0.000000 0.004080 0.002187 0.028653 0.022147 0.006773 0.000067 0.002373 0.000000 0.000613
0.000160 0.000000 0.000000 0.000333 0.000000 0.000107 0.000093 0.000307 0.000000 0.000307 0.000107 0.000080 0.000080 0.000853 0.000000 0.000000 0.000000 0.000000 0.000000 0.000173 0.000067 0.000000 0.000000 0.009107 0.000000 0.000080 0.000080 0.001267 0.001427 0.001173 0.000000 0.000000 0.000000 0.000093 0.000253 0.002373 0.000000 0.006867 0.001173 0.002880 0.001787 0.003960 0.000000 0.006520 0.000000 0.004653 0.000187 0.006067 0.003773 0.000000 0.000000 0.000000 0.000000 0.003800 0.000173 0.013227 0.000000 0.047880 0.000627 0.000120 0.002240 0.032467 0.004013 0.000107 0.000000 0.000000 0.000000 0.000000
0.000000 0.000000 0.000000 0.002107 0.000000 0.001587 0.000253 0.000133 0.000107 0.005173 0.000000 0.001013 0.000000 0.000080 0.000000 0.000000 0.000000 0.000000 0.000000 0.002053 0.000000 0.000000 0.000000 0.002560 0.000000 0.000000 0.000000 0.009960 0.000107 0.000000 0.000000 0.000000 0.000000 0.000067 0.000693 0.000000 0.000000 0.152413 0.000240 0.137360 0.180653 0.086747 0.006520 0.000000 0.000000 0.110427 0.000000 0.038373 0.000853 0.000000 0.000000 0.000000 0.000000 0.072560 0.000000 0.000000 0.000067 0.005867 0.000000 0.000000 0.000587 0.172813 0.014773 0.000000 0.000000 0.000253 0.000000 0.000000
0.000000 0.000000 0.000000 0.000000 0.000000 0.000000 0.000000 0.000000 0.000000 0.000000 0.000160 0.000000 0.002000 0.000000 0.000000 0.000000 0.000000 0.000107 0.000000 0.000000 0.000000 0.000000 0.000000 0.000080 0.000293 0.000747 0.001493 0.000000 0.000000 0.000000 0.000000 0.000000 0.000000 0.000000 0.000107 0.000000 0.000107 0.000000 0.000000 0.000000 0.000667 0.000107 0.000000 0.000000 0.000000 0.000000 0.044240 0.000253 0.000000 0.000000 0.002893 0.047667 0.007480 0.000000 0.000160 0.000000 0.000880 0.000133 0.000613 0.039467 0.019547 0.000107 0.000160 0.000800 0.028080 0.000000 0.000000 0.000000
0.000000 0.000000 0.000000 0.000640 0.000000 0.000747 0.000067 0.000000 0.000000 0.001600 0.000000 0.000600 0.000000 0.000000 0.000000 0.000000 0.000000 0.000000 0.000000 0.000973 0.000000 0.000000 0.000000 0.000067 0.000000 0.000000 0.000000 0.002333 0.000000 0.000000 0.000000 0.000000 0.000000 0.000000 0.000000 0.000000 0.000000 0.007360 0.000000 0.023893 0.001120 0.012787 0.004653 0.110427 0.000000 0.000000 0.000000 0.009533 0.000747 0.000000 0.000000 0.000000 0.000000 0.042040 0.000000 0.000000 0.000000 0.001680 0.000000 0.000000 0.000000 0.012187 0.002707 0.000000 0.000000 0.000000 0.000000 0.000000
0.000000 0.000067 0.000000 0.000000 0.000000 0.000000 0.000000 0.000000 0.000000 0.000000 0.001533 0.000000 0.008027 0.000000 0.000000 0.000000 0.000000 0.000827 0.000147 0.000000 0.000000 0.000080 0.000000 0.000133 0.001973 0.005080 0.008867 0.000000 0.000000 0.000000 0.000400 0.000000 0.000000 0.000000 0.000000 0.003147 0.000093 0.000000 0.000000 0.000000 0.000160 0.000000 0.000187 0.000000 0.044240 0.000000 0.000000 0.000160 0.000067 0.000000 0.000080 0.005640 0.000320 0.000000 0.000000 0.000760 0.000120 0.000720 0.023907 0.007067 0.054507 0.000080 0.000000 0.000067 0.011040 0.000000 0.000000 0.000000
0.000280 0.000000 0.000000 0.000080 0.000000 0.000347 0.000067 0.000480 0.000360 0.000613 0.000000 0.000000 0.000000 0.001213 0.000000 0.000000 0.000000 0.000000 0.000000 0.000000 0.000120 0.000000 0.000000 0.007800 0.000000 0.000000 0.000120 0.003080 0.001907 0.000827 0.000000 0.000000 0.000000 0.000453 0.114147 0.000000 0.024400 0.001160 0.000160 0.012040 0.304200 0.318960 0.006067 0.038373 0.000253 0.009533 0.000160 0.000000 0.000280 0.000000 0.005733 0.003440 0.007613 0.002227 0.001373 0.000067 0.004747 0.010720 0.000000 0.019013 0.003587 0.036507 0.051293 0.037213 0.000533 0.000960 0.000000 0.005280
0.000000 0.000000 0.000000 0.000000 0.000000 0.000000 0.000000 0.000000 0.000000 0.000000 0.000000 0.000000 0.000000 0.000000 0.000000 0.000000 0.000000 0.000000 0.000000 0.000000 0.000000 0.000000 0.000000 0.000000 0.000000 0.000000 0.000000 0.000000 0.000000 0.000000 0.000000 0.000000 0.000000 0.000000 0.000000 0.000333 0.000000 0.000000 0.016093 0.007933 0.001120 0.003093 0.003773 0.000853 0.000000 0.000747 0.000067 0.000280 0.000000 0.000000 0.000000 0.000000 0.000000 0.000000 0.000000 0.000533 0.000000 0.003520 0.000107 0.000080 0.000733 0.000507 0.000613 0.000000 0.000000 0.000000 0.000000 0.000000
0.000000 0.000000 0.000107 0.000000 0.000000 0.000000 0.000000 0.000000 0.000000 0.000000 0.000000 0.000000 0.000000 0.000000 0.000000 0.005280 0.000000 0.000000 0.000000 0.000000 0.002653 0.000173 0.015160 0.000093 0.000000 0.000000 0.001240 0.000000 0.000000 0.000507 0.000000 0.000000 0.000000 0.000000 0.000000 0.000000 0.000000 0.000000 0.000000 0.000000 0.000213 0.000000 0.000000 0.000000 0.000000 0.000000 0.000000 0.000000 0.000000 0.000000 0.000187 0.000000 0.000000 0.000000 0.021667 0.027120 0.028707 0.008773 0.000000 0.000147 0.015307 0.015813 0.000080 0.007387 0.000000 0.000000 0.000000 0.000267
0.000000 0.000000 0.008947 0.000000 0.000000 0.000000 0.000000 0.000000 0.000000 0.000000 0.000000 0.000000 0.000000 0.000000 0.000000 0.000000 0.000067 0.000000 0.000000 0.000000 0.000000 0.000000 0.000227 0.000000 0.000000 0.003693 0.004347 0.000000 0.000000 0.000000 0.000000 0.000000 0.000000 0.000000 0.000973 0.000427 0.110013 0.000000 0.000000 0.000000 0.016667 0.001187 0.000000 0.000000 0.002893 0.000000 0.000080 0.005733 0.000000 0.000187 0.000000 0.020347 0.063880 0.000000 0.012227 0.000067 0.031227 0.000307 0.000000 0.048187 0.110000 0.001813 0.002493 0.016693 0.000120 0.000000 0.000000 0.000693
0.000000 0.000000 0.000093 0.000000 0.000000 0.000000 0.000000 0.000000 0.000000 0.000000 0.000160 0.000000 0.000280 0.000000 0.000000 0.000000 0.000000 0.000187 0.000093 0.000000 0.000000 0.000000 0.000000 0.000000 0.000000 0.002693 0.002627 0.000000 0.000000 0.000000 0.000000 0.000000 0.000000 0.000000 0.000587 0.000120 0.000773 0.000000 0.000000 0.000000 0.003907 0.000440 0.000000 0.000000 0.047667 0.000000 0.005640 0.003440 0.000000 0.000000 0.020347 0.000000 0.093173 0.000000 0.001280 0.000000 0.004493 0.000187 0.000453 0.143267 0.023013 0.000333 0.001547 0.005000 0.004227 0.000000 0.000000 0.000147
0.000000 0.000000 0.000480 0.000000 0.000000 0.000000 0.000000 0.000000 0.000000 0.000000 0.000000 0.000000 0.000000 0.000000 0.000000 0.000000 0.000067 0.000080 0.000520 0.000000 0.000000 0.000000 0.000093 0.000080 0.000000 0.004800 0.003733 0.000000 0.000000 0.000000 0.000000 0.000000 0.000000 0.000000 0.001520 0.000800 0.005107 0.000000 0.000000 0.000000 0.008973 0.001080 0.000000 0.000000 0.007480 0.000000 0.000320 0.007613 0.000000 0.000000 0.063880 0.093173 0.000000 0.000000 0.002347 0.000000 0.010493 0.000280 0.000160 0.105827 0.036773 0.000467 0.003867 0.010427 0.000440 0.000000 0.000000 0.003360
0.000000 0.000000 0.000000 0.000307 0.000000 0.000453 0.000000 0.000000 0.000000 0.000653 0.000000 0.000240 0.000000 0.000000 0.000000 0.000000 0.000000 0.000000 0.000000 0.000413 0.000000 0.000000 0.000000 0.000200 0.000000 0.000000 0.000000 0.001253 0.000000 0.000000 0.000000 0.000000 0.000000 0.000000 0.000000 0.000000 0.000000 0.036387 0.000000 0.001320 0.000600 0.003213 0.003800 0.072560 0.000000 0.042040 0.000000 0.002227 0.000000 0.000000 0.000000 0.000000 0.000000 0.000000 0.000000 0.000000 0.000000 0.003400 0.000000 0.000000 0.000000 0.048280 0.000800 0.000000 0.000000 0.000000 0.000000 0.000000
0.000160 0.000000 0.000120 0.000000 0.000000 0.000000 0.000080 0.000000 0.000000 0.000000 0.000000 0.000000 0.000000 0.000160 0.000000 0.008787 0.000000 0.000000 0.000000 0.000000 0.013853 0.000880 0.015573 0.000960 0.000000 0.000093 0.000493 0.000480 0.001147 0.004987 0.000000 0.000000 0.000000 0.000000 0.000200 0.000080 0.015507 0.000000 0.000000 0.000000 0.032707 0.000893 0.000173 0.000000 0.000160 0.000000 0.000000 0.001373 0.000000 0.021667 0.012227 0.001280 0.002347 0.000000 0.000000 0.009027 0.185667 0.005840 0.000000 0.002973 0.044827 0.020907 0.001027 0.171413 0.000000 0.000000 0.000000 0.027120
0.000000 0.000000 0.001520 0.000000 0.000000 0.000000 0.000000 0.000000 0.000000 0.000000 0.000000 0.000000 0.000093 0.000000 0.000000 0.003773 0.000000 0.000000 0.000000 0.000000 0.002520 0.000000 0.006840 0.000227 0.000000 0.000080 0.002787 0.000107 0.000120 0.001480 0.000000 0.000000 0.000000 0.000000 0.000000 0.006093 0.000160 0.000000 0.000240 0.000000 0.000000 0.000000 0.013227 0.000000 0.000000 0.000000 0.000760 0.000067 0.000533 0.027120 0.000067 0.000000 0.000000 0.000000 0.009027 0.000000 0.013707 0.021680 0.002360 0.000373 0.018613 0.001787 0.000573 0.004560 0.000000 0.000000 0.000000 0.000000
0.000000 0.000000 0.017213 0.000000 0.000000 0.000000 0.000000 0.000000 0.000000 0.000000 0.000000 0.000000 0.000000 0.000000 0.000000 0.019213 0.000000 0.000000 0.000000 0.000000 0.005840 0.000000 0.115733 0.000000 0.000000 0.000213 0.015053 0.000000 0.000000 0.000227 0.000000 0.000000 0.000000 0.000000 0.000547 0.000000 0.121147 0.000000 0.000000 0.000080 0.046360 0.001933 0.000000 0.000067 0.000880 0.000000 0.000120 0.004747 0.000000 0.028707 0.031227 0.004493 0.010493 0.000000 0.185667 0.013707 0.000000 0.000160 0.000000 0.023800 0.131373 0.012187 0.001080 0.047013 0.000347 0.000000 0.000000 0.019893
0.000413 0.000000 0.000000 0.000960 0.000000 0.001893 0.000253 0.001387 0.001200 0.002360 0.000160 0.000200 0.000320 0.002360 0.000000 0.000560 0.000000 0.000067 0.000093 0.000640 0.000787 0.000080 0.000000 0.019427 0.000000 0.000600 0.000520 0.009560 0.003960 0.002347 0.000000 0.000000 0.000200 0.001520 0.000293 0.006267 0.000000 0.020080 0.000600 0.000480 0.011973 0.014373 0.047880 0.005867 0.000133 0.001680 0.000720 0.010720 0.003520 0.008773 0.000307 0.000187 0.000280 0.003400 0.005840 0.021680 0.000160 0.000000 0.002227 0.004280 0.033973 0.233827 0.006107 0.001240 0.000427 0.000000 0.000000 0.000613
0.000000 0.000067 0.000000 0.000000 0.000000 0.000000 0.000000 0.000000 0.000000 0.000000 0.000307 0.000000 0.003400 0.000000 0.000000 0.000000 0.000000 0.000253 0.000480 0.000000 0.000000 0.000000 0.000000 0.000160 0.000453 0.004920 0.006893 0.000000 0.000000 0.000000 0.000000 0.000000 0.000000 0.000000 0.000000 0.018347 0.000000 0.000000 0.000093 0.000000 0.000000 0.000000 0.000627 0.000000 0.000613 0.000000 0.023907 0.000000 0.000107 0.000000 0.000000 0.000453 0.000160 0.000000 0.000000 0.002360 0.000000 0.002227 0.000000 0.008787 0.058147 0.000067 0.000000 0.000000 0.001560 0.000000 0.000000 0.000000
0.000000 0.000093 0.008827 0.000000 0.000000 0.000000 0.000000 0.000000 0.000000 0.000000 0.000933 0.000000 0.001747 0.000093 0.000000 0.000000 0.000813 0.001893 0.003987 0.000000 0.000000 0.000107 0.000253 0.000933 0.000093 0.060387 0.062613 0.000147 0.000120 0.000147 0.000107 0.000000 0.000000 0.000267 0.001733 0.007427 0.057133 0.000000 0.000000 0.000000 0.018440 0.004080 0.000120 0.000000 0.039467 0.000000 0.007067 0.019013 0.000080 0.000147 0.048187 0.143267 0.105827 0.000000 0.002973 0.000373 0.023800 0.004280 0.008787 0.000000 0.259920 0.001600 0.001627 0.005200 0.011733 0.000000 0.000000 0.005627
0.000000 0.000253 0.038613 0.000000 0.000000 0.000000 0.000000 0.000000 0.000067 0.000000 0.001827 0.000000 0.003587 0.000093 0.000000 0.001707 0.000627 0.002040 0.003320 0.000000 0.000000 0.000093 0.017880 0.000880 0.000200 0.050627 0.086413 0.000147 0.000147 0.000093 0.000373 0.000000 0.000000 0.000293 0.000253 0.103173 0.067533 0.000160 0.000533 0.000133 0.036200 0.002187 0.002240 0.000587 0.019547 0.000000 0.054507 0.003587 0.000733 0.015307 0.110000 0.023013 0.036773 0.000000 0.044827 0.018613 0.131373 0.033973 0.058147 0.259920 0.000000 0.054933 0.000573 0.002720 0.010373 0.000000 0.000000 0.024493
0.000613 0.000000 0.000173 0.006133 0.000000 0.003147 0.000813 0.001573 0.000533 0.013627 0.000000 0.002107 0.000000 0.002627 0.000000 0.000720 0.000000 0.000000 0.000107 0.004253 0.001533 0.000107 0.000107 0.024240 0.000000 0.000253 0.000480 0.029200 0.005120 0.004213 0.000000 0.000067 0.000187 0.001480 0.002520 0.000147 0.003733 0.092027 0.000133 0.029893 0.375187 0.028653 0.032467 0.172813 0.000107 0.012187 0.000080 0.036507 0.000507 0.015813 0.001813 0.000333 0.000467 0.048280 0.020907 0.001787 0.012187 0.233827 0.000067 0.001600 0.054933 0.000000 0.071600 0.029213 0.000000 0.000000 0.000280 0.017533
0.000307 0.000000 0.000000 0.000000 0.000000 0.000000 0.000067 0.000360 0.000107 0.000160 0.000000 0.000000 0.000000 0.000787 0.000000 0.000293 0.000000 0.000000 0.000000 0.000000 0.000720 0.000067 0.000000 0.005160 0.000000 0.000000 0.000000 0.002120 0.002333 0.002573 0.000000 0.000000 0.000133 0.000187 0.117187 0.000000 0.000213 0.001560 0.000253 0.002853 0.051960 0.022147 0.004013 0.014773 0.000160 0.002707 0.000000 0.051293 0.000613 0.000080 0.002493 0.001547 0.003867 0.000800 0.001027 0.000573 0.001080 0.006107 0.000000 0.001627 0.000573 0.071600 0.000000 0.147040 0.000000 0.000133 0.001107 0.014853
0.000080 0.000000 0.000080 0.000000 0.000000 0.000000 0.000000 0.000000 0.000000 0.000000 0.000000 0.000000 0.000000 0.000107 0.000000 0.003533 0.000000 0.000000 0.000000 0.000000 0.010053 0.000627 0.003053 0.000933 0.000000 0.000093 0.000107 0.000573 0.000960 0.005733 0.000000 0.000000 0.000000 0.000000 0.054240 0.000000 0.001413 0.000000 0.000000 0.000093 0.152347 0.006773 0.000107 0.000000 0.000800 0.000000 0.000067 0.037213 0.000000 0.007387 0.016693 0.005000 0.010427 0.000000 0.171413 0.004560 0.047013 0.001240 0.000000 0.005200 0.002720 0.029213 0.147040 0.000000 0.000093 0.000000 0.000067 0.013227
0.000000 0.000000 0.000000 0.000000 0.000000 0.000000 0.000000 0.000000 0.000000 0.000000 0.000520 0.000000 0.001507 0.000000 0.000000 0.000000 0.000000 0.000200 0.000120 0.000000 0.000000 0.000000 0.000000 0.000000 0.000253 0.001560 0.002787 0.000000 0.000000 0.000000 0.000000 0.000000 0.000000 0.000000 0.000000 0.000133 0.000307 0.000000 0.000000 0.000000 0.000320 0.000067 0.000000 0.000000 0.028080 0.000000 0.011040 0.000533 0.000000 0.000000 0.000120 0.004227 0.000440 0.000000 0.000000 0.000000 0.000347 0.000427 0.001560 0.011733 0.010373 0.000000 0.000000 0.000093 0.000000 0.000000 0.000000 0.000000
