0.000000 0.000000 0.000867 0.000000 0.000000 0.000107 0.020973 0.005000 0.000173 0.001360 0.000000 0.000067 0.000000 0.088893 0.000000 0.000000 0.001760 0.000067 0.000680 0.000000 0.000267 0.000120 0.001240 0.000240 0.000000 0.000947 0.000000 0.000933 0.097480 0.016627 0.000000 0.000000 0.000080 0.000453 0.000000 0.000000 0.000000 0.000000 0.000000 0.000000 0.000000 0.000000 0.000000 0.000000 0.000000 0.000000 0.000000 0.000067 0.000000 0.000000 0.000000 0.000000 0.000000 0.000000 0.000120 0.000000 0.000000 0.000173 0.000000 0.000000 0.000000 0.000173 0.000133 0.000000 0.000000 0.000000 0.000000 0.000000
0.000000 0.000000 0.000080 0.000000 0.000320 0.000000 0.000000 0.000000 0.005853 0.000000 0.000267 0.000000 0.008040 0.000000 0.000533 0.000000 0.000200 0.000000 0.000000 0.000000 0.000000 0.007507 0.000000 0.019987 0.019240 0.000747 0.019800 0.000000 0.000000 0.000000 0.001173 0.000107 0.000000 0.000120 0.000000 0.000000 0.000187 0.000000 0.000000 0.000000 0.000000 0.000000 0.000000 0.000000 0.000000 0.000000 0.000080 0.000000 0.000000 0.000000 0.000133 0.000000 0.000000 0.000000 0.000000 0.000000 0.000000 0.000000 0.000000 0.000093 0.002240 0.000000 0.000000 0.000000 0.000000 0.000000 0.000000 0.000000
0.000867 0.000080 0.000000 0.000000 0.000000 0.000000 0.009773 0.003467 0.000000 0.000507 0.000000 0.000000 0.000000 0.004467 0.000000 0.000613 0.067533 0.000120 0.001787 0.000000 0.003013 0.000120 0.052587 0.000080 0.000000 0.131053 0.084587 0.000520 0.001160 0.007320 0.000093 0.000000 0.000000 0.000120 0.000000 0.000120 0.007133 0.000000 0.000000 0.000000 0.000000 0.000000 0.000000 0.000000 0.000000 0.000000 0.000000 0.000000 0.000000 0.000067 0.001213 0.000000 0.000253 0.000000 0.000000 0.000000 0.002373 0.000120 0.000000 0.003267 0.021853 0.000480 0.000000 0.000000 0.000080 0.000000 0.000000 0.000093
0.000000 0.000000 0.000000 0.000000 0.000093 0.002840 0.001627 0.002400 0.005080 0.078280 0.000000 0.018413 0.000000 0.002933 0.000187 0.000000 0.000000 0.000000 0.000000 0.136733 0.000000 0.000000 0.000000 0.027520 0.000000 0.000080 0.000080 0.190773 0.002213 0.000000 0.000000 0.000227 0.000000 0.001493 0.000000 0.000000 0.000000 0.011387 0.000000 0.000320 0.001147 0.000400 0.000973 0.002280 0.000000 0.001053 0.000000 0.000373 0.000000 0.000000 0.000000 0.000000 0.000000 0.004520 0.000000 0.000000 0.000000 0.002653 0.000000 0.000000 0.000000 0.004240 0.000147 0.000000 0.000000 0.000000 0.000000 0.000107
0.000000 0.000320 0.000000 0.000093 0.000000 0.009560 0.000547 0.000173 0.001427 0.000387 0.001493 0.000373 0.000653 0.000000 0.009800 0.000000 0.000000 0.000133 0.000227 0.000067 0.000000 0.000387 0.000000 0.002387 0.000000 0.000200 0.000347 0.000760 0.000000 0.000000 0.000067 0.012653 0.000000 0.025560 0.000000 0.000000 0.000000 0.000093 0.000000 0.000000 0.000000 0.000000 0.000107 0.000000 0.000000 0.000067 0.000000 0.000000 0.000000 0.000000 0.000000 0.000000 0.000000 0.000000 0.000000 0.000000 0.000000 0.000000 0.000000 0.000000 0.000000 0.000080 0.000000 0.000000 0.000000 0.000000 0.000000 0.000067
0.000107 0.000000 0.000000 0.002840 0.009560 0.000000 0.014320 0.127240 0.001760 0.154747 0.000333 0.012013 0.000160 0.010520 0.029427 0.000000 0.000000 0.000133 0.000080 0.002387 0.000093 0.000000 0.000000 0.002387 0.000000 0.000133 0.000187 0.019413 0.002573 0.000107 0.000000 0.018000 0.000000 0.000453 0.000000 0.000000 0.000000 0.000467 0.000000 0.000067 0.000360 0.000080 0.000000 0.000147 0.000000 0.000173 0.000000 0.000120 0.000000 0.000000 0.000000 0.000000 0.000000 0.000080 0.000000 0.000000 0.000000 0.000547 0.000000 0.000000 0.000000 0.000933 0.000080 0.000000 0.000000 0.000000 0.000000 0.000000
0.020973 0.000000 0.009773 0.001627 0.000547 0.014320 0.000000 0.054093 0.005053 0.182880 0.000240 0.000080 0.000067 0.068360 0.000733 0.000453 0.007107 0.000307 0.001787 0.000107 0.015293 0.000080 0.024253 0.016333 0.000000 0.004293 0.001173 0.354720 0.013013 0.083267 0.000000 0.000640 0.000000 0.006800 0.000000 0.000000 0.000000 0.001253 0.000000 0.000107 0.002133 0.000387 0.000733 0.000787 0.000000 0.000000 0.000000 0.000520 0.000000 0.000000 0.000000 0.000000 0.000000 0.000253 0.000133 0.000000 0.000000 0.003813 0.000000 0.000000 0.000000 0.003200 0.000320 0.000000 0.000000 0.000000 0.000000 0.000080
0.005000 0.000000 0.003467 0.002400 0.000173 0.127240 0.054093 0.000000 0.000947 0.080040 0.002440 0.010653 0.001080 0.187373 0.000533 0.000000 0.001960 0.000720 0.001200 0.004000 0.001907 0.000080 0.006133 0.002840 0.000000 0.002187 0.000400 0.016000 0.015373 0.011587 0.000187 0.017187 0.000000 0.002213 0.000000 0.000000 0.000000 0.000613 0.000000 0.000000 0.000920 0.000307 0.000200 0.000253 0.000000 0.000000 0.000000 0.000333 0.000000 0.000000 0.000000 0.000000 0.000000 0.000093 0.000000 0.000000 0.000000 0.002573 0.000000 0.000067 0.000000 0.001547 0.000267 0.000080 0.000000 0.000000 0.000000 0.000107
0.000173 0.005853 0.000000 0.005080 0.001427 0.001760 0.005053 0.000947 0.000000 0.004547 0.000067 0.001480 0.001613 0.001227 0.001147 0.000000 0.000000 0.000000 0.000000 0.002240 0.000000 0.007027 0.000080 0.072467 0.001787 0.000267 0.006240 0.015667 0.002000 0.002360 0.000360 0.000640 0.000067 0.000413 0.000000 0.000000 0.000000 0.000760 0.000000 0.000000 0.000653 0.000000 0.000000 0.000347 0.000000 0.000000 0.000000 0.000080 0.000000 0.000000 0.000000 0.000000 0.000000 0.000107 0.000000 0.000000 0.000000 0.001053 0.000000 0.000000 0.000000 0.001387 0.000000 0.000000 0.000000 0.000000 0.000000 0.000000
0.001360 0.000000 0.000507 0.078280 0.000387 0.154747 0.182880 0.080040 0.004547 0.000000 0.001040 0.021427 0.000573 0.050413 0.002280 0.000000 0.000213 0.000307 0.000613 0.079507 0.000467 0.000000 0.000867 0.018373 0.000000 0.000613 0.000587 0.342173 0.019840 0.000360 0.000080 0.001240 0.000000 0.012800 0.000000 0.000000 0.000000 0.001093 0.000000 0.000160 0.001173 0.000333 0.000653 0.000707 0.000000 0.000587 0.000000 0.000360 0.000000 0.000000 0.000000 0.000000 0.000000 0.000413 0.000000 0.000000 0.000000 0.002107 0.000000 0.000000 0.000000 0.003000 0.000120 0.000000 0.000000 0.000000 0.000000 0.000000
0.000000 0.000267 0.000000 0.000000 0.001493 0.000333 0.000240 0.002440 0.000067 0.001040 0.000000 0.000453 0.058080 0.005560 0.000000 0.000000 0.002467 0.081373 0.045680 0.000200 0.000000 0.000000 0.000000 0.000093 0.000973 0.055747 0.003840 0.000080 0.008667 0.000427 0.017653 0.007200 0.000000 0.035853 0.000000 0.000120 0.000000 0.000000 0.000000 0.000000 0.000000 0.000000 0.000000 0.000000 0.001720 0.000000 0.009787 0.000107 0.000000 0.000000 0.000000 0.000200 0.000067 0.000000 0.000000 0.000000 0.000000 0.000133 0.000467 0.001560 0.001853 0.000133 0.000067 0.000000 0.001667 0.000133 0.000000 0.000307
0.000067 0.000000 0.000000 0.018413 0.000373 0.012013 0.000080 0.010653 0.001480 0.021427 0.000453 0.000000 0.000187 0.008947 0.001067 0.000000 0.000000 0.000267 0.000267 0.024653 0.000000 0.000000 0.000000 0.000133 0.000000 0.000133 0.000360 0.006560 0.004160 0.000000 0.000000 0.000893 0.000000 0.001867 0.000000 0.000000 0.000000 0.000427 0.000000 0.000000 0.000000 0.000067 0.000000 0.000120 0.000000 0.000107 0.000000 0.000000 0.000000 0.000000 0.000000 0.000000 0.000000 0.000120 0.000000 0.000000 0.000000 0.000160 0.000000 0.000000 0.000000 0.000373 0.000000 0.000000 0.000000 0.000000 0.000000 0.000000
0.000000 0.008040 0.000000 0.000000 0.000653 0.000160 0.000067 0.001080 0.001613 0.000573 0.058080 0.000187 0.000000 0.002147 0.000093 0.000000 0.000107 0.000680 0.000880 0.000080 0.000000 0.001267 0.000000 0.001920 0.059507 0.006307 0.031400 0.000093 0.003373 0.000000 0.017547 0.004333 0.000000 0.014360 0.000000 0.000160 0.000000 0.000000 0.000000 0.000000 0.000000 0.000200 0.000000 0.000000 0.006840 0.000000 0.030387 0.000280 0.000000 0.000000 0.000000 0.000400 0.000000 0.000000 0.000000 0.000000 0.000000 0.000213 0.001907 0.005427 0.007027 0.000093 0.000213 0.000000 0.004853 0.000200 0.000000 0.000800
0.088893 0.000000 0.004467 0.002933 0.000000 0.010520 0.068360 0.187373 0.001227 0.050413 0.005560 0.008947 0.002147 0.000000 0.000107 0.000000 0.005213 0.001680 0.003413 0.004347 0.001600 0.000133 0.007187 0.002333 0.000000 0.004293 0.001587 0.014160 0.089307 0.031707 0.000293 0.018920 0.000000 0.003147 0.000187 0.000000 0.000000 0.000227 0.000000 0.000000 0.000400 0.000320 0.000000 0.000107 0.000000 0.000000 0.000000 0.000707 0.000000 0.000067 0.000000 0.000000 0.000000 0.000000 0.000213 0.000000 0.000000 0.003507 0.000000 0.000067 0.000067 0.002027 0.001053 0.000293 0.000000 0.000000 0.000000 0.000133
0.000000 0.000533 0.000000 0.000187 0.009800 0.029427 0.000733 0.000533 0.001147 0.002280 0.000000 0.001067 0.000093 0.000107 0.000000 0.000000 0.000000 0.000000 0.000000 0.000000 0.000000 0.000720 0.000000 0.005147 0.000133 0.000000 0.000533 0.001787 0.000000 0.000000 0.000000 0.007027 0.000000 0.000000 0.000000 0.000000 0.000000 0.000107 0.000000 0.000000 0.000000 0.000000 0.000000 0.000000 0.000000 0.000067 0.000000 0.000000 0.000000 0.000000 0.000000 0.000000 0.000000 0.000000 0.000000 0.000000 0.000000 0.000000 0.000000 0.000000 0.000000 0.000067 0.000000 0.000000 0.000000 0.000000 0.000000 0.000000
0.000000 0.000000 0.000613 0.000000 0.000000 0.000000 0.000453 0.000000 0.000000 0.000000 0.000000 0.000000 0.000000 0.000000 0.000000 0.000000 0.000253 0.000000 0.000000 0.000000 0.042040 0.012133 0.136493 0.006800 0.000000 0.000267 0.015760 0.003773 0.000160 0.004613 0.000000 0.000000 0.000000 0.001213 0.000000 0.000000 0.000107 0.000000 0.000000 0.000000 0.000093 0.000000 0.000000 0.000000 0.000000 0.000000 0.000000 0.000093 0.000000 0.025347 0.000067 0.000000 0.000000 0.000000 0.006720 0.002773 0.027467 0.000293 0.000000 0.000000 0.004640 0.000520 0.001387 0.000747 0.000000 0.000000 0.000000 0.000147
0.001760 0.000200 0.067533 0.000000 0.000000 0.000000 0.007107 0.001960 0.000000 0.000213 0.002467 0.000000 0.000107 0.005213 0.000000 0.000253 0.000000 0.007040 0.072613 0.000000 0.005787 0.000227 0.022200 0.000000 0.000000 0.031320 0.100987 0.000213 0.006547 0.043760 0.000133 0.000093 0.000000 0.053560 0.000000 0.000160 0.001240 0.000000 0.000000 0.000000 0.000000 0.000000 0.000000 0.000000 0.000067 0.000000 0.000267 0.000000 0.000000 0.000000 0.000133 0.000000 0.000000 0.000000 0.000000 0.000000 0.000187 0.000000 0.000000 0.002307 0.005840 0.000000 0.000000 0.000000 0.000160 0.000000 0.000000 0.000000
0.000067 0.000000 0.000120 0.000000 0.000133 0.000133 0.000307 0.000720 0.000000 0.000307 0.081373 0.000267 0.000680 0.001680 0.000000 0.000000 0.007040 0.000000 0.064973 0.000067 0.000000 0.000000 0.000000 0.000000 0.000000 0.022560 0.004293 0.000000 0.002573 0.000840 0.001933 0.001187 0.000000 0.014133 0.000000 0.000000 0.000000 0.000000 0.000000 0.000000 0.000000 0.000000 0.000000 0.000000 0.000467 0.000000 0.001813 0.000000 0.000000 0.000000 0.000000 0.000147 0.000000 0.000000 0.000000 0.000000 0.000000 0.000000 0.000000 0.001307 0.002253 0.000000 0.000000 0.000000 0.000733 0.000000 0.000000 0.000000
0.000680 0.000000 0.001787 0.000000 0.000227 0.000080 0.001787 0.001200 0.000000 0.000613 0.045680 0.000267 0.000880 0.003413 0.000000 0.000000 0.072613 0.064973 0.000000 0.000120 0.000160 0.000000 0.001627 0.000000 0.000173 0.052853 0.035773 0.000107 0.004960 0.004427 0.000960 0.000853 0.000000 0.050493 0.000000 0.000000 0.000173 0.000000 0.000000 0.000000 0.000000 0.000000 0.000000 0.000000 0.000173 0.000000 0.000680 0.000000 0.000000 0.000000 0.000147 0.000173 0.000267 0.000000 0.000000 0.000000 0.000000 0.000000 0.000147 0.003200 0.003600 0.000000 0.000000 0.000000 0.000373 0.000000 0.000000 0.000000
0.000000 0.000000 0.000000 0.136733 0.000067 0.002387 0.000107 0.004000 0.002240 0.079507 0.000200 0.024653 0.000080 0.004347 0.000000 0.000000 0.000000 0.000067 0.000120 0.000000 0.000000 0.000000 0.000000 0.003160 0.000000 0.000133 0.000093 0.016520 0.001747 0.000000 0.000000 0.000400 0.000000 0.000933 0.000000 0.000000 0.000000 0.000827 0.000000 0.000080 0.000187 0.000107 0.000093 0.000400 0.000000 0.000320 0.000000 0.000160 0.000000 0.000000 0.000000 0.000000 0.000000 0.000227 0.000000 0.000000 0.000000 0.000640 0.000000 0.000000 0.000000 0.001613 0.000000 0.000000 0.000000 0.000000 0.000000 0.000000
0.000267 0.000000 0.003013 0.000000 0.000000 0.000093 0.015293 0.001907 0.000000 0.000467 0.000000 0.000000 0.000000 0.001600 0.000000 0.042040 0.005787 0.000000 0.000160 0.000000 0.000000 0.000987 0.262213 0.000413 0.000000 0.000107 0.001827 0.034507 0.001507 0.098613 0.000000 0.000000 0.000000 0.017627 0.000293 0.000000 0.000000 0.000000 0.000000 0.000000 0.000000 0.000000 0.000000 0.000000 0.000000 0.000000 0.000000 0.000293 0.000000 0.006227 0.000093 0.000000 0.000000 0.000000 0.008027 0.000267 0.001147 0.001747 0.000000 0.000000 0.000067 0.002120 0.005107 0.001773 0.000000 0.000000 0.000000 0.000427
0.000120 0.007507 0.000120 0.000000 0.000387 0.000000 0.000080 0.000080 0.007027 0.000000 0.000000 0.000000 0.001267 0.000133 0.000720 0.012133 0.000227 0.000000 0.000000 0.000000 0.000987 0.000000 0.003027 0.018387 0.002160 0.000067 0.013147 0.002187 0.001813 0.001720 0.000347 0.000080 0.000000 0.000107 0.000000 0.000000 0.000000 0.000000 0.000000 0.000000 0.000000 0.000000 0.000000 0.000000 0.000000 0.000000 0.000000 0.000067 0.000000 0.000413 0.000000 0.000000 0.000000 0.000000 0.000253 0.000000 0.000173 0.001093 0.000000 0.000000 0.000800 0.000133 0.000373 0.000173 0.000000 0.000000 0.000000 0.000000
0.001240 0.000000 0.052587 0.000000 0.000000 0.000000 0.024253 0.006133 0.000080 0.000867 0.000000 0.000000 0.000000 0.007187 0.000000 0.136493 0.022200 0.000000 0.001627 0.000000 0.262213 0.003027 0.000000 0.001107 0.000000 0.012333 0.142093 0.014720 0.001800 0.079787 0.000000 0.000000 0.000000 0.025373 0.000000 0.000000 0.002333 0.000000 0.000000 0.000000 0.000240 0.000000 0.000000 0.000000 0.000000 0.000000 0.000000 0.000133 0.000000 0.023400 0.000133 0.000000 0.000000 0.000000 0.006000 0.001507 0.030947 0.000280 0.000000 0.000000 0.020573 0.000920 0.000840 0.000227 0.000000 0.000000 0.000000 0.000147
0.000240 0.019987 0.000080 0.027520 0.002387 0.002387 0.016333 0.002840 0.072467 0.018373 0.000093 0.000133 0.001920 0.002333 0.005147 0.006800 0.000000 0.000000 0.000000 0.003160 0.000413 0.018387 0.001107 0.000000 0.004307 0.000280 0.021200 0.136667 0.007093 0.009747 0.000867 0.001133 0.000333 0.002587 0.000467 0.000000 0.000000 0.004533 0.000000 0.000587 0.009373 0.002133 0.006400 0.003080 0.000093 0.000427 0.000000 0.002880 0.000000 0.001880 0.000000 0.000000 0.000000 0.000880 0.003053 0.000733 0.000120 0.020547 0.000000 0.000000 0.000067 0.019280 0.005173 0.001813 0.000000 0.000080 0.000000 0.000467
0.000000 0.019240 0.000000 0.000000 0.000000 0.000000 0.000000 0.000000 0.001787 0.000000 0.000973 0.000000 0.059507 0.000000 0.000133 0.000000 0.000000 0.000000 0.000173 0.000000 0.000000 0.002160 0.000000 0.004307 0.000000 0.000853 0.034667 0.000000 0.000000 0.000000 0.003840 0.000067 0.000000 0.000000 0.000000 0.000000 0.000000 0.000000 0.000000 0.000000 0.000000 0.000000 0.000000 0.000000 0.000653 0.000000 0.001680 0.000000 0.000000 0.000000 0.000000 0.000000 0.000000 0.000000 0.000000 0.000000 0.000000 0.000000 0.000160 0.000427 0.000640 0.000000 0.000000 0.000000 0.000240 0.000000 0.000000 0.000120
0.000947 0.000747 0.131053 0.000080 0.000200 0.000133 0.004293 0.002187 0.000267 0.000613 0.055747 0.000133 0.006307 0.004293 0.000000 0.000267 0.031320 0.022560 0.052853 0.000133 0.000107 0.000067 0.012333 0.000280 0.000853 0.000000 0.125040 0.000093 0.003800 0.005773 0.013680 0.001133 0.000000 0.010800 0.000000 0.000573 0.001947 0.000000 0.000000 0.000000 0.000000 0.000000 0.000000 0.000000 0.002827 0.000000 0.013613 0.000000 0.000000 0.000000 0.002693 0.002507 0.003147 0.000000 0.000000 0.000000 0.000133 0.000147 0.000947 0.044280 0.052667 0.000173 0.000000 0.000000 0.005880 0.000000 0.000000 0.000253
0.000000 0.019800 0.084587 0.000080 0.000347 0.000187 0.001173 0.000400 0.006240 0.000587 0.003840 0.000360 0.031400 0.001587 0.000533 0.015760 0.100987 0.004293 0.035773 0.000093 0.001827 0.013147 0.142093 0.021200 0.034667 0.125040 0.000000 0.020400 0.002440 0.001747 0.016013 0.000573 0.000000 0.034720 0.000000 0.004307 0.022133 0.000000 0.000000 0.000000 0.000107 0.000000 0.000000 0.000000 0.001587 0.000000 0.008267 0.000080 0.000000 0.004280 0.005013 0.001507 0.002840 0.000000 0.000440 0.000587 0.021853 0.000693 0.000973 0.040600 0.158800 0.001387 0.000120 0.000067 0.003800 0.000000 0.000000 0.000547
0.000933 0.000000 0.000520 0.190773 0.000760 0.019413 0.354720 0.016000 0.015667 0.342173 0.000080 0.006560 0.000093 0.014160 0.001787 0.003773 0.000213 0.000000 0.000107 0.016520 0.034507 0.002187 0.014720 0.136667 0.000000 0.000093 0.020400 0.000000 0.023373 0.125787 0.000000 0.000600 0.000800 0.014013 0.000520 0.000000 0.000000 0.004853 0.000000 0.000413 0.004333 0.001453 0.001893 0.002800 0.000000 0.000867 0.000000 0.002333 0.000000 0.001213 0.000000 0.000000 0.000000 0.001160 0.002227 0.000227 0.000253 0.015267 0.000000 0.000000 0.000173 0.013267 0.004787 0.001933 0.000000 0.000093 0.000000 0.000293
0.097480 0.000000 0.001160 0.002213 0.000000 0.002573 0.013013 0.015373 0.002000 0.019840 0.008667 0.004160 0.003373 0.089307 0.000000 0.000160 0.006547 0.002573 0.004960 0.001747 0.001507 0.001813 0.001800 0.007093 0.000000 0.003800 0.002440 0.023373 0.000000 0.040040 0.000467 0.025120 0.103787 0.044080 0.000427 0.000000 0.000000 0.000133 0.000000 0.000000 0.000720 0.000520 0.000307 0.000187 0.000173 0.000000 0.000000 0.001000 0.000000 0.000933 0.000000 0.000000 0.000000 0.000000 0.002053 0.000347 0.000000 0.006720 0.000000 0.000000 0.000160 0.006427 0.004067 0.001187 0.000000 0.000000 0.000000 0.000480
0.016627 0.000000 0.007320 0.000000 0.000000 0.000107 0.083267 0.011587 0.002360 0.000360 0.000427 0.000000 0.000000 0.031707 0.000000 0.004613 0.043760 0.000840 0.004427 0.000000 0.098613 0.001720 0.079787 0.009747 0.000000 0.005773 0.001747 0.125787 0.040040 0.000000 0.000000 0.000000 0.000000 0.022507 0.000160 0.000000 0.000093 0.000000 0.000000 0.000000 0.000253 0.000213 0.000133 0.000000 0.000000 0.000000 0.000000 0.000493 0.000000 0.001107 0.000000 0.000000 0.000000 0.000000 0.002080 0.000307 0.000000 0.003120 0.000000 0.000160 0.000333 0.004427 0.002373 0.000760 0.000000 0.000000 0.000000 0.000320
0.000000 0.001173 0.000093 0.000000 0.000067 0.000000 0.000000 0.000187 0.000360 0.000080 0.017653 0.000000 0.017547 0.000293 0.000000 0.000000 0.000133 0.001933 0.000960 0.000000 0.000000 0.000347 0.000000 0.000867 0.003840 0.013680 0.016013 0.000000 0.000467 0.000000 0.000000 0.000240 0.000000 0.000720 0.000000 0.000000 0.000000 0.000000 0.000000 0.000000 0.000000 0.000000 0.000000 0.000000 0.001307 0.000000 0.008880 0.000000 0.000000 0.000000 0.000000 0.000453 0.000120 0.000000 0.000000 0.000000 0.000000 0.000000 0.000133 0.004040 0.006507 0.000000 0.000000 0.000000 0.002360 0.000000 0.000000 0.000000
0.000000 0.000107 0.000000 0.000227 0.012653 0.018000 0.000640 0.017187 0.000640 0.001240 0.007200 0.000893 0.004333 0.018920 0.007027 0.000000 0.000093 0.001187 0.000853 0.000400 0.000000 0.000080 0.000000 0.001133 0.000067 0.001133 0.000573 0.000600 0.025120 0.000000 0.000240 0.000000 0.000000 0.022560 0.000000 0.000000 0.000000 0.000000 0.000000 0.000107 0.000000 0.000307 0.000000 0.000120 0.000173 0.000173 0.000000 0.000240 0.000000 0.000000 0.000000 0.000000 0.000000 0.000000 0.000000 0.000000 0.000000 0.000080 0.000000 0.000000 0.000000 0.000107 0.000000 0.000000 0.000000 0.000000 0.000000 0.000160
0.000080 0.000000 0.000000 0.000000 0.000000 0.000000 0.000000 0.000000 0.000067 0.000000 0.000000 0.000000 0.000000 0.000000 0.000000 0.000000 0.000000 0.000000 0.000000 0.000000 0.000000 0.000000 0.000000 0.000333 0.000000 0.000000 0.000000 0.000800 0.103787 0.000000 0.000000 0.000000 0.000000 0.007267 0.000000 0.000000 0.000000 0.000000 0.000000 0.000000 0.000000 0.000000 0.000000 0.000000 0.000000 0.000000 0.000000 0.000000 0.000000 0.000000 0.000000 0.000000 0.000000 0.000000 0.000000 0.000000 0.000000 0.000120 0.000000 0.000000 0.000000 0.000133 0.000133 0.000000 0.000000 0.000000 0.000000 0.000000
0.000453 0.000120 0.000120 0.001493 0.025560 0.000453 0.006800 0.002213 0.000413 0.012800 0.035853 0.001867 0.014360 0.003147 0.000000 0.001213 0.053560 0.014133 0.050493 0.000933 0.017627 0.000107 0.025373 0.002587 0.000000 0.010800 0.034720 0.014013 0.044080 0.022507 0.000720 0.022560 0.007267 0.000000 0.000000 0.000000 0.000227 0.000200 0.000000 0.000067 0.000400 0.000253 0.000000 0.000107 0.000200 0.000000 0.000000 0.000507 0.000000 0.000173 0.000000 0.000000 0.000000 0.000000 0.000213 0.000000 0.000507 0.002387 0.000000 0.000813 0.001187 0.000867 0.000707 0.000267 0.000000 0.000067 0.000000 0.000200
0.000000 0.000000 0.000000 0.000000 0.000000 0.000000 0.000000 0.000000 0.000000 0.000000 0.000000 0.000000 0.000000 0.000187 0.000000 0.000000 0.000000 0.000000 0.000000 0.000000 0.000293 0.000000 0.000000 0.000467 0.000000 0.000000 0.000000 0.000520 0.000427 0.000160 0.000000 0.000000 0.000000 0.000000 0.000000 0.000000 0.000280 0.000120 0.000000 0.000000 0.020507 0.005693 0.000320 0.001133 0.000173 0.000133 0.000000 0.121627 0.000000 0.000000 0.000453 0.000453 0.000480 0.000067 0.000107 0.000187 0.000760 0.000987 0.000000 0.000560 0.000213 0.002173 0.090347 0.076773 0.000000 0.000000 0.000000 0.001027
0.000000 0.000000 0.000120 0.000000 0.000000 0.000000 0.000000 0.000000 0.000000 0.000000 0.000120 0.000000 0.000160 0.000000 0.000000 0.000000 0.000160 0.000000 0.000000 0.000000 0.000000 0.000000 0.000000 0.000000 0.000000 0.000573 0.004307 0.000000 0.000000 0.000000 0.000000 0.000000 0.000000 0.000000 0.000000 0.000000 0.000120 0.000000 0.001040 0.000147 0.000000 0.000067 0.002147 0.000000 0.000000 0.000000 0.005920 0.000000 0.000387 0.000000 0.000907 0.000000 0.000507 0.000000 0.000000 0.002600 0.000000 0.009960 0.025253 0.001947 0.032840 0.000000 0.000000 0.000000 0.000000 0.000507 0.000000 0.000000
0.000000 0.000187 0.007133 0.000000 0.000000 0.000000 0.000000 0.000000 0.000000 0.000000 0.000000 0.000000 0.000000 0.000000 0.000000 0.000107 0.001240 0.000000 0.000173 0.000000 0.000000 0.000000 0.002333 0.000000 0.000000 0.001947 0.022133 0.000000 0.000000 0.000093 0.000000 0.000000 0.000000 0.000227 0.000280 0.000120 0.000000 0.000000 0.000000 0.000000 0.004333 0.000653 0.000000 0.000280 0.000000 0.000000 0.000107 0.002267 0.000000 0.000320 0.088173 0.000333 0.006533 0.000000 0.007827 0.000000 0.097813 0.000173 0.000000 0.038907 0.145840 0.001067 0.000280 0.000667 0.000133 0.000000 0.000000 0.000147
0.000000 0.000000 0.000000 0.011387 0.000093 0.000467 0.001253 0.000613 0.000760 0.001093 0.000000 0.000427 0.000000 0.000227 0.000107 0.000000 0.000000 0.000000 0.000000 0.000827 0.000000 0.000000 0.000000 0.004533 0.000000 0.000000 0.000000 0.004853 0.000133 0.000000 0.000000 0.000000 0.000000 0.000200 0.000120 0.000000 0.000000 0.000000 0.000000 0.004787 0.008920 0.002907 0.006520 0.225173 0.000200 0.027347 0.000000 0.003107 0.000000 0.000000 0.000000 0.000093 0.000000 0.163720 0.000093 0.000000 0.000067 0.053987 0.000133 0.000067 0.000000 0.174333 0.003347 0.000120 0.000000 0.000240 0.000000 0.001080
0.000000 0.000000 0.000000 0.000000 0.000000 0.000000 0.000000 0.000000 0.000000 0.000000 0.000000 0.000000 0.000000 0.000000 0.000000 0.000000 0.000000 0.000000 0.000000 0.000000 0.000000 0.000000 0.000000 0.000000 0.000000 0.000000 0.000000 0.000000 0.000000 0.000000 0.000000 0.000000 0.000000 0.000000 0.000000 0.001040 0.000000 0.000000 0.000000 0.000893 0.000240 0.000000 0.003907 0.000080 0.000000 0.000360 0.000080 0.000000 0.027960 0.000000 0.000000 0.000000 0.000000 0.000000 0.000000 0.001453 0.000000 0.000667 0.000893 0.000000 0.001533 0.000000 0.000000 0.000000 0.000000 0.018200 0.000000 0.001813
0.000000 0.000000 0.000000 0.000320 0.000000 0.000067 0.000107 0.000000 0.000000 0.000160 0.000000 0.000000 0.000000 0.000000 0.000000 0.000000 0.000000 0.000000 0.000000 0.000080 0.000000 0.000000 0.000000 0.000587 0.000000 0.000000 0.000000 0.000413 0.000000 0.000000 0.000000 0.000107 0.000000 0.000067 0.000000 0.000147 0.000000 0.004787 0.000893 0.000000 0.039360 0.112573 0.000933 0.183520 0.000680 0.019307 0.000000 0.013853 0.005213 0.000000 0.000000 0.000227 0.000000 0.001360 0.000093 0.000093 0.000000 0.002200 0.000067 0.000200 0.000187 0.022600 0.004400 0.000000 0.000000 0.024560 0.000000 0.002920
0.000000 0.000000 0.000000 0.001147 0.000000 0.000360 0.002133 0.000920 0.000653 0.001173 0.000000 0.000000 0.000000 0.000400 0.000000 0.000093 0.000000 0.000000 0.000000 0.000187 0.000000 0.000000 0.000240 0.009373 0.000000 0.000000 0.000107 0.004333 0.000720 0.000253 0.000000 0.000000 0.000000 0.000400 0.020507 0.000000 0.004333 0.008920 0.000240 0.039360 0.000000 0.069960 0.014227 0.263267 0.001067 0.000880 0.000000 0.199880 0.000187 0.000000 0.007387 0.002453 0.003013 0.000733 0.038547 0.000000 0.017800 0.058800 0.000080 0.002960 0.000600 0.366920 0.037520 0.173387 0.000067 0.001840 0.000067 0.007733
0.000000 0.000000 0.000000 0.000400 0.000000 0.000080 0.000387 0.000307 0.000000 0.000333 0.000000 0.000067 0.000200 0.000320 0.000000 0.000000 0.000000 0.000000 0.000000 0.000107 0.000000 0.000000 0.000000 0.002133 0.000000 0.000000 0.000000 0.001453 0.000520 0.000213 0.000000 0.000307 0.000000 0.000253 0.005693 0.000067 0.000653 0.002907 0.000000 0.112573 0.069960 0.000000 0.001360 0.129440 0.006133 0.020640 0.000827 0.411320 0.000347 0.000000 0.000667 0.001493 0.000440 0.002187 0.001173 0.000000 0.001413 0.004653 0.000067 0.001733 0.000267 0.012627 0.023533 0.010880 0.000320 0.063107 0.000000 0.008453
0.000000 0.000000 0.000000 0.000973 0.000107 0.000000 0.000733 0.000200 0.000000 0.000653 0.000000 0.000000 0.000000 0.000000 0.000000 0.000000 0.000000 0.000000 0.000000 0.000093 0.000000 0.000000 0.000000 0.006400 0.000000 0.000000 0.000000 0.001893 0.000307 0.000133 0.000000 0.000000 0.000000 0.000000 0.000320 0.002147 0.000000 0.006520 0.003907 0.000933 0.014227 0.001360 0.000000 0.002867 0.000000 0.001493 0.000200 0.002040 0.002240 0.000000 0.000000 0.000000 0.000000 0.001213 0.000000 0.002667 0.000000 0.034853 0.001400 0.000000 0.001427 0.013480 0.003573 0.000480 0.000000 0.001533 0.000000 0.000093
0.000000 0.000000 0.000000 0.002280 0.000000 0.000147 0.000787 0.000253 0.000347 0.000707 0.000000 0.000120 0.000000 0.000107 0.000000 0.000000 0.000000 0.000000 0.000000 0.000400 0.000000 0.000000 0.000000 0.003080 0.000000 0.000000 0.000000 0.002800 0.000187 0.000000 0.000000 0.000120 0.000000 0.000107 0.001133 0.000000 0.000280 0.225173 0.000080 0.183520 0.263267 0.129440 0.002867 0.000000 0.001560 0.060013 0.000213 0.079987 0.000000 0.000000 0.000227 0.000973 0.000240 0.165667 0.001000 0.000000 0.000573 0.015440 0.000120 0.000387 0.000187 0.198667 0.021360 0.001147 0.000133 0.002880 0.000000 0.006173
0.000000 0.000000 0.000000 0.000000 0.000000 0.000000 0.000000 0.000000 0.000000 0.000000 0.001720 0.000000 0.006840 0.000000 0.000000 0.000000 0.000067 0.000467 0.000173 0.000000 0.000000 0.000000 0.000000 0.000093 0.000653 0.002827 0.001587 0.000000 0.000173 0.000000 0.001307 0.000173 0.000000 0.000200 0.000173 0.000000 0.000000 0.000200 0.000000 0.000680 0.001067 0.006133 0.000000 0.001560 0.000000 0.001227 0.099533 0.015960 0.000000 0.000000 0.000000 0.149253 0.010307 0.000107 0.000000 0.000000 0.000227 0.000107 0.000347 0.069613 0.002147 0.000213 0.019320 0.000827 0.031507 0.010320 0.000000 0.050960
0.000000 0.000000 0.000000 0.001053 0.000067 0.000173 0.000000 0.000000 0.000000 0.000587 0.000000 0.000107 0.000000 0.000000 0.000067 0.000000 0.000000 0.000000 0.000000 0.000320 0.000000 0.000000 0.000000 0.000427 0.000000 0.000000 0.000000 0.000867 0.000000 0.000000 0.000000 0.000173 0.000000 0.000000 0.000133 0.000000 0.000000 0.027347 0.000360 0.019307 0.000880 0.020640 0.001493 0.060013 0.001227 0.000000 0.000227 0.014547 0.001000 0.000000 0.000000 0.000733 0.000200 0.011507 0.000000 0.000000 0.000000 0.001067 0.000000 0.000533 0.000147 0.005040 0.009360 0.000000 0.000173 0.002613 0.000000 0.002733
0.000000 0.000080 0.000000 0.000000 0.000000 0.000000 0.000000 0.000000 0.000000 0.000000 0.009787 0.000000 0.030387 0.000000 0.000000 0.000000 0.000267 0.001813 0.000680 0.000000 0.000000 0.000000 0.000000 0.000000 0.001680 0.013613 0.008267 0.000000 0.000000 0.000000 0.008880 0.000000 0.000000 0.000000 0.000000 0.005920 0.000107 0.000000 0.000080 0.000000 0.000000 0.000827 0.000200 0.000213 0.099533 0.000227 0.000000 0.002160 0.000000 0.000000 0.000147 0.003160 0.000560 0.000000 0.000000 0.000293 0.000000 0.000960 0.027947 0.015853 0.061653 0.000160 0.002667 0.000000 0.030720 0.002240 0.000000 0.006293
0.000067 0.000000 0.000000 0.000373 0.000000 0.000120 0.000520 0.000333 0.000080 0.000360 0.000107 0.000000 0.000280 0.000707 0.000000 0.000093 0.000000 0.000000 0.000000 0.000160 0.000293 0.000067 0.000133 0.002880 0.000000 0.000000 0.000080 0.002333 0.001000 0.000493 0.000000 0.000240 0.000000 0.000507 0.121627 0.000000 0.002267 0.003107 0.000000 0.013853 0.199880 0.411320 0.002040 0.079987 0.015960 0.014547 0.002160 0.000000 0.000000 0.000000 0.003347 0.006067 0.002280 0.001987 0.003027 0.000200 0.006320 0.005147 0.000000 0.006160 0.001480 0.012307 0.154640 0.071693 0.001013 0.019307 0.000133 0.023347
0.000000 0.000000 0.000000 0.000000 0.000000 0.000000 0.000000 0.000000 0.000000 0.000000 0.000000 0.000000 0.000000 0.000000 0.000000 0.000000 0.000000 0.000000 0.000000 0.000000 0.000000 0.000000 0.000000 0.000000 0.000000 0.000000 0.000000 0.000000 0.000000 0.000000 0.000000 0.000000 0.000000 0.000000 0.000000 0.000387 0.000000 0.000000 0.027960 0.005213 0.000187 0.000347 0.002240 0.000000 0.000000 0.001000 0.000000 0.000000 0.000000 0.000000 0.000000 0.000000 0.000000 0.000000 0.000000 0.000707 0.000000 0.000493 0.000427 0.000000 0.000773 0.000000 0.000000 0.000000 0.000000 0.011533 0.000000 0.000000
0.000000 0.000000 0.000067 0.000000 0.000000 0.000000 0.000000 0.000000 0.000000 0.000000 0.000000 0.000000 0.000000 0.000067 0.000000 0.025347 0.000000 0.000000 0.000000 0.000000 0.006227 0.000413 0.023400 0.001880 0.000000 0.000000 0.004280 0.001213 0.000933 0.001107 0.000000 0.000000 0.000000 0.000173 0.000000 0.000000 0.000320 0.000000 0.000000 0.000000 0.000000 0.000000 0.000000 0.000000 0.000000 0.000000 0.000000 0.000000 0.000000 0.000000 0.000480 0.000000 0.000133 0.000000 0.098013 0.039373 0.061133 0.026573 0.000000 0.000160 0.013587 0.048973 0.000187 0.002627 0.000000 0.000000 0.000000 0.000867
0.000000 0.000133 0.001213 0.000000 0.000000 0.000000 0.000000 0.000000 0.000000 0.000000 0.000000 0.000000 0.000000 0.000000 0.000000 0.000067 0.000133 0.000000 0.000147 0.000000 0.000093 0.000000 0.000133 0.000000 0.000000 0.002693 0.005013 0.000000 0.000000 0.000000 0.000000 0.000000 0.000000 0.000000 0.000453 0.000907 0.088173 0.000000 0.000000 0.000000 0.007387 0.000667 0.000000 0.000227 0.000000 0.000000 0.000147 0.003347 0.000000 0.000480 0.000000 0.005947 0.083480 0.000000 0.015813 0.000000 0.055440 0.000973 0.000000 0.039853 0.087680 0.002680 0.001227 0.026720 0.000120 0.000000 0.000000 0.009120
0.000000 0.000000 0.000000 0.000000 0.000000 0.000000 0.000000 0.000000 0.000000 0.000000 0.000200 0.000000 0.000400 0.000000 0.000000 0.000000 0.000000 0.000147 0.000173 0.000000 0.000000 0.000000 0.000000 0.000000 0.000000 0.002507 0.001507 0.000000 0.000000 0.000000 0.000453 0.000000 0.000000 0.000000 0.000453 0.000000 0.000333 0.000093 0.000000 0.000227 0.002453 0.001493 0.000000 0.000973 0.149253 0.000733 0.003160 0.006067 0.000000 0.000000 0.005947 0.000000 0.109467 0.000080 0.000440 0.000000 0.001213 0.000080 0.000000 0.084613 0.009107 0.000333 0.008067 0.005120 0.006067 0.001160 0.000000 0.026773
0.000000 0.000000 0.000253 0.000000 0.000000 0.000000 0.000000 0.000000 0.000000 0.000000 0.000067 0.000000 0.000000 0.000000 0.000000 0.000000 0.000000 0.000000 0.000267 0.000000 0.000000 0.000000 0.000000 0.000000 0.000000 0.003147 0.002840 0.000000 0.000000 0.000000 0.000120 0.000000 0.000000 0.000000 0.000480 0.000507 0.006533 0.000000 0.000000 0.000000 0.003013 0.000440 0.000000 0.000240 0.010307 0.000200 0.000560 0.002280 0.000000 0.000133 0.083480 0.109467 0.000000 0.000000 0.002440 0.000000 0.005840 0.000240 0.000000 0.068227 0.032720 0.000547 0.002480 0.007400 0.000427 0.000067 0.000000 0.017493
0.000000 0.000000 0.000000 0.004520 0.000000 0.000080 0.000253 0.000093 0.000107 0.000413 0.000000 0.000120 0.000000 0.000000 0.000000 0.000000 0.000000 0.000000 0.000000 0.000227 0.000000 0.000000 0.000000 0.000880 0.000000 0.000000 0.000000 0.001160 0.000000 0.000000 0.000000 0.000000 0.000000 0.000000 0.000067 0.000000 0.000000 0.163720 0.000000 0.001360 0.000733 0.002187 0.001213 0.165667 0.000107 0.011507 0.000000 0.001987 0.000000 0.000000 0.000000 0.000080 0.000000 0.000000 0.000000 0.000000 0.000000 0.008333 0.000000 0.000067 0.000000 0.018947 0.001840 0.000000 0.000000 0.000080 0.000000 0.000387
0.000120 0.000000 0.000000 0.000000 0.000000 0.000000 0.000133 0.000000 0.000000 0.000000 0.000000 0.000000 0.000000 0.000213 0.000000 0.006720 0.000000 0.000000 0.000000 0.000000 0.008027 0.000253 0.006000 0.003053 0.000000 0.000000 0.000440 0.002227 0.002053 0.002080 0.000000 0.000000 0.000000 0.000213 0.000107 0.000000 0.007827 0.000093 0.000000 0.000093 0.038547 0.001173 0.000000 0.001000 0.000000 0.000000 0.000000 0.003027 0.000000 0.098013 0.015813 0.000440 0.002440 0.000000 0.000000 0.005427 0.263413 0.026347 0.000000 0.001573 0.003640 0.066600 0.000760 0.097893 0.000000 0.000000 0.000000 0.012960
0.000000 0.000000 0.000000 0.000000 0.000000 0.000000 0.000000 0.000000 0.000000 0.000000 0.000000 0.000000 0.000000 0.000000 0.000000 0.002773 0.000000 0.000000 0.000000 0.000000 0.000267 0.000000 0.001507 0.000733 0.000000 0.000000 0.000587 0.000227 0.000347 0.000307 0.000000 0.000000 0.000000 0.000000 0.000187 0.002600 0.000000 0.000000 0.001453 0.000093 0.000000 0.000000 0.002667 0.000000 0.000000 0.000000 0.000293 0.000200 0.000707 0.039373 0.000000 0.000000 0.000000 0.000000 0.005427 0.000000 0.011373 0.002760 0.001987 0.000000 0.021173 0.002760 0.002147 0.001867 0.000000 0.000520 0.000000 0.000000
0.000000 0.000000 0.002373 0.000000 0.000000 0.000000 0.000000 0.000000 0.000000 0.000000 0.000000 0.000000 0.000000 0.000000 0.000000 0.027467 0.000187 0.000000 0.000000 0.000000 0.001147 0.000173 0.030947 0.000120 0.000000 0.000133 0.021853 0.000253 0.000000 0.000000 0.000000 0.000000 0.000000 0.000507 0.000760 0.000000 0.097813 0.000067 0.000000 0.000000 0.017800 0.001413 0.000000 0.000573 0.000227 0.000000 0.000000 0.006320 0.000000 0.061133 0.055440 0.001213 0.005840 0.000000 0.263413 0.011373 0.000000 0.004053 0.000000 0.019093 0.106627 0.025493 0.000947 0.034000 0.000000 0.000147 0.000000 0.009533
0.000173 0.000000 0.000120 0.002653 0.000000 0.000547 0.003813 0.002573 0.001053 0.002107 0.000133 0.000160 0.000213 0.003507 0.000000 0.000293 0.000000 0.000000 0.000000 0.000640 0.001747 0.001093 0.000280 0.020547 0.000000 0.000147 0.000693 0.015267 0.006720 0.003120 0.000000 0.000080 0.000120 0.002387 0.000987 0.009960 0.000173 0.053987 0.000667 0.002200 0.058800 0.004653 0.034853 0.015440 0.000107 0.001067 0.000960 0.005147 0.000493 0.026573 0.000973 0.000080 0.000240 0.008333 0.026347 0.002760 0.004053 0.000000 0.006067 0.000253 0.028360 0.179773 0.014307 0.013400 0.000000 0.000480 0.000120 0.001747
0.000000 0.000000 0.000000 0.000000 0.000000 0.000000 0.000000 0.000000 0.000000 0.000000 0.000467 0.000000 0.001907 0.000000 0.000000 0.000000 0.000000 0.000000 0.000147 0.000000 0.000000 0.000000 0.000000 0.000000 0.000160 0.000947 0.000973 0.000000 0.000000 0.000000 0.000133 0.000000 0.000000 0.000000 0.000000 0.025253 0.000000 0.000133 0.000893 0.000067 0.000080 0.000067 0.001400 0.000120 0.000347 0.000000 0.027947 0.000000 0.000427 0.000000 0.000000 0.000000 0.000000 0.000000 0.000000 0.001987 0.000000 0.006067 0.000000 0.001733 0.023133 0.000427 0.000000 0.000000 0.000760 0.000360 0.000000 0.000147
0.000000 0.000093 0.003267 0.000000 0.000000 0.000000 0.000000 0.000067 0.000000 0.000000 0.001560 0.000000 0.005427 0.000067 0.000000 0.000000 0.002307 0.001307 0.003200 0.000000 0.000000 0.000000 0.000000 0.000000 0.000427 0.044280 0.040600 0.000000 0.000000 0.000160 0.004040 0.000000 0.000000 0.000813 0.000560 0.001947 0.038907 0.000067 0.000000 0.000200 0.002960 0.001733 0.000000 0.000387 0.069613 0.000533 0.015853 0.006160 0.000000 0.000160 0.039853 0.084613 0.068227 0.000067 0.001573 0.000000 0.019093 0.000253 0.001733 0.000000 0.183053 0.000560 0.004227 0.001867 0.030973 0.000587 0.000000 0.002413
0.000000 0.002240 0.021853 0.000000 0.000000 0.000000 0.000000 0.000000 0.000000 0.000000 0.001853 0.000000 0.007027 0.000067 0.000000 0.004640 0.005840 0.002253 0.003600 0.000000 0.000067 0.000800 0.020573 0.000067 0.000640 0.052667 0.158800 0.000173 0.000160 0.000333 0.006507 0.000000 0.000000 0.001187 0.000213 0.032840 0.145840 0.000000 0.001533 0.000187 0.000600 0.000267 0.001427 0.000187 0.002147 0.000147 0.061653 0.001480 0.000773 0.013587 0.087680 0.009107 0.032720 0.000000 0.003640 0.021173 0.106627 0.028360 0.023133 0.183053 0.000000 0.021133 0.002067 0.000920 0.012080 0.000920 0.000000 0.008400
0.000173 0.000000 0.000480 0.004240 0.000080 0.000933 0.003200 0.001547 0.001387 0.003000 0.000133 0.000373 0.000093 0.002027 0.000067 0.000520 0.000000 0.000000 0.000000 0.001613 0.002120 0.000133 0.000920 0.019280 0.000000 0.000173 0.001387 0.013267 0.006427 0.004427 0.000000 0.000107 0.000133 0.000867 0.002173 0.000000 0.001067 0.174333 0.000000 0.022600 0.366920 0.012627 0.013480 0.198667 0.000213 0.005040 0.000160 0.012307 0.000000 0.048973 0.002680 0.000333 0.000547 0.018947 0.066600 0.002760 0.025493 0.179773 0.000427 0.000560 0.021133 0.000000 0.042613 0.090187 0.000000 0.000813 0.000307 0.005107
0.000133 0.000000 0.000000 0.000147 0.000000 0.000080 0.000320 0.000267 0.000000 0.000120 0.000067 0.000000 0.000213 0.001053 0.000000 0.001387 0.000000 0.000000 0.000000 0.000000 0.005107 0.000373 0.000840 0.005173 0.000000 0.000000 0.000120 0.004787 0.004067 0.002373 0.000000 0.000000 0.000133 0.000707 0.090347 0.000000 0.000280 0.003347 0.000000 0.004400 0.037520 0.023533 0.003573 0.021360 0.019320 0.009360 0.002667 0.154640 0.000000 0.000187 0.001227 0.008067 0.002480 0.001840 0.000760 0.002147 0.000947 0.014307 0.000000 0.004227 0.002067 0.042613 0.000000 0.074573 0.001293 0.022293 0.075213 0.068307
0.000000 0.000000 0.000000 0.000000 0.000000 0.000000 0.000000 0.000080 0.000000 0.000000 0.000000 0.000000 0.000000 0.000293 0.000000 0.000747 0.000000 0.000000 0.000000 0.000000 0.001773 0.000173 0.000227 0.001813 0.000000 0.000000 0.000067 0.001933 0.001187 0.000760 0.000000 0.000000 0.000000 0.000267 0.076773 0.000000 0.000667 0.000120 0.000000 0.000000 0.173387 0.010880 0.000480 0.001147 0.000827 0.000000 0.000000 0.071693 0.000000 0.002627 0.026720 0.005120 0.007400 0.000000 0.097893 0.001867 0.034000 0.013400 0.000000 0.001867 0.000920 0.090187 0.074573 0.000000 0.000000 0.000080 0.000067 0.019973
0.000000 0.000000 0.000080 0.000000 0.000000 0.000000 0.000000 0.000000 0.000000 0.000000 0.001667 0.000000 0.004853 0.000000 0.000000 0.000000 0.000160 0.000733 0.000373 0.000000 0.000000 0.000000 0.000000 0.000000 0.000240 0.005880 0.003800 0.000000 0.000000 0.000000 0.002360 0.000000 0.000000 0.000000 0.000000 0.000000 0.000133 0.000000 0.000000 0.000000 0.000067 0.000320 0.000000 0.000133 0.031507 0.000173 0.030720 0.001013 0.000000 0.000000 0.000120 0.006067 0.000427 0.000000 0.000000 0.000000 0.000000 0.000000 0.000760 0.030973 0.012080 0.000000 0.001293 0.000000 0.000000 0.000467 0.000000 0.000880
