1.000000000000000000e+00 5.689057176799199311e-01 2.308505900442066605e-01 4.967673265944428929e-01 2.035132024045971100e-01 2.518528803936110894e-01 5.421447997333391777e-01 3.265143791702360132e-01 2.826140064198894852e-01 6.070019058079080265e-01 4.847102305754170115e-01 4.885726556473164450e-01 4.431420499966569615e-01 6.237082873846084841e-01 3.109458552927521491e-01 4.705142752157953079e-01 5.943800517670380090e-01 4.336909625732378593e-01 5.202701314380711040e-01 5.318509462731023651e-01 6.170796126614142008e-01 6.228643243023231912e-01 6.820611577733100006e-01 5.185690187164984088e-01 3.987179071315284928e-01 5.668910159239859414e-01 5.466085434546305022e-01 5.805135757088227821e-01 7.620804121452788849e-01 5.472994171016734022e-01 4.220921485452018840e-01 3.919305347717105814e-01 5.834474289203678277e-01 6.811463438412387328e-01 6.349793694107196407e-01 5.106683920433214841e-01 3.381748428097394177e-01 4.413605842251865918e-01 1.702787759333033724e-01 4.419567326732565249e-01 4.009854139776155568e-01 2.005789772008181038e-01 2.584925558106168642e-01 5.389521062403841434e-01 4.370588907335553053e-01 5.242274924572037920e-01 3.801492347766643465e-01 5.165518307980273560e-01 2.845923735613176131e-01 5.528153643283240104e-01 5.018994317253548942e-01 3.896198052801866929e-01 4.279029798428498066e-01 5.039182325392397299e-01 4.040201924058854366e-01 5.275082072205428130e-01 6.193071350809312703e-01 4.805066353368038223e-01 3.976972930872946232e-01 3.433483470774850721e-01 4.670609960840466091e-01 5.285290385355710940e-01 6.599396134453392460e-01 3.815073550659362489e-01 4.630664077888971830e-01 3.073300893530950817e-01 5.547756029190205052e-01 6.782763188452973768e-01
5.689057176799199311e-01 1.000000000000000000e+00 3.371535748914911146e-01 3.932884447630879410e-01 2.682932516824821367e-01 4.449788831380962484e-01 3.461206439761289055e-01 4.057208032883894977e-01 1.417247525368803829e-01 5.482831672374282039e-01 3.824593719830479688e-01 4.033212011563805377e-01 2.430066132461516648e-01 4.085193624738630014e-01 2.879347453992996964e-01 2.500527434217107436e-01 6.341556151109291051e-01 1.382843853171495108e-01 5.562797494118009167e-01 3.759661623388190765e-01 5.575514687958610383e-01 6.493091363169529728e-01 6.623308176219121490e-01 3.946937519397002991e-01 3.893724996913022207e-01 6.592492963298960396e-01 4.635197448185300328e-01 5.794767972942138634e-01 6.620660389980470573e-01 5.749751253595336564e-01 2.974763905960095545e-01 3.595800004066198596e-01 5.074050888102810131e-01 7.018882411269049548e-01 4.995631214736145354e-01 8.334781560168510461e-01 4.098832365314858950e-01 3.264035840236368391e-01 1.950928958298040194e-01 5.117928828346417491e-01 2.940254134859570101e-01 2.148066615843239879e-01 2.151091646093310772e-01 5.185518217207490954e-01 3.647058673807573870e-01 4.756220661626983648e-01 8.369868432879816467e-02 3.023390184061521824e-01 1.920542066512813950e-01 4.958268412563330285e-01 5.477556885894239169e-01 2.478693512872935101e-01 4.441143312749192273e-01 3.576657428833361907e-01 4.063853278149364145e-01 6.406878720695533547e-01 6.742067319341291665e-01 3.881046549487963127e-01 3.023458389857505701e-01 4.400072856755805062e-01 3.974367492059019957e-01 5.004500741528185026e-01 5.620076058055117896e-01 5.626593456593177445e-01 4.077030931568739747e-01 2.760847679045426162e-01 5.693874165094316986e-01 6.729905239662880012e-01
2.308505900442066605e-01 3.371535748914911146e-01 1.000000000000000000e+00 3.285545434937822140e-01 2.091594073638092521e-01 4.162413929366266530e-01 3.687448130831534887e-01 4.749661322037203037e-01 1.890159884328152518e-01 3.900803839899485426e-01 3.230036132540625715e-01 3.388646053265336189e-01 3.979739381744195059e-01 4.386067073136494243e-01 4.681057099199431026e-01 2.892371552741825336e-01 3.291939361187840585e-01 3.311523813857011334e-01 3.983265031168134462e-01 2.983767932180424465e-01 4.063625660610512558e-01 2.864696015674518814e-01 4.440334725289626916e-01 2.617667155635788889e-01 3.301460510541872062e-01 6.136528503987472849e-01 5.519593158880973238e-01 3.739621856803247990e-01 2.909808769642846515e-01 2.552116056506415487e-01 2.390494489058089533e-01 2.656519636045028832e-01 2.310525183364084134e-01 2.970735855537741665e-01 3.686673792030789043e-01 4.479295110367605970e-01 6.392062949510051162e-01 2.852911354368006802e-01 3.349483951578205998e-01 5.713749936239503890e-01 1.931842315756102102e-01 5.238964692134023826e-01 2.389622687703278348e-01 4.104617953832589983e-01 3.796921583464341055e-01 3.544334655016447289e-01 2.614205357838463306e-01 3.853268448481706465e-01 4.635767666484327254e-01 5.378766423172175459e-01 2.254744099515378908e-01 3.095659181133517679e-01 2.562435770820663539e-01 3.260478543107321880e-01 4.033581993436517465e-01 4.172965578929416774e-01 4.022972409506302971e-01 1.780655702792682538e-01 3.258502410758341572e-01 4.899438590050425590e-01 4.950993133715615446e-01 2.302363137420362638e-01 2.011328092836056347e-01 7.121278168097838757e-02 1.692275895125453511e-01 2.444297008814287353e-01 3.135445866201041487e-01 2.428047068082279103e-01
4.967673265944428929e-01 3.932884447630879410e-01 3.285545434937822140e-01 1.000000000000000222e+00 -6.043290862779970157e-02 3.468794441361449099e-01 6.529441298892700862e-01 1.429150692266535905e-01 5.627009878809979826e-01 7.758183599134381714e-01 2.533406775809856626e-01 7.749886732236566100e-01 5.309021982142517748e-01 4.014312145688533340e-01 2.348362136059621297e-01 7.044868349500826854e-01 4.414438322117034685e-01 3.151375222934126863e-01 3.429280856793963106e-01 6.875842348948210114e-01 7.539270061376823762e-01 6.442079890602069314e-01 7.177727041767461014e-01 5.917327940707159950e-01 5.331091790906598016e-01 4.797074496557760526e-01 5.457938401098686443e-01 7.402737115762126896e-01 5.111032577429793777e-01 4.297583612961654032e-01 3.973141818690635874e-01 2.021127874757158369e-02 5.046427722687469863e-01 4.363977985338921006e-01 6.150080567874566251e-01 4.304348335303027073e-01 3.779857633425716679e-01 9.199394862413741158e-01 -9.417561755325756789e-02 3.019271990503695768e-01 5.631621653223285451e-01 3.445854809854649592e-02 4.150543038135185436e-01 8.323635691503622480e-01 2.201685262116662711e-01 8.201528317053824457e-01 2.950615280789599670e-01 3.237127830277026774e-01 1.689296291273174322e-01 7.082987209217307401e-01 3.731793471776650994e-01 2.825952315468967524e-01 4.112885229066043924e-01 7.230933962584491503e-01 7.672067722917977894e-01 5.343539144393665286e-01 6.983653711289583566e-01 5.963321695210718199e-01 4.603621705875376446e-01 3.165308350942181992e-01 4.734730355985776185e-01 7.518340001053471777e-01 5.883774933792219608e-01 3.981318987513503549e-01 3.658042310044285483e-01 -7.320876061599577989e-02 5.342327370125221631e-01 5.287087233935436892e-01
2.035132024045971100e-01 2.682932516824821367e-01 2.091594073638092521e-01 -6.043290862779970157e-02 1.000000000000000000e+00 3.430813867045766630e-01 -2.745461205460625678e-02 6.283645328007493314e-01 -3.590406383871744267e-02 2.265632613531617656e-01 4.256619671424639040e-01 2.219688691765114852e-02 2.817571513517770354e-01 4.738959409322441307e-01 3.835718225735190168e-01 -8.060652756162396682e-02 1.087668822005969094e-01 2.623756538667932903e-01 1.539958553312783807e-01 3.935115977436738632e-02 1.083895825476391128e-01 6.288732956484945069e-02 8.261938102339433376e-02 -5.438852660710678105e-02 1.998349139057447321e-01 2.283607575263409128e-01 1.799986390097812472e-01 8.756172579647887588e-02 2.535747311693732908e-01 4.948415516509444001e-02 3.026899480368051565e-01 6.947711005298210507e-01 8.966892008514369683e-02 1.806769128447081874e-01 -9.172431545806161712e-02 2.768875284589941699e-01 -5.666163564929066303e-03 -1.168001724297541843e-01 6.925388023555636430e-01 5.963536150908281819e-01 -1.107027136622770053e-01 6.515584229499942204e-01 -6.408191237517732453e-02 1.336275622585544331e-01 4.683311266556004493e-01 2.175451958585952750e-02 4.050397306815046172e-01 4.431992391211541094e-01 5.473482310137312012e-01 6.378478014051047751e-02 -1.189913466746287882e-02 3.754131230692453469e-01 -1.930784804156666576e-02 -6.221267787026353580e-02 -1.233202302492913405e-01 2.981992646358150312e-02 -1.667736269562549584e-02 -8.913733479756626166e-02 1.986550907484536943e-01 2.791889816937435098e-01 1.635657738199868816e-01 -2.099605109783347912e-02 1.432138610162621006e-01 -1.061475976405830135e-01 3.297036530998491699e-01 6.463466578556952280e-01 -2.130551951560499119e-02 1.214989341122418992e-01
2.518528803936110894e-01 4.449788831380962484e-01 4.162413929366266530e-01 3.468794441361449099e-01 3.430813867045766630e-01 1.000000000000000000e+00 2.871298911136020426e-01 5.870718541304255078e-01 2.006971197471345281e-01 5.509352167213670270e-01 5.020708944732653611e-01 5.022155264921090989e-01 3.888863193798706153e-01 4.852040911203084339e-01 3.108223189293607414e-01 1.198866245497119815e-01 2.289559480975387196e-01 2.946477375262983589e-01 2.469434951547748447e-01 4.220872918898845305e-01 2.057738200355883895e-01 2.727753359627033136e-01 2.873661884026000868e-01 2.767665626746388385e-01 3.925088888664290954e-01 4.256556173967713796e-01 2.973486186221464544e-01 3.418971101129021362e-01 3.756996509462239842e-01 1.363469236840274268e-01 5.115637823306938836e-01 4.007997320593823520e-01 1.529571910457041828e-01 3.215993163295354784e-01 3.207493202389398723e-01 4.130416554980749777e-01 2.701886700490698234e-01 2.639435638625089453e-01 3.180564665019564585e-01 6.097665332453016118e-01 1.504930272522023160e-01 3.926286279241397170e-01 2.600731893501178060e-01 5.355778414821310562e-01 4.850328781952760182e-01 4.753078312066843503e-01 3.335888562847563188e-01 3.882812075581614786e-01 4.513873516923080920e-01 3.183716982160353370e-01 1.553280868545508231e-01 3.908252932618786479e-01 1.456160443451973707e-01 3.997521024675562695e-01 1.538929637211419732e-01 2.744826217874309915e-01 2.566675173758053430e-01 2.168611185586810652e-01 3.342254545113415576e-01 4.175538719398827481e-01 3.108034020963817978e-01 2.305951575835667733e-01 3.048034339455079067e-01 1.056288361644015655e-01 3.115036623300202479e-01 2.492362786347159798e-01 2.765064602709957353e-01 2.876553834765221973e-01
5.421447997333391777e-01 3.461206439761289055e-01 3.687448130831534887e-01 6.529441298892700862e-01 -2.745461205460625678e-02 2.871298911136020426e-01 1.000000000000000222e+00 1.700778133331896924e-01 7.179815543085096285e-01 5.442679563789915020e-01 3.095517603091847425e-01 5.963207828035372859e-01 5.399724970388685152e-01 4.813829946074776878e-01 3.491398411152440429e-01 5.633224049977031411e-01 5.567225688152939167e-01 4.141393036498280944e-01 5.750996730230660825e-01 6.477478886349512521e-01 5.966990659420907672e-01 6.968493573199487923e-01 6.413782462027455278e-01 8.612268247896611717e-01 5.063371095752160489e-01 6.405467171923684422e-01 6.278280400150415552e-01 7.279277312925406251e-01 5.385655047230518688e-01 5.336035085936916555e-01 4.296397840268202373e-01 1.573247796408611954e-01 4.913415011729794779e-01 4.485112866982791102e-01 4.835421136455783642e-01 4.209465348482217539e-01 5.862812472067424618e-01 6.040785850120103939e-01 -9.852455654592999143e-03 3.155058574016075257e-01 7.972045790279030930e-01 6.556460509431974448e-02 6.428340782751540416e-01 5.442682719233772337e-01 2.503096822305303504e-01 5.932619244125129088e-01 3.650293776680775815e-01 4.621360588232620858e-01 2.592687337202063125e-01 5.270003530625758659e-01 5.431004257463593055e-01 2.812582750849687563e-01 4.673838992772956780e-01 5.881794058310074735e-01 5.440009204050700875e-01 5.718941716425679500e-01 5.971604134534302943e-01 7.904323327537861044e-01 4.504381908758852693e-01 4.476327789101308685e-01 6.265893623143053981e-01 7.439007181261373391e-01 4.983902566279288515e-01 3.809045492198426253e-01 4.102840203146286835e-01 5.577420743173642365e-02 4.898067762764743982e-01 4.845383847836520763e-01
3.265143791702360132e-01 4.057208032883894977e-01 4.749661322037203037e-01 1.429150692266535905e-01 6.283645328007493314e-01 5.870718541304255078e-01 1.700778133331896924e-01 9.999999999999997780e-01 -1.016698724102624296e-02 4.638354979657176025e-01 5.811564429621670635e-01 1.510170505105458139e-01 4.020059696944161542e-01 6.428566815397851464e-01 4.699968854659998252e-01 2.252403287664545353e-02 2.508977426433708358e-01 4.408211081907829065e-01 3.279615446070208162e-01 1.987848432486771233e-01 2.850350638250635504e-01 1.772758176037711186e-01 2.769708325150482819e-01 7.772073076732034791e-02 2.641308362796507270e-01 4.327166990075907438e-01 2.505027151851416112e-01 3.320137578596755179e-01 4.467956032044954062e-01 2.808048868354512950e-01 4.537588807065190966e-01 6.271665788900311345e-01 2.440092694129609441e-01 3.255480158036980209e-01 2.027278562227869951e-01 4.006241356195369696e-01 2.034383462106043594e-01 8.120616930690173485e-02 6.370072220415256004e-01 7.579240233401917104e-01 -2.164646616041267582e-02 8.382023328076330104e-01 -6.217797026520592747e-03 4.121271449122448360e-01 6.535944998204474832e-01 1.475361623285580126e-01 4.466235512209349445e-01 4.882017064713770060e-01 5.890354168214541053e-01 3.211277700963727222e-01 1.200602017999770205e-01 4.410720293744337939e-01 8.355868354863743575e-02 1.220917588693083422e-01 4.814804954115491087e-02 2.281718296756763409e-01 1.994838050922966843e-01 -2.523022063913830937e-02 1.946065369807669920e-01 4.900071519704420342e-01 2.348788770744249521e-01 1.616910581095470922e-01 2.708128387398822667e-01 3.957949442192418288e-02 4.625428381112309806e-01 5.458588136714872530e-01 2.347595322210220548e-01 2.814612644147997944e-01
2.826140064198894852e-01 1.417247525368803829e-01 1.890159884328152518e-01 5.627009878809979826e-01 -3.590406383871744267e-02 2.006971197471345281e-01 7.179815543085096285e-01 -1.016698724102624296e-02 1.000000000000000222e+00 4.018472697553429063e-01 1.556140986433327544e-01 5.394149373282711712e-01 5.133650223380725741e-01 3.322855165861390292e-01 1.567274542939362247e-01 4.008961085709797922e-01 2.755603467626626113e-01 2.493116255658541225e-01 2.937135421022201154e-01 5.058000488509643011e-01 3.679750278259842355e-01 5.130958545332355847e-01 4.011366540838900430e-01 6.533125819111218480e-01 5.837559702373946724e-01 3.430559431560701866e-01 5.042231799737293407e-01 4.327844744295022972e-01 2.875633624718978432e-01 1.529334782788513980e-01 3.538069599148299660e-01 3.147113915431935111e-02 3.653008175446992856e-01 2.039885086611295806e-01 2.336862945786485068e-01 2.912190722605036419e-01 2.891498735062100200e-01 5.143607922283889300e-01 -3.392168394683472282e-02 1.095053265615019839e-01 5.950326605112463696e-01 -4.803362013795298840e-02 7.154361511038699328e-01 4.586533093591929622e-01 1.032187107534146692e-01 4.868091915546175485e-01 3.491377206940604050e-01 3.411217989386575167e-01 1.515287642462873618e-01 3.376721885093039721e-01 3.483260349825916813e-01 1.718429950347385438e-01 3.226460287170081487e-01 4.394680641882388050e-01 3.893635870875212790e-01 3.255468226333036452e-01 3.614304161894553169e-01 5.944149884029106268e-01 4.611428584281345167e-01 2.124099402269911951e-01 4.954634501598208507e-01 4.998909690525742966e-01 3.131729979132306108e-01 1.857664393484116938e-01 2.577411819884223299e-01 -2.017219669736554019e-02 3.262453907654092045e-01 2.629806551808834270e-01
6.070019058079080265e-01 5.482831672374282039e-01 3.900803839899485426e-01 7.758183599134381714e-01 2.265632613531617656e-01 5.509352167213670270e-01 5.442679563789915020e-01 4.638354979657176025e-01 4.018472697553429063e-01 9.999999999999997780e-01 4.848563252902666765e-01 7.794760318201098270e-01 6.266689650735521866e-01 6.126827899606521743e-01 3.791559898630429415e-01 5.010257612621579204e-01 3.995789608758275047e-01 4.800354107589573927e-01 3.625954516277011264e-01 7.365801073395729093e-01 6.462412924353404531e-01 5.532976257833936984e-01 6.416607086558968609e-01 4.495934520967859171e-01 5.272755036394715100e-01 5.552490561427010363e-01 5.634908912851326335e-01 6.593540945510401041e-01 7.012216419004422274e-01 3.764169514880386092e-01 5.114931314187290967e-01 3.178483401356628213e-01 5.339247083604472532e-01 5.456697279243730714e-01 6.380244244910826534e-01 5.412008731920542326e-01 3.534971644858027062e-01 7.285686201773224902e-01 2.016787682726165765e-01 5.586181614390378636e-01 3.964086658243127781e-01 3.140584745860545146e-01 3.127169852487340918e-01 9.272363071052767136e-01 4.818028943296567279e-01 8.061244376204035333e-01 4.631149610838499742e-01 5.407907633322315277e-01 3.845546160506453925e-01 6.245225017856753658e-01 3.337624900409292827e-01 4.763209340023175642e-01 3.480076691629544472e-01 7.200366725092718356e-01 5.277588442882983344e-01 4.614618122650721577e-01 6.239952213966144523e-01 3.982888195076635385e-01 4.819108987970656677e-01 4.235341705137176116e-01 4.892401716845993231e-01 6.122688192547771635e-01 6.928463191103640950e-01 3.121460582518766347e-01 4.797702916653200367e-01 2.445270951128820924e-01 5.930864719310465771e-01 6.170939264886603492e-01
4.847102305754170115e-01 3.824593719830479688e-01 3.230036132540625715e-01 2.533406775809856626e-01 4.256619671424639040e-01 5.020708944732653611e-01 3.095517603091847425e-01 5.811564429621670635e-01 1.556140986433327544e-01 4.848563252902666765e-01 1.000000000000000000e+00 3.490588599108571111e-01 6.962465622147889777e-01 6.662596176505301004e-01 4.491499726747360532e-01 1.720464144722141098e-01 4.115552919812842658e-01 7.105399303458534987e-01 4.165553136939912915e-01 3.148778969993242249e-01 2.216380544813694176e-01 2.602208869907076116e-01 3.706356740645683767e-01 2.101932454028761499e-01 4.647665476837303800e-01 5.263784225581235043e-01 5.027745332080507668e-01 3.122954400532349517e-01 5.783600108864558331e-01 2.097049666996183281e-01 7.938143630636820269e-01 5.363086691083762680e-01 3.623269639313962953e-01 5.712065768734280180e-01 3.187919758548773963e-01 4.323764011541322838e-01 2.355825381918590922e-01 1.955702429707849577e-01 5.006839732451314751e-01 5.956937377553528368e-01 8.803789318104286721e-02 4.676332175919726830e-01 1.297486448800043712e-01 4.624296788310275907e-01 8.618632345627110780e-01 3.587189245066969012e-01 6.586647543550945283e-01 5.459236561049531922e-01 4.619660892751255576e-01 3.429004410187233565e-01 2.334609906708842719e-01 6.715909706360659870e-01 2.623036485966674936e-01 3.175410749508035257e-01 4.443955876252793369e-02 2.742858472734966968e-01 2.487759157421964018e-01 1.014865890754541866e-01 4.992175330505008723e-01 4.971179503722878423e-01 4.302580969101373332e-01 2.032295609161524630e-01 4.330875674226812855e-01 1.607580530248323841e-02 5.453355624535051183e-01 4.498466891839110748e-01 4.250837555656923894e-01 4.545990781375011669e-01
4.885726556473164450e-01 4.033212011563805377e-01 3.388646053265336189e-01 7.749886732236566100e-01 2.219688691765114852e-02 5.022155264921090989e-01 5.963207828035372859e-01 1.510170505105458139e-01 5.394149373282711712e-01 7.794760318201098270e-01 3.490588599108571111e-01 1.000000000000000000e+00 5.252996832104351865e-01 4.648667121265957491e-01 2.331054445578838175e-01 4.639447016069390695e-01 3.293580788476357379e-01 3.787708560626694143e-01 3.167953366414177352e-01 8.239939879198648898e-01 4.833739616712679488e-01 4.890621080564064305e-01 5.470209667330598879e-01 5.435074804378069446e-01 4.405005565334662587e-01 4.794470111248844701e-01 5.299431862453275466e-01 5.367414956937834880e-01 5.765933503244328184e-01 2.715318651398016536e-01 4.168950953958507344e-01 1.078972833266856890e-01 4.080377305574146019e-01 4.249529758991170691e-01 5.723133185356459318e-01 4.317581819890791706e-01 3.770436647844887523e-01 6.722898787248055008e-01 4.676670313879519730e-02 4.215941907022000557e-01 5.067574166522518242e-01 2.962363062824741738e-02 4.903417871889694801e-01 7.743135596274085541e-01 3.005610325421789186e-01 8.852586822102593844e-01 3.222274792103524965e-01 4.333326086272650812e-01 3.065694758322360935e-01 5.203833407675897416e-01 3.469522585490544819e-01 3.480190670278551779e-01 3.212253887001820241e-01 8.137129182458749943e-01 4.589083600231641524e-01 4.012221405165236066e-01 5.477662444176727430e-01 5.226088354179113660e-01 4.141707636181864993e-01 3.226093889536625348e-01 4.777897750115894793e-01 5.422362559902655921e-01 6.083569207592982586e-01 3.107650690625206602e-01 3.359658605130168008e-01 9.228293019946709475e-02 5.000740107528627298e-01 4.773857933980162893e-01
4.431420499966569615e-01 2.430066132461516648e-01 3.979739381744195059e-01 5.309021982142517748e-01 2.817571513517770354e-01 3.888863193798706153e-01 5.399724970388685152e-01 4.020059696944161542e-01 5.133650223380725741e-01 6.266689650735521866e-01 6.962465622147889777e-01 5.252996832104351865e-01 9.999999999999998890e-01 7.028464095887348995e-01 4.422118566419070418e-01 4.655362743501902933e-01 3.384727786882080203e-01 6.851199250220735282e-01 3.363958865173227175e-01 4.502176774736878495e-01 4.283230278183698947e-01 3.661318751125073878e-01 4.894266850574581218e-01 3.319733131121769265e-01 7.120773861399051219e-01 4.869520620453393622e-01 7.080017597478205360e-01 4.284131621165328530e-01 4.936711130637452261e-01 1.623202593944783334e-01 6.697745990154745366e-01 3.750725838937149503e-01 4.304234929893405170e-01 3.851236682336617867e-01 3.272664122250729668e-01 4.046242582806524601e-01 2.889214434603444293e-01 5.082099323757105491e-01 3.216500844067561871e-01 5.073878371594947589e-01 2.431092600129683978e-01 3.660903860757279138e-01 3.296109071051034345e-01 6.405577835169552481e-01 6.520382698217522810e-01 5.155056112731648543e-01 8.084309299799655735e-01 5.900987396180800149e-01 4.175324064477932140e-01 5.267635198312473621e-01 1.767132112365414343e-01 5.989664601992140680e-01 2.218337711335429674e-01 4.454104579618572979e-01 3.542164523244888952e-01 3.017439388374748566e-01 3.309811780246635915e-01 2.554434589467999284e-01 7.048377075791717461e-01 3.966154533076661770e-01 5.998866522040648963e-01 3.929755033262132824e-01 4.658677601727848616e-01 -1.539986980191186509e-02 5.629443870040310438e-01 2.719684346063007130e-01 3.813546098223282166e-01 4.112177958208088069e-01
6.237082873846084841e-01 4.085193624738630014e-01 4.386067073136494243e-01 4.014312145688533340e-01 4.738959409322441307e-01 4.852040911203084339e-01 4.813829946074776878e-01 6.428566815397851464e-01 3.322855165861390292e-01 6.126827899606521743e-01 6.662596176505301004e-01 4.648667121265957491e-01 7.028464095887348995e-01 1.000000000000000222e+00 3.916735116346834467e-01 3.588881542667289315e-01 4.228911212896678817e-01 5.866748651629986044e-01 4.264729818137732442e-01 4.609079843199201942e-01 4.513463530108874355e-01 4.247592164655114577e-01 5.341823069205100527e-01 3.158661375861618326e-01 5.725771065592200060e-01 5.893141539399997519e-01 6.755058188059558377e-01 4.278145238138453266e-01 6.466281429151645721e-01 2.521185055994181745e-01 6.070357745853863785e-01 5.992715876349471449e-01 4.282539132987914776e-01 4.252861546140849769e-01 4.197370223656682331e-01 4.964877788712758755e-01 3.215302837255039070e-01 3.353068392830789168e-01 5.030054765228507696e-01 6.975071778909294196e-01 2.396504541911965436e-01 5.908042076837174417e-01 2.281425070365387942e-01 5.835352481835169858e-01 6.700111979239014026e-01 4.147071032252018230e-01 6.472173795569254873e-01 8.500604575845283062e-01 5.687909987515282761e-01 5.385651237854902629e-01 2.319121410974615272e-01 5.951461564219430178e-01 2.387217535947211422e-01 4.342227077030945681e-01 2.810472768594070581e-01 3.211066804476339631e-01 3.828393274236657762e-01 2.267816180054988973e-01 5.242515191313884548e-01 4.808307010508959811e-01 5.709050847356639258e-01 3.389315644092600333e-01 5.333118231169311496e-01 5.034901414500341649e-02 5.503404578712574047e-01 5.588101332559559653e-01 3.843226827263168666e-01 4.291262847944404824e-01
3.109458552927521491e-01 2.879347453992996964e-01 4.681057099199431026e-01 2.348362136059621297e-01 3.835718225735190168e-01 3.108223189293607414e-01 3.491398411152440429e-01 4.699968854659998252e-01 1.567274542939362247e-01 3.791559898630429415e-01 4.491499726747360532e-01 2.331054445578838175e-01 4.422118566419070418e-01 3.916735116346834467e-01 1.000000000000000222e+00 9.794185231003527115e-02 2.806416564131139491e-01 3.872731214985301595e-01 2.704286163976399315e-01 3.113617989185733514e-01 2.538337943404365693e-01 2.723265432050729906e-01 2.645665889862834907e-01 2.926314595138127528e-01 3.223600444398911913e-01 4.036863281036748297e-01 4.013071029753527141e-01 3.274944498297243656e-01 2.744692097799111274e-01 2.034002080122138956e-01 3.057635343801040628e-01 4.530332320272235647e-01 3.822671681180170311e-01 4.460621328376493944e-01 2.430092286658035727e-01 3.472154548170718891e-01 3.867461159181128094e-01 2.602939840226412560e-01 4.031518691058349479e-01 4.924953027873690270e-01 2.254275045762431373e-01 4.921668500572334848e-01 1.646119586043436056e-01 3.041080994154528039e-01 5.349500921874326131e-01 3.518387698023244803e-01 4.341432742440494152e-01 3.326959390680375162e-01 4.258592595481567322e-01 2.502526955311707990e-01 2.442459801474430314e-01 4.397341927547001594e-01 2.554023441578964770e-01 2.750649087701531603e-01 1.509489012299933541e-01 3.437936376509380110e-01 2.417555151602445718e-01 1.865048200470740825e-01 3.794415462742924405e-01 4.235992385227792534e-01 3.824382674825632655e-01 2.545075415439612687e-01 2.077426913108338935e-01 5.565978495482233612e-02 3.146286985087208832e-01 4.472872130890422349e-01 3.918782211361078738e-01 3.676125619130278799e-01
4.705142752157953079e-01 2.500527434217107436e-01 2.892371552741825336e-01 7.044868349500826854e-01 -8.060652756162396682e-02 1.198866245497119815e-01 5.633224049977031411e-01 2.252403287664545353e-02 4.008961085709797922e-01 5.010257612621579204e-01 1.720464144722141098e-01 4.639447016069390695e-01 4.655362743501902933e-01 3.588881542667289315e-01 9.794185231003527115e-02 9.999999999999997780e-01 4.453213413785435115e-01 3.252898266689425166e-01 3.856310860201815904e-01 4.172550122436526898e-01 7.486264014403197775e-01 5.068191588911682421e-01 7.454617623912512814e-01 4.903652729235697949e-01 4.661575223451029371e-01 4.693067606180934548e-01 5.769560779452916899e-01 6.614738201965708608e-01 4.493193386211826179e-01 4.758114843207283395e-01 2.526833365913334628e-01 2.470254602655468437e-02 4.158790086675218656e-01 3.562728064838798225e-01 5.351835585632391812e-01 3.201848131635952610e-01 4.247577526649498614e-01 6.888199165466588614e-01 -1.451639486026560788e-01 1.888572225062665477e-01 4.312386103535356674e-01 -2.612717567443030575e-02 2.704251500035081968e-01 5.672443527818306075e-01 1.572735647353363797e-01 4.952866299666637273e-01 3.221017537843139933e-01 3.073145768001739886e-01 3.913757906455690716e-02 7.517449165594022320e-01 2.627180802009755345e-01 1.531839491801652575e-01 3.180861195359035998e-01 4.483634641096641560e-01 7.888791038577220860e-01 4.224304512904177855e-01 6.746981677142362965e-01 5.310930654650684035e-01 4.622858379563621334e-01 2.805147553967171636e-01 4.929307019892806840e-01 6.650258637388187788e-01 4.969125249406383116e-01 3.460469479339661758e-01 3.720147914951128509e-01 -1.001831849474831004e-01 3.418921128230560380e-01 4.065477190340295310e-01
5.943800517670380090e-01 6.341556151109291051e-01 3.291939361187840585e-01 4.414438322117034685e-01 1.087668822005969094e-01 2.289559480975387196e-01 5.567225688152939167e-01 2.508977426433708358e-01 2.755603467626626113e-01 3.995789608758275047e-01 4.115552919812842658e-01 3.293580788476357379e-01 3.384727786882080203e-01 4.228911212896678817e-01 2.806416564131139491e-01 4.453213413785435115e-01 9.999999999999998890e-01 4.264789578355747124e-01 8.528782992419705611e-01 2.637426572856667595e-01 6.668190476253738064e-01 6.975907252786598400e-01 7.910382710578593990e-01 5.151792963501062861e-01 4.685597348569862097e-01 7.533580508808478404e-01 5.888336086156844562e-01 6.471832404570431185e-01 6.860715729087235593e-01 7.484076221506154036e-01 4.371008915998891853e-01 2.607919954730393841e-01 5.506573883400552871e-01 7.509726436914284653e-01 4.953152217072785413e-01 6.277731213696555734e-01 4.604346789502429260e-01 3.857926584480883547e-01 8.194731764764574822e-02 3.479284828582156486e-01 4.103302337504037833e-01 9.761562662706414761e-02 2.114401228212588191e-01 3.942892945711640729e-01 3.447320775604118537e-01 4.422251812075597144e-01 1.374774062245517625e-01 3.292065856281417013e-01 1.254877303386618403e-01 5.260538766601926541e-01 7.295850375914114672e-01 3.843701763152405637e-01 7.350921105647861831e-01 3.367212686141781708e-01 5.101679054985761574e-01 6.486816852104074771e-01 6.983640317125699992e-01 4.722613443088104490e-01 3.601409869199789227e-01 4.854218421465814615e-01 4.986918991034395288e-01 5.992151147626614272e-01 6.094138767685848279e-01 5.540677255542614255e-01 3.389537912110447970e-01 1.442690549145081713e-01 5.645607465020009430e-01 7.124352330442099701e-01
4.336909625732378593e-01 1.382843853171495108e-01 3.311523813857011334e-01 3.151375222934126863e-01 2.623756538667932903e-01 2.946477375262983589e-01 4.141393036498280944e-01 4.408211081907829065e-01 2.493116255658541225e-01 4.800354107589573927e-01 7.105399303458534987e-01 3.787708560626694143e-01 6.851199250220735282e-01 5.866748651629986044e-01 3.872731214985301595e-01 3.252898266689425166e-01 4.264789578355747124e-01 1.000000000000000000e+00 4.657011501750500937e-01 3.460388926456745562e-01 3.131156993404077826e-01 2.291603035804429533e-01 3.909594768916883623e-01 2.055702700361271285e-01 4.391841544674031095e-01 4.397073415855996537e-01 4.995587292382140943e-01 3.273008181852887777e-01 5.303022754144741668e-01 2.734187909684407392e-01 6.055629964920987707e-01 3.509163674110130637e-01 3.748802004323929515e-01 4.698637371803739970e-01 2.798304339682005093e-01 2.471898718969120501e-01 2.886981478313256910e-01 2.896960085548744845e-01 3.046657502800597661e-01 4.309932104125039354e-01 1.433676516583919647e-01 3.484039235803925716e-01 1.031229725025909483e-01 4.484468468009804587e-01 6.170424081242040781e-01 4.045495467512760235e-01 5.840937714528039448e-01 5.012046950637187859e-01 3.689555998295221406e-01 3.738438238682908477e-01 2.120313994608793162e-01 6.789224899510895028e-01 3.210507597018667503e-01 3.668164598157543921e-01 2.086395889297935902e-01 2.323388546203815908e-01 2.624585866120366928e-01 8.851372904215265569e-02 4.323414629554963584e-01 3.918957108358684938e-01 4.070727027464159931e-01 2.629238753382343585e-01 4.413531641182670273e-01 2.942047560392129293e-02 3.895762658836319781e-01 2.866307001954911393e-01 3.695582067627009581e-01 4.467693419105694952e-01
5.202701314380711040e-01 5.562797494118009167e-01 3.983265031168134462e-01 3.429280856793963106e-01 1.539958553312783807e-01 2.469434951547748447e-01 5.750996730230660825e-01 3.279615446070208162e-01 2.937135421022201154e-01 3.625954516277011264e-01 4.165553136939912915e-01 3.167953366414177352e-01 3.363958865173227175e-01 4.264729818137732442e-01 2.704286163976399315e-01 3.856310860201815904e-01 8.528782992419705611e-01 4.657011501750500937e-01 1.000000000000000222e+00 2.869424572398522333e-01 5.688417894712735068e-01 6.082724630831033430e-01 6.878162874513601421e-01 4.853222908210859110e-01 3.929098630458885966e-01 7.755423410208962531e-01 5.795275591726020137e-01 6.175283247064085046e-01 6.605925913815227091e-01 7.310150449511193527e-01 4.096297433791907250e-01 2.571418485811932664e-01 4.884210282055012065e-01 6.280384762839350543e-01 3.798696008500179744e-01 5.615350956838476293e-01 5.518125747427673478e-01 2.500256487141229722e-01 1.476702178248142372e-01 3.821976870147601457e-01 4.254432485001228281e-01 1.891833890175615152e-01 2.849963839043146985e-01 3.634391766188714290e-01 3.793727362841280981e-01 3.530508692887686095e-01 1.824784444317975873e-01 3.717603144137516247e-01 2.074159742630047321e-01 4.500069374001082201e-01 6.809127261150071941e-01 3.262170062923820391e-01 7.016323523128297213e-01 2.798191480449495061e-01 4.109630055643772595e-01 5.914798299107211221e-01 6.453806926792625687e-01 4.144468316000099462e-01 2.788545331318820208e-01 5.593785993519264643e-01 5.146824966193710438e-01 5.649159678713443489e-01 5.738343440303044218e-01 5.368155736301334358e-01 3.000372072459633888e-01 1.566612606126729645e-01 4.949876008909092628e-01 5.712498916490603706e-01
5.318509462731023651e-01 3.759661623388190765e-01 2.983767932180424465e-01 6.875842348948210114e-01 3.935115977436738632e-02 4.220872918898845305e-01 6.477478886349512521e-01 1.987848432486771233e-01 5.058000488509643011e-01 7.365801073395729093e-01 3.148778969993242249e-01 8.239939879198648898e-01 4.502176774736878495e-01 4.609079843199201942e-01 3.113617989185733514e-01 4.172550122436526898e-01 2.637426572856667595e-01 3.460388926456745562e-01 2.869424572398522333e-01 9.999999999999998890e-01 4.535686343189896941e-01 4.900720681163979187e-01 4.789262384718953047e-01 6.256688737173163872e-01 3.107607586695809720e-01 4.242085612279529738e-01 4.628875733755099531e-01 5.610526305445407980e-01 5.784849807033441982e-01 2.738938354825285471e-01 3.345206531408372319e-01 1.932802782652902618e-01 4.734718075979361673e-01 4.107543582741509103e-01 5.387574099230029168e-01 3.786312689518510077e-01 4.262686646581465566e-01 6.351816209504808075e-01 4.738879509185035810e-02 4.106530798504893776e-01 5.916407244549903854e-01 1.021924923050572392e-01 5.529697425251348664e-01 6.830438046517308681e-01 2.827272964831397117e-01 7.722204794930136451e-01 3.383910948688125808e-01 4.820278934431202478e-01 3.691815035421531777e-01 4.714432133278835813e-01 3.437934647606440408e-01 3.022057503959751368e-01 3.047276388933563007e-01 8.152128391908507465e-01 4.032685779023021388e-01 3.991994706691077699e-01 5.360191706887009744e-01 5.769189470659629171e-01 3.288409859684632841e-01 3.185941467600921229e-01 4.561825794436050741e-01 5.835635096998651461e-01 5.835630132846756357e-01 2.912641390775171923e-01 3.264884858114279198e-01 2.007929953371225262e-01 5.459571496635364785e-01 4.553082239663022168e-01
6.170796126614142008e-01 5.575514687958610383e-01 4.063625660610512558e-01 7.539270061376823762e-01 1.083895825476391128e-01 2.057738200355883895e-01 5.966990659420907672e-01 2.850350638250635504e-01 3.679750278259842355e-01 6.462412924353404531e-01 2.216380544813694176e-01 4.833739616712679488e-01 4.283230278183698947e-01 4.513463530108874355e-01 2.538337943404365693e-01 7.486264014403197775e-01 6.668190476253738064e-01 3.131156993404077826e-01 5.688417894712735068e-01 4.535686343189896941e-01 1.000000000000000000e+00 7.487025436135372747e-01 9.098285311004258302e-01 5.468901778470547370e-01 5.021615562454512238e-01 6.188852834323300689e-01 6.025008641817214405e-01 8.416237363520204795e-01 6.472446361486237087e-01 7.269528665799925848e-01 2.713937716668980982e-01 2.137439754788083568e-01 6.053276164986729491e-01 5.963996822165988920e-01 5.835502787509317946e-01 5.805714398097988616e-01 4.576393119199451132e-01 7.190782841206236897e-01 1.910675874820754946e-02 3.847271626067890749e-01 4.690066405870371713e-01 1.893248775688842478e-01 2.738646782357390674e-01 6.581724664114786405e-01 2.384355265946568325e-01 5.804235877386250131e-01 2.470025491637458659e-01 3.469596364376276165e-01 1.881408835262307899e-01 8.080867386218224535e-01 5.006659531646601158e-01 2.500731340710817263e-01 5.122108322931616664e-01 4.440811363487007779e-01 8.425000311148552745e-01 6.406729501423609197e-01 8.383839726456451258e-01 5.728447999971325588e-01 4.022284429567969388e-01 3.808135950805157099e-01 5.130560098382420664e-01 7.966312770475825200e-01 6.430213679245662117e-01 5.579377240329673748e-01 4.161382394630847026e-01 9.663316992743116451e-02 5.331728365119736690e-01 6.580494716317430992e-01
6.228643243023231912e-01 6.493091363169529728e-01 2.864696015674518814e-01 6.442079890602069314e-01 6.288732956484945069e-02 2.727753359627033136e-01 6.968493573199487923e-01 1.772758176037711186e-01 5.130958545332355847e-01 5.532976257833936984e-01 2.602208869907076116e-01 4.890621080564064305e-01 3.661318751125073878e-01 4.247592164655114577e-01 2.723265432050729906e-01 5.068191588911682421e-01 6.975907252786598400e-01 2.291603035804429533e-01 6.082724630831033430e-01 4.900720681163979187e-01 7.487025436135372747e-01 9.999999999999998890e-01 7.921560983985149740e-01 7.370548572712006807e-01 5.652304737534307177e-01 6.700657036119009868e-01 5.670378872414886251e-01 7.718763697821250380e-01 6.485950716501536206e-01 7.020442554146795189e-01 3.821087792788681048e-01 1.922085665279687217e-01 6.506050579870966688e-01 6.618981767860631082e-01 5.571456980865691078e-01 6.436379141192319908e-01 4.792568775367548328e-01 5.859196110712597827e-01 -8.688839676604220852e-03 2.958659682088992660e-01 6.539880108675809600e-01 4.858117815009133783e-02 5.031561947628904186e-01 5.624246885587083078e-01 2.092675996634889568e-01 5.696454330222563422e-01 1.942217038084900205e-01 3.678012453880958876e-01 1.653026066127289417e-01 5.838186827016440539e-01 6.814468523818907331e-01 2.561328344791834466e-01 6.440843796692027334e-01 4.932004387736970141e-01 6.549653246129580886e-01 7.508238439830980937e-01 8.034939309803436069e-01 7.285668086344883054e-01 3.942507351808773874e-01 4.401347569741971277e-01 5.692497977377645180e-01 7.764301436006446622e-01 6.518178959066208700e-01 6.820555011521579614e-01 3.492754538403303188e-01 1.013196184965418634e-01 6.333566635695839775e-01 6.861229799859209777e-01
6.820611577733100006e-01 6.623308176219121490e-01 4.440334725289626916e-01 7.177727041767461014e-01 8.261938102339433376e-02 2.873661884026000868e-01 6.413782462027455278e-01 2.769708325150482819e-01 4.011366540838900430e-01 6.416607086558968609e-01 3.706356740645683767e-01 5.470209667330598879e-01 4.894266850574581218e-01 5.341823069205100527e-01 2.645665889862834907e-01 7.454617623912512814e-01 7.910382710578593990e-01 3.909594768916883623e-01 6.878162874513601421e-01 4.789262384718953047e-01 9.098285311004258302e-01 7.921560983985149740e-01 9.999999999999998890e-01 5.872108075494580914e-01 5.870147747581865305e-01 7.504345924531358181e-01 7.323265902633153690e-01 8.344167033412485113e-01 7.201616910488127798e-01 7.295156490476659705e-01 4.077007656951776582e-01 2.220528526645588474e-01 6.230402894690911797e-01 6.927460087565403546e-01 6.255052120002957405e-01 6.982265572909489570e-01 5.504960762362887117e-01 6.665067303480268768e-01 4.886379429795895124e-02 4.067214697545320501e-01 4.786191634658260585e-01 1.513015042113954600e-01 3.091480827306625212e-01 6.756870432341157695e-01 3.456232594224151744e-01 6.208036108965457878e-01 2.742339736925155647e-01 4.222514536724697454e-01 1.902180194925812418e-01 8.202714777984572159e-01 5.979706836663888359e-01 3.319225066927697920e-01 5.996678019662068371e-01 4.999676197187694626e-01 7.913789669476303246e-01 6.995266456679082312e-01 8.936104598610795646e-01 5.927559445908728852e-01 4.852856333664971045e-01 4.777107460884610912e-01 6.244378699702904933e-01 8.001675969465880112e-01 7.012568329694609526e-01 5.802790323666043859e-01 4.667632338224422806e-01 1.175699584545983056e-01 6.007481885110289577e-01 7.156224503868298115e-01
