0.000000000000000000e+00 0.000000000000000000e+00 2.400000000000000061e-04 1.866666666666666593e-04 0.000000000000000000e+00 2.533333333333333292e-04 1.687999999999999917e-02 3.706666666666666703e-03 7.066666666666666409e-04 1.866666666666666648e-03 6.266666666666666479e-04 2.400000000000000061e-04 0.000000000000000000e+00 9.270666666666667333e-02 0.000000000000000000e+00 0.000000000000000000e+00 2.666666666666666578e-03 1.200000000000000030e-04 1.386666666666666690e-03 1.066666666666666664e-04 1.466666666666666683e-03 0.000000000000000000e+00 1.813333333333333247e-03 4.000000000000000192e-04 0.000000000000000000e+00 6.666666666666666444e-04 2.799999999999999755e-04 8.933333333333333274e-04 8.997333333333333572e-02 1.144000000000000052e-02 0.000000000000000000e+00 1.600000000000000131e-04 6.666666666666666986e-05 3.066666666666666759e-04 0.000000000000000000e+00 0.000000000000000000e+00 0.000000000000000000e+00 0.000000000000000000e+00 0.000000000000000000e+00 0.000000000000000000e+00 0.000000000000000000e+00 0.000000000000000000e+00 0.000000000000000000e+00 0.000000000000000000e+00 0.000000000000000000e+00 0.000000000000000000e+00 0.000000000000000000e+00 0.000000000000000000e+00 0.000000000000000000e+00 0.000000000000000000e+00 0.000000000000000000e+00 0.000000000000000000e+00 0.000000000000000000e+00 0.000000000000000000e+00 0.000000000000000000e+00 0.000000000000000000e+00 0.000000000000000000e+00 6.666666666666666986e-05 0.000000000000000000e+00 0.000000000000000000e+00 0.000000000000000000e+00 1.733333333333333362e-04 1.066666666666666664e-04 0.000000000000000000e+00 0.000000000000000000e+00 0.000000000000000000e+00 0.000000000000000000e+00 0.000000000000000000e+00
0.000000000000000000e+00 0.000000000000000000e+00 1.559999999999999972e-03 0.000000000000000000e+00 7.600000000000000418e-04 2.133333333333333327e-04 0.000000000000000000e+00 6.666666666666666986e-05 5.186666666666666682e-03 0.000000000000000000e+00 5.466666666666666549e-04 0.000000000000000000e+00 3.093333333333333351e-03 6.666666666666666986e-05 4.400000000000000157e-04 0.000000000000000000e+00 2.133333333333333327e-04 0.000000000000000000e+00 3.333333333333333222e-04 0.000000000000000000e+00 0.000000000000000000e+00 7.746666666666666458e-03 9.333333333333332967e-05 1.420000000000000082e-02 8.333333333333333218e-03 4.866666666666666710e-03 6.815999999999999837e-02 2.933333333333333257e-04 6.533333333333333484e-04 0.000000000000000000e+00 8.400000000000000348e-04 3.066666666666666759e-04 1.333333333333333397e-04 2.533333333333333292e-04 0.000000000000000000e+00 0.000000000000000000e+00 3.866666666666666689e-04 0.000000000000000000e+00 0.000000000000000000e+00 0.000000000000000000e+00 0.000000000000000000e+00 0.000000000000000000e+00 0.000000000000000000e+00 0.000000000000000000e+00 0.000000000000000000e+00 0.000000000000000000e+00 0.000000000000000000e+00 0.000000000000000000e+00 0.000000000000000000e+00 0.000000000000000000e+00 3.600000000000000227e-04 0.000000000000000000e+00 2.266666666666666558e-04 0.000000000000000000e+00 0.000000000000000000e+00 8.000000000000000654e-05 1.200000000000000030e-04 0.000000000000000000e+00 0.000000000000000000e+00 1.280000000000000105e-03 4.653333333333333106e-03 0.000000000000000000e+00 0.000000000000000000e+00 0.000000000000000000e+00 0.000000000000000000e+00 0.000000000000000000e+00 0.000000000000000000e+00 8.000000000000000654e-05
2.400000000000000061e-04 1.559999999999999972e-03 0.000000000000000000e+00 2.533333333333333292e-04 0.000000000000000000e+00 4.133333333333333152e-04 2.426666666666666555e-02 2.613333333333333394e-03 1.733333333333333362e-04 5.120000000000000419e-03 8.000000000000000654e-05 0.000000000000000000e+00 0.000000000000000000e+00 1.813333333333333247e-03 0.000000000000000000e+00 0.000000000000000000e+00 7.801333333333333730e-02 2.266666666666666558e-04 3.799999999999999992e-03 0.000000000000000000e+00 5.346666666666666234e-03 1.733333333333333362e-04 1.579333333333333422e-01 3.533333333333333205e-03 0.000000000000000000e+00 9.764000000000000457e-02 3.028000000000000136e-02 1.972000000000000142e-02 4.933333333333333624e-04 1.479999999999999979e-03 0.000000000000000000e+00 0.000000000000000000e+00 0.000000000000000000e+00 3.453333333333333428e-03 0.000000000000000000e+00 2.133333333333333327e-04 4.120000000000000398e-03 0.000000000000000000e+00 0.000000000000000000e+00 0.000000000000000000e+00 0.000000000000000000e+00 0.000000000000000000e+00 0.000000000000000000e+00 0.000000000000000000e+00 0.000000000000000000e+00 0.000000000000000000e+00 0.000000000000000000e+00 0.000000000000000000e+00 0.000000000000000000e+00 1.200000000000000030e-04 5.199999999999999544e-04 0.000000000000000000e+00 0.000000000000000000e+00 0.000000000000000000e+00 0.000000000000000000e+00 0.000000000000000000e+00 2.639999999999999986e-03 0.000000000000000000e+00 0.000000000000000000e+00 2.400000000000000061e-04 8.999999999999999320e-03 0.000000000000000000e+00 0.000000000000000000e+00 0.000000000000000000e+00 0.000000000000000000e+00 0.000000000000000000e+00 0.000000000000000000e+00 0.000000000000000000e+00
1.866666666666666593e-04 0.000000000000000000e+00 2.533333333333333292e-04 0.000000000000000000e+00 1.333333333333333397e-04 1.360000000000000098e-03 9.733333333333333203e-04 1.013333333333333317e-03 5.213333333333333708e-03 1.119866666666666649e-01 0.000000000000000000e+00 2.546666666666666523e-02 0.000000000000000000e+00 1.026666666666666613e-03 1.600000000000000131e-04 0.000000000000000000e+00 0.000000000000000000e+00 0.000000000000000000e+00 0.000000000000000000e+00 1.663466666666666705e-01 0.000000000000000000e+00 0.000000000000000000e+00 0.000000000000000000e+00 4.090666666666666756e-02 0.000000000000000000e+00 8.000000000000000654e-05 0.000000000000000000e+00 2.008399999999999908e-01 2.253333333333333317e-03 0.000000000000000000e+00 0.000000000000000000e+00 1.200000000000000030e-04 0.000000000000000000e+00 5.066666666666666584e-04 0.000000000000000000e+00 0.000000000000000000e+00 0.000000000000000000e+00 1.813333333333333247e-03 0.000000000000000000e+00 1.733333333333333362e-04 7.066666666666666409e-04 4.400000000000000157e-04 1.333333333333333397e-04 1.973333333333333450e-03 0.000000000000000000e+00 9.466666666666666199e-04 0.000000000000000000e+00 1.066666666666666664e-04 0.000000000000000000e+00 0.000000000000000000e+00 0.000000000000000000e+00 0.000000000000000000e+00 0.000000000000000000e+00 3.600000000000000227e-04 0.000000000000000000e+00 0.000000000000000000e+00 0.000000000000000000e+00 1.146666666666666711e-03 0.000000000000000000e+00 0.000000000000000000e+00 0.000000000000000000e+00 4.573333333333333764e-03 9.333333333333332967e-05 0.000000000000000000e+00 0.000000000000000000e+00 0.000000000000000000e+00 0.000000000000000000e+00 6.666666666666666986e-05
0.000000000000000000e+00 7.600000000000000418e-04 0.000000000000000000e+00 1.333333333333333397e-04 0.000000000000000000e+00 1.290666666666666698e-02 1.600000000000000131e-04 0.000000000000000000e+00 1.146666666666666711e-03 1.200000000000000030e-04 5.199999999999999544e-04 0.000000000000000000e+00 2.000000000000000096e-04 0.000000000000000000e+00 1.486666666666666692e-02 0.000000000000000000e+00 0.000000000000000000e+00 0.000000000000000000e+00 0.000000000000000000e+00 0.000000000000000000e+00 0.000000000000000000e+00 3.333333333333333222e-04 0.000000000000000000e+00 1.000000000000000021e-03 1.600000000000000131e-04 8.000000000000000654e-05 9.333333333333332967e-05 9.200000000000000278e-04 1.333333333333333397e-04 0.000000000000000000e+00 0.000000000000000000e+00 1.161333333333333315e-02 0.000000000000000000e+00 5.786666666666666521e-03 0.000000000000000000e+00 0.000000000000000000e+00 0.000000000000000000e+00 0.000000000000000000e+00 0.000000000000000000e+00 0.000000000000000000e+00 0.000000000000000000e+00 0.000000000000000000e+00 0.000000000000000000e+00 0.000000000000000000e+00 0.000000000000000000e+00 0.000000000000000000e+00 0.000000000000000000e+00 0.000000000000000000e+00 0.000000000000000000e+00 0.000000000000000000e+00 0.000000000000000000e+00 0.000000000000000000e+00 0.000000000000000000e+00 0.000000000000000000e+00 0.000000000000000000e+00 0.000000000000000000e+00 0.000000000000000000e+00 0.000000000000000000e+00 0.000000000000000000e+00 0.000000000000000000e+00 0.000000000000000000e+00 0.000000000000000000e+00 0.000000000000000000e+00 0.000000000000000000e+00 0.000000000000000000e+00 0.000000000000000000e+00 0.000000000000000000e+00 0.000000000000000000e+00
2.533333333333333292e-04 2.133333333333333327e-04 4.133333333333333152e-04 1.360000000000000098e-03 1.290666666666666698e-02 0.000000000000000000e+00 1.278666666666666667e-02 1.542399999999999882e-01 6.533333333333333484e-04 1.453466666666666796e-01 4.800000000000000122e-04 2.204000000000000056e-02 2.266666666666666558e-04 4.559999999999999817e-03 1.047999999999999973e-02 0.000000000000000000e+00 2.533333333333333292e-04 6.666666666666666986e-05 1.600000000000000131e-04 3.279999999999999930e-03 0.000000000000000000e+00 1.200000000000000030e-04 1.733333333333333362e-04 1.479999999999999979e-03 6.666666666666666986e-05 2.799999999999999755e-04 2.000000000000000096e-04 7.853333333333333693e-03 3.239999999999999825e-03 0.000000000000000000e+00 0.000000000000000000e+00 2.887999999999999942e-02 0.000000000000000000e+00 1.546666666666666676e-03 0.000000000000000000e+00 0.000000000000000000e+00 0.000000000000000000e+00 2.266666666666666558e-04 0.000000000000000000e+00 0.000000000000000000e+00 1.866666666666666593e-04 1.600000000000000131e-04 0.000000000000000000e+00 3.866666666666666689e-04 0.000000000000000000e+00 0.000000000000000000e+00 0.000000000000000000e+00 0.000000000000000000e+00 0.000000000000000000e+00 0.000000000000000000e+00 0.000000000000000000e+00 0.000000000000000000e+00 0.000000000000000000e+00 0.000000000000000000e+00 0.000000000000000000e+00 0.000000000000000000e+00 0.000000000000000000e+00 1.200000000000000030e-04 0.000000000000000000e+00 0.000000000000000000e+00 0.000000000000000000e+00 7.733333333333333379e-04 0.000000000000000000e+00 0.000000000000000000e+00 0.000000000000000000e+00 0.000000000000000000e+00 0.000000000000000000e+00 0.000000000000000000e+00
1.687999999999999917e-02 0.000000000000000000e+00 2.426666666666666555e-02 9.733333333333333203e-04 1.600000000000000131e-04 1.278666666666666667e-02 0.000000000000000000e+00 2.357333333333333503e-02 3.160000000000000048e-03 1.678666666666666640e-01 1.333333333333333397e-04 2.533333333333333292e-04 0.000000000000000000e+00 7.874666666666667314e-02 9.333333333333332967e-05 1.333333333333333397e-04 5.960000000000000020e-03 1.200000000000000030e-04 1.680000000000000070e-03 2.400000000000000061e-04 1.719999999999999958e-03 2.133333333333333327e-04 1.495999999999999934e-02 4.853333333333333631e-03 0.000000000000000000e+00 7.266666666666666934e-03 4.519999999999999712e-03 1.652266666666666606e-01 1.499999999999999944e-02 3.133333333333333109e-02 0.000000000000000000e+00 2.799999999999999755e-04 1.093333333333333310e-03 2.746666666666666787e-03 0.000000000000000000e+00 0.000000000000000000e+00 0.000000000000000000e+00 5.066666666666666584e-04 0.000000000000000000e+00 0.000000000000000000e+00 4.533333333333333117e-04 3.200000000000000262e-04 1.333333333333333397e-04 1.280000000000000105e-03 0.000000000000000000e+00 2.533333333333333292e-04 0.000000000000000000e+00 1.333333333333333397e-04 0.000000000000000000e+00 0.000000000000000000e+00 0.000000000000000000e+00 0.000000000000000000e+00 0.000000000000000000e+00 9.333333333333332967e-05 0.000000000000000000e+00 0.000000000000000000e+00 0.000000000000000000e+00 6.400000000000000524e-04 0.000000000000000000e+00 0.000000000000000000e+00 0.000000000000000000e+00 2.880000000000000181e-03 2.000000000000000096e-04 0.000000000000000000e+00 0.000000000000000000e+00 0.000000000000000000e+00 0.000000000000000000e+00 6.666666666666666986e-05
3.706666666666666703e-03 6.666666666666666986e-05 2.613333333333333394e-03 1.013333333333333317e-03 0.000000000000000000e+00 1.542399999999999882e-01 2.357333333333333503e-02 0.000000000000000000e+00 3.853333333333333176e-03 7.005333333333332857e-02 1.879999999999999944e-03 6.306666666666667018e-03 6.666666666666666444e-04 2.239599999999999924e-01 1.080000000000000014e-03 0.000000000000000000e+00 7.373333333333333302e-03 5.599999999999999509e-04 3.106666666666666864e-03 2.453333333333333408e-03 1.760000000000000063e-03 6.666666666666666986e-05 4.040000000000000188e-03 1.280000000000000105e-03 9.333333333333332967e-05 3.520000000000000125e-03 1.373333333333333394e-03 4.773333333333333421e-03 1.481333333333333287e-02 6.933333333333333015e-03 1.066666666666666664e-04 1.959999999999999937e-02 0.000000000000000000e+00 1.093333333333333310e-03 0.000000000000000000e+00 0.000000000000000000e+00 0.000000000000000000e+00 5.199999999999999544e-04 0.000000000000000000e+00 8.000000000000000654e-05 1.173333333333333303e-03 1.080000000000000014e-03 1.733333333333333362e-04 1.746666666666666767e-03 0.000000000000000000e+00 0.000000000000000000e+00 0.000000000000000000e+00 4.800000000000000122e-04 0.000000000000000000e+00 0.000000000000000000e+00 0.000000000000000000e+00 0.000000000000000000e+00 0.000000000000000000e+00 9.333333333333332967e-05 0.000000000000000000e+00 0.000000000000000000e+00 0.000000000000000000e+00 1.066666666666666718e-03 0.000000000000000000e+00 0.000000000000000000e+00 0.000000000000000000e+00 3.253333333333333337e-03 4.933333333333333624e-04 0.000000000000000000e+00 0.000000000000000000e+00 0.000000000000000000e+00 0.000000000000000000e+00 1.066666666666666664e-04
7.066666666666666409e-04 5.186666666666666682e-03 1.733333333333333362e-04 5.213333333333333708e-03 1.146666666666666711e-03 6.533333333333333484e-04 3.160000000000000048e-03 3.853333333333333176e-03 0.000000000000000000e+00 4.720000000000000237e-03 0.000000000000000000e+00 7.733333333333333379e-04 2.666666666666666794e-04 2.093333333333333331e-03 2.266666666666666558e-04 7.200000000000000453e-04 0.000000000000000000e+00 0.000000000000000000e+00 0.000000000000000000e+00 9.333333333333333239e-04 2.439999999999999895e-03 4.559999999999999817e-03 1.600000000000000131e-04 5.863999999999999768e-02 1.186666666666666599e-03 2.933333333333333257e-04 1.173333333333333303e-03 3.269333333333333119e-02 8.346666666666667164e-03 2.146666666666666515e-03 2.133333333333333327e-04 2.933333333333333257e-04 8.933333333333333274e-04 4.400000000000000157e-04 0.000000000000000000e+00 0.000000000000000000e+00 0.000000000000000000e+00 3.333333333333333222e-04 0.000000000000000000e+00 0.000000000000000000e+00 5.733333333333333554e-04 8.400000000000000348e-04 0.000000000000000000e+00 1.440000000000000091e-03 0.000000000000000000e+00 4.000000000000000192e-04 0.000000000000000000e+00 1.160000000000000007e-03 0.000000000000000000e+00 0.000000000000000000e+00 0.000000000000000000e+00 0.000000000000000000e+00 0.000000000000000000e+00 6.666666666666666986e-05 0.000000000000000000e+00 1.066666666666666664e-04 0.000000000000000000e+00 3.306666666666666522e-03 0.000000000000000000e+00 6.666666666666666986e-05 0.000000000000000000e+00 3.973333333333333058e-03 1.119999999999999902e-03 0.000000000000000000e+00 0.000000000000000000e+00 0.000000000000000000e+00 0.000000000000000000e+00 2.000000000000000096e-04
1.866666666666666648e-03 0.000000000000000000e+00 5.120000000000000419e-03 1.119866666666666649e-01 1.200000000000000030e-04 1.453466666666666796e-01 1.678666666666666640e-01 7.005333333333332857e-02 4.720000000000000237e-03 0.000000000000000000e+00 1.733333333333333362e-04 1.030800000000000050e-01 6.666666666666666986e-05 3.703999999999999654e-02 4.800000000000000122e-04 0.000000000000000000e+00 2.626666666666666473e-03 1.733333333333333362e-04 6.800000000000000488e-04 7.513333333333332975e-02 2.933333333333333257e-04 0.000000000000000000e+00 2.680000000000000090e-03 1.357333333333333308e-02 0.000000000000000000e+00 3.266666666666666850e-03 1.293333333333333401e-03 3.120133333333333092e-01 2.346666666666666692e-02 9.200000000000000278e-04 0.000000000000000000e+00 1.039999999999999909e-03 4.533333333333333117e-04 4.413333333333333344e-03 0.000000000000000000e+00 0.000000000000000000e+00 0.000000000000000000e+00 1.440000000000000091e-03 0.000000000000000000e+00 1.466666666666666629e-04 1.066666666666666718e-03 8.266666666666666304e-04 2.533333333333333292e-04 2.639999999999999986e-03 0.000000000000000000e+00 6.933333333333333449e-04 0.000000000000000000e+00 2.533333333333333292e-04 0.000000000000000000e+00 0.000000000000000000e+00 0.000000000000000000e+00 0.000000000000000000e+00 0.000000000000000000e+00 3.733333333333333187e-04 0.000000000000000000e+00 0.000000000000000000e+00 0.000000000000000000e+00 1.346666666666666585e-03 0.000000000000000000e+00 0.000000000000000000e+00 0.000000000000000000e+00 5.746666666666666416e-03 2.400000000000000061e-04 0.000000000000000000e+00 0.000000000000000000e+00 0.000000000000000000e+00 0.000000000000000000e+00 0.000000000000000000e+00
6.266666666666666479e-04 5.466666666666666549e-04 8.000000000000000654e-05 0.000000000000000000e+00 5.199999999999999544e-04 4.800000000000000122e-04 1.333333333333333397e-04 1.879999999999999944e-03 0.000000000000000000e+00 1.733333333333333362e-04 0.000000000000000000e+00 1.200000000000000030e-04 9.588000000000000689e-02 2.106666666666666844e-03 0.000000000000000000e+00 6.666666666666666986e-05 3.093333333333333351e-03 8.802666666666666972e-02 3.022666666666666557e-02 0.000000000000000000e+00 1.066666666666666664e-04 1.200000000000000030e-04 1.026666666666666613e-03 2.266666666666666558e-04 5.906666666666666836e-03 6.397333333333332650e-02 2.212000000000000077e-02 1.600000000000000131e-04 9.093333333333333476e-03 5.866666666666666514e-04 1.905333333333333184e-02 6.693333333333333253e-03 6.666666666666666986e-05 5.350666666666666765e-02 0.000000000000000000e+00 9.333333333333332967e-05 0.000000000000000000e+00 0.000000000000000000e+00 0.000000000000000000e+00 0.000000000000000000e+00 0.000000000000000000e+00 0.000000000000000000e+00 0.000000000000000000e+00 0.000000000000000000e+00 9.333333333333333239e-04 0.000000000000000000e+00 2.386666666666666711e-03 0.000000000000000000e+00 0.000000000000000000e+00 0.000000000000000000e+00 0.000000000000000000e+00 1.333333333333333397e-04 0.000000000000000000e+00 0.000000000000000000e+00 0.000000000000000000e+00 0.000000000000000000e+00 0.000000000000000000e+00 0.000000000000000000e+00 1.600000000000000131e-04 1.280000000000000105e-03 1.906666666666666753e-03 0.000000000000000000e+00 0.000000000000000000e+00 0.000000000000000000e+00 6.666666666666666444e-04 0.000000000000000000e+00 0.000000000000000000e+00 6.666666666666666986e-05
2.400000000000000061e-04 0.000000000000000000e+00 0.000000000000000000e+00 2.546666666666666523e-02 0.000000000000000000e+00 2.204000000000000056e-02 2.533333333333333292e-04 6.306666666666667018e-03 7.733333333333333379e-04 1.030800000000000050e-01 1.200000000000000030e-04 0.000000000000000000e+00 0.000000000000000000e+00 4.626666666666666948e-03 8.000000000000000654e-05 0.000000000000000000e+00 0.000000000000000000e+00 0.000000000000000000e+00 6.666666666666666986e-05 5.555999999999999828e-02 0.000000000000000000e+00 0.000000000000000000e+00 0.000000000000000000e+00 8.400000000000000348e-04 0.000000000000000000e+00 1.733333333333333362e-04 1.333333333333333397e-04 6.453333333333333491e-03 4.666666666666667053e-03 0.000000000000000000e+00 0.000000000000000000e+00 2.533333333333333292e-04 0.000000000000000000e+00 8.266666666666666304e-04 0.000000000000000000e+00 0.000000000000000000e+00 0.000000000000000000e+00 2.266666666666666558e-04 0.000000000000000000e+00 0.000000000000000000e+00 1.333333333333333397e-04 0.000000000000000000e+00 0.000000000000000000e+00 4.933333333333333624e-04 0.000000000000000000e+00 2.400000000000000061e-04 0.000000000000000000e+00 0.000000000000000000e+00 0.000000000000000000e+00 0.000000000000000000e+00 0.000000000000000000e+00 0.000000000000000000e+00 0.000000000000000000e+00 0.000000000000000000e+00 0.000000000000000000e+00 0.000000000000000000e+00 0.000000000000000000e+00 9.333333333333332967e-05 0.000000000000000000e+00 0.000000000000000000e+00 0.000000000000000000e+00 5.733333333333333554e-04 0.000000000000000000e+00 0.000000000000000000e+00 0.000000000000000000e+00 0.000000000000000000e+00 0.000000000000000000e+00 0.000000000000000000e+00
0.000000000000000000e+00 3.093333333333333351e-03 0.000000000000000000e+00 0.000000000000000000e+00 2.000000000000000096e-04 2.266666666666666558e-04 0.000000000000000000e+00 6.666666666666666444e-04 2.666666666666666794e-04 6.666666666666666986e-05 9.588000000000000689e-02 0.000000000000000000e+00 0.000000000000000000e+00 6.533333333333333484e-04 0.000000000000000000e+00 0.000000000000000000e+00 9.333333333333332967e-05 4.666666666666666619e-04 0.000000000000000000e+00 0.000000000000000000e+00 0.000000000000000000e+00 4.266666666666666654e-04 0.000000000000000000e+00 4.933333333333333624e-04 4.821333333333333027e-02 3.333333333333333547e-03 3.744000000000000106e-02 0.000000000000000000e+00 2.293333333333333422e-03 0.000000000000000000e+00 1.799999999999999864e-02 3.239999999999999825e-03 0.000000000000000000e+00 1.720000000000000001e-02 0.000000000000000000e+00 1.733333333333333362e-04 0.000000000000000000e+00 0.000000000000000000e+00 0.000000000000000000e+00 0.000000000000000000e+00 0.000000000000000000e+00 6.666666666666666986e-05 0.000000000000000000e+00 0.000000000000000000e+00 3.733333333333333295e-03 0.000000000000000000e+00 1.315999999999999982e-02 0.000000000000000000e+00 0.000000000000000000e+00 0.000000000000000000e+00 0.000000000000000000e+00 3.066666666666666759e-04 9.333333333333332967e-05 0.000000000000000000e+00 0.000000000000000000e+00 0.000000000000000000e+00 0.000000000000000000e+00 1.866666666666666593e-04 7.733333333333333379e-04 3.640000000000000006e-03 5.080000000000000314e-03 0.000000000000000000e+00 1.066666666666666664e-04 0.000000000000000000e+00 2.906666666666666773e-03 0.000000000000000000e+00 0.000000000000000000e+00 2.000000000000000096e-04
9.270666666666667333e-02 6.666666666666666986e-05 1.813333333333333247e-03 1.026666666666666613e-03 0.000000000000000000e+00 4.559999999999999817e-03 7.874666666666667314e-02 2.239599999999999924e-01 2.093333333333333331e-03 3.703999999999999654e-02 2.106666666666666844e-03 4.626666666666666948e-03 6.533333333333333484e-04 0.000000000000000000e+00 0.000000000000000000e+00 0.000000000000000000e+00 9.480000000000000579e-03 8.666666666666666269e-04 3.986666666666667004e-03 2.293333333333333422e-03 2.680000000000000090e-03 0.000000000000000000e+00 5.919999999999999915e-03 1.199999999999999895e-03 0.000000000000000000e+00 4.360000000000000160e-03 1.786666666666666655e-03 3.279999999999999930e-03 4.846666666666666484e-02 1.398666666666666634e-02 2.799999999999999755e-04 3.453333333333333255e-02 0.000000000000000000e+00 1.053333333333333422e-03 0.000000000000000000e+00 0.000000000000000000e+00 0.000000000000000000e+00 9.333333333333332967e-05 0.000000000000000000e+00 0.000000000000000000e+00 2.666666666666666794e-04 2.666666666666666794e-04 0.000000000000000000e+00 3.866666666666666689e-04 0.000000000000000000e+00 0.000000000000000000e+00 6.666666666666666986e-05 3.333333333333333222e-04 0.000000000000000000e+00 0.000000000000000000e+00 0.000000000000000000e+00 0.000000000000000000e+00 0.000000000000000000e+00 0.000000000000000000e+00 0.000000000000000000e+00 0.000000000000000000e+00 0.000000000000000000e+00 3.200000000000000262e-04 0.000000000000000000e+00 0.000000000000000000e+00 0.000000000000000000e+00 8.000000000000000383e-04 2.533333333333333292e-04 0.000000000000000000e+00 0.000000000000000000e+00 0.000000000000000000e+00 0.000000000000000000e+00 0.000000000000000000e+00
0.000000000000000000e+00 4.400000000000000157e-04 0.000000000000000000e+00 1.600000000000000131e-04 1.486666666666666692e-02 1.047999999999999973e-02 9.333333333333332967e-05 1.080000000000000014e-03 2.266666666666666558e-04 4.800000000000000122e-04 0.000000000000000000e+00 8.000000000000000654e-05 0.000000000000000000e+00 0.000000000000000000e+00 0.000000000000000000e+00 0.000000000000000000e+00 0.000000000000000000e+00 0.000000000000000000e+00 0.000000000000000000e+00 0.000000000000000000e+00 0.000000000000000000e+00 1.866666666666666593e-04 0.000000000000000000e+00 1.133333333333333415e-03 1.066666666666666664e-04 6.666666666666666986e-05 9.333333333333332967e-05 8.133333333333333344e-04 0.000000000000000000e+00 0.000000000000000000e+00 0.000000000000000000e+00 9.986666666666666262e-03 0.000000000000000000e+00 0.000000000000000000e+00 0.000000000000000000e+00 0.000000000000000000e+00 0.000000000000000000e+00 0.000000000000000000e+00 0.000000000000000000e+00 0.000000000000000000e+00 0.000000000000000000e+00 0.000000000000000000e+00 0.000000000000000000e+00 0.000000000000000000e+00 0.000000000000000000e+00 0.000000000000000000e+00 0.000000000000000000e+00 0.000000000000000000e+00 0.000000000000000000e+00 0.000000000000000000e+00 0.000000000000000000e+00 0.000000000000000000e+00 0.000000000000000000e+00 0.000000000000000000e+00 0.000000000000000000e+00 0.000000000000000000e+00 0.000000000000000000e+00 0.000000000000000000e+00 0.000000000000000000e+00 0.000000000000000000e+00 0.000000000000000000e+00 0.000000000000000000e+00 0.000000000000000000e+00 0.000000000000000000e+00 0.000000000000000000e+00 0.000000000000000000e+00 0.000000000000000000e+00 0.000000000000000000e+00
0.000000000000000000e+00 0.000000000000000000e+00 0.000000000000000000e+00 0.000000000000000000e+00 0.000000000000000000e+00 0.000000000000000000e+00 1.333333333333333397e-04 0.000000000000000000e+00 7.200000000000000453e-04 0.000000000000000000e+00 6.666666666666666986e-05 0.000000000000000000e+00 0.000000000000000000e+00 0.000000000000000000e+00 0.000000000000000000e+00 0.000000000000000000e+00 1.213333333333333408e-03 0.000000000000000000e+00 4.933333333333333624e-04 0.000000000000000000e+00 2.653333333333333238e-02 3.598666666666666680e-02 1.257600000000000107e-01 1.237333333333333341e-02 0.000000000000000000e+00 8.266666666666666304e-04 3.132000000000000062e-02 5.386666666666666339e-03 0.000000000000000000e+00 6.666666666666666986e-05 6.666666666666666986e-05 0.000000000000000000e+00 0.000000000000000000e+00 5.066666666666666584e-04 0.000000000000000000e+00 0.000000000000000000e+00 0.000000000000000000e+00 0.000000000000000000e+00 0.000000000000000000e+00 0.000000000000000000e+00 0.000000000000000000e+00 0.000000000000000000e+00 0.000000000000000000e+00 0.000000000000000000e+00 0.000000000000000000e+00 0.000000000000000000e+00 0.000000000000000000e+00 0.000000000000000000e+00 0.000000000000000000e+00 1.082666666666666673e-02 0.000000000000000000e+00 0.000000000000000000e+00 0.000000000000000000e+00 0.000000000000000000e+00 2.880000000000000181e-03 1.186666666666666599e-03 1.196000000000000014e-02 1.386666666666666690e-03 0.000000000000000000e+00 8.000000000000000654e-05 4.666666666666666619e-04 1.813333333333333247e-03 3.466666666666666724e-04 4.933333333333333624e-04 0.000000000000000000e+00 0.000000000000000000e+00 0.000000000000000000e+00 2.133333333333333327e-04
2.666666666666666578e-03 2.133333333333333327e-04 7.801333333333333730e-02 0.000000000000000000e+00 0.000000000000000000e+00 2.533333333333333292e-04 5.960000000000000020e-03 7.373333333333333302e-03 0.000000000000000000e+00 2.626666666666666473e-03 3.093333333333333351e-03 0.000000000000000000e+00 9.333333333333332967e-05 9.480000000000000579e-03 0.000000000000000000e+00 1.213333333333333408e-03 0.000000000000000000e+00 5.479999999999999628e-03 1.242933333333333390e-01 0.000000000000000000e+00 4.760000000000000342e-03 0.000000000000000000e+00 2.893333333333333174e-02 1.866666666666666593e-04 0.000000000000000000e+00 2.520000000000000018e-02 1.145199999999999968e-01 5.986666666666667046e-03 7.426666666666666486e-03 1.021333333333333294e-02 0.000000000000000000e+00 1.333333333333333397e-04 0.000000000000000000e+00 1.132000000000000020e-02 0.000000000000000000e+00 1.066666666666666664e-04 7.733333333333333379e-04 0.000000000000000000e+00 0.000000000000000000e+00 0.000000000000000000e+00 0.000000000000000000e+00 0.000000000000000000e+00 0.000000000000000000e+00 0.000000000000000000e+00 0.000000000000000000e+00 0.000000000000000000e+00 0.000000000000000000e+00 0.000000000000000000e+00 0.000000000000000000e+00 0.000000000000000000e+00 3.466666666666666724e-04 0.000000000000000000e+00 9.333333333333332967e-05 0.000000000000000000e+00 1.466666666666666629e-04 0.000000000000000000e+00 1.333333333333333397e-04 0.000000000000000000e+00 0.000000000000000000e+00 1.106666666666666606e-03 1.813333333333333247e-03 6.666666666666666986e-05 0.000000000000000000e+00 0.000000000000000000e+00 0.000000000000000000e+00 0.000000000000000000e+00 0.000000000000000000e+00 0.000000000000000000e+00
1.200000000000000030e-04 0.000000000000000000e+00 2.266666666666666558e-04 0.000000000000000000e+00 0.000000000000000000e+00 6.666666666666666986e-05 1.200000000000000030e-04 5.599999999999999509e-04 0.000000000000000000e+00 1.733333333333333362e-04 8.802666666666666972e-02 0.000000000000000000e+00 4.666666666666666619e-04 8.666666666666666269e-04 0.000000000000000000e+00 0.000000000000000000e+00 5.479999999999999628e-03 0.000000000000000000e+00 1.088800000000000046e-01 0.000000000000000000e+00 0.000000000000000000e+00 0.000000000000000000e+00 3.466666666666666724e-04 0.000000000000000000e+00 3.866666666666666689e-04 4.291999999999999982e-02 5.706666666666666311e-03 1.200000000000000030e-04 2.173333333333333540e-03 4.666666666666666619e-04 8.400000000000000348e-04 7.600000000000000418e-04 0.000000000000000000e+00 5.546666666666666759e-03 0.000000000000000000e+00 0.000000000000000000e+00 0.000000000000000000e+00 0.000000000000000000e+00 0.000000000000000000e+00 0.000000000000000000e+00 0.000000000000000000e+00 0.000000000000000000e+00 0.000000000000000000e+00 0.000000000000000000e+00 6.666666666666666986e-05 0.000000000000000000e+00 5.066666666666666584e-04 0.000000000000000000e+00 0.000000000000000000e+00 0.000000000000000000e+00 0.000000000000000000e+00 1.333333333333333397e-04 0.000000000000000000e+00 0.000000000000000000e+00 0.000000000000000000e+00 0.000000000000000000e+00 0.000000000000000000e+00 0.000000000000000000e+00 0.000000000000000000e+00 1.319999999999999993e-03 1.453333333333333387e-03 0.000000000000000000e+00 0.000000000000000000e+00 0.000000000000000000e+00 2.400000000000000061e-04 0.000000000000000000e+00 0.000000000000000000e+00 0.000000000000000000e+00
1.386666666666666690e-03 3.333333333333333222e-04 3.799999999999999992e-03 0.000000000000000000e+00 0.000000000000000000e+00 1.600000000000000131e-04 1.680000000000000070e-03 3.106666666666666864e-03 0.000000000000000000e+00 6.800000000000000488e-04 3.022666666666666557e-02 6.666666666666666986e-05 0.000000000000000000e+00 3.986666666666667004e-03 0.000000000000000000e+00 4.933333333333333624e-04 1.242933333333333390e-01 1.088800000000000046e-01 0.000000000000000000e+00 0.000000000000000000e+00 4.000000000000000192e-04 6.666666666666666986e-05 2.079999999999999818e-03 2.266666666666666558e-04 1.333333333333333397e-04 1.243200000000000000e-01 2.966666666666666757e-02 1.253333333333333296e-03 5.893333333333333757e-03 3.293333333333333442e-03 1.333333333333333397e-04 4.400000000000000157e-04 9.333333333333332967e-05 1.213333333333333278e-02 0.000000000000000000e+00 1.200000000000000030e-04 2.000000000000000096e-04 0.000000000000000000e+00 0.000000000000000000e+00 0.000000000000000000e+00 0.000000000000000000e+00 0.000000000000000000e+00 0.000000000000000000e+00 0.000000000000000000e+00 0.000000000000000000e+00 0.000000000000000000e+00 1.333333333333333397e-04 0.000000000000000000e+00 0.000000000000000000e+00 0.000000000000000000e+00 1.600000000000000131e-04 0.000000000000000000e+00 4.533333333333333117e-04 0.000000000000000000e+00 0.000000000000000000e+00 0.000000000000000000e+00 0.000000000000000000e+00 0.000000000000000000e+00 0.000000000000000000e+00 2.573333333333333289e-03 2.573333333333333289e-03 0.000000000000000000e+00 0.000000000000000000e+00 0.000000000000000000e+00 8.000000000000000654e-05 0.000000000000000000e+00 0.000000000000000000e+00 0.000000000000000000e+00
1.066666666666666664e-04 0.000000000000000000e+00 0.000000000000000000e+00 1.663466666666666705e-01 0.000000000000000000e+00 3.279999999999999930e-03 2.400000000000000061e-04 2.453333333333333408e-03 9.333333333333333239e-04 7.513333333333332975e-02 0.000000000000000000e+00 5.555999999999999828e-02 0.000000000000000000e+00 2.293333333333333422e-03 0.000000000000000000e+00 0.000000000000000000e+00 0.000000000000000000e+00 0.000000000000000000e+00 0.000000000000000000e+00 0.000000000000000000e+00 0.000000000000000000e+00 0.000000000000000000e+00 0.000000000000000000e+00 4.066666666666666347e-03 0.000000000000000000e+00 0.000000000000000000e+00 0.000000000000000000e+00 2.310666666666666771e-02 2.399999999999999790e-03 0.000000000000000000e+00 0.000000000000000000e+00 2.133333333333333327e-04 0.000000000000000000e+00 3.333333333333333222e-04 0.000000000000000000e+00 0.000000000000000000e+00 0.000000000000000000e+00 4.133333333333333152e-04 0.000000000000000000e+00 0.000000000000000000e+00 1.066666666666666664e-04 6.666666666666666986e-05 0.000000000000000000e+00 6.133333333333333519e-04 0.000000000000000000e+00 1.733333333333333362e-04 0.000000000000000000e+00 0.000000000000000000e+00 0.000000000000000000e+00 0.000000000000000000e+00 0.000000000000000000e+00 0.000000000000000000e+00 0.000000000000000000e+00 0.000000000000000000e+00 0.000000000000000000e+00 0.000000000000000000e+00 0.000000000000000000e+00 2.266666666666666558e-04 0.000000000000000000e+00 0.000000000000000000e+00 0.000000000000000000e+00 1.053333333333333422e-03 0.000000000000000000e+00 0.000000000000000000e+00 0.000000000000000000e+00 0.000000000000000000e+00 0.000000000000000000e+00 0.000000000000000000e+00
1.466666666666666683e-03 0.000000000000000000e+00 5.346666666666666234e-03 0.000000000000000000e+00 0.000000000000000000e+00 0.000000000000000000e+00 1.719999999999999958e-03 1.760000000000000063e-03 2.439999999999999895e-03 2.933333333333333257e-04 1.066666666666666664e-04 0.000000000000000000e+00 0.000000000000000000e+00 2.680000000000000090e-03 0.000000000000000000e+00 2.653333333333333238e-02 4.760000000000000342e-03 0.000000000000000000e+00 4.000000000000000192e-04 0.000000000000000000e+00 0.000000000000000000e+00 4.986666666666667025e-03 2.546533333333333426e-01 2.266666666666666558e-04 0.000000000000000000e+00 5.333333333333333589e-04 1.427999999999999929e-02 1.842666666666666758e-02 4.400000000000000265e-03 8.073333333333333750e-02 0.000000000000000000e+00 0.000000000000000000e+00 4.000000000000000192e-04 1.844000000000000153e-02 1.200000000000000030e-04 0.000000000000000000e+00 0.000000000000000000e+00 0.000000000000000000e+00 0.000000000000000000e+00 0.000000000000000000e+00 1.333333333333333397e-04 1.066666666666666664e-04 0.000000000000000000e+00 0.000000000000000000e+00 0.000000000000000000e+00 0.000000000000000000e+00 0.000000000000000000e+00 1.333333333333333397e-04 0.000000000000000000e+00 8.400000000000000348e-04 0.000000000000000000e+00 0.000000000000000000e+00 0.000000000000000000e+00 0.000000000000000000e+00 2.666666666666666578e-03 5.466666666666666549e-04 2.666666666666666794e-04 3.093333333333333351e-03 0.000000000000000000e+00 0.000000000000000000e+00 0.000000000000000000e+00 4.346666666666667081e-03 1.826666666666666760e-03 1.786666666666666655e-03 0.000000000000000000e+00 0.000000000000000000e+00 0.000000000000000000e+00 4.666666666666666619e-04
0.000000000000000000e+00 7.746666666666666458e-03 1.733333333333333362e-04 0.000000000000000000e+00 3.333333333333333222e-04 1.200000000000000030e-04 2.133333333333333327e-04 6.666666666666666986e-05 4.559999999999999817e-03 0.000000000000000000e+00 1.200000000000000030e-04 0.000000000000000000e+00 4.266666666666666654e-04 0.000000000000000000e+00 1.866666666666666593e-04 3.598666666666666680e-02 0.000000000000000000e+00 0.000000000000000000e+00 6.666666666666666986e-05 0.000000000000000000e+00 4.986666666666667025e-03 0.000000000000000000e+00 1.041333333333333347e-02 2.936000000000000068e-02 1.293333333333333401e-03 1.479999999999999979e-03 3.043999999999999831e-02 1.506666666666666571e-03 1.066666666666666664e-04 2.133333333333333327e-04 3.066666666666666759e-04 2.133333333333333327e-04 0.000000000000000000e+00 1.200000000000000030e-04 0.000000000000000000e+00 0.000000000000000000e+00 8.000000000000000654e-05 0.000000000000000000e+00 0.000000000000000000e+00 0.000000000000000000e+00 0.000000000000000000e+00 0.000000000000000000e+00 0.000000000000000000e+00 0.000000000000000000e+00 0.000000000000000000e+00 0.000000000000000000e+00 0.000000000000000000e+00 0.000000000000000000e+00 0.000000000000000000e+00 4.413333333333333344e-03 0.000000000000000000e+00 0.000000000000000000e+00 0.000000000000000000e+00 0.000000000000000000e+00 6.133333333333333519e-04 1.466666666666666629e-04 3.453333333333333428e-03 2.933333333333333257e-04 0.000000000000000000e+00 8.000000000000000654e-05 1.093333333333333310e-03 3.600000000000000227e-04 1.200000000000000030e-04 2.133333333333333327e-04 0.000000000000000000e+00 0.000000000000000000e+00 0.000000000000000000e+00 0.000000000000000000e+00
1.813333333333333247e-03 9.333333333333332967e-05 1.579333333333333422e-01 0.000000000000000000e+00 0.000000000000000000e+00 1.733333333333333362e-04 1.495999999999999934e-02 4.040000000000000188e-03 1.600000000000000131e-04 2.680000000000000090e-03 1.026666666666666613e-03 0.000000000000000000e+00 0.000000000000000000e+00 5.919999999999999915e-03 0.000000000000000000e+00 1.257600000000000107e-01 2.893333333333333174e-02 3.466666666666666724e-04 2.079999999999999818e-03 0.000000000000000000e+00 2.546533333333333426e-01 1.041333333333333347e-02 0.000000000000000000e+00 2.466666666666666487e-03 0.000000000000000000e+00 1.692000000000000101e-02 1.650000000000000078e-01 3.586666666666666475e-02 4.680000000000000132e-03 4.365333333333333565e-02 0.000000000000000000e+00 0.000000000000000000e+00 8.000000000000000654e-05 2.717333333333333406e-02 0.000000000000000000e+00 0.000000000000000000e+00 3.853333333333333176e-03 0.000000000000000000e+00 0.000000000000000000e+00 0.000000000000000000e+00 0.000000000000000000e+00 0.000000000000000000e+00 0.000000000000000000e+00 0.000000000000000000e+00 0.000000000000000000e+00 0.000000000000000000e+00 0.000000000000000000e+00 0.000000000000000000e+00 0.000000000000000000e+00 2.109333333333333199e-02 1.066666666666666664e-04 0.000000000000000000e+00 0.000000000000000000e+00 0.000000000000000000e+00 2.573333333333333289e-03 7.733333333333333379e-04 4.016000000000000125e-02 5.999999999999999474e-04 0.000000000000000000e+00 0.000000000000000000e+00 1.221333333333333299e-02 8.133333333333333344e-04 9.333333333333332967e-05 3.466666666666666724e-04 0.000000000000000000e+00 0.000000000000000000e+00 0.000000000000000000e+00 6.666666666666666986e-05
