0.000000000000000000e+00 0.000000000000000000e+00 -4.927253689999999686e+00 0.000000000000000000e+00 0.000000000000000000e+00 -4.442651259999999880e+00 -7.987524480000000260e+00 -7.422373699999999630e+00 0.000000000000000000e+00 -1.791759469999999910e+00 -3.828641399999999972e+00 0.000000000000000000e+00 -1.791759469999999910e+00 -8.735846679999999864e+00 0.000000000000000000e+00 0.000000000000000000e+00 -5.627621109999999760e+00 -2.079441539999999922e+00 -4.553876889999999733e+00 0.000000000000000000e+00 -2.890371759999999846e+00 0.000000000000000000e+00 -5.446737370000000134e+00 0.000000000000000000e+00 0.000000000000000000e+00 -4.844187090000000140e+00 -4.025351689999999927e+00 -3.044522440000000163e+00 -8.668368020000000840e+00 -7.925157510000000016e+00 0.000000000000000000e+00 -3.970291909999999813e+00 0.000000000000000000e+00 -4.094344559999999689e+00 0.000000000000000000e+00 0.000000000000000000e+00 0.000000000000000000e+00 0.000000000000000000e+00 0.000000000000000000e+00 0.000000000000000000e+00 0.000000000000000000e+00 0.000000000000000000e+00 0.000000000000000000e+00 0.000000000000000000e+00 0.000000000000000000e+00 0.000000000000000000e+00 0.000000000000000000e+00 0.000000000000000000e+00 0.000000000000000000e+00 0.000000000000000000e+00 0.000000000000000000e+00 0.000000000000000000e+00 0.000000000000000000e+00 0.000000000000000000e+00 0.000000000000000000e+00 0.000000000000000000e+00 0.000000000000000000e+00 0.000000000000000000e+00 0.000000000000000000e+00 0.000000000000000000e+00 0.000000000000000000e+00 0.000000000000000000e+00 0.000000000000000000e+00 0.000000000000000000e+00 0.000000000000000000e+00 0.000000000000000000e+00 0.000000000000000000e+00 0.000000000000000000e+00
0.000000000000000000e+00 0.000000000000000000e+00 -1.609437910000000027e+00 0.000000000000000000e+00 -2.995732269999999975e+00 0.000000000000000000e+00 0.000000000000000000e+00 0.000000000000000000e+00 -4.521788579999999946e+00 0.000000000000000000e+00 -5.323009980000000141e+00 0.000000000000000000e+00 -6.980075939999999868e+00 -1.609437910000000027e+00 -2.484906650000000106e+00 -3.988984050000000003e+00 -2.944438980000000150e+00 -2.197224579999999872e+00 -2.944438980000000150e+00 0.000000000000000000e+00 0.000000000000000000e+00 -3.663561650000000114e+00 0.000000000000000000e+00 -4.672828830000000266e+00 -5.783825180000000010e+00 -5.036952600000000224e+00 -6.874198500000000323e+00 0.000000000000000000e+00 -1.609437910000000027e+00 0.000000000000000000e+00 -3.931825630000000071e+00 -2.484906650000000106e+00 0.000000000000000000e+00 -2.197224579999999872e+00 0.000000000000000000e+00 0.000000000000000000e+00 0.000000000000000000e+00 0.000000000000000000e+00 0.000000000000000000e+00 0.000000000000000000e+00 0.000000000000000000e+00 0.000000000000000000e+00 0.000000000000000000e+00 0.000000000000000000e+00 -4.204692620000000325e+00 0.000000000000000000e+00 -3.951243719999999904e+00 0.000000000000000000e+00 0.000000000000000000e+00 0.000000000000000000e+00 0.000000000000000000e+00 0.000000000000000000e+00 0.000000000000000000e+00 0.000000000000000000e+00 0.000000000000000000e+00 0.000000000000000000e+00 0.000000000000000000e+00 -1.609437910000000027e+00 0.000000000000000000e+00 -1.609437910000000027e+00 -2.944438980000000150e+00 0.000000000000000000e+00 0.000000000000000000e+00 0.000000000000000000e+00 0.000000000000000000e+00 0.000000000000000000e+00 0.000000000000000000e+00 -1.609437910000000027e+00
-4.927253689999999686e+00 -1.609437910000000027e+00 0.000000000000000000e+00 0.000000000000000000e+00 0.000000000000000000e+00 -5.676753800000000183e+00 -7.689371109999999732e+00 -6.464588299999999954e+00 0.000000000000000000e+00 -4.634728990000000159e+00 -3.295836870000000030e+00 0.000000000000000000e+00 0.000000000000000000e+00 -6.458338280000000431e+00 0.000000000000000000e+00 -2.772588719999999896e+00 -7.899895319999999721e+00 -2.833213339999999913e+00 -4.787491740000000107e+00 0.000000000000000000e+00 -7.092573719999999859e+00 0.000000000000000000e+00 -8.730205599999999677e+00 -4.143134729999999877e+00 0.000000000000000000e+00 -8.759982490000000510e+00 -7.622174590000000194e+00 -6.204557760000000144e+00 -5.147494479999999761e+00 -6.035481429999999925e+00 0.000000000000000000e+00 -2.944438980000000150e+00 0.000000000000000000e+00 -4.442651259999999880e+00 0.000000000000000000e+00 -5.225746670000000371e+00 -7.063048160000000131e+00 0.000000000000000000e+00 0.000000000000000000e+00 0.000000000000000000e+00 0.000000000000000000e+00 0.000000000000000000e+00 0.000000000000000000e+00 0.000000000000000000e+00 0.000000000000000000e+00 0.000000000000000000e+00 0.000000000000000000e+00 0.000000000000000000e+00 0.000000000000000000e+00 -2.772588719999999896e+00 -5.181783549999999572e+00 0.000000000000000000e+00 -2.708050200000000185e+00 0.000000000000000000e+00 -3.091042450000000219e+00 0.000000000000000000e+00 -6.023447589999999963e+00 -3.806662489999999899e+00 0.000000000000000000e+00 -6.261491679999999782e+00 -7.368339689999999997e+00 -3.663561650000000114e+00 0.000000000000000000e+00 0.000000000000000000e+00 0.000000000000000000e+00 0.000000000000000000e+00 0.000000000000000000e+00 0.000000000000000000e+00
0.000000000000000000e+00 0.000000000000000000e+00 0.000000000000000000e+00 0.000000000000000000e+00 -3.688879449999999949e+00 -4.644390900000000322e+00 -5.808142489999999825e+00 -3.401197380000000159e+00 -6.287858560000000097e+00 -8.799812470000000886e+00 0.000000000000000000e+00 -6.289715570000000255e+00 -1.609437910000000027e+00 -4.418840610000000169e+00 -3.258096539999999930e+00 0.000000000000000000e+00 0.000000000000000000e+00 0.000000000000000000e+00 0.000000000000000000e+00 -9.534523119999999352e+00 0.000000000000000000e+00 0.000000000000000000e+00 0.000000000000000000e+00 -7.109062139999999808e+00 0.000000000000000000e+00 0.000000000000000000e+00 -1.945910150000000005e+00 -9.400299359999999993e+00 -4.127134390000000153e+00 0.000000000000000000e+00 0.000000000000000000e+00 -2.833213339999999913e+00 0.000000000000000000e+00 -2.197224579999999872e+00 0.000000000000000000e+00 0.000000000000000000e+00 0.000000000000000000e+00 -4.043051270000000308e+00 0.000000000000000000e+00 -2.708050200000000185e+00 -2.772588719999999896e+00 -2.639057329999999979e+00 0.000000000000000000e+00 -4.779123489999999919e+00 0.000000000000000000e+00 -4.143134729999999877e+00 0.000000000000000000e+00 -2.708050200000000185e+00 0.000000000000000000e+00 0.000000000000000000e+00 0.000000000000000000e+00 0.000000000000000000e+00 0.000000000000000000e+00 -3.663561650000000114e+00 0.000000000000000000e+00 0.000000000000000000e+00 0.000000000000000000e+00 -6.590301049999999883e+00 0.000000000000000000e+00 0.000000000000000000e+00 0.000000000000000000e+00 -6.327936779999999928e+00 -1.791759469999999910e+00 0.000000000000000000e+00 0.000000000000000000e+00 0.000000000000000000e+00 0.000000000000000000e+00 -1.609437910000000027e+00
0.000000000000000000e+00 -2.995732269999999975e+00 0.000000000000000000e+00 -3.688879449999999949e+00 0.000000000000000000e+00 -4.406719250000000088e+00 0.000000000000000000e+00 0.000000000000000000e+00 -4.941642419999999980e+00 -1.791759469999999910e+00 -2.484906650000000106e+00 -4.290459440000000235e+00 -2.772588719999999896e+00 0.000000000000000000e+00 -6.734591660000000424e+00 0.000000000000000000e+00 0.000000000000000000e+00 0.000000000000000000e+00 0.000000000000000000e+00 -2.995732269999999975e+00 0.000000000000000000e+00 -3.761200119999999814e+00 0.000000000000000000e+00 -5.093750199999999673e+00 -2.708050200000000185e+00 -3.218875820000000054e+00 -5.176149729999999671e+00 -3.555348060000000032e+00 0.000000000000000000e+00 0.000000000000000000e+00 0.000000000000000000e+00 -7.305860029999999838e+00 0.000000000000000000e+00 -4.510859510000000405e+00 0.000000000000000000e+00 0.000000000000000000e+00 0.000000000000000000e+00 0.000000000000000000e+00 0.000000000000000000e+00 0.000000000000000000e+00 0.000000000000000000e+00 0.000000000000000000e+00 0.000000000000000000e+00 0.000000000000000000e+00 0.000000000000000000e+00 0.000000000000000000e+00 0.000000000000000000e+00 0.000000000000000000e+00 0.000000000000000000e+00 0.000000000000000000e+00 0.000000000000000000e+00 0.000000000000000000e+00 0.000000000000000000e+00 0.000000000000000000e+00 0.000000000000000000e+00 0.000000000000000000e+00 0.000000000000000000e+00 0.000000000000000000e+00 0.000000000000000000e+00 0.000000000000000000e+00 0.000000000000000000e+00 0.000000000000000000e+00 0.000000000000000000e+00 0.000000000000000000e+00 0.000000000000000000e+00 0.000000000000000000e+00 0.000000000000000000e+00 0.000000000000000000e+00
-4.442651259999999880e+00 0.000000000000000000e+00 -5.676753800000000183e+00 -4.644390900000000322e+00 -4.406719250000000088e+00 0.000000000000000000e+00 -8.378620540000000005e+00 -9.160834949999999921e+00 -3.332204509999999953e+00 -9.165029150000000513e+00 -4.564348189999999583e+00 -8.665957960000000071e+00 -3.433987199999999795e+00 -6.276643489999999659e+00 -5.988961419999999869e+00 0.000000000000000000e+00 -4.499809670000000317e+00 -3.044522440000000163e+00 -3.828641399999999972e+00 -5.187385810000000319e+00 -3.044522440000000163e+00 0.000000000000000000e+00 -5.537334269999999670e+00 -5.384495059999999889e+00 0.000000000000000000e+00 -5.762051379999999945e+00 -4.543294780000000088e+00 -7.278628939999999936e+00 -4.532599489999999953e+00 -4.553876889999999733e+00 0.000000000000000000e+00 -7.305188219999999788e+00 0.000000000000000000e+00 -4.521788579999999946e+00 0.000000000000000000e+00 0.000000000000000000e+00 0.000000000000000000e+00 -1.945910150000000005e+00 0.000000000000000000e+00 0.000000000000000000e+00 -1.945910150000000005e+00 -2.484906650000000106e+00 0.000000000000000000e+00 -3.258096539999999930e+00 -1.609437910000000027e+00 0.000000000000000000e+00 0.000000000000000000e+00 -2.890371759999999846e+00 0.000000000000000000e+00 0.000000000000000000e+00 0.000000000000000000e+00 0.000000000000000000e+00 0.000000000000000000e+00 -1.791759469999999910e+00 0.000000000000000000e+00 0.000000000000000000e+00 0.000000000000000000e+00 -3.784189630000000193e+00 0.000000000000000000e+00 0.000000000000000000e+00 -1.791759469999999910e+00 -4.564348189999999583e+00 -1.791759469999999910e+00 0.000000000000000000e+00 0.000000000000000000e+00 0.000000000000000000e+00 0.000000000000000000e+00 0.000000000000000000e+00
-7.987524480000000260e+00 0.000000000000000000e+00 -7.689371109999999732e+00 -5.808142489999999825e+00 0.000000000000000000e+00 -8.378620540000000005e+00 0.000000000000000000e+00 -7.965198290000000014e+00 -3.135494219999999999e+00 -9.588023099999999133e+00 -4.060443010000000186e+00 -5.986452009999999824e+00 -3.784189630000000193e+00 -8.572249400000000463e+00 -1.791759469999999910e+00 0.000000000000000000e+00 -4.304065089999999927e+00 -2.397895269999999801e+00 -3.218875820000000054e+00 -3.465735899999999869e+00 -5.746203190000000127e+00 0.000000000000000000e+00 -7.566311009999999726e+00 -6.692083740000000169e+00 0.000000000000000000e+00 -6.735780010000000040e+00 -5.459585510000000141e+00 -9.785660769999999786e+00 -6.796823719999999902e+00 -8.463792409999999933e+00 0.000000000000000000e+00 -3.828641399999999972e+00 -3.912023009999999967e+00 -4.753590189999999716e+00 0.000000000000000000e+00 0.000000000000000000e+00 0.000000000000000000e+00 -2.197224579999999872e+00 0.000000000000000000e+00 0.000000000000000000e+00 -2.772588719999999896e+00 -1.791759469999999910e+00 0.000000000000000000e+00 -3.401197380000000159e+00 0.000000000000000000e+00 0.000000000000000000e+00 0.000000000000000000e+00 -2.197224579999999872e+00 0.000000000000000000e+00 0.000000000000000000e+00 0.000000000000000000e+00 0.000000000000000000e+00 0.000000000000000000e+00 -1.791759469999999910e+00 -3.044522440000000163e+00 0.000000000000000000e+00 -2.302585090000000001e+00 -4.025351689999999927e+00 0.000000000000000000e+00 -1.609437910000000027e+00 -1.945910150000000005e+00 -4.820281569999999682e+00 0.000000000000000000e+00 -2.944438980000000150e+00 0.000000000000000000e+00 0.000000000000000000e+00 0.000000000000000000e+00 -1.945910150000000005e+00
-7.422373699999999630e+00 0.000000000000000000e+00 -6.464588299999999954e+00 -3.401197380000000159e+00 0.000000000000000000e+00 -9.160834949999999921e+00 -7.965198290000000014e+00 0.000000000000000000e+00 -2.564949359999999956e+00 -7.180831200000000081e+00 -5.786897380000000091e+00 -6.774223890000000026e+00 -4.564348189999999583e+00 -9.482274090000000655e+00 0.000000000000000000e+00 0.000000000000000000e+00 -5.902633329999999567e+00 -3.688879449999999949e+00 -5.056245810000000063e+00 -5.159055300000000344e+00 -3.806662489999999899e+00 0.000000000000000000e+00 -6.508769140000000064e+00 -4.828313739999999576e+00 0.000000000000000000e+00 -6.251903880000000413e+00 -4.700480370000000185e+00 -5.937536210000000203e+00 -6.754604099999999889e+00 -6.656726520000000313e+00 -1.945910150000000005e+00 -8.362875830000000121e+00 0.000000000000000000e+00 -5.278114659999999958e+00 0.000000000000000000e+00 0.000000000000000000e+00 0.000000000000000000e+00 0.000000000000000000e+00 0.000000000000000000e+00 0.000000000000000000e+00 -2.197224579999999872e+00 -1.945910150000000005e+00 0.000000000000000000e+00 -2.772588719999999896e+00 0.000000000000000000e+00 0.000000000000000000e+00 0.000000000000000000e+00 -2.397895269999999801e+00 0.000000000000000000e+00 0.000000000000000000e+00 0.000000000000000000e+00 0.000000000000000000e+00 0.000000000000000000e+00 -1.609437910000000027e+00 -3.091042450000000219e+00 0.000000000000000000e+00 0.000000000000000000e+00 -3.433987199999999795e+00 0.000000000000000000e+00 -2.197224579999999872e+00 -1.609437910000000027e+00 -4.060443010000000186e+00 -1.945910150000000005e+00 -3.091042450000000219e+00 0.000000000000000000e+00 0.000000000000000000e+00 0.000000000000000000e+00 -2.197224579999999872e+00
0.000000000000000000e+00 -4.521788579999999946e+00 0.000000000000000000e+00 -6.287858560000000097e+00 -4.941642419999999980e+00 -3.332204509999999953e+00 -3.135494219999999999e+00 -2.564949359999999956e+00 0.000000000000000000e+00 -5.062595029999999774e+00 -4.276666119999999793e+00 -4.454347300000000232e+00 -5.308267700000000033e+00 -3.465735899999999869e+00 -4.521788579999999946e+00 0.000000000000000000e+00 0.000000000000000000e+00 0.000000000000000000e+00 -1.791759469999999910e+00 -4.290459440000000235e+00 0.000000000000000000e+00 -6.350885719999999957e+00 0.000000000000000000e+00 -7.632401129999999867e+00 -4.709530199999999667e+00 -4.753590189999999716e+00 -6.912742820000000066e+00 -6.240275849999999735e+00 -3.295836870000000030e+00 0.000000000000000000e+00 -3.044522440000000163e+00 -3.891820300000000010e+00 -2.302585090000000001e+00 -2.397895269999999801e+00 0.000000000000000000e+00 0.000000000000000000e+00 0.000000000000000000e+00 -2.079441539999999922e+00 0.000000000000000000e+00 0.000000000000000000e+00 0.000000000000000000e+00 -1.791759469999999910e+00 -2.302585090000000001e+00 -2.484906650000000106e+00 -2.639057329999999979e+00 -2.397895269999999801e+00 -2.772588719999999896e+00 -2.397895269999999801e+00 0.000000000000000000e+00 0.000000000000000000e+00 0.000000000000000000e+00 0.000000000000000000e+00 0.000000000000000000e+00 -1.791759469999999910e+00 -2.302585090000000001e+00 -2.302585090000000001e+00 0.000000000000000000e+00 -4.663439089999999787e+00 0.000000000000000000e+00 0.000000000000000000e+00 0.000000000000000000e+00 -4.418840610000000169e+00 -1.609437910000000027e+00 -2.302585090000000001e+00 0.000000000000000000e+00 0.000000000000000000e+00 0.000000000000000000e+00 0.000000000000000000e+00
-1.791759469999999910e+00 0.000000000000000000e+00 -4.634728990000000159e+00 -8.799812470000000886e+00 -1.791759469999999910e+00 -9.165029150000000513e+00 -9.588023099999999133e+00 -7.180831200000000081e+00 -5.062595029999999774e+00 0.000000000000000000e+00 -4.007333189999999767e+00 -8.698514250000000558e+00 -3.713572070000000114e+00 -6.767343130000000428e+00 -1.945910150000000005e+00 0.000000000000000000e+00 -1.791759469999999910e+00 -2.197224579999999872e+00 -2.484906650000000106e+00 -9.064389320000000083e+00 -1.791759469999999910e+00 0.000000000000000000e+00 -3.526360519999999887e+00 -6.298949249999999722e+00 0.000000000000000000e+00 -4.795790550000000430e+00 -4.317488110000000212e+00 -9.797738069999999411e+00 -5.659482220000000119e+00 -1.945910150000000005e+00 0.000000000000000000e+00 -4.394449149999999804e+00 -1.609437910000000027e+00 -4.499809670000000317e+00 0.000000000000000000e+00 0.000000000000000000e+00 0.000000000000000000e+00 -3.258096539999999930e+00 0.000000000000000000e+00 -2.639057329999999979e+00 -2.484906650000000106e+00 -2.639057329999999979e+00 0.000000000000000000e+00 -4.919980930000000363e+00 -1.609437910000000027e+00 -3.091042450000000219e+00 0.000000000000000000e+00 -3.663561650000000114e+00 0.000000000000000000e+00 0.000000000000000000e+00 0.000000000000000000e+00 0.000000000000000000e+00 0.000000000000000000e+00 -3.091042450000000219e+00 0.000000000000000000e+00 0.000000000000000000e+00 0.000000000000000000e+00 -5.752572640000000348e+00 0.000000000000000000e+00 0.000000000000000000e+00 0.000000000000000000e+00 -6.115892129999999760e+00 -2.639057329999999979e+00 0.000000000000000000e+00 0.000000000000000000e+00 0.000000000000000000e+00 0.000000000000000000e+00 -1.791759469999999910e+00
-3.828641399999999972e+00 -5.323009980000000141e+00 -3.295836870000000030e+00 0.000000000000000000e+00 -2.484906650000000106e+00 -4.564348189999999583e+00 -4.060443010000000186e+00 -5.786897380000000091e+00 -4.276666119999999793e+00 -4.007333189999999767e+00 0.000000000000000000e+00 -4.595119849999999673e+00 -8.309922990000000453e+00 -6.284134159999999802e+00 -2.564949359999999956e+00 0.000000000000000000e+00 -5.351858130000000102e+00 -8.328692580000000234e+00 -8.487764379999999775e+00 -2.708050200000000185e+00 -2.397895269999999801e+00 -3.871201010000000053e+00 -2.995732269999999975e+00 -4.043051270000000308e+00 -6.111467339999999915e+00 -8.409385240000000650e+00 -7.265429720000000202e+00 -4.343805419999999806e+00 -5.105945469999999986e+00 -3.555348060000000032e+00 -6.228511000000000131e+00 -5.981414209999999620e+00 0.000000000000000000e+00 -8.148734810000000550e+00 0.000000000000000000e+00 -3.610917909999999953e+00 0.000000000000000000e+00 0.000000000000000000e+00 0.000000000000000000e+00 0.000000000000000000e+00 -2.397895269999999801e+00 -2.833213339999999913e+00 0.000000000000000000e+00 -1.945910150000000005e+00 -7.167037879999999639e+00 0.000000000000000000e+00 -7.428333190000000030e+00 -2.397895269999999801e+00 0.000000000000000000e+00 0.000000000000000000e+00 0.000000000000000000e+00 -5.164785969999999615e+00 -2.197224579999999872e+00 0.000000000000000000e+00 -2.302585090000000001e+00 0.000000000000000000e+00 0.000000000000000000e+00 -3.135494219999999999e+00 -3.688879449999999949e+00 -6.040254710000000138e+00 -4.969813300000000211e+00 -3.465735899999999869e+00 -1.609437910000000027e+00 -2.708050200000000185e+00 -3.951243719999999904e+00 -1.945910150000000005e+00 0.000000000000000000e+00 -3.713572070000000114e+00
0.000000000000000000e+00 0.000000000000000000e+00 0.000000000000000000e+00 -6.289715570000000255e+00 -4.290459440000000235e+00 -8.665957960000000071e+00 -5.986452009999999824e+00 -6.774223890000000026e+00 -4.454347300000000232e+00 -8.698514250000000558e+00 -4.595119849999999673e+00 0.000000000000000000e+00 -3.688879449999999949e+00 -6.661854739999999886e+00 -4.110873859999999880e+00 0.000000000000000000e+00 -2.197224579999999872e+00 -2.890371759999999846e+00 -3.610917909999999953e+00 -9.052867510000000451e+00 0.000000000000000000e+00 0.000000000000000000e+00 0.000000000000000000e+00 -5.872117789999999893e+00 0.000000000000000000e+00 -3.583518939999999819e+00 -4.584967480000000428e+00 -6.840546530000000125e+00 -4.962844630000000201e+00 0.000000000000000000e+00 0.000000000000000000e+00 -5.424950019999999817e+00 0.000000000000000000e+00 -3.761200119999999814e+00 0.000000000000000000e+00 0.000000000000000000e+00 0.000000000000000000e+00 -1.945910150000000005e+00 0.000000000000000000e+00 0.000000000000000000e+00 0.000000000000000000e+00 -1.609437910000000027e+00 0.000000000000000000e+00 -3.044522440000000163e+00 0.000000000000000000e+00 -3.135494219999999999e+00 0.000000000000000000e+00 0.000000000000000000e+00 0.000000000000000000e+00 0.000000000000000000e+00 0.000000000000000000e+00 0.000000000000000000e+00 0.000000000000000000e+00 -4.394449149999999804e+00 0.000000000000000000e+00 0.000000000000000000e+00 0.000000000000000000e+00 -4.442651259999999880e+00 0.000000000000000000e+00 -1.609437910000000027e+00 -1.791759469999999910e+00 -4.595119849999999673e+00 0.000000000000000000e+00 0.000000000000000000e+00 0.000000000000000000e+00 0.000000000000000000e+00 0.000000000000000000e+00 0.000000000000000000e+00
-1.791759469999999910e+00 -6.980075939999999868e+00 0.000000000000000000e+00 -1.609437910000000027e+00 -2.772588719999999896e+00 -3.433987199999999795e+00 -3.784189630000000193e+00 -4.564348189999999583e+00 -5.308267700000000033e+00 -3.713572070000000114e+00 -8.309922990000000453e+00 -3.688879449999999949e+00 0.000000000000000000e+00 -3.784189630000000193e+00 -3.951243719999999904e+00 0.000000000000000000e+00 0.000000000000000000e+00 -3.555348060000000032e+00 -3.044522440000000163e+00 -2.639057329999999979e+00 0.000000000000000000e+00 -5.105945469999999986e+00 0.000000000000000000e+00 -4.672828830000000266e+00 -7.627057419999999865e+00 -6.953684209999999588e+00 -7.971085750000000303e+00 -3.912023009999999967e+00 -2.772588719999999896e+00 -2.944438980000000150e+00 -6.710523109999999569e+00 -4.382026630000000367e+00 0.000000000000000000e+00 -5.973809609999999992e+00 0.000000000000000000e+00 -2.833213339999999913e+00 0.000000000000000000e+00 0.000000000000000000e+00 0.000000000000000000e+00 0.000000000000000000e+00 0.000000000000000000e+00 -2.484906650000000106e+00 0.000000000000000000e+00 0.000000000000000000e+00 -7.058758150000000064e+00 0.000000000000000000e+00 -7.346655160000000073e+00 -2.302585090000000001e+00 0.000000000000000000e+00 0.000000000000000000e+00 -1.609437910000000027e+00 -4.962844630000000201e+00 -2.484906650000000106e+00 0.000000000000000000e+00 0.000000000000000000e+00 0.000000000000000000e+00 0.000000000000000000e+00 -2.302585090000000001e+00 -3.828641399999999972e+00 -5.869296910000000089e+00 -5.111987789999999698e+00 -2.995732269999999975e+00 -2.564949359999999956e+00 -1.609437910000000027e+00 -4.143134729999999877e+00 0.000000000000000000e+00 0.000000000000000000e+00 -3.433987199999999795e+00
-8.735846679999999864e+00 -1.609437910000000027e+00 -6.458338280000000431e+00 -4.418840610000000169e+00 0.000000000000000000e+00 -6.276643489999999659e+00 -8.572249400000000463e+00 -9.482274090000000655e+00 -3.465735899999999869e+00 -6.767343130000000428e+00 -6.284134159999999802e+00 -6.661854739999999886e+00 -3.784189630000000193e+00 0.000000000000000000e+00 0.000000000000000000e+00 -1.791759469999999910e+00 -6.892641639999999903e+00 -4.543294780000000088e+00 -6.326149469999999830e+00 -5.568344500000000252e+00 -5.030437919999999785e+00 0.000000000000000000e+00 -6.625392370000000142e+00 -5.135798440000000298e+00 0.000000000000000000e+00 -6.519147290000000261e+00 -6.045005309999999632e+00 -6.573680170000000267e+00 -9.050523670000000465e+00 -8.365905079999999217e+00 -2.564949359999999956e+00 -8.542080909999999250e+00 0.000000000000000000e+00 -6.210600079999999856e+00 0.000000000000000000e+00 0.000000000000000000e+00 0.000000000000000000e+00 0.000000000000000000e+00 0.000000000000000000e+00 0.000000000000000000e+00 -2.639057329999999979e+00 -1.791759469999999910e+00 0.000000000000000000e+00 -3.135494219999999999e+00 -1.945910150000000005e+00 0.000000000000000000e+00 -1.791759469999999910e+00 -2.564949359999999956e+00 0.000000000000000000e+00 0.000000000000000000e+00 0.000000000000000000e+00 0.000000000000000000e+00 -1.609437910000000027e+00 -1.609437910000000027e+00 -3.465735899999999869e+00 0.000000000000000000e+00 0.000000000000000000e+00 -3.988984050000000003e+00 0.000000000000000000e+00 -2.890371759999999846e+00 -2.890371759999999846e+00 -4.672828830000000266e+00 -2.484906650000000106e+00 -3.737669620000000137e+00 0.000000000000000000e+00 0.000000000000000000e+00 0.000000000000000000e+00 0.000000000000000000e+00
0.000000000000000000e+00 -2.484906650000000106e+00 0.000000000000000000e+00 -3.258096539999999930e+00 -6.734591660000000424e+00 -5.988961419999999869e+00 -1.791759469999999910e+00 0.000000000000000000e+00 -4.521788579999999946e+00 -1.945910150000000005e+00 -2.564949359999999956e+00 -4.110873859999999880e+00 -3.951243719999999904e+00 0.000000000000000000e+00 0.000000000000000000e+00 0.000000000000000000e+00 0.000000000000000000e+00 0.000000000000000000e+00 0.000000000000000000e+00 -2.833213339999999913e+00 0.000000000000000000e+00 -3.931825630000000071e+00 0.000000000000000000e+00 -5.552959579999999562e+00 -2.772588719999999896e+00 -2.833213339999999913e+00 -5.424950019999999817e+00 -3.784189630000000193e+00 -1.945910150000000005e+00 0.000000000000000000e+00 -1.945910150000000005e+00 -6.445719819999999878e+00 0.000000000000000000e+00 -1.609437910000000027e+00 0.000000000000000000e+00 0.000000000000000000e+00 0.000000000000000000e+00 0.000000000000000000e+00 0.000000000000000000e+00 0.000000000000000000e+00 0.000000000000000000e+00 0.000000000000000000e+00 0.000000000000000000e+00 0.000000000000000000e+00 0.000000000000000000e+00 0.000000000000000000e+00 0.000000000000000000e+00 0.000000000000000000e+00 0.000000000000000000e+00 0.000000000000000000e+00 0.000000000000000000e+00 0.000000000000000000e+00 0.000000000000000000e+00 0.000000000000000000e+00 0.000000000000000000e+00 0.000000000000000000e+00 0.000000000000000000e+00 0.000000000000000000e+00 0.000000000000000000e+00 0.000000000000000000e+00 0.000000000000000000e+00 0.000000000000000000e+00 0.000000000000000000e+00 0.000000000000000000e+00 0.000000000000000000e+00 0.000000000000000000e+00 0.000000000000000000e+00 0.000000000000000000e+00
0.000000000000000000e+00 -3.988984050000000003e+00 -2.772588719999999896e+00 0.000000000000000000e+00 0.000000000000000000e+00 0.000000000000000000e+00 0.000000000000000000e+00 0.000000000000000000e+00 0.000000000000000000e+00 0.000000000000000000e+00 0.000000000000000000e+00 0.000000000000000000e+00 0.000000000000000000e+00 -1.791759469999999910e+00 0.000000000000000000e+00 0.000000000000000000e+00 -2.890371759999999846e+00 0.000000000000000000e+00 -2.302585090000000001e+00 0.000000000000000000e+00 -7.513163549999999802e+00 -7.529406459999999690e+00 -9.031094080000000801e+00 -5.739792910000000248e+00 0.000000000000000000e+00 -4.882801920000000351e+00 -8.112827479999999980e+00 -6.728628610000000343e+00 0.000000000000000000e+00 -2.708050200000000185e+00 0.000000000000000000e+00 0.000000000000000000e+00 0.000000000000000000e+00 -3.401197380000000159e+00 0.000000000000000000e+00 0.000000000000000000e+00 -4.077537440000000402e+00 0.000000000000000000e+00 0.000000000000000000e+00 0.000000000000000000e+00 -3.332204509999999953e+00 0.000000000000000000e+00 0.000000000000000000e+00 0.000000000000000000e+00 0.000000000000000000e+00 0.000000000000000000e+00 0.000000000000000000e+00 -2.397895269999999801e+00 0.000000000000000000e+00 -7.403061089999999567e+00 0.000000000000000000e+00 0.000000000000000000e+00 0.000000000000000000e+00 0.000000000000000000e+00 -7.066466969999999570e+00 -4.905274780000000057e+00 -7.872836180000000184e+00 -4.454347300000000232e+00 0.000000000000000000e+00 -2.833213339999999913e+00 -6.714170529999999637e+00 -4.382026630000000367e+00 -2.302585090000000001e+00 -5.755742210000000192e+00 0.000000000000000000e+00 0.000000000000000000e+00 0.000000000000000000e+00 0.000000000000000000e+00
-5.627621109999999760e+00 -2.944438980000000150e+00 -7.899895319999999721e+00 0.000000000000000000e+00 0.000000000000000000e+00 -4.499809670000000317e+00 -4.304065089999999927e+00 -5.902633329999999567e+00 0.000000000000000000e+00 -1.791759469999999910e+00 -5.351858130000000102e+00 -2.197224579999999872e+00 0.000000000000000000e+00 -6.892641639999999903e+00 0.000000000000000000e+00 -2.890371759999999846e+00 0.000000000000000000e+00 -6.289715570000000255e+00 -8.264878259999999699e+00 0.000000000000000000e+00 -6.869014449999999883e+00 0.000000000000000000e+00 -7.491645469999999918e+00 -3.044522440000000163e+00 0.000000000000000000e+00 -8.199464199999999536e+00 -8.198914439999999360e+00 -3.828641399999999972e+00 -7.280008249999999848e+00 -7.816416979999999626e+00 0.000000000000000000e+00 -3.135494219999999999e+00 -3.332204509999999953e+00 -5.648974240000000258e+00 0.000000000000000000e+00 -3.295836870000000030e+00 -5.049856010000000062e+00 0.000000000000000000e+00 0.000000000000000000e+00 0.000000000000000000e+00 0.000000000000000000e+00 0.000000000000000000e+00 0.000000000000000000e+00 0.000000000000000000e+00 0.000000000000000000e+00 0.000000000000000000e+00 0.000000000000000000e+00 0.000000000000000000e+00 0.000000000000000000e+00 0.000000000000000000e+00 -3.044522440000000163e+00 0.000000000000000000e+00 -2.302585090000000001e+00 0.000000000000000000e+00 0.000000000000000000e+00 0.000000000000000000e+00 -4.158883079999999843e+00 0.000000000000000000e+00 0.000000000000000000e+00 -4.653960350000000190e+00 -5.480638919999999636e+00 0.000000000000000000e+00 0.000000000000000000e+00 0.000000000000000000e+00 0.000000000000000000e+00 0.000000000000000000e+00 0.000000000000000000e+00 0.000000000000000000e+00
-2.079441539999999922e+00 -2.197224579999999872e+00 -2.833213339999999913e+00 0.000000000000000000e+00 0.000000000000000000e+00 -3.044522440000000163e+00 -2.397895269999999801e+00 -3.688879449999999949e+00 0.000000000000000000e+00 -2.197224579999999872e+00 -8.328692580000000234e+00 -2.890371759999999846e+00 -3.555348060000000032e+00 -4.543294780000000088e+00 0.000000000000000000e+00 0.000000000000000000e+00 -6.289715570000000255e+00 0.000000000000000000e+00 -8.566173810000000444e+00 0.000000000000000000e+00 -2.639057329999999979e+00 0.000000000000000000e+00 -2.564949359999999956e+00 -2.079441539999999922e+00 0.000000000000000000e+00 -7.864419899999999686e+00 -5.793013610000000035e+00 -2.397895269999999801e+00 -4.174387270000000427e+00 -3.610917909999999953e+00 -3.295836870000000030e+00 -3.737669620000000137e+00 0.000000000000000000e+00 -5.424950019999999817e+00 0.000000000000000000e+00 0.000000000000000000e+00 0.000000000000000000e+00 0.000000000000000000e+00 0.000000000000000000e+00 0.000000000000000000e+00 0.000000000000000000e+00 0.000000000000000000e+00 0.000000000000000000e+00 0.000000000000000000e+00 -4.795790550000000430e+00 0.000000000000000000e+00 -4.744932129999999582e+00 0.000000000000000000e+00 0.000000000000000000e+00 0.000000000000000000e+00 0.000000000000000000e+00 -4.262679880000000310e+00 -1.945910150000000005e+00 0.000000000000000000e+00 0.000000000000000000e+00 0.000000000000000000e+00 0.000000000000000000e+00 0.000000000000000000e+00 0.000000000000000000e+00 -4.820281569999999682e+00 -4.060443010000000186e+00 0.000000000000000000e+00 0.000000000000000000e+00 0.000000000000000000e+00 -2.397895269999999801e+00 0.000000000000000000e+00 0.000000000000000000e+00 0.000000000000000000e+00
-4.553876889999999733e+00 -2.944438980000000150e+00 -4.787491740000000107e+00 0.000000000000000000e+00 0.000000000000000000e+00 -3.828641399999999972e+00 -3.218875820000000054e+00 -5.056245810000000063e+00 -1.791759469999999910e+00 -2.484906650000000106e+00 -8.487764379999999775e+00 -3.610917909999999953e+00 -3.044522440000000163e+00 -6.326149469999999830e+00 0.000000000000000000e+00 -2.302585090000000001e+00 -8.264878259999999699e+00 -8.566173810000000444e+00 0.000000000000000000e+00 0.000000000000000000e+00 -4.521788579999999946e+00 -1.609437910000000027e+00 -5.123963980000000085e+00 -2.639057329999999979e+00 0.000000000000000000e+00 -8.956222020000000228e+00 -7.022868090000000230e+00 -2.564949359999999956e+00 -6.473890700000000109e+00 -5.598421959999999586e+00 -3.258096539999999930e+00 -4.276666119999999793e+00 -3.951243719999999904e+00 -7.353081920000000160e+00 0.000000000000000000e+00 0.000000000000000000e+00 -2.079441539999999922e+00 0.000000000000000000e+00 0.000000000000000000e+00 0.000000000000000000e+00 0.000000000000000000e+00 0.000000000000000000e+00 0.000000000000000000e+00 0.000000000000000000e+00 -3.737669620000000137e+00 0.000000000000000000e+00 -3.688879449999999949e+00 -2.079441539999999922e+00 0.000000000000000000e+00 0.000000000000000000e+00 -2.079441539999999922e+00 -3.135494219999999999e+00 -3.610917909999999953e+00 0.000000000000000000e+00 0.000000000000000000e+00 0.000000000000000000e+00 0.000000000000000000e+00 -2.302585090000000001e+00 -1.791759469999999910e+00 -5.241747020000000035e+00 -4.691347880000000359e+00 -1.609437910000000027e+00 0.000000000000000000e+00 -1.945910150000000005e+00 0.000000000000000000e+00 0.000000000000000000e+00 0.000000000000000000e+00 0.000000000000000000e+00
0.000000000000000000e+00 0.000000000000000000e+00 0.000000000000000000e+00 -9.534523119999999352e+00 -2.995732269999999975e+00 -5.187385810000000319e+00 -3.465735899999999869e+00 -5.159055300000000344e+00 -4.290459440000000235e+00 -9.064389320000000083e+00 -2.708050200000000185e+00 -9.052867510000000451e+00 -2.639057329999999979e+00 -5.568344500000000252e+00 -2.833213339999999913e+00 0.000000000000000000e+00 0.000000000000000000e+00 0.000000000000000000e+00 0.000000000000000000e+00 0.000000000000000000e+00 0.000000000000000000e+00 0.000000000000000000e+00 0.000000000000000000e+00 -6.204557760000000144e+00 0.000000000000000000e+00 -1.945910150000000005e+00 -3.135494219999999999e+00 -8.451267039999999398e+00 -4.317488110000000212e+00 0.000000000000000000e+00 0.000000000000000000e+00 -3.526360519999999887e+00 0.000000000000000000e+00 -2.302585090000000001e+00 0.000000000000000000e+00 0.000000000000000000e+00 0.000000000000000000e+00 -3.044522440000000163e+00 0.000000000000000000e+00 -2.397895269999999801e+00 -1.791759469999999910e+00 -1.945910150000000005e+00 0.000000000000000000e+00 -4.574710979999999871e+00 0.000000000000000000e+00 -3.737669620000000137e+00 0.000000000000000000e+00 -2.708050200000000185e+00 0.000000000000000000e+00 0.000000000000000000e+00 0.000000000000000000e+00 0.000000000000000000e+00 0.000000000000000000e+00 -4.262679880000000310e+00 0.000000000000000000e+00 0.000000000000000000e+00 0.000000000000000000e+00 -5.846438779999999724e+00 0.000000000000000000e+00 0.000000000000000000e+00 0.000000000000000000e+00 -5.918893849999999901e+00 -1.791759469999999910e+00 0.000000000000000000e+00 0.000000000000000000e+00 0.000000000000000000e+00 0.000000000000000000e+00 0.000000000000000000e+00
-2.890371759999999846e+00 0.000000000000000000e+00 -7.092573719999999859e+00 0.000000000000000000e+00 0.000000000000000000e+00 -3.044522440000000163e+00 -5.746203190000000127e+00 -3.806662489999999899e+00 0.000000000000000000e+00 -1.791759469999999910e+00 -2.397895269999999801e+00 0.000000000000000000e+00 0.000000000000000000e+00 -5.030437919999999785e+00 0.000000000000000000e+00 -7.513163549999999802e+00 -6.869014449999999883e+00 -2.639057329999999979e+00 -4.521788579999999946e+00 0.000000000000000000e+00 0.000000000000000000e+00 -3.988984050000000003e+00 -9.066585469999999702e+00 -2.302585090000000001e+00 0.000000000000000000e+00 -6.714170529999999637e+00 -6.424869020000000042e+00 -8.205218430000000396e+00 -5.170484000000000080e+00 -8.758883680000000282e+00 0.000000000000000000e+00 0.000000000000000000e+00 0.000000000000000000e+00 -7.489970900000000320e+00 -1.609437910000000027e+00 0.000000000000000000e+00 -2.302585090000000001e+00 0.000000000000000000e+00 0.000000000000000000e+00 0.000000000000000000e+00 -3.496507559999999959e+00 -1.791759469999999910e+00 0.000000000000000000e+00 0.000000000000000000e+00 0.000000000000000000e+00 0.000000000000000000e+00 0.000000000000000000e+00 -1.945910150000000005e+00 0.000000000000000000e+00 -5.730099779999999754e+00 0.000000000000000000e+00 0.000000000000000000e+00 0.000000000000000000e+00 0.000000000000000000e+00 -6.448889389999999722e+00 -2.944438980000000150e+00 -6.719013150000000323e+00 -3.332204509999999953e+00 0.000000000000000000e+00 0.000000000000000000e+00 -4.043051270000000308e+00 -3.637586160000000124e+00 -2.397895269999999801e+00 -6.016157159999999671e+00 0.000000000000000000e+00 0.000000000000000000e+00 0.000000000000000000e+00 0.000000000000000000e+00
0.000000000000000000e+00 -3.663561650000000114e+00 0.000000000000000000e+00 0.000000000000000000e+00 -3.761200119999999814e+00 0.000000000000000000e+00 0.000000000000000000e+00 0.000000000000000000e+00 -6.350885719999999957e+00 0.000000000000000000e+00 -3.871201010000000053e+00 0.000000000000000000e+00 -5.105945469999999986e+00 0.000000000000000000e+00 -3.931825630000000071e+00 -7.529406459999999690e+00 0.000000000000000000e+00 0.000000000000000000e+00 -1.609437910000000027e+00 0.000000000000000000e+00 -3.988984050000000003e+00 0.000000000000000000e+00 -3.663561650000000114e+00 -6.533788839999999709e+00 -4.204692620000000325e+00 -3.850147600000000114e+00 -6.748759549999999940e+00 -4.127134390000000153e+00 0.000000000000000000e+00 0.000000000000000000e+00 -2.564949359999999956e+00 -2.708050200000000185e+00 0.000000000000000000e+00 0.000000000000000000e+00 0.000000000000000000e+00 0.000000000000000000e+00 0.000000000000000000e+00 0.000000000000000000e+00 0.000000000000000000e+00 0.000000000000000000e+00 -1.945910150000000005e+00 0.000000000000000000e+00 0.000000000000000000e+00 0.000000000000000000e+00 -1.791759469999999910e+00 0.000000000000000000e+00 -2.397895269999999801e+00 0.000000000000000000e+00 0.000000000000000000e+00 -4.890349129999999711e+00 0.000000000000000000e+00 0.000000000000000000e+00 0.000000000000000000e+00 0.000000000000000000e+00 -4.174387270000000427e+00 -2.772588719999999896e+00 -4.644390900000000322e+00 -3.465735899999999869e+00 0.000000000000000000e+00 0.000000000000000000e+00 -4.532599489999999953e+00 -3.135494219999999999e+00 0.000000000000000000e+00 -2.197224579999999872e+00 0.000000000000000000e+00 0.000000000000000000e+00 0.000000000000000000e+00 0.000000000000000000e+00
-5.446737370000000134e+00 0.000000000000000000e+00 -8.730205599999999677e+00 0.000000000000000000e+00 0.000000000000000000e+00 -5.537334269999999670e+00 -7.566311009999999726e+00 -6.508769140000000064e+00 0.000000000000000000e+00 -3.526360519999999887e+00 -2.995732269999999975e+00 0.000000000000000000e+00 0.000000000000000000e+00 -6.625392370000000142e+00 0.000000000000000000e+00 -9.031094080000000801e+00 -7.491645469999999918e+00 -2.564949359999999956e+00 -5.123963980000000085e+00 0.000000000000000000e+00 -9.066585469999999702e+00 -3.663561650000000114e+00 0.000000000000000000e+00 -4.442651259999999880e+00 0.000000000000000000e+00 -7.277247730000000026e+00 -8.898502210000000190e+00 -8.244596760000000302e+00 -6.013715160000000282e+00 -8.296297109999999364e+00 0.000000000000000000e+00 -2.944438980000000150e+00 0.000000000000000000e+00 -7.014814349999999976e+00 0.000000000000000000e+00 0.000000000000000000e+00 -6.421622270000000299e+00 0.000000000000000000e+00 0.000000000000000000e+00 0.000000000000000000e+00 0.000000000000000000e+00 0.000000000000000000e+00 0.000000000000000000e+00 0.000000000000000000e+00 0.000000000000000000e+00 0.000000000000000000e+00 0.000000000000000000e+00 0.000000000000000000e+00 0.000000000000000000e+00 -6.084499410000000275e+00 -3.044522440000000163e+00 0.000000000000000000e+00 0.000000000000000000e+00 0.000000000000000000e+00 -5.579729829999999779e+00 -2.944438980000000150e+00 -8.274611950000000604e+00 -3.135494219999999999e+00 0.000000000000000000e+00 -2.772588719999999896e+00 -7.660114319999999921e+00 -3.295836870000000030e+00 0.000000000000000000e+00 -2.890371759999999846e+00 0.000000000000000000e+00 0.000000000000000000e+00 0.000000000000000000e+00 0.000000000000000000e+00
