0.000000000000000000e+00 0.000000000000000000e+00 1.840000000000000056e-03 0.000000000000000000e+00 0.000000000000000000e+00 1.133333333333333415e-03 3.925333333333333452e-02 2.230666666666666562e-02 0.000000000000000000e+00 8.000000000000000654e-05 6.133333333333333519e-04 0.000000000000000000e+00 8.000000000000000654e-05 8.296000000000000596e-02 0.000000000000000000e+00 0.000000000000000000e+00 3.706666666666666703e-03 1.066666666666666664e-04 1.266666666666666592e-03 0.000000000000000000e+00 2.400000000000000061e-04 0.000000000000000000e+00 3.093333333333333351e-03 0.000000000000000000e+00 0.000000000000000000e+00 1.693333333333333366e-03 7.466666666666666374e-04 2.799999999999999755e-04 7.754666666666666652e-02 3.688000000000000306e-02 0.000000000000000000e+00 7.066666666666666409e-04 0.000000000000000000e+00 8.000000000000000383e-04 0.000000000000000000e+00 0.000000000000000000e+00 0.000000000000000000e+00 0.000000000000000000e+00 0.000000000000000000e+00 0.000000000000000000e+00 0.000000000000000000e+00 0.000000000000000000e+00 0.000000000000000000e+00 0.000000000000000000e+00 0.000000000000000000e+00 0.000000000000000000e+00 0.000000000000000000e+00 0.000000000000000000e+00 0.000000000000000000e+00 0.000000000000000000e+00 0.000000000000000000e+00 0.000000000000000000e+00 0.000000000000000000e+00 0.000000000000000000e+00 0.000000000000000000e+00 0.000000000000000000e+00 0.000000000000000000e+00 0.000000000000000000e+00 0.000000000000000000e+00 0.000000000000000000e+00 0.000000000000000000e+00 0.000000000000000000e+00 0.000000000000000000e+00 0.000000000000000000e+00 0.000000000000000000e+00 0.000000000000000000e+00 0.000000000000000000e+00 0.000000000000000000e+00
0.000000000000000000e+00 0.000000000000000000e+00 6.666666666666666986e-05 0.000000000000000000e+00 2.666666666666666794e-04 0.000000000000000000e+00 0.000000000000000000e+00 0.000000000000000000e+00 1.226666666666666704e-03 0.000000000000000000e+00 2.733333333333333275e-03 0.000000000000000000e+00 1.433333333333333334e-02 6.666666666666666986e-05 1.600000000000000131e-04 7.200000000000000453e-04 2.533333333333333292e-04 1.200000000000000030e-04 2.533333333333333292e-04 0.000000000000000000e+00 0.000000000000000000e+00 5.199999999999999544e-04 0.000000000000000000e+00 1.426666666666666578e-03 4.333333333333333134e-03 2.053333333333333226e-03 1.289333333333333304e-02 0.000000000000000000e+00 6.666666666666666986e-05 0.000000000000000000e+00 6.800000000000000488e-04 1.600000000000000131e-04 0.000000000000000000e+00 1.200000000000000030e-04 0.000000000000000000e+00 0.000000000000000000e+00 0.000000000000000000e+00 0.000000000000000000e+00 0.000000000000000000e+00 0.000000000000000000e+00 0.000000000000000000e+00 0.000000000000000000e+00 0.000000000000000000e+00 0.000000000000000000e+00 8.933333333333333274e-04 0.000000000000000000e+00 6.933333333333333449e-04 0.000000000000000000e+00 0.000000000000000000e+00 0.000000000000000000e+00 0.000000000000000000e+00 0.000000000000000000e+00 0.000000000000000000e+00 0.000000000000000000e+00 0.000000000000000000e+00 0.000000000000000000e+00 0.000000000000000000e+00 6.666666666666666986e-05 0.000000000000000000e+00 6.666666666666666986e-05 2.533333333333333292e-04 0.000000000000000000e+00 0.000000000000000000e+00 0.000000000000000000e+00 0.000000000000000000e+00 0.000000000000000000e+00 0.000000000000000000e+00 6.666666666666666986e-05
1.840000000000000056e-03 6.666666666666666986e-05 0.000000000000000000e+00 0.000000000000000000e+00 0.000000000000000000e+00 3.893333333333333281e-03 2.913333333333333400e-02 8.559999999999999901e-03 0.000000000000000000e+00 1.373333333333333394e-03 3.600000000000000227e-04 0.000000000000000000e+00 0.000000000000000000e+00 8.506666666666665849e-03 0.000000000000000000e+00 2.133333333333333327e-04 3.595999999999999891e-02 2.266666666666666558e-04 1.600000000000000077e-03 0.000000000000000000e+00 1.603999999999999870e-02 0.000000000000000000e+00 8.249333333333333518e-02 8.400000000000000348e-04 0.000000000000000000e+00 8.498666666666666869e-02 2.724000000000000032e-02 6.599999999999999964e-03 2.293333333333333422e-03 5.573333333333332917e-03 0.000000000000000000e+00 2.533333333333333292e-04 0.000000000000000000e+00 1.133333333333333415e-03 0.000000000000000000e+00 2.480000000000000000e-03 1.557333333333333313e-02 0.000000000000000000e+00 0.000000000000000000e+00 0.000000000000000000e+00 0.000000000000000000e+00 0.000000000000000000e+00 0.000000000000000000e+00 0.000000000000000000e+00 0.000000000000000000e+00 0.000000000000000000e+00 0.000000000000000000e+00 0.000000000000000000e+00 0.000000000000000000e+00 2.133333333333333327e-04 2.373333333333333198e-03 0.000000000000000000e+00 2.000000000000000096e-04 0.000000000000000000e+00 2.933333333333333257e-04 0.000000000000000000e+00 5.506666666666666654e-03 5.999999999999999474e-04 0.000000000000000000e+00 6.986666666666667067e-03 2.113333333333333383e-02 5.199999999999999544e-04 0.000000000000000000e+00 0.000000000000000000e+00 0.000000000000000000e+00 0.000000000000000000e+00 0.000000000000000000e+00 0.000000000000000000e+00
0.000000000000000000e+00 0.000000000000000000e+00 0.000000000000000000e+00 0.000000000000000000e+00 5.333333333333333589e-04 1.386666666666666690e-03 4.440000000000000370e-03 4.000000000000000192e-04 7.173333333333333645e-03 8.844000000000000472e-02 0.000000000000000000e+00 7.186666666666666724e-03 6.666666666666666986e-05 1.106666666666666606e-03 3.466666666666666724e-04 0.000000000000000000e+00 0.000000000000000000e+00 0.000000000000000000e+00 0.000000000000000000e+00 1.843866666666666709e-01 0.000000000000000000e+00 0.000000000000000000e+00 0.000000000000000000e+00 1.630666666666666723e-02 0.000000000000000000e+00 0.000000000000000000e+00 9.333333333333332967e-05 1.612266666666666570e-01 8.266666666666666304e-04 0.000000000000000000e+00 0.000000000000000000e+00 2.266666666666666558e-04 0.000000000000000000e+00 1.200000000000000030e-04 0.000000000000000000e+00 0.000000000000000000e+00 0.000000000000000000e+00 7.600000000000000418e-04 0.000000000000000000e+00 2.000000000000000096e-04 2.133333333333333327e-04 1.866666666666666593e-04 0.000000000000000000e+00 1.586666666666666564e-03 0.000000000000000000e+00 8.400000000000000348e-04 0.000000000000000000e+00 2.000000000000000096e-04 0.000000000000000000e+00 0.000000000000000000e+00 0.000000000000000000e+00 0.000000000000000000e+00 0.000000000000000000e+00 5.199999999999999544e-04 0.000000000000000000e+00 0.000000000000000000e+00 0.000000000000000000e+00 9.706666666666667262e-03 0.000000000000000000e+00 0.000000000000000000e+00 0.000000000000000000e+00 7.466666666666666591e-03 8.000000000000000654e-05 0.000000000000000000e+00 0.000000000000000000e+00 0.000000000000000000e+00 0.000000000000000000e+00 6.666666666666666986e-05
0.000000000000000000e+00 2.666666666666666794e-04 0.000000000000000000e+00 5.333333333333333589e-04 0.000000000000000000e+00 1.093333333333333310e-03 0.000000000000000000e+00 0.000000000000000000e+00 1.866666666666666648e-03 8.000000000000000654e-05 1.600000000000000131e-04 9.733333333333333203e-04 2.133333333333333327e-04 0.000000000000000000e+00 1.121333333333333383e-02 0.000000000000000000e+00 0.000000000000000000e+00 0.000000000000000000e+00 0.000000000000000000e+00 2.666666666666666794e-04 0.000000000000000000e+00 5.733333333333333554e-04 0.000000000000000000e+00 2.173333333333333540e-03 2.000000000000000096e-04 3.333333333333333222e-04 2.360000000000000119e-03 4.666666666666666619e-04 0.000000000000000000e+00 0.000000000000000000e+00 0.000000000000000000e+00 1.985333333333333394e-02 0.000000000000000000e+00 1.213333333333333408e-03 0.000000000000000000e+00 0.000000000000000000e+00 0.000000000000000000e+00 0.000000000000000000e+00 0.000000000000000000e+00 0.000000000000000000e+00 0.000000000000000000e+00 0.000000000000000000e+00 0.000000000000000000e+00 0.000000000000000000e+00 0.000000000000000000e+00 0.000000000000000000e+00 0.000000000000000000e+00 0.000000000000000000e+00 0.000000000000000000e+00 0.000000000000000000e+00 0.000000000000000000e+00 0.000000000000000000e+00 0.000000000000000000e+00 0.000000000000000000e+00 0.000000000000000000e+00 0.000000000000000000e+00 0.000000000000000000e+00 0.000000000000000000e+00 0.000000000000000000e+00 0.000000000000000000e+00 0.000000000000000000e+00 0.000000000000000000e+00 0.000000000000000000e+00 0.000000000000000000e+00 0.000000000000000000e+00 0.000000000000000000e+00 0.000000000000000000e+00 0.000000000000000000e+00
1.133333333333333415e-03 0.000000000000000000e+00 3.893333333333333281e-03 1.386666666666666690e-03 1.093333333333333310e-03 0.000000000000000000e+00 5.804000000000000131e-02 1.268933333333333302e-01 3.733333333333333187e-04 1.274266666666666603e-01 1.280000000000000105e-03 7.735999999999999821e-02 4.133333333333333152e-04 7.093333333333333435e-03 5.320000000000000076e-03 0.000000000000000000e+00 1.199999999999999895e-03 2.799999999999999755e-04 6.133333333333333519e-04 2.386666666666666711e-03 2.799999999999999755e-04 0.000000000000000000e+00 3.386666666666666731e-03 2.906666666666666773e-03 0.000000000000000000e+00 4.239999999999999845e-03 1.253333333333333296e-03 1.932000000000000037e-02 1.240000000000000000e-03 1.266666666666666592e-03 0.000000000000000000e+00 1.984000000000000000e-02 0.000000000000000000e+00 1.226666666666666704e-03 0.000000000000000000e+00 0.000000000000000000e+00 0.000000000000000000e+00 9.333333333333332967e-05 0.000000000000000000e+00 0.000000000000000000e+00 9.333333333333332967e-05 1.600000000000000131e-04 0.000000000000000000e+00 3.466666666666666724e-04 6.666666666666666986e-05 0.000000000000000000e+00 0.000000000000000000e+00 2.400000000000000061e-04 0.000000000000000000e+00 0.000000000000000000e+00 0.000000000000000000e+00 0.000000000000000000e+00 0.000000000000000000e+00 8.000000000000000654e-05 0.000000000000000000e+00 0.000000000000000000e+00 0.000000000000000000e+00 5.866666666666666514e-04 0.000000000000000000e+00 0.000000000000000000e+00 8.000000000000000654e-05 1.280000000000000105e-03 8.000000000000000654e-05 0.000000000000000000e+00 0.000000000000000000e+00 0.000000000000000000e+00 0.000000000000000000e+00 0.000000000000000000e+00
3.925333333333333452e-02 0.000000000000000000e+00 2.913333333333333400e-02 4.440000000000000370e-03 0.000000000000000000e+00 5.804000000000000131e-02 0.000000000000000000e+00 3.838666666666666616e-02 3.066666666666666759e-04 1.945199999999999985e-01 7.733333333333333379e-04 5.306666666666666997e-03 5.866666666666666514e-04 7.044000000000000261e-02 8.000000000000000654e-05 0.000000000000000000e+00 9.866666666666667248e-04 1.466666666666666629e-04 3.333333333333333222e-04 4.266666666666666654e-04 4.173333333333333582e-03 0.000000000000000000e+00 2.576000000000000165e-02 1.074666666666666652e-02 0.000000000000000000e+00 1.122666666666666604e-02 3.133333333333333456e-03 2.370266666666666633e-01 1.193333333333333399e-02 6.320000000000000617e-02 0.000000000000000000e+00 6.133333333333333519e-04 6.666666666666666444e-04 1.546666666666666676e-03 0.000000000000000000e+00 0.000000000000000000e+00 0.000000000000000000e+00 1.200000000000000030e-04 0.000000000000000000e+00 0.000000000000000000e+00 2.133333333333333327e-04 8.000000000000000654e-05 0.000000000000000000e+00 4.000000000000000192e-04 0.000000000000000000e+00 0.000000000000000000e+00 0.000000000000000000e+00 1.200000000000000030e-04 0.000000000000000000e+00 0.000000000000000000e+00 0.000000000000000000e+00 0.000000000000000000e+00 0.000000000000000000e+00 8.000000000000000654e-05 2.799999999999999755e-04 0.000000000000000000e+00 1.333333333333333397e-04 7.466666666666666374e-04 0.000000000000000000e+00 6.666666666666666986e-05 9.333333333333332967e-05 1.653333333333333261e-03 0.000000000000000000e+00 2.533333333333333292e-04 0.000000000000000000e+00 0.000000000000000000e+00 0.000000000000000000e+00 9.333333333333332967e-05
2.230666666666666562e-02 0.000000000000000000e+00 8.559999999999999901e-03 4.000000000000000192e-04 0.000000000000000000e+00 1.268933333333333302e-01 3.838666666666666616e-02 0.000000000000000000e+00 1.733333333333333362e-04 1.752000000000000085e-02 4.346666666666667081e-03 1.166666666666666720e-02 1.280000000000000105e-03 1.749999999999999889e-01 0.000000000000000000e+00 0.000000000000000000e+00 4.879999999999999789e-03 5.333333333333333589e-04 2.093333333333333331e-03 2.320000000000000014e-03 5.999999999999999474e-04 0.000000000000000000e+00 8.946666666666667003e-03 1.666666666666666774e-03 0.000000000000000000e+00 6.919999999999999936e-03 1.466666666666666683e-03 5.053333333333333288e-03 1.144000000000000052e-02 1.037333333333333336e-02 9.333333333333332967e-05 5.713333333333333458e-02 0.000000000000000000e+00 2.613333333333333394e-03 0.000000000000000000e+00 0.000000000000000000e+00 0.000000000000000000e+00 0.000000000000000000e+00 0.000000000000000000e+00 0.000000000000000000e+00 1.200000000000000030e-04 9.333333333333332967e-05 0.000000000000000000e+00 2.133333333333333327e-04 0.000000000000000000e+00 0.000000000000000000e+00 0.000000000000000000e+00 1.466666666666666629e-04 0.000000000000000000e+00 0.000000000000000000e+00 0.000000000000000000e+00 0.000000000000000000e+00 0.000000000000000000e+00 6.666666666666666986e-05 2.933333333333333257e-04 0.000000000000000000e+00 0.000000000000000000e+00 4.133333333333333152e-04 0.000000000000000000e+00 1.200000000000000030e-04 6.666666666666666986e-05 7.733333333333333379e-04 9.333333333333332967e-05 2.933333333333333257e-04 0.000000000000000000e+00 0.000000000000000000e+00 0.000000000000000000e+00 1.200000000000000030e-04
0.000000000000000000e+00 1.226666666666666704e-03 0.000000000000000000e+00 7.173333333333333645e-03 1.866666666666666648e-03 3.733333333333333187e-04 3.066666666666666759e-04 1.733333333333333362e-04 0.000000000000000000e+00 2.106666666666666844e-03 9.600000000000000243e-04 1.146666666666666711e-03 2.693333333333333170e-03 4.266666666666666654e-04 1.226666666666666704e-03 0.000000000000000000e+00 0.000000000000000000e+00 0.000000000000000000e+00 8.000000000000000654e-05 9.733333333333333203e-04 0.000000000000000000e+00 7.640000000000000090e-03 0.000000000000000000e+00 2.751999999999999932e-02 1.479999999999999979e-03 1.546666666666666676e-03 1.340000000000000045e-02 6.839999999999999726e-03 3.600000000000000227e-04 0.000000000000000000e+00 2.799999999999999755e-04 6.533333333333333484e-04 1.333333333333333397e-04 1.466666666666666629e-04 0.000000000000000000e+00 0.000000000000000000e+00 0.000000000000000000e+00 1.066666666666666664e-04 0.000000000000000000e+00 0.000000000000000000e+00 0.000000000000000000e+00 8.000000000000000654e-05 1.333333333333333397e-04 1.600000000000000131e-04 1.866666666666666593e-04 1.466666666666666629e-04 2.133333333333333327e-04 1.466666666666666629e-04 0.000000000000000000e+00 0.000000000000000000e+00 0.000000000000000000e+00 0.000000000000000000e+00 0.000000000000000000e+00 8.000000000000000654e-05 1.333333333333333397e-04 1.333333333333333397e-04 0.000000000000000000e+00 1.413333333333333282e-03 0.000000000000000000e+00 0.000000000000000000e+00 0.000000000000000000e+00 1.106666666666666606e-03 6.666666666666666986e-05 1.333333333333333397e-04 0.000000000000000000e+00 0.000000000000000000e+00 0.000000000000000000e+00 0.000000000000000000e+00
8.000000000000000654e-05 0.000000000000000000e+00 1.373333333333333394e-03 8.844000000000000472e-02 8.000000000000000654e-05 1.274266666666666603e-01 1.945199999999999985e-01 1.752000000000000085e-02 2.106666666666666844e-03 0.000000000000000000e+00 7.333333333333333414e-04 7.992000000000000492e-02 5.466666666666666549e-04 1.158666666666666699e-02 9.333333333333332967e-05 0.000000000000000000e+00 8.000000000000000654e-05 1.200000000000000030e-04 1.600000000000000131e-04 1.152266666666666717e-01 8.000000000000000654e-05 0.000000000000000000e+00 4.533333333333333117e-04 7.253333333333332987e-03 0.000000000000000000e+00 1.613333333333333373e-03 1.000000000000000021e-03 2.399066666666666570e-01 3.826666666666666584e-03 9.333333333333332967e-05 0.000000000000000000e+00 1.080000000000000014e-03 6.666666666666666986e-05 1.199999999999999895e-03 0.000000000000000000e+00 0.000000000000000000e+00 0.000000000000000000e+00 3.466666666666666724e-04 0.000000000000000000e+00 1.866666666666666593e-04 1.600000000000000131e-04 1.866666666666666593e-04 0.000000000000000000e+00 1.826666666666666760e-03 6.666666666666666986e-05 2.933333333333333257e-04 0.000000000000000000e+00 5.199999999999999544e-04 0.000000000000000000e+00 0.000000000000000000e+00 0.000000000000000000e+00 0.000000000000000000e+00 0.000000000000000000e+00 2.933333333333333257e-04 0.000000000000000000e+00 0.000000000000000000e+00 0.000000000000000000e+00 4.199999999999999740e-03 0.000000000000000000e+00 0.000000000000000000e+00 0.000000000000000000e+00 6.040000000000000230e-03 1.866666666666666593e-04 0.000000000000000000e+00 0.000000000000000000e+00 0.000000000000000000e+00 0.000000000000000000e+00 8.000000000000000654e-05
6.133333333333333519e-04 2.733333333333333275e-03 3.600000000000000227e-04 0.000000000000000000e+00 1.600000000000000131e-04 1.280000000000000105e-03 7.733333333333333379e-04 4.346666666666667081e-03 9.600000000000000243e-04 7.333333333333333414e-04 0.000000000000000000e+00 1.319999999999999993e-03 5.418666666666666770e-02 7.146666666666666619e-03 1.733333333333333362e-04 0.000000000000000000e+00 2.813333333333333484e-03 5.521333333333333648e-02 6.473333333333333717e-02 2.000000000000000096e-04 1.466666666666666629e-04 6.400000000000000524e-04 2.666666666666666794e-04 7.600000000000000418e-04 6.013333333333333204e-03 5.985333333333333478e-02 1.906666666666666579e-02 1.026666666666666613e-03 2.200000000000000133e-03 4.666666666666666619e-04 6.760000000000000384e-03 5.279999999999999971e-03 0.000000000000000000e+00 4.612000000000000127e-02 0.000000000000000000e+00 4.933333333333333624e-04 0.000000000000000000e+00 0.000000000000000000e+00 0.000000000000000000e+00 0.000000000000000000e+00 1.466666666666666629e-04 2.266666666666666558e-04 0.000000000000000000e+00 9.333333333333332967e-05 1.728000000000000022e-02 0.000000000000000000e+00 2.244000000000000161e-02 1.466666666666666629e-04 0.000000000000000000e+00 0.000000000000000000e+00 0.000000000000000000e+00 2.333333333333333526e-03 1.200000000000000030e-04 0.000000000000000000e+00 1.333333333333333397e-04 0.000000000000000000e+00 0.000000000000000000e+00 3.066666666666666759e-04 5.333333333333333589e-04 5.599999999999999943e-03 1.920000000000000049e-03 4.266666666666666654e-04 6.666666666666666986e-05 2.000000000000000096e-04 6.933333333333333449e-04 9.333333333333332967e-05 0.000000000000000000e+00 5.466666666666666549e-04
0.000000000000000000e+00 0.000000000000000000e+00 0.000000000000000000e+00 7.186666666666666724e-03 9.733333333333333203e-04 7.735999999999999821e-02 5.306666666666666997e-03 1.166666666666666720e-02 1.146666666666666711e-03 7.992000000000000492e-02 1.319999999999999993e-03 0.000000000000000000e+00 5.333333333333333589e-04 1.042666666666666742e-02 8.133333333333333344e-04 0.000000000000000000e+00 1.200000000000000030e-04 2.400000000000000061e-04 4.933333333333333624e-04 1.139066666666666700e-01 0.000000000000000000e+00 0.000000000000000000e+00 0.000000000000000000e+00 4.733333333333333316e-03 0.000000000000000000e+00 4.800000000000000122e-04 1.306666666666666697e-03 1.246666666666666583e-02 1.906666666666666753e-03 0.000000000000000000e+00 0.000000000000000000e+00 3.026666666666666655e-03 0.000000000000000000e+00 5.733333333333333554e-04 0.000000000000000000e+00 0.000000000000000000e+00 0.000000000000000000e+00 9.333333333333332967e-05 0.000000000000000000e+00 0.000000000000000000e+00 0.000000000000000000e+00 6.666666666666666986e-05 0.000000000000000000e+00 2.799999999999999755e-04 0.000000000000000000e+00 3.066666666666666759e-04 0.000000000000000000e+00 0.000000000000000000e+00 0.000000000000000000e+00 0.000000000000000000e+00 0.000000000000000000e+00 0.000000000000000000e+00 0.000000000000000000e+00 1.080000000000000014e-03 0.000000000000000000e+00 0.000000000000000000e+00 0.000000000000000000e+00 1.133333333333333415e-03 0.000000000000000000e+00 6.666666666666666986e-05 8.000000000000000654e-05 1.319999999999999993e-03 0.000000000000000000e+00 0.000000000000000000e+00 0.000000000000000000e+00 0.000000000000000000e+00 0.000000000000000000e+00 0.000000000000000000e+00
8.000000000000000654e-05 1.433333333333333334e-02 0.000000000000000000e+00 6.666666666666666986e-05 2.133333333333333327e-04 4.133333333333333152e-04 5.866666666666666514e-04 1.280000000000000105e-03 2.693333333333333170e-03 5.466666666666666549e-04 5.418666666666666770e-02 5.333333333333333589e-04 0.000000000000000000e+00 5.866666666666666514e-04 6.933333333333333449e-04 0.000000000000000000e+00 0.000000000000000000e+00 4.666666666666666619e-04 2.799999999999999755e-04 1.866666666666666593e-04 0.000000000000000000e+00 2.200000000000000133e-03 0.000000000000000000e+00 1.426666666666666578e-03 2.737333333333333285e-02 1.396000000000000019e-02 3.861333333333333284e-02 6.666666666666666444e-04 2.133333333333333327e-04 2.533333333333333292e-04 1.094666666666666704e-02 1.066666666666666718e-03 0.000000000000000000e+00 5.239999999999999866e-03 0.000000000000000000e+00 2.266666666666666558e-04 0.000000000000000000e+00 0.000000000000000000e+00 0.000000000000000000e+00 0.000000000000000000e+00 0.000000000000000000e+00 1.600000000000000131e-04 0.000000000000000000e+00 0.000000000000000000e+00 1.550666666666666686e-02 0.000000000000000000e+00 2.068000000000000047e-02 1.333333333333333397e-04 0.000000000000000000e+00 0.000000000000000000e+00 6.666666666666666986e-05 1.906666666666666753e-03 1.600000000000000131e-04 0.000000000000000000e+00 0.000000000000000000e+00 0.000000000000000000e+00 0.000000000000000000e+00 1.333333333333333397e-04 6.133333333333333519e-04 4.720000000000000237e-03 2.213333333333333212e-03 2.666666666666666794e-04 1.733333333333333362e-04 6.666666666666666986e-05 8.400000000000000348e-04 0.000000000000000000e+00 0.000000000000000000e+00 4.133333333333333152e-04
8.296000000000000596e-02 6.666666666666666986e-05 8.506666666666665849e-03 1.106666666666666606e-03 0.000000000000000000e+00 7.093333333333333435e-03 7.044000000000000261e-02 1.749999999999999889e-01 4.266666666666666654e-04 1.158666666666666699e-02 7.146666666666666619e-03 1.042666666666666742e-02 5.866666666666666514e-04 0.000000000000000000e+00 0.000000000000000000e+00 8.000000000000000654e-05 1.313333333333333366e-02 1.253333333333333296e-03 7.453333333333333512e-03 3.493333333333333533e-03 2.040000000000000147e-03 0.000000000000000000e+00 1.005333333333333252e-02 2.266666666666666829e-03 0.000000000000000000e+00 9.039999999999999425e-03 5.626666666666666969e-03 9.546666666666666842e-03 1.136400000000000049e-01 5.730666666666666548e-02 1.733333333333333362e-04 6.834666666666666668e-02 0.000000000000000000e+00 6.640000000000000069e-03 0.000000000000000000e+00 0.000000000000000000e+00 0.000000000000000000e+00 0.000000000000000000e+00 0.000000000000000000e+00 0.000000000000000000e+00 1.866666666666666593e-04 8.000000000000000654e-05 0.000000000000000000e+00 3.066666666666666759e-04 9.333333333333332967e-05 0.000000000000000000e+00 8.000000000000000654e-05 1.733333333333333362e-04 0.000000000000000000e+00 0.000000000000000000e+00 0.000000000000000000e+00 0.000000000000000000e+00 6.666666666666666986e-05 6.666666666666666986e-05 4.266666666666666654e-04 0.000000000000000000e+00 0.000000000000000000e+00 7.200000000000000453e-04 0.000000000000000000e+00 2.400000000000000061e-04 2.400000000000000061e-04 1.426666666666666578e-03 1.600000000000000131e-04 5.599999999999999509e-04 0.000000000000000000e+00 0.000000000000000000e+00 0.000000000000000000e+00 0.000000000000000000e+00
0.000000000000000000e+00 1.600000000000000131e-04 0.000000000000000000e+00 3.466666666666666724e-04 1.121333333333333383e-02 5.320000000000000076e-03 8.000000000000000654e-05 0.000000000000000000e+00 1.226666666666666704e-03 9.333333333333332967e-05 1.733333333333333362e-04 8.133333333333333344e-04 6.933333333333333449e-04 0.000000000000000000e+00 0.000000000000000000e+00 0.000000000000000000e+00 0.000000000000000000e+00 0.000000000000000000e+00 0.000000000000000000e+00 2.266666666666666558e-04 0.000000000000000000e+00 6.800000000000000488e-04 0.000000000000000000e+00 3.439999999999999915e-03 2.133333333333333327e-04 2.266666666666666558e-04 3.026666666666666655e-03 5.866666666666666514e-04 9.333333333333332967e-05 0.000000000000000000e+00 9.333333333333332967e-05 8.399999999999999481e-03 0.000000000000000000e+00 6.666666666666666986e-05 0.000000000000000000e+00 0.000000000000000000e+00 0.000000000000000000e+00 0.000000000000000000e+00 0.000000000000000000e+00 0.000000000000000000e+00 0.000000000000000000e+00 0.000000000000000000e+00 0.000000000000000000e+00 0.000000000000000000e+00 0.000000000000000000e+00 0.000000000000000000e+00 0.000000000000000000e+00 0.000000000000000000e+00 0.000000000000000000e+00 0.000000000000000000e+00 0.000000000000000000e+00 0.000000000000000000e+00 0.000000000000000000e+00 0.000000000000000000e+00 0.000000000000000000e+00 0.000000000000000000e+00 0.000000000000000000e+00 0.000000000000000000e+00 0.000000000000000000e+00 0.000000000000000000e+00 0.000000000000000000e+00 0.000000000000000000e+00 0.000000000000000000e+00 0.000000000000000000e+00 0.000000000000000000e+00 0.000000000000000000e+00 0.000000000000000000e+00 0.000000000000000000e+00
0.000000000000000000e+00 7.200000000000000453e-04 2.133333333333333327e-04 0.000000000000000000e+00 0.000000000000000000e+00 0.000000000000000000e+00 0.000000000000000000e+00 0.000000000000000000e+00 0.000000000000000000e+00 0.000000000000000000e+00 0.000000000000000000e+00 0.000000000000000000e+00 0.000000000000000000e+00 8.000000000000000654e-05 0.000000000000000000e+00 0.000000000000000000e+00 2.400000000000000061e-04 0.000000000000000000e+00 1.333333333333333397e-04 0.000000000000000000e+00 2.442666666666666597e-02 2.482666666666666702e-02 1.114533333333333348e-01 4.146666666666666556e-03 0.000000000000000000e+00 1.760000000000000063e-03 4.449333333333333612e-02 1.114666666666666583e-02 0.000000000000000000e+00 2.000000000000000096e-04 0.000000000000000000e+00 0.000000000000000000e+00 0.000000000000000000e+00 4.000000000000000192e-04 0.000000000000000000e+00 0.000000000000000000e+00 7.866666666666666339e-04 0.000000000000000000e+00 0.000000000000000000e+00 0.000000000000000000e+00 3.733333333333333187e-04 0.000000000000000000e+00 0.000000000000000000e+00 0.000000000000000000e+00 0.000000000000000000e+00 0.000000000000000000e+00 0.000000000000000000e+00 1.466666666666666629e-04 0.000000000000000000e+00 2.188000000000000014e-02 0.000000000000000000e+00 0.000000000000000000e+00 0.000000000000000000e+00 0.000000000000000000e+00 1.562666666666666718e-02 1.799999999999999951e-03 3.500000000000000333e-02 1.146666666666666711e-03 0.000000000000000000e+00 2.266666666666666558e-04 1.098666666666666715e-02 1.066666666666666718e-03 1.333333333333333397e-04 4.213333333333333687e-03 0.000000000000000000e+00 0.000000000000000000e+00 0.000000000000000000e+00 0.000000000000000000e+00
3.706666666666666703e-03 2.533333333333333292e-04 3.595999999999999891e-02 0.000000000000000000e+00 0.000000000000000000e+00 1.199999999999999895e-03 9.866666666666667248e-04 4.879999999999999789e-03 0.000000000000000000e+00 8.000000000000000654e-05 2.813333333333333484e-03 1.200000000000000030e-04 0.000000000000000000e+00 1.313333333333333366e-02 0.000000000000000000e+00 2.400000000000000061e-04 0.000000000000000000e+00 7.186666666666666724e-03 5.179999999999999882e-02 0.000000000000000000e+00 1.282666666666666677e-02 0.000000000000000000e+00 2.390666666666666634e-02 2.799999999999999755e-04 0.000000000000000000e+00 4.852000000000000063e-02 4.849333333333333274e-02 6.133333333333333519e-04 1.934666666666666826e-02 3.307999999999999829e-02 0.000000000000000000e+00 3.066666666666666759e-04 3.733333333333333187e-04 3.786666666666666480e-03 0.000000000000000000e+00 3.600000000000000227e-04 2.079999999999999818e-03 0.000000000000000000e+00 0.000000000000000000e+00 0.000000000000000000e+00 0.000000000000000000e+00 0.000000000000000000e+00 0.000000000000000000e+00 0.000000000000000000e+00 0.000000000000000000e+00 0.000000000000000000e+00 0.000000000000000000e+00 0.000000000000000000e+00 0.000000000000000000e+00 0.000000000000000000e+00 2.799999999999999755e-04 0.000000000000000000e+00 1.333333333333333397e-04 0.000000000000000000e+00 0.000000000000000000e+00 0.000000000000000000e+00 8.533333333333333309e-04 0.000000000000000000e+00 0.000000000000000000e+00 1.399999999999999986e-03 3.200000000000000153e-03 0.000000000000000000e+00 0.000000000000000000e+00 0.000000000000000000e+00 0.000000000000000000e+00 0.000000000000000000e+00 0.000000000000000000e+00 0.000000000000000000e+00
1.066666666666666664e-04 1.200000000000000030e-04 2.266666666666666558e-04 0.000000000000000000e+00 0.000000000000000000e+00 2.799999999999999755e-04 1.466666666666666629e-04 5.333333333333333589e-04 0.000000000000000000e+00 1.200000000000000030e-04 5.521333333333333648e-02 2.400000000000000061e-04 4.666666666666666619e-04 1.253333333333333296e-03 0.000000000000000000e+00 0.000000000000000000e+00 7.186666666666666724e-03 0.000000000000000000e+00 7.001333333333333020e-02 0.000000000000000000e+00 1.866666666666666593e-04 0.000000000000000000e+00 1.733333333333333362e-04 1.066666666666666664e-04 0.000000000000000000e+00 3.470666666666666345e-02 4.373333333333333239e-03 1.466666666666666629e-04 8.666666666666666269e-04 4.933333333333333624e-04 3.600000000000000227e-04 5.599999999999999509e-04 0.000000000000000000e+00 3.026666666666666655e-03 0.000000000000000000e+00 0.000000000000000000e+00 0.000000000000000000e+00 0.000000000000000000e+00 0.000000000000000000e+00 0.000000000000000000e+00 0.000000000000000000e+00 0.000000000000000000e+00 0.000000000000000000e+00 0.000000000000000000e+00 1.613333333333333373e-03 0.000000000000000000e+00 1.533333333333333380e-03 0.000000000000000000e+00 0.000000000000000000e+00 0.000000000000000000e+00 0.000000000000000000e+00 9.466666666666666199e-04 9.333333333333332967e-05 0.000000000000000000e+00 0.000000000000000000e+00 0.000000000000000000e+00 0.000000000000000000e+00 0.000000000000000000e+00 0.000000000000000000e+00 1.653333333333333261e-03 7.733333333333333379e-04 0.000000000000000000e+00 0.000000000000000000e+00 0.000000000000000000e+00 1.466666666666666629e-04 0.000000000000000000e+00 0.000000000000000000e+00 0.000000000000000000e+00
1.266666666666666592e-03 2.533333333333333292e-04 1.600000000000000077e-03 0.000000000000000000e+00 0.000000000000000000e+00 6.133333333333333519e-04 3.333333333333333222e-04 2.093333333333333331e-03 8.000000000000000654e-05 1.600000000000000131e-04 6.473333333333333717e-02 4.933333333333333624e-04 2.799999999999999755e-04 7.453333333333333512e-03 0.000000000000000000e+00 1.333333333333333397e-04 5.179999999999999882e-02 7.001333333333333020e-02 0.000000000000000000e+00 0.000000000000000000e+00 1.226666666666666704e-03 6.666666666666666986e-05 2.239999999999999804e-03 1.866666666666666593e-04 0.000000000000000000e+00 1.034133333333333293e-01 1.495999999999999934e-02 1.733333333333333362e-04 8.640000000000000110e-03 3.599999999999999901e-03 3.466666666666666724e-04 9.600000000000000243e-04 6.933333333333333449e-04 2.081333333333333299e-02 0.000000000000000000e+00 0.000000000000000000e+00 1.066666666666666664e-04 0.000000000000000000e+00 0.000000000000000000e+00 0.000000000000000000e+00 0.000000000000000000e+00 0.000000000000000000e+00 0.000000000000000000e+00 0.000000000000000000e+00 5.599999999999999509e-04 0.000000000000000000e+00 5.333333333333333589e-04 1.066666666666666664e-04 0.000000000000000000e+00 0.000000000000000000e+00 1.066666666666666664e-04 3.066666666666666759e-04 4.933333333333333624e-04 0.000000000000000000e+00 0.000000000000000000e+00 0.000000000000000000e+00 0.000000000000000000e+00 1.333333333333333397e-04 8.000000000000000654e-05 2.520000000000000104e-03 1.453333333333333387e-03 6.666666666666666986e-05 0.000000000000000000e+00 9.333333333333332967e-05 0.000000000000000000e+00 0.000000000000000000e+00 0.000000000000000000e+00 0.000000000000000000e+00
0.000000000000000000e+00 0.000000000000000000e+00 0.000000000000000000e+00 1.843866666666666709e-01 2.666666666666666794e-04 2.386666666666666711e-03 4.266666666666666654e-04 2.320000000000000014e-03 9.733333333333333203e-04 1.152266666666666717e-01 2.000000000000000096e-04 1.139066666666666700e-01 1.866666666666666593e-04 3.493333333333333533e-03 2.266666666666666558e-04 0.000000000000000000e+00 0.000000000000000000e+00 0.000000000000000000e+00 0.000000000000000000e+00 0.000000000000000000e+00 0.000000000000000000e+00 0.000000000000000000e+00 0.000000000000000000e+00 6.599999999999999964e-03 0.000000000000000000e+00 9.333333333333332967e-05 3.066666666666666759e-04 6.241333333333333455e-02 1.000000000000000021e-03 0.000000000000000000e+00 0.000000000000000000e+00 4.533333333333333117e-04 0.000000000000000000e+00 1.333333333333333397e-04 0.000000000000000000e+00 0.000000000000000000e+00 0.000000000000000000e+00 2.799999999999999755e-04 0.000000000000000000e+00 1.466666666666666629e-04 8.000000000000000654e-05 9.333333333333332967e-05 0.000000000000000000e+00 1.293333333333333401e-03 0.000000000000000000e+00 5.599999999999999509e-04 0.000000000000000000e+00 2.000000000000000096e-04 0.000000000000000000e+00 0.000000000000000000e+00 0.000000000000000000e+00 0.000000000000000000e+00 0.000000000000000000e+00 9.466666666666666199e-04 0.000000000000000000e+00 0.000000000000000000e+00 0.000000000000000000e+00 4.613333333333333001e-03 0.000000000000000000e+00 0.000000000000000000e+00 0.000000000000000000e+00 4.959999999999999999e-03 8.000000000000000654e-05 0.000000000000000000e+00 0.000000000000000000e+00 0.000000000000000000e+00 0.000000000000000000e+00 0.000000000000000000e+00
2.400000000000000061e-04 0.000000000000000000e+00 1.603999999999999870e-02 0.000000000000000000e+00 0.000000000000000000e+00 2.799999999999999755e-04 4.173333333333333582e-03 5.999999999999999474e-04 0.000000000000000000e+00 8.000000000000000654e-05 1.466666666666666629e-04 0.000000000000000000e+00 0.000000000000000000e+00 2.040000000000000147e-03 0.000000000000000000e+00 2.442666666666666597e-02 1.282666666666666677e-02 1.866666666666666593e-04 1.226666666666666704e-03 0.000000000000000000e+00 0.000000000000000000e+00 7.200000000000000453e-04 1.154799999999999993e-01 1.333333333333333397e-04 0.000000000000000000e+00 1.098666666666666715e-02 8.226666666666666849e-03 4.880000000000000310e-02 2.346666666666666606e-03 8.489333333333333453e-02 0.000000000000000000e+00 0.000000000000000000e+00 0.000000000000000000e+00 2.386666666666666797e-02 6.666666666666666986e-05 0.000000000000000000e+00 1.333333333333333397e-04 0.000000000000000000e+00 0.000000000000000000e+00 0.000000000000000000e+00 4.400000000000000157e-04 8.000000000000000654e-05 0.000000000000000000e+00 0.000000000000000000e+00 0.000000000000000000e+00 0.000000000000000000e+00 0.000000000000000000e+00 9.333333333333332967e-05 0.000000000000000000e+00 4.106666666666666451e-03 0.000000000000000000e+00 0.000000000000000000e+00 0.000000000000000000e+00 0.000000000000000000e+00 8.426666666666667374e-03 2.533333333333333292e-04 1.103999999999999947e-02 3.733333333333333187e-04 0.000000000000000000e+00 0.000000000000000000e+00 7.600000000000000418e-04 5.066666666666666584e-04 1.466666666666666629e-04 5.466666666666666549e-03 0.000000000000000000e+00 0.000000000000000000e+00 0.000000000000000000e+00 0.000000000000000000e+00
0.000000000000000000e+00 5.199999999999999544e-04 0.000000000000000000e+00 0.000000000000000000e+00 5.733333333333333554e-04 0.000000000000000000e+00 0.000000000000000000e+00 0.000000000000000000e+00 7.640000000000000090e-03 0.000000000000000000e+00 6.400000000000000524e-04 0.000000000000000000e+00 2.200000000000000133e-03 0.000000000000000000e+00 6.800000000000000488e-04 2.482666666666666702e-02 0.000000000000000000e+00 0.000000000000000000e+00 6.666666666666666986e-05 0.000000000000000000e+00 7.200000000000000453e-04 0.000000000000000000e+00 5.199999999999999544e-04 9.173333333333333686e-03 8.933333333333333274e-04 6.266666666666666479e-04 1.137333333333333252e-02 8.266666666666666304e-04 0.000000000000000000e+00 0.000000000000000000e+00 1.733333333333333362e-04 2.000000000000000096e-04 0.000000000000000000e+00 0.000000000000000000e+00 0.000000000000000000e+00 0.000000000000000000e+00 0.000000000000000000e+00 0.000000000000000000e+00 0.000000000000000000e+00 0.000000000000000000e+00 9.333333333333332967e-05 0.000000000000000000e+00 0.000000000000000000e+00 0.000000000000000000e+00 8.000000000000000654e-05 0.000000000000000000e+00 1.466666666666666629e-04 0.000000000000000000e+00 0.000000000000000000e+00 1.773333333333333359e-03 0.000000000000000000e+00 0.000000000000000000e+00 0.000000000000000000e+00 0.000000000000000000e+00 8.666666666666666269e-04 2.133333333333333327e-04 1.386666666666666690e-03 4.266666666666666654e-04 0.000000000000000000e+00 0.000000000000000000e+00 1.240000000000000000e-03 3.066666666666666759e-04 0.000000000000000000e+00 1.200000000000000030e-04 0.000000000000000000e+00 0.000000000000000000e+00 0.000000000000000000e+00 0.000000000000000000e+00
3.093333333333333351e-03 0.000000000000000000e+00 8.249333333333333518e-02 0.000000000000000000e+00 0.000000000000000000e+00 3.386666666666666731e-03 2.576000000000000165e-02 8.946666666666667003e-03 0.000000000000000000e+00 4.533333333333333117e-04 2.666666666666666794e-04 0.000000000000000000e+00 0.000000000000000000e+00 1.005333333333333252e-02 0.000000000000000000e+00 1.114533333333333348e-01 2.390666666666666634e-02 1.733333333333333362e-04 2.239999999999999804e-03 0.000000000000000000e+00 1.154799999999999993e-01 5.199999999999999544e-04 0.000000000000000000e+00 1.133333333333333415e-03 0.000000000000000000e+00 1.929333333333333247e-02 9.761333333333332973e-02 5.075999999999999956e-02 5.453333333333333470e-03 5.345333333333333187e-02 0.000000000000000000e+00 2.533333333333333292e-04 0.000000000000000000e+00 1.484000000000000076e-02 0.000000000000000000e+00 0.000000000000000000e+00 8.200000000000000691e-03 0.000000000000000000e+00 0.000000000000000000e+00 0.000000000000000000e+00 0.000000000000000000e+00 0.000000000000000000e+00 0.000000000000000000e+00 0.000000000000000000e+00 0.000000000000000000e+00 0.000000000000000000e+00 0.000000000000000000e+00 0.000000000000000000e+00 0.000000000000000000e+00 5.853333333333333652e-03 2.799999999999999755e-04 0.000000000000000000e+00 0.000000000000000000e+00 0.000000000000000000e+00 3.533333333333333205e-03 2.533333333333333292e-04 5.230666666666666798e-02 3.066666666666666759e-04 0.000000000000000000e+00 2.133333333333333327e-04 2.829333333333333353e-02 3.600000000000000227e-04 0.000000000000000000e+00 2.400000000000000061e-04 0.000000000000000000e+00 0.000000000000000000e+00 0.000000000000000000e+00 0.000000000000000000e+00
