0.000000 0.000000 89.800819 0.000000 0.000000 90.625484 32.834648 45.444955 57.647890 74.027100 116.428887 0.000000 0.000000 29.200600 0.000000 0.000000 101.361024 134.614493 124.664119 0.000000 64.162723 0.000000 88.136034 73.732638 0.000000 129.023816 138.870346 79.609090 29.284335 31.128077 0.000000 91.008887 0.000000 59.971736 0.000000 0.000000 0.000000 0.000000 0.000000 0.000000 0.000000 0.000000 0.000000 0.000000 0.000000 0.000000 0.000000 0.000000 0.000000 0.000000 0.000000 0.000000 0.000000 0.000000 0.000000 0.000000 0.000000 112.226529 0.000000 0.000000 0.000000 121.153778 150.457210 121.951394 0.000000 0.000000 0.000000 0.000000
0.000000 0.000000 0.000000 0.000000 153.844211 0.000000 0.000000 0.000000 87.871323 0.000000 56.771096 125.631139 41.088070 0.000000 121.496783 0.000000 0.000000 66.655497 70.159843 0.000000 0.000000 20.801853 91.222183 85.041100 22.453992 51.477798 33.483998 0.000000 0.000000 0.000000 56.110246 0.000000 0.000000 72.355384 0.000000 0.000000 71.056481 0.000000 0.000000 0.000000 0.000000 0.000000 0.000000 0.000000 0.000000 0.000000 99.845271 0.000000 0.000000 0.000000 0.000000 0.000000 51.654142 0.000000 0.000000 0.000000 0.000000 116.925736 0.000000 60.547029 48.969124 0.000000 0.000000 0.000000 0.000000 0.000000 0.000000 0.000000
89.800819 0.000000 0.000000 0.000000 0.000000 123.287669 95.927936 115.544338 0.000000 119.925443 79.048863 0.000000 0.000000 111.491952 0.000000 0.000000 35.423331 73.788107 58.222841 0.000000 63.983371 0.000000 33.902956 100.528877 0.000000 34.711738 31.955818 81.216599 87.862607 74.668434 84.896466 0.000000 0.000000 53.760295 0.000000 48.196487 90.331286 0.000000 0.000000 0.000000 154.885471 0.000000 0.000000 0.000000 0.000000 0.000000 0.000000 0.000000 0.000000 0.000000 103.901524 0.000000 0.000000 0.000000 129.914586 0.000000 93.646002 141.006586 0.000000 93.740270 88.275896 137.937729 0.000000 0.000000 0.000000 0.000000 0.000000 0.000000
0.000000 0.000000 0.000000 0.000000 103.821258 63.572025 45.932541 97.598997 53.776873 18.470427 140.936931 35.400687 133.528672 108.594942 81.545070 0.000000 0.000000 0.000000 0.000000 12.659139 0.000000 58.526841 0.000000 18.537350 0.000000 137.094795 122.422742 19.104420 99.269584 0.000000 0.000000 127.664111 0.000000 94.846618 0.000000 0.000000 0.000000 20.807033 0.000000 134.541214 128.744436 152.865276 0.000000 134.701388 0.000000 134.157142 0.000000 158.973761 0.000000 0.000000 0.000000 0.000000 0.000000 130.916765 0.000000 0.000000 0.000000 110.794792 0.000000 0.000000 0.000000 128.559634 177.480901 0.000000 0.000000 0.000000 0.000000 0.000000
0.000000 153.844211 0.000000 103.821258 0.000000 23.950567 0.000000 37.894759 83.033623 108.077013 58.804313 78.195544 42.188398 0.000000 25.609107 0.000000 0.000000 0.000000 0.000000 93.613667 0.000000 107.500646 0.000000 84.575579 0.000000 0.000000 175.159061 111.066326 140.940522 0.000000 0.000000 10.817576 0.000000 13.764691 0.000000 0.000000 0.000000 0.000000 0.000000 0.000000 0.000000 0.000000 0.000000 0.000000 0.000000 0.000000 0.000000 0.000000 0.000000 0.000000 0.000000 0.000000 0.000000 0.000000 0.000000 0.000000 0.000000 0.000000 0.000000 0.000000 0.000000 0.000000 0.000000 0.000000 0.000000 0.000000 0.000000 0.000000
90.625484 0.000000 123.287669 63.572025 23.950567 0.000000 46.642873 31.633492 65.564946 27.414775 120.965398 35.786259 79.357442 77.542667 23.391933 0.000000 142.019170 146.456515 147.677929 53.701964 0.000000 108.139267 111.331742 71.068623 0.000000 152.595798 141.301472 60.898222 97.178283 89.423404 0.000000 27.419986 94.901129 83.076574 0.000000 0.000000 0.000000 135.005244 0.000000 124.154575 132.443579 163.224333 0.000000 139.747538 0.000000 132.986269 0.000000 162.161641 0.000000 0.000000 0.000000 0.000000 0.000000 133.008171 0.000000 0.000000 0.000000 122.414662 0.000000 0.000000 0.000000 134.769633 164.911684 0.000000 0.000000 0.000000 0.000000 0.000000
32.834648 0.000000 95.927936 45.932541 0.000000 46.642873 0.000000 56.193068 51.416117 30.594431 137.855983 59.730681 118.463005 46.554249 0.000000 0.000000 111.018042 148.644562 132.239213 51.669688 62.910122 0.000000 80.244612 52.472169 0.000000 123.441744 114.961813 44.572830 75.971922 20.851348 161.602603 119.355575 65.976531 76.005185 0.000000 0.000000 0.000000 127.684242 0.000000 127.999717 115.802445 135.598387 0.000000 130.522893 183.743988 127.047057 0.000000 149.354632 0.000000 122.770962 0.000000 0.000000 0.000000 125.453352 0.000000 0.000000 146.927222 105.258057 0.000000 202.292587 160.227454 120.045140 149.158211 114.964313 0.000000 0.000000 0.000000 140.929456
45.444955 0.000000 115.544338 97.598997 37.894759 31.633492 56.193068 0.000000 69.659818 50.134362 93.789301 84.861841 68.497691 24.042737 41.388893 0.000000 125.428357 148.078934 141.126673 81.918739 86.320384 0.000000 105.441578 90.282516 0.000000 139.292767 140.924364 94.882177 60.018895 67.513861 141.420372 35.766475 0.000000 51.770201 0.000000 0.000000 0.000000 128.906206 0.000000 0.000000 137.172650 151.294833 78.824498 152.930845 0.000000 170.056902 122.689101 163.641070 0.000000 0.000000 0.000000 0.000000 0.000000 0.000000 0.000000 0.000000 0.000000 123.764736 0.000000 0.000000 0.000000 135.512791 169.786773 143.437025 0.000000 0.000000 0.000000 155.751467
57.647890 87.871323 0.000000 53.776873 83.033623 65.564946 51.416117 69.659818 0.000000 62.638043 0.000000 35.896583 128.430567 80.085093 57.298916 0.000000 0.000000 157.709003 0.000000 47.742966 0.000000 47.691076 0.000000 28.144788 110.926452 146.037522 120.237686 55.971429 71.432319 55.474480 0.000000 114.436105 54.910676 70.075606 0.000000 0.000000 0.000000 66.291880 0.000000 0.000000 75.868951 110.486380 0.000000 67.622557 0.000000 71.906852 0.000000 96.567970 0.000000 0.000000 0.000000 0.000000 0.000000 65.240123 0.000000 0.000000 0.000000 49.039455 0.000000 0.000000 0.000000 64.942721 80.322697 0.000000 0.000000 0.000000 0.000000 0.000000
74.027100 0.000000 119.925443 18.470427 108.077013 27.414775 30.594431 50.134362 62.638043 0.000000 143.492178 25.642939 127.068008 82.335936 89.421074 0.000000 134.788055 166.293098 154.980549 13.743401 0.000000 0.000000 104.767663 56.277470 0.000000 151.069630 149.837274 33.086185 96.808167 83.080553 174.984673 128.064744 92.857641 88.656001 0.000000 0.000000 0.000000 131.729924 0.000000 140.624658 137.163119 150.183926 0.000000 144.353039 0.000000 140.885474 0.000000 174.343756 0.000000 0.000000 0.000000 0.000000 0.000000 138.226173 0.000000 0.000000 0.000000 127.272534 0.000000 0.000000 0.000000 137.411441 180.916309 0.000000 0.000000 0.000000 0.000000 181.554611
116.428887 56.771096 79.048863 140.936931 58.804313 120.965398 137.855983 93.789301 0.000000 143.492178 0.000000 140.394363 28.911343 80.836658 0.000000 0.000000 43.627367 22.893098 22.196460 141.114697 113.874050 97.047044 97.459294 151.538449 38.283212 34.240534 55.439827 148.896840 76.170938 123.251902 44.748936 64.829247 92.906715 21.119023 0.000000 104.292043 0.000000 0.000000 0.000000 0.000000 0.000000 0.000000 0.000000 0.000000 74.505139 0.000000 69.929006 0.000000 0.000000 0.000000 0.000000 82.648817 110.381194 0.000000 0.000000 0.000000 0.000000 185.545968 46.797526 86.515837 94.245351 201.826012 138.135271 0.000000 88.228893 98.697642 0.000000 77.381988
0.000000 125.631139 0.000000 35.400687 78.195544 35.786259 59.730681 84.861841 35.896583 25.642939 140.394363 0.000000 139.122654 101.181675 57.939712 0.000000 0.000000 162.456625 154.655571 17.271463 0.000000 66.354215 0.000000 17.876104 0.000000 168.820176 160.480418 47.170865 107.311887 0.000000 0.000000 116.992034 0.000000 99.799931 0.000000 0.000000 0.000000 73.458495 0.000000 117.898568 141.061643 160.117353 0.000000 135.238571 0.000000 111.268910 171.004871 132.860143 0.000000 0.000000 0.000000 0.000000 0.000000 110.085406 0.000000 0.000000 0.000000 128.060168 0.000000 212.905568 0.000000 134.629911 0.000000 0.000000 0.000000 0.000000 0.000000 0.000000
0.000000 41.088070 0.000000 133.528672 42.188398 79.357442 118.463005 68.497691 128.430567 127.068008 28.911343 139.122654 0.000000 89.318655 105.248531 0.000000 0.000000 57.175447 66.107785 135.861182 0.000000 72.903777 0.000000 134.994182 20.954881 41.599109 31.816260 130.660448 77.199898 0.000000 15.874542 58.428028 0.000000 45.968665 0.000000 101.356285 119.678932 0.000000 0.000000 0.000000 192.990140 0.000000 0.000000 0.000000 75.469283 0.000000 73.473443 0.000000 0.000000 0.000000 0.000000 83.141550 105.481823 0.000000 0.000000 0.000000 0.000000 182.554641 44.946546 86.430694 94.689561 183.082422 125.371779 0.000000 88.060633 0.000000 0.000000 90.305755
29.200600 0.000000 111.491952 108.594942 0.000000 77.542667 46.554249 24.042737 80.085093 82.335936 80.836658 101.181675 89.318655 0.000000 57.450373 0.000000 119.472493 121.569801 125.047022 95.787030 83.898486 0.000000 101.582172 108.567366 87.985349 126.218760 114.672475 107.236668 26.260746 61.656199 111.090867 24.710551 43.064850 48.677856 0.000000 0.000000 0.000000 154.422615 0.000000 0.000000 149.984271 177.271307 0.000000 172.617874 128.404330 0.000000 121.319199 177.439967 0.000000 0.000000 0.000000 0.000000 0.000000 0.000000 147.140071 0.000000 0.000000 134.543710 0.000000 162.348969 157.201166 146.023654 178.051417 143.053224 0.000000 0.000000 0.000000 152.672642
0.000000 121.496783 0.000000 81.545070 25.609107 23.391933 0.000000 41.388893 57.298916 89.421074 0.000000 57.939712 105.248531 57.450373 0.000000 0.000000 0.000000 133.957599 0.000000 71.454738 0.000000 84.357690 0.000000 58.207087 0.000000 0.000000 155.994430 93.111134 111.166176 0.000000 0.000000 45.119782 0.000000 67.942905 0.000000 0.000000 0.000000 0.000000 0.000000 0.000000 0.000000 0.000000 0.000000 0.000000 0.000000 0.000000 0.000000 0.000000 0.000000 0.000000 0.000000 0.000000 0.000000 0.000000 0.000000 0.000000 0.000000 0.000000 0.000000 0.000000 0.000000 0.000000 0.000000 0.000000 0.000000 0.000000 0.000000 0.000000
0.000000 0.000000 0.000000 0.000000 0.000000 0.000000 0.000000 0.000000 0.000000 0.000000 0.000000 0.000000 0.000000 0.000000 0.000000 0.000000 83.982174 0.000000 0.000000 0.000000 14.504171 34.644196 15.436566 35.290775 0.000000 110.929743 28.861396 25.252450 0.000000 78.177427 0.000000 0.000000 0.000000 76.229449 0.000000 0.000000 90.312629 0.000000 0.000000 0.000000 0.000000 0.000000 0.000000 0.000000 0.000000 0.000000 0.000000 0.000000 0.000000 89.125534 0.000000 0.000000 0.000000 0.000000 112.009048 44.117811 98.871106 114.493163 0.000000 0.000000 86.305602 117.474896 114.424576 109.277181 0.000000 0.000000 0.000000 0.000000
101.361024 0.000000 35.423331 0.000000 0.000000 142.019170 111.018042 125.428357 0.000000 134.788055 43.627367 0.000000 0.000000 119.472493 0.000000 83.982174 0.000000 42.894969 19.689296 0.000000 68.154440 0.000000 29.900419 122.652933 0.000000 41.152023 64.769284 97.429228 96.874644 84.631214 68.298138 0.000000 87.251518 28.027849 0.000000 60.584197 98.928160 0.000000 0.000000 0.000000 0.000000 0.000000 0.000000 0.000000 0.000000 0.000000 0.000000 0.000000 0.000000 110.368721 95.705967 0.000000 99.279181 0.000000 0.000000 0.000000 117.924026 0.000000 0.000000 94.819593 95.158856 0.000000 0.000000 0.000000 0.000000 0.000000 0.000000 0.000000
134.614493 66.655497 73.788107 0.000000 0.000000 146.456515 148.644562 148.078934 157.709003 166.293098 22.893098 162.456625 57.175447 121.569801 133.957599 0.000000 42.894969 0.000000 22.041469 155.424509 120.004650 0.000000 90.141998 148.474389 47.894712 27.680489 63.957202 162.734590 121.731224 129.304191 53.183544 93.581355 116.025261 45.751112 0.000000 0.000000 0.000000 0.000000 0.000000 0.000000 0.000000 0.000000 0.000000 0.000000 94.070814 0.000000 86.723733 0.000000 0.000000 0.000000 0.000000 93.721845 107.060506 0.000000 0.000000 0.000000 0.000000 0.000000 55.833956 93.986616 100.510275 218.288877 0.000000 0.000000 101.212429 0.000000 0.000000 105.561689
124.664119 70.159843 58.222841 0.000000 0.000000 147.677929 132.239213 141.126673 0.000000 154.980549 22.196460 154.655571 66.107785 125.047022 0.000000 0.000000 19.689296 22.041469 0.000000 157.494865 103.756508 0.000000 67.128585 156.284540 62.628642 29.973946 71.293881 137.091786 118.334545 111.894159 63.677102 97.559869 107.626403 37.966239 0.000000 82.985988 104.234780 0.000000 0.000000 0.000000 0.000000 0.000000 0.000000 0.000000 96.809193 0.000000 102.105551 0.000000 0.000000 0.000000 100.052240 0.000000 98.989377 0.000000 0.000000 0.000000 0.000000 192.271922 80.340792 94.652366 98.021642 204.715800 0.000000 0.000000 106.325240 0.000000 0.000000 0.000000
0.000000 0.000000 0.000000 12.659139 93.613667 53.701964 51.669688 81.918739 47.742966 13.743401 141.114697 17.271463 135.861182 95.787030 71.454738 0.000000 0.000000 155.424509 157.494865 0.000000 0.000000 0.000000 0.000000 18.305096 0.000000 169.987987 169.198761 26.116207 104.353313 0.000000 0.000000 117.620750 0.000000 92.053798 0.000000 0.000000 0.000000 70.816495 0.000000 118.970649 137.955102 0.000000 0.000000 129.657729 0.000000 126.793878 0.000000 0.000000 0.000000 0.000000 0.000000 0.000000 0.000000 126.442059 0.000000 0.000000 0.000000 118.162912 0.000000 0.000000 0.000000 124.969408 0.000000 0.000000 0.000000 0.000000 0.000000 0.000000
64.162723 0.000000 63.983371 0.000000 0.000000 0.000000 62.910122 86.320384 0.000000 0.000000 113.874050 0.000000 0.000000 83.898486 0.000000 14.504171 68.154440 120.004650 103.756508 0.000000 0.000000 49.678329 33.081352 11.981668 0.000000 93.877328 64.571461 24.035022 64.666285 36.553670 0.000000 0.000000 72.223810 45.453498 116.072860 0.000000 132.561125 0.000000 0.000000 0.000000 130.718275 0.000000 0.000000 0.000000 0.000000 0.000000 0.000000 147.881271 0.000000 108.045232 0.000000 0.000000 0.000000 0.000000 116.131178 59.851994 114.618162 112.828191 0.000000 164.300184 136.274637 118.248554 128.754273 115.497408 0.000000 0.000000 114.970376 116.427401
0.000000 20.801853 0.000000 58.526841 107.500646 108.139267 0.000000 0.000000 47.691076 0.000000 97.047044 66.354215 72.903777 0.000000 84.357690 34.644196 0.000000 0.000000 0.000000 0.000000 49.678329 0.000000 47.494114 43.572937 50.805782 77.258233 48.940563 52.849726 0.000000 0.000000 84.292779 133.075601 0.000000 0.000000 0.000000 0.000000 58.773131 0.000000 0.000000 0.000000 0.000000 0.000000 0.000000 0.000000 0.000000 0.000000 0.000000 0.000000 0.000000 56.034075 0.000000 0.000000 0.000000 0.000000 63.423560 26.959856 62.235681 84.139536 0.000000 0.000000 54.919533 90.485363 71.289813 63.095925 0.000000 0.000000 0.000000 0.000000
88.136034 91.222183 33.902956 0.000000 0.000000 111.331742 80.244612 105.441578 0.000000 104.767663 97.459294 0.000000 0.000000 101.582172 0.000000 15.436566 29.900419 90.141998 67.128585 0.000000 33.081352 47.494114 0.000000 74.463494 0.000000 61.207385 41.724491 56.567307 49.378853 57.208858 115.746031 0.000000 31.919093 41.428397 0.000000 0.000000 94.845832 0.000000 0.000000 0.000000 158.466463 0.000000 0.000000 0.000000 0.000000 0.000000 0.000000 0.000000 0.000000 98.634215 105.438861 0.000000 151.517010 0.000000 114.507697 56.489338 103.368422 127.371718 0.000000 106.801449 93.316571 130.355280 119.645827 110.686096 0.000000 0.000000 0.000000 0.000000
73.732638 85.041100 100.528877 18.537350 84.575579 71.068623 52.472169 90.282516 28.144788 56.277470 151.538449 17.876104 134.994182 108.567366 58.207087 35.290775 122.652933 148.474389 156.284540 18.305096 11.981668 43.572937 74.463494 0.000000 103.303615 126.421458 99.797688 25.123396 86.108292 72.479563 144.311014 108.556399 69.146057 91.847474 123.611629 0.000000 132.743318 109.381221 0.000000 133.486388 112.840052 135.066157 50.045130 123.426899 184.084824 119.206670 209.555038 142.268347 0.000000 105.493914 0.000000 0.000000 0.000000 113.976120 111.640358 56.974115 129.504071 94.778579 0.000000 199.022790 145.094694 111.898395 134.577801 110.533973 0.000000 173.735597 122.991558 128.333894
0.000000 22.453992 0.000000 0.000000 0.000000 0.000000 0.000000 0.000000 110.926452 0.000000 38.283212 0.000000 20.954881 87.985349 0.000000 0.000000 0.000000 47.894712 62.628642 0.000000 0.000000 50.805782 0.000000 103.303615 0.000000 46.429838 23.993712 0.000000 87.437777 0.000000 41.204135 78.543234 0.000000 50.700128 0.000000 0.000000 0.000000 0.000000 0.000000 0.000000 0.000000 0.000000 0.000000 0.000000 69.023883 0.000000 63.059894 0.000000 0.000000 0.000000 0.000000 76.241478 0.000000 0.000000 0.000000 0.000000 0.000000 0.000000 0.000000 72.348831 79.159556 0.000000 0.000000 0.000000 81.415742 0.000000 0.000000 0.000000
129.023816 51.477798 34.711738 137.094795 0.000000 152.595798 123.441744 139.292767 146.037522 151.069630 34.240534 168.820176 41.599109 126.218760 0.000000 110.929743 41.152023 27.680489 29.973946 169.987987 93.877328 77.258233 61.207385 126.421458 46.429838 0.000000 36.736153 117.749315 122.516508 109.878267 40.845772 100.360849 116.054744 55.884957 0.000000 64.344328 98.059427 0.000000 0.000000 0.000000 187.129864 0.000000 0.000000 0.000000 95.115580 0.000000 87.914207 0.000000 0.000000 142.495703 95.325698 93.551780 93.531081 0.000000 162.376508 0.000000 147.691071 181.789183 53.386532 89.261366 90.969085 204.650336 178.418114 176.298535 101.438580 0.000000 0.000000 106.982134
138.870346 33.483998 31.955818 122.422742 175.159061 141.301472 114.961813 140.924364 120.237686 149.837274 55.439827 160.480418 31.816260 114.672475 155.994430 28.861396 64.769284 63.957202 71.293881 169.198761 64.571461 48.940563 41.724491 99.797688 23.993712 36.736153 0.000000 83.858216 118.914597 137.959106 38.389680 120.134737 131.262652 62.320325 0.000000 54.519473 86.815919 0.000000 0.000000 0.000000 180.459660 0.000000 0.000000 204.444018 102.297107 0.000000 96.782806 171.949323 0.000000 77.525985 96.545469 97.914667 94.318690 0.000000 136.000366 58.208246 93.859044 152.412943 56.052071 90.696279 85.429527 146.078290 187.416791 170.616821 108.581225 0.000000 0.000000 104.117429
79.609090 0.000000 81.216599 19.104420 111.066326 60.898222 44.572830 94.882177 55.971429 33.086185 148.896840 47.170865 130.660448 107.236668 93.111134 25.252450 97.429228 162.734590 137.091786 26.116207 24.035022 52.849726 56.567307 25.123396 0.000000 117.749315 83.858216 0.000000 91.540832 40.667450 172.267744 131.709230 70.221137 79.591250 126.306571 0.000000 139.755356 84.470019 0.000000 137.506480 121.656223 140.512066 85.812075 138.103827 184.829558 136.691771 196.422632 147.575406 0.000000 104.935345 0.000000 200.749514 204.674873 133.247591 118.492006 87.474346 137.771230 106.883924 0.000000 198.547939 145.823017 123.762882 142.198614 117.063291 0.000000 178.141156 123.548146 137.437588
29.284335 0.000000 87.862607 99.269584 140.940522 97.178283 75.971922 60.018895 71.432319 96.808167 76.170938 107.311887 77.199898 26.260746 111.166176 0.000000 96.874644 121.731224 118.334545 104.353313 64.666285 0.000000 49.378853 86.108292 87.437777 122.516508 118.914597 91.540832 0.000000 38.050885 109.434123 15.775904 18.515118 32.293611 0.000000 0.000000 0.000000 140.380643 0.000000 0.000000 145.512043 164.900963 77.538771 177.297941 149.185396 0.000000 123.624976 166.554186 0.000000 0.000000 0.000000 0.000000 0.000000 0.000000 126.393745 0.000000 0.000000 127.917445 0.000000 177.376546 162.693301 134.908860 160.027973 131.109529 0.000000 187.120206 0.000000 151.176017
31.128077 0.000000 74.668434 0.000000 0.000000 89.423404 20.851348 67.513861 55.474480 83.080553 123.251902 0.000000 0.000000 61.656199 0.000000 78.177427 84.631214 129.304191 111.894159 0.000000 36.553670 0.000000 57.208858 72.479563 0.000000 109.878267 137.959106 40.667450 38.050885 0.000000 0.000000 121.383080 52.512021 42.125383 116.941131 0.000000 0.000000 0.000000 0.000000 0.000000 117.556693 145.687357 63.768216 0.000000 182.846017 0.000000 0.000000 148.318800 0.000000 107.069286 0.000000 0.000000 0.000000 0.000000 116.372475 60.515940 124.394985 113.421637 0.000000 0.000000 0.000000 118.557253 130.378638 115.282826 0.000000 0.000000 0.000000 129.652368
0.000000 56.110246 84.896466 0.000000 0.000000 0.000000 161.602603 141.420372 0.000000 174.984673 44.748936 0.000000 15.874542 111.090867 0.000000 0.000000 68.298138 53.183544 63.677102 0.000000 0.000000 84.292779 115.746031 144.311014 41.204135 40.845772 38.389680 172.267744 109.434123 0.000000 0.000000 102.563518 0.000000 66.659391 0.000000 91.449374 0.000000 0.000000 0.000000 0.000000 0.000000 0.000000 0.000000 0.000000 90.047798 0.000000 85.368513 0.000000 0.000000 0.000000 0.000000 92.042596 110.126467 0.000000 0.000000 0.000000 0.000000 0.000000 55.514143 92.468523 97.315002 212.945972 0.000000 0.000000 96.494132 0.000000 0.000000 107.696831
91.008887 0.000000 0.000000 127.664111 10.817576 27.419986 119.355575 35.766475 114.436105 128.064744 64.829247 116.992034 58.428028 24.710551 45.119782 0.000000 0.000000 93.581355 97.559869 117.620750 0.000000 133.075601 0.000000 108.556399 78.543234 100.360849 120.134737 131.709230 15.775904 121.383080 102.563518 0.000000 77.982823 26.542011 0.000000 0.000000 0.000000 0.000000 0.000000 0.000000 0.000000 0.000000 0.000000 0.000000 0.000000 0.000000 102.771184 0.000000 0.000000 0.000000 0.000000 0.000000 0.000000 0.000000 0.000000 0.000000 0.000000 162.617672 0.000000 0.000000 0.000000 182.859094 0.000000 0.000000 0.000000 0.000000 0.000000 0.000000
0.000000 0.000000 0.000000 0.000000 0.000000 94.901129 65.976531 0.000000 54.910676 92.857641 92.906715 0.000000 0.000000 43.064850 0.000000 0.000000 87.251518 116.025261 107.626403 0.000000 72.223810 0.000000 31.919093 69.146057 0.000000 116.054744 131.262652 70.221137 18.515118 52.512021 0.000000 77.982823 0.000000 18.005444 0.000000 0.000000 0.000000 0.000000 0.000000 0.000000 0.000000 146.000623 0.000000 0.000000 0.000000 0.000000 0.000000 0.000000 0.000000 0.000000 0.000000 0.000000 0.000000 0.000000 0.000000 0.000000 0.000000 101.138968 0.000000 0.000000 0.000000 136.279371 0.000000 0.000000 0.000000 0.000000 0.000000 0.000000
59.971736 72.355384 53.760295 94.846618 13.764691 83.076574 76.005185 51.770201 70.075606 88.656001 21.119023 99.799931 45.968665 48.677856 67.942905 76.229449 28.027849 45.751112 37.966239 92.053798 45.453498 0.000000 41.428397 91.847474 50.700128 55.884957 62.320325 79.591250 32.293611 42.125383 66.659391 26.542011 18.005444 0.000000 0.000000 0.000000 0.000000 0.000000 0.000000 0.000000 140.678105 168.042697 0.000000 0.000000 70.858307 0.000000 70.389582 175.556028 0.000000 0.000000 0.000000 0.000000 0.000000 0.000000 0.000000 0.000000 0.000000 119.529421 68.600991 106.869009 106.326438 142.819319 141.928822 122.022216 106.872262 140.394565 0.000000 122.754019
0.000000 0.000000 0.000000 0.000000 0.000000 0.000000 0.000000 0.000000 0.000000 0.000000 0.000000 0.000000 0.000000 0.000000 0.000000 0.000000 0.000000 0.000000 0.000000 0.000000 116.072860 0.000000 0.000000 123.611629 0.000000 0.000000 0.000000 126.306571 0.000000 116.941131 0.000000 0.000000 0.000000 0.000000 0.000000 0.000000 99.300822 95.164977 0.000000 94.542334 35.950899 50.064376 69.480653 75.802309 132.430977 85.854867 0.000000 25.327242 0.000000 0.000000 97.592976 119.796054 121.436532 83.270514 57.348246 0.000000 68.751343 73.007510 0.000000 121.924575 132.661753 86.941997 26.593788 22.395172 147.434521 85.968616 0.000000 64.313555
0.000000 0.000000 48.196487 0.000000 0.000000 0.000000 0.000000 0.000000 0.000000 0.000000 104.292043 0.000000 101.356285 0.000000 0.000000 0.000000 60.584197 0.000000 82.985988 0.000000 0.000000 0.000000 0.000000 0.000000 0.000000 64.344328 54.519473 0.000000 0.000000 0.000000 91.449374 0.000000 0.000000 0.000000 0.000000 0.000000 45.491416 0.000000 138.637908 150.121221 0.000000 0.000000 82.138667 0.000000 56.783113 0.000000 44.966743 0.000000 0.000000 57.322714 54.781888 59.361729 48.729888 0.000000 121.151391 28.403173 78.061233 83.831911 25.552181 47.644082 31.329988 119.963909 129.410231 141.225859 61.354107 0.000000 0.000000 56.812613
0.000000 71.056481 90.331286 0.000000 0.000000 0.000000 0.000000 0.000000 0.000000 0.000000 0.000000 0.000000 119.678932 0.000000 0.000000 90.312629 98.928160 0.000000 104.234780 0.000000 132.561125 58.773131 94.845832 132.743318 0.000000 98.059427 86.815919 139.755356 0.000000 0.000000 0.000000 0.000000 0.000000 0.000000 99.300822 45.491416 0.000000 126.918194 0.000000 145.907924 95.291643 130.853209 0.000000 120.238338 89.992376 130.450362 0.000000 109.210475 0.000000 76.696746 42.038161 86.484636 61.639649 120.922090 67.509429 32.823598 35.221799 91.597435 0.000000 33.111935 30.420549 85.625339 132.010607 73.268962 89.321168 0.000000 0.000000 56.947206
0.000000 0.000000 0.000000 20.807033 0.000000 135.005244 127.684242 128.906206 66.291880 131.729924 0.000000 73.458495 0.000000 154.422615 0.000000 0.000000 0.000000 0.000000 0.000000 70.816495 0.000000 0.000000 0.000000 109.381221 0.000000 0.000000 0.000000 84.470019 140.380643 0.000000 0.000000 0.000000 0.000000 0.000000 95.164977 0.000000 126.918194 0.000000 113.962739 91.515197 75.242331 90.349607 58.113152 20.696813 148.476705 28.370290 0.000000 107.377418 90.357824 0.000000 0.000000 0.000000 0.000000 12.594132 0.000000 0.000000 0.000000 21.405180 0.000000 166.878575 149.370356 27.007363 108.940092 0.000000 0.000000 127.709197 91.296664 96.801552
0.000000 0.000000 0.000000 0.000000 0.000000 0.000000 0.000000 0.000000 0.000000 0.000000 0.000000 0.000000 0.000000 0.000000 0.000000 0.000000 0.000000 0.000000 0.000000 0.000000 0.000000 0.000000 0.000000 0.000000 0.000000 0.000000 0.000000 0.000000 0.000000 0.000000 0.000000 0.000000 0.000000 0.000000 0.000000 138.637908 0.000000 113.962739 0.000000 15.911690 104.522245 0.000000 61.104348 115.209596 50.708353 96.381026 81.871733 0.000000 23.086661 0.000000 0.000000 0.000000 0.000000 110.581948 0.000000 108.706427 0.000000 82.724673 0.000000 0.000000 168.817467 112.902415 0.000000 0.000000 0.000000 12.688171 0.000000 13.698487
0.000000 0.000000 0.000000 134.541214 0.000000 124.154575 127.999717 0.000000 0.000000 140.624658 0.000000 117.898568 0.000000 0.000000 0.000000 0.000000 0.000000 0.000000 0.000000 118.970649 0.000000 0.000000 0.000000 133.486388 0.000000 0.000000 0.000000 137.506480 0.000000 0.000000 0.000000 0.000000 0.000000 0.000000 94.542334 150.121221 145.907924 91.515197 15.911690 0.000000 60.165796 26.784921 66.738150 33.295019 87.336726 42.787909 130.653097 61.502476 21.734628 0.000000 0.000000 124.754922 0.000000 62.593956 0.000000 116.004192 0.000000 90.604639 0.000000 152.072196 177.430991 86.348166 87.598795 93.700534 142.046733 37.789345 0.000000 44.454342
0.000000 0.000000 154.885471 128.744436 0.000000 132.443579 115.802445 137.172650 75.868951 137.163119 0.000000 141.061643 192.990140 149.984271 0.000000 0.000000 0.000000 0.000000 0.000000 137.955102 130.718275 0.000000 158.466463 112.840052 0.000000 187.129864 180.459660 121.656223 145.512043 117.556693 0.000000 0.000000 0.000000 140.678105 35.950899 0.000000 95.291643 75.242331 104.522245 60.165796 0.000000 67.690466 59.873996 31.681083 139.716078 74.754435 164.601185 50.207249 73.863630 0.000000 100.328886 134.646175 117.198461 77.135775 64.466523 0.000000 81.219990 52.288244 0.000000 122.761724 129.141217 41.760250 90.081295 33.911358 163.082993 126.269346 77.964599 87.647039
0.000000 0.000000 0.000000 152.865276 0.000000 163.224333 135.598387 151.294833 110.486380 150.183926 0.000000 160.117353 0.000000 177.271307 0.000000 0.000000 0.000000 0.000000 0.000000 0.000000 0.000000 0.000000 0.000000 135.066157 0.000000 0.000000 0.000000 140.512066 164.900963 145.687357 0.000000 0.000000 146.000623 168.042697 50.064376 0.000000 130.853209 90.349607 0.000000 26.784921 67.690466 0.000000 77.674774 54.605311 91.248641 76.201405 105.936417 32.791597 49.990220 0.000000 138.046348 125.953806 149.254811 84.249046 97.642012 0.000000 108.978455 86.642542 0.000000 136.011782 153.369507 93.006325 51.677874 72.399267 131.779930 33.699421 0.000000 45.600519
0.000000 0.000000 0.000000 0.000000 0.000000 0.000000 0.000000 78.824498 0.000000 0.000000 0.000000 0.000000 0.000000 0.000000 0.000000 0.000000 0.000000 0.000000 0.000000 0.000000 0.000000 0.000000 0.000000 50.045130 0.000000 0.000000 0.000000 85.812075 77.538771 63.768216 0.000000 0.000000 0.000000 0.000000 69.480653 82.138667 0.000000 58.113152 61.104348 66.738150 59.873996 77.674774 0.000000 62.360784 108.508913 14.495710 137.737535 82.669087 0.000000 0.000000 0.000000 0.000000 132.328798 55.702776 0.000000 41.372030 0.000000 28.262779 122.601965 137.483115 121.140744 55.457734 80.577102 55.468440 150.037766 99.256680 71.684681 77.736371
0.000000 0.000000 0.000000 134.701388 0.000000 139.747538 130.522893 152.930845 67.622557 144.353039 0.000000 135.238571 0.000000 172.617874 0.000000 0.000000 0.000000 0.000000 0.000000 129.657729 0.000000 0.000000 0.000000 123.426899 0.000000 0.000000 204.444018 138.103827 177.297941 0.000000 0.000000 0.000000 0.000000 0.000000 75.802309 0.000000 120.238338 20.696813 115.209596 33.295019 31.681083 54.605311 62.360784 0.000000 142.271656 24.224664 150.566252 84.203103 64.971914 0.000000 136.353742 158.574644 161.787697 14.990418 98.721039 0.000000 118.585668 65.507598 0.000000 156.455833 159.385412 39.009464 103.639599 107.457646 173.469956 125.368878 92.610567 91.482527
0.000000 0.000000 0.000000 0.000000 0.000000 0.000000 183.743988 0.000000 0.000000 0.000000 74.505139 0.000000 75.469283 128.404330 0.000000 0.000000 0.000000 94.070814 96.809193 0.000000 0.000000 0.000000 0.000000 184.084824 69.023883 95.115580 102.297107 184.829558 149.185396 182.846017 90.047798 0.000000 0.000000 70.858307 132.430977 56.783113 89.992376 148.476705 50.708353 87.336726 139.716078 91.248641 108.508913 142.271656 0.000000 133.590722 25.320947 93.316125 0.000000 121.377109 56.355625 22.798824 28.005238 150.154627 114.771616 0.000000 93.542844 143.910637 32.371560 30.989812 51.495329 147.140329 68.616244 122.330210 25.288369 59.242779 0.000000 26.012404
0.000000 0.000000 0.000000 134.157142 0.000000 132.986269 127.047057 170.056902 71.906852 140.885474 0.000000 111.268910 0.000000 0.000000 0.000000 0.000000 0.000000 0.000000 0.000000 126.793878 0.000000 0.000000 0.000000 119.206670 0.000000 0.000000 0.000000 136.691771 0.000000 0.000000 0.000000 0.000000 0.000000 0.000000 85.854867 0.000000 130.450362 28.370290 96.381026 42.787909 74.754435 76.201405 14.495710 24.224664 133.590722 0.000000 154.479260 99.150957 58.997767 0.000000 0.000000 148.883974 163.733970 14.688479 0.000000 0.000000 0.000000 25.421019 0.000000 162.798831 161.229197 48.485449 108.079331 173.134637 161.175880 110.511849 0.000000 98.653533
0.000000 99.845271 0.000000 0.000000 0.000000 0.000000 0.000000 122.689101 0.000000 0.000000 69.929006 171.004871 73.473443 121.319199 0.000000 0.000000 0.000000 86.723733 102.105551 0.000000 0.000000 0.000000 0.000000 209.555038 63.059894 87.914207 96.782806 196.422632 123.624976 0.000000 85.368513 102.771184 0.000000 70.389582 0.000000 44.966743 0.000000 0.000000 81.871733 130.653097 164.601185 105.936417 137.737535 150.566252 25.320947 154.479260 0.000000 100.896257 181.739029 118.663662 0.000000 64.508580 73.523206 0.000000 0.000000 77.068541 0.000000 135.641303 23.885118 30.212063 30.589188 166.265648 80.335199 0.000000 19.873459 81.160644 0.000000 51.628046
0.000000 0.000000 0.000000 158.973761 0.000000 162.161641 149.354632 163.641070 96.567970 174.343756 0.000000 132.860143 0.000000 177.439967 0.000000 0.000000 0.000000 0.000000 0.000000 0.000000 147.881271 0.000000 0.000000 142.268347 0.000000 0.000000 171.949323 147.575406 166.554186 148.318800 0.000000 0.000000 0.000000 175.556028 25.327242 0.000000 109.210475 107.377418 0.000000 61.502476 50.207249 32.791597 82.669087 84.203103 93.316125 99.150957 100.896257 0.000000 69.393584 0.000000 122.730229 116.418967 135.607831 107.048823 96.588882 0.000000 109.299525 96.418397 105.196604 129.872718 140.000744 102.895140 41.711929 65.665102 121.961257 19.830203 0.000000 50.420519
0.000000 0.000000 0.000000 0.000000 0.000000 0.000000 0.000000 0.000000 0.000000 0.000000 0.000000 0.000000 0.000000 0.000000 0.000000 0.000000 0.000000 0.000000 0.000000 0.000000 0.000000 0.000000 0.000000 0.000000 0.000000 0.000000 0.000000 0.000000 0.000000 0.000000 0.000000 0.000000 0.000000 0.000000 0.000000 0.000000 0.000000 90.357824 23.086661 21.734628 73.863630 49.990220 0.000000 64.971914 0.000000 58.997767 181.739029 69.393584 0.000000 0.000000 0.000000 0.000000 0.000000 85.248796 86.998430 89.703713 0.000000 68.100631 0.000000 160.352885 160.407407 92.327189 92.434714 0.000000 0.000000 46.471344 0.000000 69.992271
0.000000 0.000000 0.000000 0.000000 0.000000 0.000000 122.770962 0.000000 0.000000 0.000000 0.000000 0.000000 0.000000 0.000000 0.000000 89.125534 110.368721 0.000000 0.000000 0.000000 108.045232 56.034075 98.634215 105.493914 0.000000 142.495703 77.525985 104.935345 0.000000 107.069286 0.000000 0.000000 0.000000 0.000000 0.000000 57.322714 76.696746 0.000000 0.000000 0.000000 0.000000 0.000000 0.000000 0.000000 121.377109 0.000000 118.663662 0.000000 0.000000 0.000000 98.061336 124.572072 121.035932 0.000000 33.742469 35.640469 17.850984 24.586824 97.451334 111.499960 35.566695 34.475711 81.176577 74.250182 118.146734 0.000000 0.000000 81.584152
0.000000 0.000000 103.901524 0.000000 0.000000 0.000000 0.000000 0.000000 0.000000 0.000000 0.000000 0.000000 0.000000 0.000000 0.000000 0.000000 95.705967 0.000000 100.052240 0.000000 0.000000 0.000000 105.438861 0.000000 0.000000 95.325698 96.545469 0.000000 0.000000 0.000000 0.000000 0.000000 0.000000 0.000000 97.592976 54.781888 42.038161 0.000000 0.000000 0.000000 100.328886 138.046348 0.000000 136.353742 56.355625 0.000000 0.000000 122.730229 0.000000 98.061336 0.000000 57.567303 23.547089 0.000000 54.951175 0.000000 32.108413 122.594724 0.000000 36.928116 63.718129 102.782208 94.901865 68.147654 93.661610 0.000000 0.000000 20.762223
0.000000 0.000000 0.000000 0.000000 0.000000 0.000000 0.000000 0.000000 0.000000 0.000000 82.648817 0.000000 83.141550 0.000000 0.000000 0.000000 0.000000 93.721845 0.000000 0.000000 0.000000 0.000000 0.000000 0.000000 76.241478 93.551780 97.914667 200.749514 0.000000 0.000000 92.042596 0.000000 0.000000 0.000000 119.796054 59.361729 86.484636 0.000000 0.000000 124.754922 134.646175 125.953806 0.000000 158.574644 22.798824 148.883974 64.508580 116.418967 0.000000 124.572072 57.567303 0.000000 26.318829 158.312703 114.858341 0.000000 88.910538 161.478527 40.210833 34.243532 62.303770 154.739507 112.111518 120.803490 51.283750 88.644246 0.000000 45.641588
0.000000 51.654142 0.000000 0.000000 0.000000 0.000000 0.000000 0.000000 0.000000 0.000000 110.381194 0.000000 105.481823 0.000000 0.000000 0.000000 99.279181 107.060506 98.989377 0.000000 0.000000 0.000000 151.517010 0.000000 0.000000 93.531081 94.318690 204.674873 0.000000 0.000000 110.126467 0.000000 0.000000 0.000000 121.436532 48.729888 61.639649 0.000000 0.000000 0.000000 117.198461 149.254811 132.328798 161.787697 28.005238 163.733970 73.523206 135.607831 0.000000 121.035932 23.547089 26.318829 0.000000 162.331227 99.533862 93.303251 75.206613 142.561757 44.517396 34.474832 58.122317 126.210833 121.231739 105.385389 64.036817 0.000000 0.000000 41.662048
0.000000 0.000000 0.000000 130.916765 0.000000 133.008171 125.453352 0.000000 65.240123 138.226173 0.000000 110.085406 0.000000 0.000000 0.000000 0.000000 0.000000 0.000000 0.000000 126.442059 0.000000 0.000000 0.000000 113.976120 0.000000 0.000000 0.000000 133.247591 0.000000 0.000000 0.000000 0.000000 0.000000 0.000000 83.270514 0.000000 120.922090 12.594132 110.581948 62.593956 77.135775 84.249046 55.702776 14.990418 150.154627 14.688479 0.000000 107.048823 85.248796 0.000000 0.000000 158.312703 162.331227 0.000000 0.000000 0.000000 0.000000 25.607297 0.000000 165.757541 142.808594 29.394066 107.903263 0.000000 0.000000 123.847695 87.002603 96.318467
0.000000 0.000000 129.914586 0.000000 0.000000 0.000000 0.000000 0.000000 0.000000 0.000000 0.000000 0.000000 0.000000 147.140071 0.000000 112.009048 0.000000 0.000000 0.000000 0.000000 116.131178 63.423560 114.507697 111.640358 0.000000 162.376508 136.000366 118.492006 126.393745 116.372475 0.000000 0.000000 0.000000 0.000000 57.348246 121.151391 67.509429 0.000000 0.000000 0.000000 64.466523 97.642012 0.000000 98.721039 114.771616 0.000000 0.000000 96.588882 86.998430 33.742469 54.951175 114.858341 99.533862 0.000000 0.000000 51.952664 31.997403 9.681135 0.000000 102.907567 69.326830 38.475830 55.741422 31.579772 134.864444 0.000000 53.319437 42.194075
0.000000 0.000000 0.000000 0.000000 0.000000 0.000000 0.000000 0.000000 0.000000 0.000000 0.000000 0.000000 0.000000 0.000000 0.000000 44.117811 0.000000 0.000000 0.000000 0.000000 59.851994 26.959856 56.489338 56.974115 0.000000 0.000000 58.208246 87.474346 0.000000 60.515940 0.000000 0.000000 0.000000 0.000000 0.000000 28.403173 32.823598 0.000000 108.706427 116.004192 0.000000 0.000000 41.372030 0.000000 0.000000 0.000000 77.068541 0.000000 89.703713 35.640469 0.000000 0.000000 93.303251 0.000000 51.952664 0.000000 52.229747 39.806957 62.132413 87.428445 42.669522 54.500813 71.018660 54.205060 93.813143 0.000000 0.000000 77.730543
0.000000 0.000000 93.646002 0.000000 0.000000 0.000000 146.927222 0.000000 0.000000 0.000000 0.000000 0.000000 0.000000 0.000000 0.000000 98.871106 117.924026 0.000000 0.000000 0.000000 114.618162 62.235681 103.368422 129.504071 0.000000 147.691071 93.859044 137.771230 0.000000 124.394985 0.000000 0.000000 0.000000 0.000000 68.751343 78.061233 35.221799 0.000000 0.000000 0.000000 81.219990 108.978455 0.000000 118.585668 93.542844 0.000000 0.000000 109.299525 0.000000 17.850984 32.108413 88.910538 75.206613 0.000000 31.997403 52.229747 0.000000 62.103373 0.000000 70.587054 42.337193 60.040902 73.356383 52.594687 111.641400 0.000000 0.000000 38.165396
112.226529 116.925736 141.006586 110.794792 0.000000 122.414662 105.258057 123.764736 49.039455 127.272534 185.545968 128.060168 182.554641 134.543710 0.000000 114.493163 0.000000 0.000000 192.271922 118.162912 112.828191 84.139536 127.371718 94.778579 0.000000 181.789183 152.412943 106.883924 127.917445 113.421637 0.000000 162.617672 101.138968 119.529421 73.007510 83.831911 91.597435 21.405180 82.724673 90.604639 52.288244 86.642542 28.262779 65.507598 143.910637 25.421019 135.641303 96.418397 68.100631 24.586824 122.594724 161.478527 142.561757 25.607297 9.681135 39.806957 62.103373 0.000000 117.936552 130.840734 100.191963 23.823503 89.696435 79.004749 147.197686 116.682675 77.075726 92.706498
0.000000 0.000000 0.000000 0.000000 0.000000 0.000000 0.000000 0.000000 0.000000 0.000000 46.797526 0.000000 44.946546 0.000000 0.000000 0.000000 0.000000 55.833956 80.340792 0.000000 0.000000 0.000000 0.000000 0.000000 0.000000 53.386532 56.052071 0.000000 0.000000 0.000000 55.514143 0.000000 0.000000 68.600991 0.000000 25.552181 0.000000 0.000000 0.000000 0.000000 0.000000 0.000000 122.601965 0.000000 32.371560 0.000000 23.885118 105.196604 0.000000 97.451334 0.000000 40.210833 44.517396 0.000000 0.000000 62.132413 0.000000 117.936552 0.000000 40.311839 40.811255 126.203357 0.000000 0.000000 42.992163 0.000000 0.000000 47.544609
0.000000 60.547029 93.740270 0.000000 0.000000 0.000000 202.292587 0.000000 0.000000 0.000000 86.515837 212.905568 86.430694 162.348969 0.000000 0.000000 94.819593 93.986616 94.652366 0.000000 164.300184 0.000000 106.801449 199.022790 72.348831 89.261366 90.696279 198.547939 177.376546 0.000000 92.468523 0.000000 0.000000 106.869009 121.924575 47.644082 33.111935 166.878575 0.000000 152.072196 122.761724 136.011782 137.483115 156.455833 30.989812 162.798831 30.212063 129.872718 160.352885 111.499960 36.928116 34.243532 34.474832 165.757541 102.907567 87.428445 70.587054 130.840734 40.311839 0.000000 37.218883 127.483546 121.208595 114.788493 22.151865 106.716876 0.000000 56.519138
