0.000000 0.000000 0.000160 0.000000 0.000000 0.000080 0.034427 0.005733 0.000387 0.000373 0.000573 0.000000 0.000000 0.058373 0.000000 0.000000 0.002040 0.000627 0.001493 0.000000 0.000280 0.000000 0.000760 0.000067 0.000000 0.001453 0.000187 0.000347 0.040240 0.011800 0.000000 0.000253 0.000000 0.000813 0.000000 0.000000 0.000000 0.000000 0.000000 0.000000 0.000000 0.000000 0.000000 0.000000 0.000000 0.000000 0.000000 0.000000 0.000000 0.000000 0.000000 0.000000 0.000000 0.000000 0.000000 0.000000 0.000000 0.000293 0.000000 0.000000 0.000000 0.000427 0.000107 0.000160 0.000000 0.000000 0.000000 0.000000
0.000000 0.000000 0.000000 0.000000 0.000067 0.000000 0.000000 0.000000 0.001307 0.000000 0.002653 0.000093 0.006720 0.000000 0.000200 0.000000 0.000000 0.000267 0.000067 0.000000 0.000000 0.008213 0.000093 0.003840 0.012747 0.001387 0.035280 0.000000 0.000000 0.000000 0.001653 0.000000 0.000000 0.000320 0.000000 0.000000 0.000227 0.000000 0.000000 0.000000 0.000000 0.000000 0.000000 0.000000 0.000000 0.000000 0.000080 0.000000 0.000000 0.000000 0.000000 0.000000 0.000107 0.000000 0.000000 0.000000 0.000000 0.000133 0.000000 0.000533 0.002213 0.000000 0.000000 0.000000 0.000000 0.000000 0.000000 0.000000
0.000160 0.000000 0.000000 0.000000 0.000000 0.000467 0.014467 0.001773 0.000000 0.000747 0.000253 0.000000 0.000000 0.001787 0.000000 0.000000 0.040493 0.000747 0.002640 0.000000 0.010507 0.000000 0.092107 0.000680 0.000000 0.132240 0.078480 0.009080 0.000240 0.002973 0.000227 0.000000 0.000000 0.002533 0.000000 0.000120 0.008533 0.000000 0.000000 0.000000 0.000160 0.000000 0.000000 0.000000 0.000000 0.000000 0.000000 0.000000 0.000000 0.000000 0.000267 0.000000 0.000000 0.000000 0.000067 0.000000 0.001280 0.000147 0.000000 0.001213 0.018920 0.000133 0.000000 0.000000 0.000000 0.000000 0.000000 0.000000
0.000000 0.000000 0.000000 0.000000 0.001107 0.001987 0.001147 0.001013 0.005880 0.134547 0.000067 0.042267 0.000120 0.000720 0.001267 0.000000 0.000000 0.000000 0.000000 0.124587 0.000000 0.000147 0.000000 0.021507 0.000000 0.000160 0.000387 0.167733 0.001360 0.000000 0.000000 0.000320 0.000000 0.000400 0.000000 0.000000 0.000000 0.027813 0.000000 0.000440 0.000493 0.000147 0.000000 0.004653 0.000000 0.002293 0.000000 0.000080 0.000000 0.000000 0.000000 0.000000 0.000000 0.001200 0.000000 0.000000 0.000000 0.000640 0.000000 0.000000 0.000000 0.004920 0.000080 0.000000 0.000000 0.000000 0.000000 0.000000
0.000000 0.000067 0.000000 0.001107 0.000000 0.013280 0.000000 0.000533 0.001040 0.000680 0.000333 0.002347 0.000373 0.000000 0.016000 0.000000 0.000000 0.000000 0.000000 0.000947 0.000000 0.001467 0.000000 0.001773 0.000000 0.000000 0.000600 0.000973 0.000120 0.000000 0.000000 0.004120 0.000000 0.014347 0.000000 0.000000 0.000000 0.000000 0.000000 0.000000 0.000000 0.000000 0.000000 0.000000 0.000000 0.000000 0.000000 0.000000 0.000000 0.000000 0.000000 0.000000 0.000000 0.000000 0.000000 0.000000 0.000000 0.000000 0.000000 0.000000 0.000000 0.000000 0.000000 0.000000 0.000000 0.000000 0.000000 0.000000
0.000080 0.000000 0.000467 0.001987 0.013280 0.000000 0.053120 0.086227 0.000787 0.247547 0.000520 0.052693 0.000493 0.004213 0.010373 0.000000 0.000293 0.000147 0.000280 0.002693 0.000000 0.000200 0.000173 0.002067 0.000000 0.001093 0.000613 0.018467 0.002427 0.000160 0.000000 0.023333 0.000067 0.001013 0.000000 0.000000 0.000000 0.000227 0.000000 0.000267 0.000507 0.000120 0.000000 0.001280 0.000000 0.000440 0.000000 0.000093 0.000000 0.000000 0.000000 0.000000 0.000000 0.000240 0.000000 0.000000 0.000000 0.000773 0.000000 0.000000 0.000000 0.001600 0.000093 0.000000 0.000000 0.000000 0.000000 0.000000
0.034427 0.000000 0.014467 0.001147 0.000000 0.053120 0.000000 0.067880 0.001400 0.137480 0.000973 0.000333 0.000600 0.120000 0.000000 0.000000 0.007600 0.000920 0.002680 0.000107 0.000787 0.000000 0.012360 0.008133 0.000000 0.016893 0.006400 0.178947 0.031133 0.034093 0.000147 0.001027 0.001200 0.008467 0.000000 0.000000 0.000000 0.001200 0.000000 0.000253 0.001987 0.001040 0.000000 0.004293 0.000093 0.001187 0.000000 0.000893 0.000000 0.000107 0.000000 0.000000 0.000000 0.000613 0.000000 0.000000 0.000133 0.003733 0.000000 0.000080 0.000147 0.008027 0.000573 0.000907 0.000000 0.000000 0.000000 0.000187
0.005733 0.000000 0.001773 0.001013 0.000533 0.086227 0.067880 0.000000 0.001493 0.043227 0.002613 0.020667 0.001320 0.150493 0.002347 0.000000 0.006933 0.001813 0.003373 0.003480 0.000560 0.000000 0.002453 0.002147 0.000000 0.007133 0.000520 0.004733 0.004840 0.014493 0.000240 0.014893 0.000000 0.003267 0.000000 0.000000 0.000000 0.000173 0.000000 0.000000 0.001747 0.000693 0.000067 0.000760 0.000000 0.000173 0.000213 0.000453 0.000000 0.000000 0.000000 0.000000 0.000000 0.000000 0.000000 0.000000 0.000000 0.003920 0.000000 0.000000 0.000000 0.003920 0.000467 0.000253 0.000000 0.000000 0.000000 0.000200
0.000387 0.001307 0.000000 0.005880 0.001040 0.000787 0.001400 0.001493 0.000000 0.005413 0.000000 0.002307 0.000120 0.001307 0.001373 0.000000 0.000000 0.000067 0.000000 0.002280 0.000000 0.012680 0.000000 0.051920 0.000187 0.000133 0.003373 0.012653 0.003813 0.000613 0.000000 0.000120 0.000267 0.000440 0.000000 0.000000 0.000000 0.000360 0.000000 0.000000 0.000080 0.000067 0.000000 0.000587 0.000000 0.000107 0.000000 0.000120 0.000000 0.000000 0.000000 0.000000 0.000000 0.000120 0.000000 0.000000 0.000000 0.001120 0.000000 0.000000 0.000000 0.001800 0.000093 0.000000 0.000000 0.000000 0.000000 0.000000
0.000373 0.000000 0.000747 0.134547 0.000680 0.247547 0.137480 0.043227 0.005413 0.000000 0.001080 0.141400 0.000693 0.027653 0.000787 0.000000 0.000667 0.000613 0.000627 0.127520 0.000000 0.000000 0.000400 0.004453 0.000000 0.002267 0.001507 0.129227 0.021693 0.000093 0.000080 0.001600 0.000093 0.005867 0.000000 0.000000 0.000000 0.003307 0.000000 0.000893 0.001760 0.000293 0.000000 0.009600 0.000000 0.004080 0.000000 0.000240 0.000000 0.000000 0.000000 0.000000 0.000000 0.001987 0.000000 0.000000 0.000000 0.002120 0.000000 0.000000 0.000000 0.010440 0.000173 0.000000 0.000000 0.000000 0.000000 0.000067
0.000573 0.002653 0.000253 0.000067 0.000333 0.000520 0.000973 0.002613 0.000000 0.001080 0.000000 0.001067 0.067067 0.008693 0.000000 0.000000 0.002933 0.072707 0.035960 0.000120 0.000227 0.000280 0.000120 0.000240 0.006933 0.040827 0.014400 0.000693 0.010867 0.000840 0.012067 0.006613 0.000347 0.044547 0.000000 0.000173 0.000000 0.000000 0.000000 0.000000 0.000000 0.000000 0.000000 0.000000 0.004227 0.000000 0.013213 0.000000 0.000000 0.000000 0.000000 0.000787 0.000133 0.000000 0.000000 0.000000 0.000000 0.000173 0.000600 0.005160 0.004027 0.000107 0.000160 0.000000 0.002200 0.000080 0.000000 0.000280
0.000000 0.000093 0.000000 0.042267 0.002347 0.052693 0.000333 0.020667 0.002307 0.141400 0.001067 0.000000 0.000680 0.012880 0.001267 0.000000 0.000000 0.000413 0.000573 0.132747 0.000000 0.000293 0.000000 0.010960 0.000000 0.000747 0.001080 0.021253 0.006733 0.000000 0.000000 0.001733 0.000000 0.001693 0.000000 0.000000 0.000000 0.001760 0.000000 0.000653 0.000307 0.000080 0.000000 0.002080 0.000000 0.001373 0.000067 0.000080 0.000000 0.000000 0.000000 0.000000 0.000000 0.000333 0.000000 0.000000 0.000000 0.000347 0.000000 0.000093 0.000000 0.001600 0.000000 0.000000 0.000000 0.000000 0.000000 0.000000
0.000000 0.006720 0.000000 0.000120 0.000373 0.000493 0.000600 0.001320 0.000120 0.000693 0.067067 0.000680 0.000000 0.001800 0.000067 0.000000 0.000000 0.001653 0.000160 0.000107 0.000000 0.001013 0.000000 0.000880 0.018507 0.002880 0.046480 0.000413 0.001013 0.000000 0.022693 0.002707 0.000000 0.002987 0.000000 0.000080 0.000067 0.000000 0.000000 0.000000 0.000067 0.000000 0.000000 0.000000 0.007147 0.000000 0.014533 0.000000 0.000000 0.000000 0.000000 0.000787 0.000227 0.000000 0.000000 0.000000 0.000000 0.000213 0.001133 0.007547 0.004373 0.000160 0.000093 0.000000 0.003107 0.000000 0.000000 0.000093
0.058373 0.000000 0.001787 0.000720 0.000000 0.004213 0.120000 0.150493 0.001307 0.027653 0.008693 0.012880 0.001800 0.000000 0.000373 0.000000 0.010520 0.004733 0.006413 0.002293 0.001013 0.000000 0.003947 0.001387 0.000147 0.010053 0.003693 0.004667 0.118760 0.027533 0.000400 0.025147 0.000160 0.010440 0.000000 0.000000 0.000000 0.000067 0.000000 0.000000 0.000760 0.000253 0.000000 0.000293 0.000120 0.000000 0.000320 0.000493 0.000000 0.000000 0.000000 0.000000 0.000000 0.000000 0.000080 0.000000 0.000000 0.002720 0.000000 0.000213 0.000147 0.002813 0.000280 0.000533 0.000000 0.000000 0.000000 0.000093
0.000000 0.000200 0.000000 0.001267 0.016000 0.010373 0.000000 0.002347 0.001373 0.000787 0.000000 0.001267 0.000067 0.000373 0.000000 0.000000 0.000000 0.000067 0.000000 0.000693 0.000000 0.001800 0.000000 0.002893 0.000000 0.000000 0.000867 0.000933 0.000160 0.000000 0.000000 0.002400 0.000000 0.000107 0.000000 0.000000 0.000000 0.000000 0.000000 0.000000 0.000000 0.000000 0.000000 0.000000 0.000000 0.000000 0.000000 0.000000 0.000000 0.000000 0.000000 0.000000 0.000000 0.000000 0.000000 0.000000 0.000000 0.000000 0.000000 0.000000 0.000000 0.000000 0.000000 0.000000 0.000000 0.000000 0.000000 0.000000
0.000000 0.000000 0.000000 0.000000 0.000000 0.000000 0.000000 0.000000 0.000000 0.000000 0.000000 0.000000 0.000000 0.000000 0.000000 0.000000 0.000480 0.000000 0.000000 0.000000 0.127893 0.003453 0.199173 0.007480 0.000000 0.000240 0.016080 0.019947 0.000000 0.001587 0.000000 0.000000 0.000000 0.000440 0.000000 0.000000 0.000120 0.000000 0.000000 0.000000 0.000000 0.000000 0.000000 0.000000 0.000000 0.000000 0.000000 0.000000 0.000000 0.012427 0.000000 0.000000 0.000000 0.000000 0.003000 0.003213 0.011480 0.000573 0.000000 0.000000 0.002187 0.000747 0.000200 0.001560 0.000000 0.000000 0.000000 0.000000
0.002040 0.000000 0.040493 0.000000 0.000000 0.000293 0.007600 0.006933 0.000000 0.000667 0.002933 0.000000 0.000000 0.010520 0.000000 0.000480 0.000000 0.011293 0.066293 0.000000 0.010787 0.000000 0.044333 0.000400 0.000000 0.028173 0.072627 0.002280 0.011040 0.023000 0.000120 0.000000 0.000173 0.013667 0.000000 0.000067 0.000973 0.000000 0.000000 0.000000 0.000000 0.000000 0.000000 0.000000 0.000000 0.000000 0.000000 0.000000 0.000000 0.000133 0.000240 0.000000 0.000227 0.000000 0.000000 0.000000 0.000133 0.000000 0.000000 0.001947 0.003680 0.000000 0.000000 0.000000 0.000000 0.000000 0.000000 0.000000
0.000627 0.000267 0.000747 0.000000 0.000000 0.000147 0.000920 0.001813 0.000067 0.000613 0.072707 0.000413 0.001653 0.004733 0.000067 0.000000 0.011293 0.000000 0.114520 0.000147 0.000667 0.000000 0.000480 0.000133 0.000173 0.073640 0.008040 0.000267 0.005573 0.001680 0.002173 0.000600 0.000333 0.014333 0.000000 0.000000 0.000000 0.000000 0.000000 0.000000 0.000000 0.000000 0.000000 0.000000 0.000640 0.000000 0.000987 0.000000 0.000000 0.000000 0.000000 0.000333 0.000307 0.000000 0.000000 0.000000 0.000000 0.000000 0.000373 0.008187 0.005107 0.000107 0.000000 0.000000 0.000947 0.000000 0.000000 0.000160
0.001493 0.000067 0.002640 0.000000 0.000000 0.000280 0.002680 0.003373 0.000000 0.000627 0.035960 0.000573 0.000160 0.006413 0.000000 0.000000 0.066293 0.114520 0.000000 0.000133 0.001920 0.000000 0.001853 0.000067 0.000067 0.076413 0.008120 0.000413 0.010507 0.005400 0.000267 0.000280 0.000507 0.026147 0.000000 0.000173 0.000360 0.000000 0.000000 0.000000 0.000000 0.000000 0.000000 0.000000 0.000093 0.000000 0.000253 0.000000 0.000000 0.000000 0.000293 0.000000 0.000720 0.000000 0.000000 0.000000 0.000000 0.000133 0.000080 0.005453 0.005067 0.000080 0.000000 0.000000 0.000280 0.000000 0.000000 0.000000
0.000000 0.000000 0.000000 0.124587 0.000947 0.002693 0.000107 0.003480 0.002280 0.127520 0.000120 0.132747 0.000107 0.002293 0.000693 0.000000 0.000000 0.000147 0.000133 0.000000 0.000000 0.000000 0.000000 0.002907 0.000000 0.000133 0.000093 0.048973 0.000987 0.000000 0.000000 0.000427 0.000000 0.000307 0.000000 0.000000 0.000000 0.001307 0.000000 0.000387 0.000253 0.000000 0.000000 0.002013 0.000000 0.001067 0.000000 0.000000 0.000000 0.000000 0.000000 0.000000 0.000000 0.000427 0.000000 0.000000 0.000000 0.000120 0.000000 0.000000 0.000000 0.001400 0.000000 0.000000 0.000000 0.000000 0.000000 0.000000
0.000280 0.000000 0.010507 0.000000 0.000000 0.000000 0.000787 0.000560 0.000000 0.000000 0.000227 0.000000 0.000000 0.001013 0.000000 0.127893 0.010787 0.000667 0.001920 0.000000 0.000000 0.001467 0.204693 0.002427 0.000000 0.006453 0.009147 0.034947 0.004173 0.098800 0.000000 0.000000 0.000360 0.021667 0.000147 0.000000 0.000107 0.000000 0.000000 0.000000 0.000133 0.000000 0.000000 0.000000 0.000000 0.000000 0.000000 0.000120 0.000000 0.008160 0.000000 0.000000 0.000000 0.000000 0.012320 0.000453 0.003653 0.002333 0.000000 0.000080 0.000200 0.003520 0.002013 0.010187 0.000000 0.000000 0.000080 0.000267
0.000000 0.008213 0.000000 0.000147 0.001467 0.000200 0.000000 0.000000 0.012680 0.000000 0.000280 0.000293 0.001013 0.000000 0.001800 0.003453 0.000000 0.000000 0.000000 0.000000 0.001467 0.000000 0.003360 0.017787 0.001627 0.000533 0.015960 0.001040 0.000000 0.000000 0.000360 0.000133 0.000000 0.000000 0.000000 0.000000 0.000173 0.000000 0.000000 0.000000 0.000000 0.000000 0.000000 0.000000 0.000000 0.000000 0.000000 0.000000 0.000000 0.001320 0.000000 0.000000 0.000000 0.000000 0.000320 0.000107 0.000693 0.000120 0.000000 0.000000 0.001253 0.000227 0.000067 0.000360 0.000000 0.000000 0.000000 0.000000
0.000760 0.000093 0.092107 0.000000 0.000000 0.000173 0.012360 0.002453 0.000000 0.000400 0.000120 0.000000 0.000000 0.003947 0.000000 0.199173 0.044333 0.000480 0.001853 0.000000 0.204693 0.003360 0.000000 0.001640 0.000000 0.020720 0.160827 0.056267 0.005613 0.046733 0.000067 0.000000 0.000107 0.015613 0.000000 0.000000 0.011813 0.000000 0.000000 0.000000 0.000093 0.000000 0.000000 0.000000 0.000000 0.000000 0.000000 0.000000 0.000000 0.032200 0.000267 0.000000 0.000080 0.000000 0.005253 0.003173 0.051707 0.001160 0.000000 0.000253 0.021373 0.001880 0.000067 0.001933 0.000000 0.000000 0.000000 0.000000
0.000067 0.003840 0.000680 0.021507 0.001773 0.002067 0.008133 0.002147 0.051920 0.004453 0.000240 0.010960 0.000880 0.001387 0.002893 0.007480 0.000400 0.000133 0.000067 0.002907 0.002427 0.017787 0.001640 0.000000 0.000947 0.002880 0.041933 0.103347 0.004733 0.000960 0.000560 0.000440 0.001013 0.001547 0.000227 0.000000 0.000333 0.001520 0.000000 0.000360 0.005333 0.003267 0.000293 0.005107 0.000213 0.001307 0.000067 0.003013 0.000000 0.001333 0.000000 0.000000 0.000000 0.000800 0.002493 0.000147 0.000333 0.023827 0.000000 0.000267 0.001000 0.021093 0.003880 0.006493 0.000000 0.000200 0.000253 0.001160
0.000000 0.012747 0.000000 0.000000 0.000000 0.000000 0.000000 0.000000 0.000187 0.000000 0.006933 0.000000 0.018507 0.000147 0.000000 0.000000 0.000000 0.000173 0.000067 0.000000 0.000000 0.001627 0.000000 0.000947 0.000000 0.000640 0.009387 0.000000 0.000107 0.000000 0.000720 0.000107 0.000000 0.000573 0.000000 0.000000 0.000000 0.000000 0.000000 0.000000 0.000000 0.000000 0.000000 0.000000 0.000587 0.000000 0.001040 0.000000 0.000000 0.000000 0.000000 0.000080 0.000000 0.000000 0.000000 0.000000 0.000000 0.000000 0.000000 0.001227 0.000667 0.000000 0.000000 0.000000 0.000320 0.000000 0.000000 0.000000
0.001453 0.001387 0.132240 0.000160 0.000000 0.001093 0.016893 0.007133 0.000133 0.002267 0.040827 0.000747 0.002880 0.010053 0.000000 0.000240 0.028173 0.073640 0.076413 0.000133 0.006453 0.000533 0.020720 0.002880 0.000640 0.000000 0.131413 0.004440 0.007027 0.007413 0.002973 0.000653 0.000173 0.017947 0.000000 0.001453 0.003200 0.000000 0.000000 0.000000 0.000107 0.000000 0.000000 0.000000 0.001920 0.000000 0.004427 0.000000 0.000000 0.000147 0.002373 0.001680 0.005773 0.000000 0.000080 0.000000 0.000200 0.000480 0.001867 0.044960 0.050893 0.000227 0.000080 0.000067 0.002627 0.000000 0.000000 0.000840
0.000187 0.035280 0.078480 0.000387 0.000600 0.000613 0.006400 0.000520 0.003373 0.001507 0.014400 0.001080 0.046480 0.003693 0.000867 0.016080 0.072627 0.008040 0.008120 0.000093 0.009147 0.015960 0.160827 0.041933 0.009387 0.131413 0.000000 0.043213 0.001800 0.000160 0.013507 0.000480 0.000080 0.032907 0.000000 0.004147 0.019347 0.000000 0.000000 0.000000 0.000307 0.000000 0.000000 0.000080 0.002053 0.000000 0.003187 0.000093 0.000000 0.005747 0.002933 0.000813 0.006027 0.000000 0.000307 0.001280 0.013987 0.001907 0.001947 0.046787 0.116813 0.001907 0.000080 0.000120 0.002200 0.000000 0.000000 0.000760
0.000347 0.000000 0.009080 0.167733 0.000973 0.018467 0.178947 0.004733 0.012653 0.129227 0.000693 0.021253 0.000413 0.004667 0.000933 0.019947 0.002280 0.000267 0.000413 0.048973 0.034947 0.001040 0.056267 0.103347 0.000000 0.004440 0.043213 0.000000 0.023253 0.083307 0.000093 0.001147 0.007653 0.008280 0.000360 0.000000 0.000573 0.007747 0.000000 0.000800 0.006880 0.003600 0.000093 0.013293 0.000413 0.004480 0.000107 0.003920 0.000000 0.000867 0.000000 0.000093 0.000080 0.002200 0.002493 0.000147 0.000547 0.020800 0.000000 0.000200 0.000893 0.032347 0.005667 0.014267 0.000000 0.000200 0.000160 0.000880
0.040240 0.000000 0.000240 0.001360 0.000120 0.002427 0.031133 0.004840 0.003813 0.021693 0.010867 0.006733 0.001013 0.118760 0.000160 0.000000 0.011040 0.005573 0.010507 0.000987 0.004173 0.000000 0.005613 0.004733 0.000107 0.007027 0.001800 0.023253 0.000000 0.057680 0.000240 0.021200 0.054253 0.027640 0.000000 0.000000 0.000000 0.000133 0.000000 0.000000 0.000627 0.000387 0.000120 0.000107 0.000093 0.000000 0.000120 0.000547 0.000000 0.000000 0.000000 0.000000 0.000000 0.000000 0.000373 0.000000 0.000000 0.003200 0.000000 0.000173 0.000213 0.004613 0.000507 0.001653 0.000000 0.000080 0.000000 0.000293
0.011800 0.000000 0.002973 0.000000 0.000000 0.000160 0.034093 0.014493 0.000613 0.000093 0.000840 0.000000 0.000000 0.027533 0.000000 0.001587 0.023000 0.001680 0.005400 0.000000 0.098800 0.000000 0.046733 0.000960 0.000000 0.007413 0.000160 0.083307 0.057680 0.000000 0.000000 0.000173 0.001693 0.014200 0.000187 0.000000 0.000000 0.000000 0.000000 0.000000 0.000600 0.000173 0.000080 0.000000 0.000067 0.000000 0.000000 0.000547 0.000000 0.001840 0.000000 0.000000 0.000000 0.000000 0.006067 0.000133 0.000187 0.003800 0.000000 0.000000 0.000000 0.010467 0.002160 0.011427 0.000000 0.000000 0.000000 0.000227
0.000000 0.001653 0.000227 0.000000 0.000000 0.000000 0.000147 0.000240 0.000000 0.000080 0.012067 0.000000 0.022693 0.000400 0.000000 0.000000 0.000120 0.002173 0.000267 0.000000 0.000000 0.000360 0.000067 0.000560 0.000720 0.002973 0.013507 0.000093 0.000240 0.000000 0.000000 0.000173 0.000000 0.000640 0.000000 0.000080 0.000000 0.000000 0.000000 0.000000 0.000000 0.000000 0.000000 0.000000 0.000760 0.000000 0.001707 0.000000 0.000000 0.000000 0.000000 0.000187 0.000160 0.000000 0.000000 0.000000 0.000000 0.000000 0.000387 0.003533 0.002613 0.000067 0.000000 0.000000 0.000640 0.000000 0.000000 0.000093
0.000253 0.000000 0.000000 0.000320 0.004120 0.023333 0.001027 0.014893 0.000120 0.001600 0.006613 0.001733 0.002707 0.025147 0.002400 0.000000 0.000000 0.000600 0.000280 0.000427 0.000000 0.000133 0.000000 0.000440 0.000107 0.000653 0.000480 0.001147 0.021200 0.000173 0.000173 0.000000 0.000067 0.028333 0.000000 0.000000 0.000000 0.000000 0.000000 0.000000 0.000000 0.000000 0.000000 0.000000 0.000000 0.000000 0.000133 0.000000 0.000000 0.000000 0.000000 0.000000 0.000000 0.000000 0.000000 0.000000 0.000000 0.000213 0.000000 0.000000 0.000000 0.000213 0.000000 0.000000 0.000000 0.000000 0.000000 0.000000
0.000000 0.000000 0.000000 0.000000 0.000000 0.000067 0.001200 0.000000 0.000267 0.000093 0.000347 0.000000 0.000000 0.000160 0.000000 0.000000 0.000173 0.000333 0.000507 0.000000 0.000360 0.000000 0.000107 0.001013 0.000000 0.000173 0.000080 0.007653 0.054253 0.001693 0.000000 0.000067 0.000000 0.002427 0.000000 0.000000 0.000000 0.000000 0.000000 0.000000 0.000000 0.000067 0.000000 0.000000 0.000000 0.000000 0.000000 0.000000 0.000000 0.000000 0.000000 0.000000 0.000000 0.000000 0.000000 0.000000 0.000000 0.000267 0.000000 0.000000 0.000000 0.000173 0.000000 0.000000 0.000000 0.000000 0.000000 0.000000
0.000813 0.000320 0.002533 0.000400 0.014347 0.001013 0.008467 0.003267 0.000440 0.005867 0.044547 0.001693 0.002987 0.010440 0.000107 0.000440 0.013667 0.014333 0.026147 0.000307 0.021667 0.000000 0.015613 0.001547 0.000573 0.017947 0.032907 0.008280 0.027640 0.014200 0.000640 0.028333 0.002427 0.000000 0.000000 0.000000 0.000000 0.000000 0.000000 0.000000 0.000240 0.000080 0.000000 0.000000 0.000293 0.000000 0.001440 0.000080 0.000000 0.000000 0.000000 0.000000 0.000000 0.000000 0.000000 0.000000 0.000000 0.000760 0.000067 0.000773 0.000827 0.000613 0.000107 0.000187 0.000093 0.000067 0.000000 0.000147
0.000000 0.000000 0.000000 0.000000 0.000000 0.000000 0.000000 0.000000 0.000000 0.000000 0.000000 0.000000 0.000000 0.000000 0.000000 0.000000 0.000000 0.000000 0.000000 0.000000 0.000147 0.000000 0.000000 0.000227 0.000000 0.000000 0.000000 0.000360 0.000000 0.000187 0.000000 0.000000 0.000000 0.000000 0.000000 0.000000 0.000133 0.000160 0.000000 0.000107 0.029880 0.004013 0.000067 0.001560 0.000440 0.000280 0.000000 0.109973 0.000000 0.000000 0.000107 0.000373 0.000773 0.000187 0.000307 0.000000 0.000080 0.000800 0.000000 0.000707 0.000400 0.001467 0.063013 0.029600 0.000067 0.000293 0.000000 0.001453
0.000000 0.000000 0.000120 0.000000 0.000000 0.000000 0.000000 0.000000 0.000000 0.000000 0.000173 0.000000 0.000080 0.000000 0.000000 0.000000 0.000067 0.000000 0.000173 0.000000 0.000000 0.000000 0.000000 0.000000 0.000000 0.001453 0.004147 0.000000 0.000000 0.000000 0.000080 0.000000 0.000000 0.000000 0.000000 0.000000 0.000107 0.000000 0.000213 0.000293 0.000000 0.000000 0.002760 0.000000 0.000413 0.000000 0.011760 0.000000 0.000000 0.000160 0.000200 0.000067 0.000627 0.000000 0.000107 0.003093 0.000080 0.008227 0.015840 0.003800 0.051480 0.000147 0.000080 0.000067 0.001320 0.000000 0.000000 0.000547
0.000000 0.000227 0.008533 0.000000 0.000000 0.000000 0.000000 0.000000 0.000000 0.000000 0.000000 0.000000 0.000067 0.000000 0.000000 0.000120 0.000973 0.000000 0.000360 0.000000 0.000107 0.000173 0.011813 0.000333 0.000000 0.003200 0.019347 0.000573 0.000000 0.000000 0.000000 0.000000 0.000000 0.000000 0.000133 0.000107 0.000000 0.000227 0.000000 0.000227 0.022653 0.000547 0.000000 0.001387 0.001120 0.000107 0.000000 0.001787 0.000000 0.000480 0.050600 0.000467 0.004787 0.000160 0.013480 0.000080 0.117320 0.000933 0.000000 0.122440 0.064053 0.015027 0.000133 0.001520 0.000373 0.000000 0.000000 0.005547
0.000000 0.000000 0.000000 0.027813 0.000000 0.000227 0.001200 0.000173 0.000360 0.003307 0.000000 0.001760 0.000000 0.000067 0.000000 0.000000 0.000000 0.000000 0.000000 0.001307 0.000000 0.000000 0.000000 0.001520 0.000000 0.000000 0.000000 0.007747 0.000133 0.000000 0.000000 0.000000 0.000000 0.000000 0.000160 0.000000 0.000227 0.000000 0.000640 0.002640 0.001467 0.001000 0.000720 0.152787 0.000253 0.031507 0.000000 0.000827 0.000400 0.000000 0.000000 0.000000 0.000000 0.111133 0.000000 0.000000 0.000000 0.003000 0.000000 0.000360 0.000333 0.127173 0.004800 0.000000 0.000000 0.000307 0.000160 0.001173
0.000000 0.000000 0.000000 0.000000 0.000000 0.000000 0.000000 0.000000 0.000000 0.000000 0.000000 0.000000 0.000000 0.000000 0.000000 0.000000 0.000000 0.000000 0.000000 0.000000 0.000000 0.000000 0.000000 0.000000 0.000000 0.000000 0.000000 0.000000 0.000000 0.000000 0.000000 0.000000 0.000000 0.000000 0.000000 0.000213 0.000000 0.000640 0.000000 0.003307 0.000080 0.000000 0.000133 0.000947 0.002240 0.000253 0.000507 0.000000 0.017227 0.000000 0.000000 0.000000 0.000000 0.000267 0.000000 0.000307 0.000000 0.001293 0.000000 0.000000 0.000427 0.002093 0.000000 0.000000 0.000000 0.000493 0.000000 0.023200
0.000000 0.000000 0.000000 0.000440 0.000000 0.000267 0.000253 0.000000 0.000000 0.000893 0.000000 0.000653 0.000000 0.000000 0.000000 0.000000 0.000000 0.000000 0.000000 0.000387 0.000000 0.000000 0.000000 0.000360 0.000000 0.000000 0.000000 0.000800 0.000000 0.000000 0.000000 0.000000 0.000000 0.000000 0.000107 0.000293 0.000227 0.002640 0.003307 0.000000 0.026253 0.122040 0.000413 0.203267 0.001027 0.040827 0.000187 0.008573 0.029733 0.000000 0.000000 0.000133 0.000000 0.005093 0.000000 0.000480 0.000000 0.002480 0.000000 0.000400 0.000680 0.011893 0.002493 0.000200 0.000107 0.007587 0.000000 0.003187
0.000000 0.000000 0.000160 0.000493 0.000000 0.000507 0.001987 0.001747 0.000080 0.001760 0.000000 0.000307 0.000067 0.000760 0.000000 0.000000 0.000000 0.000000 0.000000 0.000253 0.000133 0.000000 0.000093 0.005333 0.000000 0.000107 0.000307 0.006880 0.000627 0.000600 0.000000 0.000000 0.000000 0.000240 0.029880 0.000000 0.022653 0.001467 0.000080 0.026253 0.000000 0.056093 0.000267 0.191067 0.004733 0.001560 0.000267 0.217480 0.000640 0.000000 0.007427 0.003400 0.011427 0.000627 0.007427 0.000000 0.011707 0.010933 0.000000 0.020253 0.004627 0.148587 0.029667 0.125200 0.000507 0.001307 0.000480 0.009973
0.000000 0.000000 0.000000 0.000147 0.000000 0.000120 0.001040 0.000693 0.000067 0.000293 0.000000 0.000080 0.000000 0.000253 0.000000 0.000000 0.000000 0.000000 0.000000 0.000000 0.000000 0.000000 0.000000 0.003267 0.000000 0.000000 0.000000 0.003600 0.000387 0.000173 0.000000 0.000000 0.000067 0.000080 0.004013 0.000000 0.000547 0.001000 0.000000 0.122040 0.056093 0.000000 0.000387 0.062853 0.002760 0.024200 0.000387 0.202387 0.002693 0.000000 0.000227 0.000360 0.000640 0.005200 0.000067 0.000000 0.000147 0.003453 0.000000 0.001293 0.000493 0.010027 0.010120 0.007693 0.000227 0.045200 0.000000 0.003840
0.000000 0.000000 0.000000 0.000000 0.000000 0.000000 0.000000 0.000067 0.000000 0.000000 0.000000 0.000000 0.000000 0.000000 0.000000 0.000000 0.000000 0.000000 0.000000 0.000000 0.000000 0.000000 0.000000 0.000293 0.000000 0.000000 0.000000 0.000093 0.000120 0.000080 0.000000 0.000000 0.000000 0.000000 0.000067 0.002760 0.000000 0.000720 0.000133 0.000413 0.000267 0.000387 0.000000 0.001373 0.000067 0.000800 0.000480 0.000467 0.000000 0.000000 0.000000 0.000000 0.000067 0.000280 0.000000 0.010227 0.000000 0.020987 0.000333 0.000413 0.002627 0.004960 0.001280 0.000800 0.000080 0.000080 0.000160 0.000253
0.000000 0.000000 0.000000 0.004653 0.000000 0.001280 0.004293 0.000760 0.000587 0.009600 0.000000 0.002080 0.000000 0.000293 0.000000 0.000000 0.000000 0.000000 0.000000 0.002013 0.000000 0.000000 0.000000 0.005107 0.000000 0.000000 0.000080 0.013293 0.000107 0.000000 0.000000 0.000000 0.000000 0.000000 0.001560 0.000000 0.001387 0.152787 0.000947 0.203267 0.191067 0.062853 0.001373 0.000000 0.002333 0.153413 0.000213 0.028267 0.001987 0.000000 0.000293 0.000667 0.000493 0.172213 0.000240 0.000000 0.000333 0.001560 0.000000 0.002560 0.001107 0.121907 0.029960 0.000413 0.000413 0.001573 0.000213 0.010347
0.000000 0.000000 0.000000 0.000000 0.000000 0.000000 0.000093 0.000000 0.000000 0.000000 0.004227 0.000000 0.007147 0.000120 0.000000 0.000000 0.000000 0.000640 0.000093 0.000000 0.000000 0.000000 0.000000 0.000213 0.000587 0.001920 0.002053 0.000413 0.000093 0.000067 0.000760 0.000000 0.000000 0.000293 0.000440 0.000413 0.001120 0.000253 0.002240 0.001027 0.004733 0.002760 0.000067 0.002333 0.000000 0.001667 0.043813 0.010573 0.000000 0.000120 0.001013 0.088707 0.023520 0.000320 0.001067 0.000000 0.001880 0.000880 0.004093 0.073147 0.012453 0.001880 0.011440 0.002973 0.034493 0.008507 0.000000 0.041213
0.000000 0.000000 0.000000 0.002293 0.000000 0.000440 0.001187 0.000173 0.000107 0.004080 0.000000 0.001373 0.000000 0.000000 0.000000 0.000000 0.000000 0.000000 0.000000 0.001067 0.000000 0.000000 0.000000 0.001307 0.000000 0.000000 0.000000 0.004480 0.000000 0.000000 0.000000 0.000000 0.000000 0.000000 0.000280 0.000000 0.000107 0.031507 0.000253 0.040827 0.001560 0.024200 0.000800 0.153413 0.001667 0.000000 0.000253 0.013253 0.001013 0.000000 0.000000 0.000773 0.000373 0.103747 0.000000 0.000000 0.000000 0.008960 0.000000 0.001280 0.000480 0.037360 0.010213 0.000093 0.000160 0.002107 0.000000 0.003480
0.000000 0.000080 0.000000 0.000000 0.000000 0.000000 0.000000 0.000213 0.000000 0.000000 0.013213 0.000067 0.014533 0.000320 0.000000 0.000000 0.000000 0.000987 0.000253 0.000000 0.000000 0.000000 0.000000 0.000067 0.001040 0.004427 0.003187 0.000107 0.000120 0.000000 0.001707 0.000133 0.000000 0.001440 0.000000 0.011760 0.000000 0.000000 0.000507 0.000187 0.000267 0.000387 0.000480 0.000213 0.043813 0.000253 0.000000 0.001293 0.000067 0.000080 0.000000 0.000280 0.000173 0.000000 0.000000 0.001413 0.000000 0.002707 0.053613 0.004160 0.057827 0.000307 0.002227 0.000000 0.027440 0.002107 0.000000 0.004000
0.000000 0.000000 0.000000 0.000080 0.000000 0.000093 0.000893 0.000453 0.000120 0.000240 0.000000 0.000080 0.000000 0.000493 0.000000 0.000000 0.000000 0.000000 0.000000 0.000000 0.000120 0.000000 0.000000 0.003013 0.000000 0.000000 0.000093 0.003920 0.000547 0.000547 0.000000 0.000000 0.000000 0.000080 0.109973 0.000000 0.001787 0.000827 0.000000 0.008573 0.217480 0.202387 0.000467 0.028267 0.010573 0.013253 0.001293 0.000000 0.000400 0.000000 0.000840 0.002467 0.003253 0.002667 0.000240 0.000000 0.000480 0.002240 0.000107 0.007880 0.002027 0.007947 0.062933 0.039920 0.001053 0.053987 0.000000 0.013293
0.000000 0.000000 0.000000 0.000000 0.000000 0.000000 0.000000 0.000000 0.000000 0.000000 0.000000 0.000000 0.000000 0.000000 0.000000 0.000000 0.000000 0.000000 0.000000 0.000000 0.000000 0.000000 0.000000 0.000000 0.000000 0.000000 0.000000 0.000000 0.000000 0.000000 0.000000 0.000000 0.000000 0.000000 0.000000 0.000000 0.000000 0.000400 0.017227 0.029733 0.000640 0.002693 0.000000 0.001987 0.000000 0.001013 0.000067 0.000400 0.000000 0.000000 0.000000 0.000000 0.000000 0.000267 0.000067 0.000173 0.000000 0.001293 0.000000 0.000080 0.000147 0.001693 0.000187 0.000000 0.000000 0.000827 0.000000 0.000120
0.000000 0.000000 0.000000 0.000000 0.000000 0.000000 0.000107 0.000000 0.000000 0.000000 0.000000 0.000000 0.000000 0.000000 0.000000 0.012427 0.000133 0.000000 0.000000 0.000000 0.008160 0.001320 0.032200 0.001333 0.000000 0.000147 0.005747 0.000867 0.000000 0.001840 0.000000 0.000000 0.000000 0.000000 0.000000 0.000160 0.000480 0.000000 0.000000 0.000000 0.000000 0.000000 0.000000 0.000000 0.000120 0.000000 0.000080 0.000000 0.000000 0.000000 0.000387 0.000107 0.000373 0.000000 0.032347 0.010547 0.136893 0.021733 0.000067 0.001093 0.031653 0.027573 0.000107 0.001320 0.000213 0.000000 0.000000 0.000507
0.000000 0.000000 0.000267 0.000000 0.000000 0.000000 0.000000 0.000000 0.000000 0.000000 0.000000 0.000000 0.000000 0.000000 0.000000 0.000000 0.000240 0.000000 0.000293 0.000000 0.000000 0.000000 0.000267 0.000000 0.000000 0.002373 0.002933 0.000000 0.000000 0.000000 0.000000 0.000000 0.000000 0.000000 0.000107 0.000200 0.050600 0.000000 0.000000 0.000000 0.007427 0.000227 0.000000 0.000293 0.001013 0.000000 0.000000 0.000840 0.000000 0.000387 0.000000 0.004720 0.056333 0.000000 0.008827 0.000000 0.014333 0.000293 0.000000 0.071093 0.045133 0.001707 0.000507 0.016573 0.000133 0.000000 0.000000 0.005520
0.000000 0.000000 0.000000 0.000000 0.000000 0.000000 0.000000 0.000000 0.000000 0.000000 0.000787 0.000000 0.000787 0.000000 0.000000 0.000000 0.000000 0.000333 0.000000 0.000000 0.000000 0.000000 0.000000 0.000000 0.000080 0.001680 0.000813 0.000093 0.000000 0.000000 0.000187 0.000000 0.000000 0.000000 0.000373 0.000067 0.000467 0.000000 0.000000 0.000133 0.003400 0.000360 0.000000 0.000667 0.088707 0.000773 0.000280 0.002467 0.000000 0.000107 0.004720 0.000000 0.038093 0.000160 0.001587 0.000000 0.002267 0.000120 0.000293 0.050067 0.005280 0.000667 0.001493 0.005240 0.003573 0.000280 0.000000 0.011440
0.000000 0.000107 0.000000 0.000000 0.000000 0.000000 0.000000 0.000000 0.000000 0.000000 0.000133 0.000000 0.000227 0.000000 0.000000 0.000000 0.000227 0.000307 0.000720 0.000000 0.000000 0.000000 0.000080 0.000000 0.000000 0.005773 0.006027 0.000080 0.000000 0.000000 0.000160 0.000000 0.000000 0.000000 0.000773 0.000627 0.004787 0.000000 0.000000 0.000000 0.011427 0.000640 0.000067 0.000493 0.023520 0.000373 0.000173 0.003253 0.000000 0.000373 0.056333 0.038093 0.000000 0.000093 0.005387 0.000093 0.013480 0.000533 0.000267 0.076147 0.021133 0.001547 0.002467 0.016920 0.001000 0.000000 0.000000 0.023707
0.000000 0.000000 0.000000 0.001200 0.000000 0.000240 0.000613 0.000000 0.000120 0.001987 0.000000 0.000333 0.000000 0.000000 0.000000 0.000000 0.000000 0.000000 0.000000 0.000427 0.000000 0.000000 0.000000 0.000800 0.000000 0.000000 0.000000 0.002200 0.000000 0.000000 0.000000 0.000000 0.000000 0.000000 0.000187 0.000000 0.000160 0.111133 0.000267 0.005093 0.000627 0.005200 0.000280 0.172213 0.000320 0.103747 0.000000 0.002667 0.000267 0.000000 0.000000 0.000160 0.000093 0.000000 0.000000 0.000000 0.000000 0.001773 0.000000 0.000413 0.000293 0.078320 0.003613 0.000000 0.000000 0.000320 0.000067 0.001120
0.000000 0.000000 0.000067 0.000000 0.000000 0.000000 0.000000 0.000000 0.000000 0.000000 0.000000 0.000000 0.000000 0.000080 0.000000 0.003000 0.000000 0.000000 0.000000 0.000000 0.012320 0.000320 0.005253 0.002493 0.000000 0.000080 0.000307 0.002493 0.000373 0.006067 0.000000 0.000000 0.000000 0.000000 0.000307 0.000107 0.013480 0.000000 0.000000 0.000000 0.007427 0.000067 0.000000 0.000240 0.001067 0.000000 0.000000 0.000240 0.000067 0.032347 0.008827 0.001587 0.005387 0.000000 0.000000 0.001413 0.238400 0.013600 0.000000 0.006747 0.008667 0.035613 0.004867 0.109720 0.000120 0.000000 0.000640 0.020467
0.000000 0.000000 0.000000 0.000000 0.000000 0.000000 0.000000 0.000000 0.000000 0.000000 0.000000 0.000000 0.000000 0.000000 0.000000 0.003213 0.000000 0.000000 0.000000 0.000000 0.000453 0.000107 0.003173 0.000147 0.000000 0.000000 0.001280 0.000147 0.000000 0.000133 0.000000 0.000000 0.000000 0.000000 0.000000 0.003093 0.000080 0.000000 0.000307 0.000480 0.000000 0.000000 0.010227 0.000000 0.000000 0.000000 0.001413 0.000000 0.000173 0.010547 0.000000 0.000000 0.000093 0.000000 0.001413 0.000000 0.001387 0.007973 0.001213 0.000707 0.011387 0.002107 0.000853 0.000987 0.000200 0.000000 0.000000 0.000160
0.000000 0.000000 0.001280 0.000000 0.000000 0.000000 0.000133 0.000000 0.000000 0.000000 0.000000 0.000000 0.000000 0.000000 0.000000 0.011480 0.000133 0.000000 0.000000 0.000000 0.003653 0.000693 0.051707 0.000333 0.000000 0.000200 0.013987 0.000547 0.000000 0.000187 0.000000 0.000000 0.000000 0.000000 0.000080 0.000080 0.117320 0.000000 0.000000 0.000000 0.011707 0.000147 0.000000 0.000333 0.001880 0.000000 0.000000 0.000480 0.000000 0.136893 0.014333 0.002267 0.013480 0.000000 0.238400 0.001387 0.000000 0.002187 0.000000 0.030267 0.157520 0.026787 0.000467 0.054373 0.000320 0.000000 0.000000 0.020000
0.000293 0.000133 0.000147 0.000640 0.000000 0.000773 0.003733 0.003920 0.001120 0.002120 0.000173 0.000347 0.000213 0.002720 0.000000 0.000573 0.000000 0.000000 0.000133 0.000120 0.002333 0.000120 0.001160 0.023827 0.000000 0.000480 0.001907 0.020800 0.003200 0.003800 0.000000 0.000213 0.000267 0.000760 0.000800 0.008227 0.000933 0.003000 0.001293 0.002480 0.010933 0.003453 0.020987 0.001560 0.000880 0.008960 0.002707 0.002240 0.001293 0.021733 0.000293 0.000120 0.000533 0.001773 0.013600 0.007973 0.002187 0.000000 0.001720 0.007427 0.040760 0.067120 0.009880 0.001840 0.001213 0.000480 0.001133 0.003653
0.000000 0.000000 0.000000 0.000000 0.000000 0.000000 0.000000 0.000000 0.000000 0.000000 0.000600 0.000000 0.001133 0.000000 0.000000 0.000000 0.000000 0.000373 0.000080 0.000000 0.000000 0.000000 0.000000 0.000000 0.000000 0.001867 0.001947 0.000000 0.000000 0.000000 0.000387 0.000000 0.000000 0.000067 0.000000 0.015840 0.000000 0.000000 0.000000 0.000000 0.000000 0.000000 0.000333 0.000000 0.004093 0.000000 0.053613 0.000107 0.000000 0.000067 0.000000 0.000293 0.000267 0.000000 0.000000 0.001213 0.000000 0.001720 0.000000 0.003573 0.010493 0.000067 0.000000 0.000000 0.003133 0.000000 0.000000 0.000453
0.000000 0.000533 0.001213 0.000000 0.000000 0.000000 0.000080 0.000000 0.000000 0.000000 0.005160 0.000093 0.007547 0.000213 0.000000 0.000000 0.001947 0.008187 0.005453 0.000000 0.000080 0.000000 0.000253 0.000267 0.001227 0.044960 0.046787 0.000200 0.000173 0.000000 0.003533 0.000000 0.000000 0.000773 0.000707 0.003800 0.122440 0.000360 0.000000 0.000400 0.020253 0.001293 0.000413 0.002560 0.073147 0.001280 0.004160 0.007880 0.000080 0.001093 0.071093 0.050067 0.076147 0.000413 0.006747 0.000707 0.030267 0.007427 0.003573 0.000000 0.140840 0.005760 0.002640 0.009627 0.025173 0.000533 0.000000 0.022093
0.000000 0.002213 0.018920 0.000000 0.000000 0.000000 0.000147 0.000000 0.000000 0.000000 0.004027 0.000000 0.004373 0.000147 0.000000 0.002187 0.003680 0.005107 0.005067 0.000000 0.000200 0.001253 0.021373 0.001000 0.000667 0.050893 0.116813 0.000893 0.000213 0.000000 0.002613 0.000000 0.000000 0.000827 0.000400 0.051480 0.064053 0.000333 0.000427 0.000680 0.004627 0.000493 0.002627 0.001107 0.012453 0.000480 0.057827 0.002027 0.000147 0.031653 0.045133 0.005280 0.021133 0.000293 0.008667 0.011387 0.157520 0.040760 0.010493 0.140840 0.000000 0.032187 0.001747 0.003053 0.027933 0.000253 0.000000 0.027107
0.000427 0.000000 0.000133 0.004920 0.000000 0.001600 0.008027 0.003920 0.001800 0.010440 0.000107 0.001600 0.000160 0.002813 0.000000 0.000747 0.000000 0.000107 0.000080 0.001400 0.003520 0.000227 0.001880 0.021093 0.000000 0.000227 0.001907 0.032347 0.004613 0.010467 0.000067 0.000213 0.000173 0.000613 0.001467 0.000147 0.015027 0.127173 0.002093 0.011893 0.148587 0.010027 0.004960 0.121907 0.001880 0.037360 0.000307 0.007947 0.001693 0.027573 0.001707 0.000667 0.001547 0.078320 0.035613 0.002107 0.026787 0.067120 0.000067 0.005760 0.032187 0.000000 0.031133 0.045453 0.000293 0.001320 0.003187 0.011773
0.000107 0.000000 0.000000 0.000080 0.000000 0.000093 0.000573 0.000467 0.000093 0.000173 0.000160 0.000000 0.000093 0.000280 0.000000 0.000200 0.000000 0.000000 0.000000 0.000000 0.002013 0.000067 0.000067 0.003880 0.000000 0.000080 0.000080 0.005667 0.000507 0.002160 0.000000 0.000000 0.000000 0.000107 0.063013 0.000080 0.000133 0.004800 0.000000 0.002493 0.029667 0.010120 0.001280 0.029960 0.011440 0.010213 0.002227 0.062933 0.000187 0.000107 0.000507 0.001493 0.002467 0.003613 0.004867 0.000853 0.000467 0.009880 0.000000 0.002640 0.001747 0.031133 0.000000 0.058413 0.000573 0.010920 0.030040 0.042080
0.000160 0.000000 0.000000 0.000000 0.000000 0.000000 0.000907 0.000253 0.000000 0.000000 0.000000 0.000000 0.000000 0.000533 0.000000 0.001560 0.000000 0.000000 0.000000 0.000000 0.010187 0.000360 0.001933 0.006493 0.000000 0.000067 0.000120 0.014267 0.001653 0.011427 0.000000 0.000000 0.000000 0.000187 0.029600 0.000067 0.001520 0.000000 0.000000 0.000200 0.125200 0.007693 0.000800 0.000413 0.002973 0.000093 0.000000 0.039920 0.000000 0.001320 0.016573 0.005240 0.016920 0.000000 0.109720 0.000987 0.054373 0.001840 0.000000 0.009627 0.003053 0.045453 0.058413 0.000000 0.000147 0.000213 0.004107 0.018507
0.000000 0.000000 0.000000 0.000000 0.000000 0.000000 0.000000 0.000000 0.000000 0.000000 0.002200 0.000000 0.003107 0.000000 0.000000 0.000000 0.000000 0.000947 0.000280 0.000000 0.000000 0.000000 0.000000 0.000000 0.000320 0.002627 0.002200 0.000000 0.000000 0.000000 0.000640 0.000000 0.000000 0.000093 0.000067 0.001320 0.000373 0.000000 0.000000 0.000107 0.000507 0.000227 0.000080 0.000413 0.034493 0.000160 0.027440 0.001053 0.000000 0.000213 0.000133 0.003573 0.001000 0.000000 0.000120 0.000200 0.000320 0.001213 0.003133 0.025173 0.027933 0.000293 0.000573 0.000147 0.000000 0.000333 0.000000 0.001440
