0.000000 0.000000 123.187495 93.232861 0.000000 0.000000 25.349040 49.339832 0.000000 82.957973 127.327795 0.000000 0.000000 17.022885 0.000000 0.000000 109.023769 141.260804 129.577211 0.000000 79.719068 0.000000 94.984935 94.608688 0.000000 140.570194 0.000000 89.146697 19.823216 44.646703 0.000000 0.000000 0.000000 92.199948 0.000000 0.000000 0.000000 0.000000 0.000000 0.000000 0.000000 0.000000 0.000000 0.000000 0.000000 0.000000 0.000000 0.000000 0.000000 0.000000 0.000000 0.000000 0.000000 0.000000 0.000000 0.000000 0.000000 0.000000 0.000000 0.000000 0.000000 147.812088 0.000000 0.000000 0.000000 0.000000 0.000000 0.000000
0.000000 0.000000 49.329276 0.000000 147.399859 0.000000 0.000000 0.000000 77.744162 0.000000 59.018193 0.000000 50.273759 0.000000 114.747069 0.000000 57.760107 58.359863 59.657500 0.000000 0.000000 15.700887 0.000000 80.642887 25.031445 47.524013 45.131928 0.000000 109.213638 0.000000 66.509985 0.000000 0.000000 62.368589 0.000000 0.000000 63.634803 0.000000 0.000000 0.000000 0.000000 0.000000 0.000000 0.000000 0.000000 0.000000 101.787717 0.000000 0.000000 0.000000 0.000000 0.000000 0.000000 0.000000 0.000000 0.000000 0.000000 89.782597 0.000000 74.781994 55.889786 0.000000 0.000000 0.000000 140.035647 0.000000 0.000000 0.000000
123.187495 49.329276 0.000000 110.794407 0.000000 139.874735 102.903491 131.924340 137.192276 117.201206 107.809799 178.253330 0.000000 123.884796 0.000000 0.000000 52.162137 90.597829 77.221688 0.000000 66.662902 50.883910 36.813704 94.933940 0.000000 35.104582 30.800744 104.232843 149.499272 95.422089 0.000000 0.000000 0.000000 73.926473 0.000000 61.974341 102.652231 0.000000 0.000000 0.000000 0.000000 0.000000 0.000000 0.000000 0.000000 0.000000 0.000000 0.000000 0.000000 0.000000 115.236324 143.691525 126.903591 0.000000 0.000000 72.135507 109.863351 0.000000 0.000000 111.178529 101.654298 0.000000 0.000000 0.000000 0.000000 0.000000 0.000000 125.148577
93.232861 0.000000 110.794407 0.000000 125.406675 90.524821 53.496229 108.681787 61.471994 25.153302 154.705929 37.212608 0.000000 103.629496 56.286071 0.000000 0.000000 0.000000 173.231683 19.645879 0.000000 0.000000 97.633074 26.994549 0.000000 162.059245 157.549929 22.686832 108.013923 0.000000 0.000000 133.587304 91.186430 93.999251 0.000000 0.000000 0.000000 155.118713 0.000000 163.622650 140.486600 169.010460 78.008192 150.750110 0.000000 146.084673 0.000000 187.780081 0.000000 0.000000 0.000000 0.000000 0.000000 57.597565 0.000000 0.000000 0.000000 112.515568 0.000000 0.000000 0.000000 152.826076 175.042953 0.000000 0.000000 0.000000 0.000000 0.000000
0.000000 147.399859 0.000000 125.406675 0.000000 53.634564 119.940595 84.914353 57.230293 124.116555 206.035295 83.469954 205.572582 153.822510 37.033910 0.000000 198.314482 0.000000 200.203660 106.576578 0.000000 125.428714 0.000000 110.670852 189.960419 186.292090 197.376249 127.400737 157.933469 0.000000 0.000000 11.821097 140.402550 20.577568 0.000000 0.000000 0.000000 0.000000 0.000000 0.000000 0.000000 0.000000 0.000000 0.000000 0.000000 0.000000 0.000000 0.000000 0.000000 0.000000 0.000000 0.000000 0.000000 0.000000 0.000000 0.000000 0.000000 115.374844 0.000000 0.000000 0.000000 192.022452 0.000000 0.000000 0.000000 0.000000 0.000000 0.000000
0.000000 0.000000 139.874735 90.524821 53.634564 0.000000 59.210917 32.909270 90.026681 42.023145 137.523503 55.961492 0.000000 88.059537 29.793427 0.000000 163.604580 0.000000 0.000000 77.944094 114.981466 0.000000 126.625262 95.662643 0.000000 156.355007 151.776431 86.502121 113.079856 0.000000 0.000000 90.023065 0.000000 80.647021 0.000000 0.000000 0.000000 177.139280 0.000000 186.394232 147.925480 165.996428 111.773006 166.314194 0.000000 0.000000 0.000000 191.204799 0.000000 0.000000 0.000000 0.000000 0.000000 134.898010 0.000000 0.000000 0.000000 142.089974 0.000000 0.000000 0.000000 169.038034 186.453916 0.000000 0.000000 0.000000 0.000000 178.449631
25.349040 0.000000 102.903491 53.496229 119.940595 59.210917 0.000000 63.316106 76.216817 32.487529 147.414882 68.091657 0.000000 39.475772 0.000000 0.000000 104.851127 150.013972 136.122419 74.278166 74.054288 0.000000 84.904608 59.059131 0.000000 139.954398 123.685278 44.332236 45.393691 30.481394 0.000000 125.155656 82.258856 89.738017 0.000000 0.000000 0.000000 154.232880 0.000000 0.000000 0.000000 0.000000 0.000000 149.892961 0.000000 0.000000 0.000000 0.000000 0.000000 0.000000 0.000000 0.000000 0.000000 0.000000 0.000000 0.000000 0.000000 137.676575 0.000000 0.000000 0.000000 150.551998 0.000000 0.000000 0.000000 0.000000 0.000000 0.000000
49.339832 0.000000 131.924340 108.681787 84.914353 32.909270 63.316106 0.000000 96.982268 75.637200 125.279061 94.758491 103.431880 31.480780 133.655839 0.000000 137.538572 160.241563 155.494260 96.861534 109.462797 0.000000 118.339649 106.957037 0.000000 154.176051 166.683379 101.761239 63.710201 79.544887 0.000000 21.486145 0.000000 107.940183 183.346133 0.000000 0.000000 185.214188 0.000000 207.294115 170.126828 193.460869 109.796542 182.028960 0.000000 186.177461 0.000000 207.661790 0.000000 0.000000 0.000000 0.000000 0.000000 149.702590 0.000000 113.137641 0.000000 159.426144 0.000000 0.000000 199.973944 172.517404 200.280384 177.328569 0.000000 0.000000 0.000000 180.382786
0.000000 77.744162 137.192276 61.471994 57.230293 90.026681 76.216817 96.982268 0.000000 69.376778 138.558924 47.425272 132.003784 95.805345 32.834144 0.000000 131.297942 150.425030 143.725218 54.636817 54.700158 48.869121 130.915679 42.587672 114.759602 126.631265 129.404258 62.873851 95.906821 62.606264 152.098907 108.340863 73.655649 106.943205 0.000000 0.000000 0.000000 97.454158 0.000000 0.000000 81.645474 92.620302 0.000000 88.454991 0.000000 80.476906 0.000000 114.855552 0.000000 0.000000 0.000000 0.000000 0.000000 82.961088 0.000000 0.000000 0.000000 55.900309 0.000000 210.565753 225.026163 94.796520 100.138240 91.284673 0.000000 0.000000 0.000000 0.000000
82.957973 0.000000 117.201206 25.153302 124.116555 42.023145 32.487529 75.637200 69.376778 0.000000 157.186101 42.847749 157.973510 93.966226 86.621796 0.000000 156.263650 164.049532 165.888956 16.796829 99.278330 0.000000 107.282520 67.255577 0.000000 171.152070 163.677635 38.114403 113.517598 0.000000 177.208590 131.930322 98.074219 92.370167 0.000000 0.000000 0.000000 161.422920 0.000000 175.933811 148.486155 165.884895 92.240307 154.964067 0.000000 155.996483 0.000000 186.671433 0.000000 0.000000 0.000000 0.000000 0.000000 153.318411 0.000000 0.000000 0.000000 125.230394 0.000000 233.819434 229.995969 155.926525 184.809215 0.000000 0.000000 205.160172 0.000000 162.696034
127.327795 59.018193 107.809799 154.705929 206.035295 137.523503 147.414882 125.279061 138.558924 157.186101 0.000000 148.497313 26.543858 120.270247 181.133870 0.000000 61.058566 21.557027 33.868807 147.897220 116.085452 90.033451 141.741357 155.363635 33.683246 21.573704 90.656875 166.115016 87.442955 117.142047 36.123748 75.912508 0.000000 30.073041 0.000000 0.000000 0.000000 0.000000 0.000000 0.000000 0.000000 0.000000 0.000000 0.000000 87.666735 0.000000 77.701634 0.000000 0.000000 0.000000 0.000000 0.000000 0.000000 0.000000 0.000000 0.000000 0.000000 207.092724 53.803628 110.229298 110.958962 215.475699 227.250281 0.000000 102.346724 0.000000 0.000000 0.000000
0.000000 0.000000 178.253330 37.212608 83.469954 55.961492 68.091657 94.758491 47.425272 42.847749 148.497313 0.000000 150.089409 102.907319 41.239560 0.000000 175.504549 162.092082 167.117411 25.754254 0.000000 0.000000 0.000000 60.921584 0.000000 166.965597 182.817501 55.390302 116.734951 0.000000 0.000000 124.171721 0.000000 95.372094 0.000000 0.000000 0.000000 150.413259 0.000000 0.000000 149.688330 0.000000 73.003316 147.717423 0.000000 132.281395 183.347874 0.000000 0.000000 0.000000 0.000000 0.000000 0.000000 115.490718 0.000000 0.000000 0.000000 117.724555 0.000000 0.000000 0.000000 157.818919 209.821289 0.000000 0.000000 0.000000 0.000000 0.000000
0.000000 50.273759 0.000000 0.000000 205.572582 0.000000 0.000000 103.431880 132.003784 157.973510 26.543858 150.089409 0.000000 103.268822 182.237055 0.000000 117.213300 62.590008 76.034098 157.959481 0.000000 85.091603 0.000000 147.675634 31.656123 31.757502 37.178863 151.760764 76.156051 0.000000 21.956011 72.496628 0.000000 27.014381 0.000000 86.690118 0.000000 0.000000 0.000000 0.000000 0.000000 0.000000 0.000000 0.000000 81.483004 0.000000 80.493984 0.000000 0.000000 0.000000 0.000000 116.640476 128.353176 0.000000 0.000000 0.000000 0.000000 0.000000 59.752226 102.968567 106.390766 214.191168 0.000000 0.000000 98.498194 0.000000 0.000000 0.000000
17.022885 0.000000 123.884796 103.629496 153.822510 88.059537 39.475772 31.480780 95.805345 93.966226 120.270247 102.907319 103.268822 0.000000 131.549208 0.000000 125.601049 151.964814 145.629947 101.113500 100.071321 0.000000 108.116908 105.978575 0.000000 147.847738 150.017051 95.414186 33.326049 65.878534 0.000000 29.836603 0.000000 76.567309 176.098273 0.000000 0.000000 193.511864 0.000000 207.815081 172.192684 205.105037 116.629456 182.371130 0.000000 0.000000 0.000000 210.353876 0.000000 0.000000 0.000000 0.000000 0.000000 0.000000 166.487531 109.628812 0.000000 158.452524 0.000000 0.000000 0.000000 170.096152 199.433316 171.102541 0.000000 0.000000 0.000000 176.507228
0.000000 114.747069 0.000000 56.286071 37.033910 29.793427 0.000000 133.655839 32.834144 86.621796 181.133870 41.239560 182.237055 131.549208 0.000000 0.000000 170.633619 0.000000 0.000000 44.223940 0.000000 98.319169 0.000000 84.817088 164.275954 162.555522 168.779831 77.567237 140.157000 0.000000 0.000000 62.034035 0.000000 0.000000 0.000000 0.000000 0.000000 0.000000 0.000000 0.000000 0.000000 0.000000 0.000000 0.000000 0.000000 0.000000 0.000000 0.000000 0.000000 0.000000 0.000000 0.000000 0.000000 0.000000 0.000000 0.000000 0.000000 78.213244 0.000000 0.000000 0.000000 0.000000 0.000000 0.000000 0.000000 0.000000 0.000000 0.000000
0.000000 0.000000 0.000000 0.000000 0.000000 0.000000 0.000000 0.000000 0.000000 0.000000 0.000000 0.000000 0.000000 0.000000 0.000000 0.000000 95.797418 0.000000 0.000000 0.000000 20.821160 36.969612 26.883811 55.335371 0.000000 0.000000 24.981805 57.462570 0.000000 70.428265 0.000000 0.000000 0.000000 82.240354 0.000000 0.000000 0.000000 0.000000 0.000000 0.000000 0.000000 0.000000 0.000000 0.000000 0.000000 0.000000 0.000000 0.000000 0.000000 83.934878 0.000000 0.000000 0.000000 0.000000 116.720768 56.487185 108.829424 0.000000 0.000000 0.000000 97.678513 85.694534 137.071609 116.662096 0.000000 0.000000 0.000000 126.003332
109.023769 57.760107 52.162137 0.000000 198.314482 163.604580 104.851127 137.538572 131.297942 156.263650 61.058566 175.504549 117.213300 125.601049 170.633619 95.797418 0.000000 57.534100 23.376535 166.088320 58.195881 75.455909 28.179261 136.182649 77.887899 34.179069 75.737907 108.417673 107.146053 74.432924 0.000000 154.689072 123.536572 25.709129 0.000000 68.612515 117.541881 0.000000 0.000000 0.000000 0.000000 0.000000 0.000000 0.000000 0.000000 0.000000 0.000000 0.000000 0.000000 0.000000 124.611673 146.872919 125.047108 0.000000 0.000000 0.000000 139.650943 168.051974 0.000000 114.320720 116.071765 0.000000 0.000000 0.000000 0.000000 0.000000 0.000000 131.042522
141.260804 58.359863 90.597829 0.000000 0.000000 0.000000 150.013972 160.241563 150.425030 164.049532 21.557027 162.092082 62.590008 151.964814 0.000000 0.000000 57.534100 0.000000 20.858740 162.986483 135.690726 0.000000 111.408961 155.731506 48.309475 32.775461 57.786430 172.700486 127.507229 116.093850 48.571630 91.740475 0.000000 43.257523 0.000000 0.000000 0.000000 0.000000 0.000000 0.000000 0.000000 0.000000 0.000000 0.000000 0.000000 0.000000 100.697359 0.000000 0.000000 0.000000 0.000000 114.494704 0.000000 0.000000 0.000000 0.000000 0.000000 214.114184 62.932068 105.903021 102.815102 0.000000 0.000000 0.000000 110.076720 0.000000 0.000000 0.000000
129.577211 59.657500 77.221688 173.231683 200.203660 0.000000 136.122419 155.494260 143.725218 165.888956 33.868807 167.117411 76.034098 145.629947 0.000000 0.000000 23.376535 20.858740 0.000000 168.407254 99.112130 90.724841 92.934365 155.854160 58.608313 36.197975 70.168297 152.969206 126.655589 102.947247 70.153946 102.456573 122.209631 36.028781 0.000000 74.464931 131.991801 0.000000 0.000000 0.000000 0.000000 0.000000 0.000000 0.000000 121.963802 0.000000 122.178476 0.000000 0.000000 0.000000 132.704292 115.243821 126.747861 0.000000 0.000000 0.000000 0.000000 191.387161 63.696444 112.939015 113.287707 224.468205 0.000000 0.000000 139.568781 0.000000 0.000000 170.811544
0.000000 0.000000 0.000000 19.645879 106.576578 77.944094 74.278166 96.861534 54.636817 16.796829 147.897220 25.754254 157.959481 101.113500 44.223940 0.000000 166.088320 162.986483 168.407254 0.000000 0.000000 0.000000 0.000000 31.619982 0.000000 167.360396 180.770070 31.884799 118.104986 0.000000 0.000000 131.384907 0.000000 105.391599 0.000000 0.000000 0.000000 151.962977 0.000000 0.000000 146.889464 0.000000 72.134697 146.113477 0.000000 137.690087 0.000000 0.000000 0.000000 0.000000 0.000000 0.000000 0.000000 82.761355 0.000000 0.000000 0.000000 119.587496 0.000000 0.000000 0.000000 154.019336 0.000000 0.000000 0.000000 0.000000 0.000000 0.000000
79.719068 0.000000 66.662902 0.000000 0.000000 114.981466 74.054288 109.462797 54.700158 99.278330 116.085452 0.000000 0.000000 100.071321 0.000000 20.821160 58.195881 135.690726 99.112130 0.000000 0.000000 55.468565 45.847267 21.897679 0.000000 0.000000 63.410980 30.244008 70.449140 33.172571 0.000000 0.000000 78.933379 45.976308 145.041890 0.000000 0.000000 0.000000 0.000000 0.000000 0.000000 0.000000 0.000000 0.000000 0.000000 0.000000 0.000000 164.890583 0.000000 117.376593 0.000000 0.000000 0.000000 0.000000 134.095225 71.519618 137.384685 125.705145 0.000000 0.000000 0.000000 130.818298 153.826171 129.488931 0.000000 0.000000 134.776370 132.987389
0.000000 15.700887 50.883910 0.000000 125.428714 0.000000 0.000000 0.000000 48.869121 0.000000 90.033451 0.000000 85.091603 0.000000 98.319169 36.969612 75.455909 0.000000 90.724841 0.000000 55.468565 0.000000 47.544722 49.434915 70.827862 79.394143 40.268624 53.428213 75.906888 57.841761 95.377807 0.000000 61.806689 88.637218 0.000000 0.000000 0.000000 0.000000 0.000000 0.000000 0.000000 0.000000 0.000000 0.000000 0.000000 0.000000 0.000000 0.000000 0.000000 80.503857 0.000000 0.000000 0.000000 0.000000 0.000000 46.090677 90.471315 56.043386 0.000000 0.000000 51.870827 0.000000 0.000000 0.000000 0.000000 0.000000 0.000000 0.000000
94.984935 0.000000 36.813704 97.633074 0.000000 126.625262 84.904608 118.339649 130.915679 107.282520 141.741357 0.000000 0.000000 108.116908 0.000000 26.883811 28.179261 111.408961 92.934365 0.000000 45.847267 47.544722 0.000000 78.795527 0.000000 53.430624 58.975419 75.762699 92.630019 62.636840 0.000000 144.408090 0.000000 34.686243 0.000000 60.963321 103.755532 0.000000 0.000000 0.000000 0.000000 0.000000 0.000000 0.000000 0.000000 0.000000 0.000000 0.000000 0.000000 109.802268 121.227542 0.000000 150.748807 0.000000 135.912262 76.684748 115.664487 0.000000 0.000000 107.502402 108.135425 142.959307 158.079842 132.039715 0.000000 0.000000 0.000000 144.281177
94.608688 80.642887 94.933940 26.994549 110.670852 95.662643 59.059131 106.957037 42.587672 67.255577 155.363635 60.921584 147.675634 105.978575 84.817088 55.335371 136.182649 155.731506 155.854160 31.619982 21.897679 49.434915 78.795527 0.000000 129.091335 129.467977 82.918524 25.233280 103.640601 80.625813 0.000000 136.559893 91.089776 85.829479 134.596756 0.000000 0.000000 145.067481 0.000000 159.828805 127.501779 154.713672 62.840556 139.079653 0.000000 0.000000 0.000000 160.380534 0.000000 104.004518 0.000000 0.000000 0.000000 128.352915 125.590336 64.453453 128.198853 106.734705 0.000000 199.935532 197.697990 122.581689 152.745660 126.177816 0.000000 181.841656 132.652566 133.714703
0.000000 25.031445 0.000000 0.000000 189.960419 0.000000 0.000000 0.000000 114.759602 0.000000 33.683246 0.000000 31.656123 0.000000 164.275954 0.000000 77.887899 48.309475 58.608313 0.000000 0.000000 70.827862 0.000000 129.091335 0.000000 41.198666 40.920576 0.000000 0.000000 0.000000 44.658910 0.000000 0.000000 46.284048 0.000000 0.000000 0.000000 0.000000 0.000000 0.000000 0.000000 0.000000 0.000000 0.000000 0.000000 0.000000 64.350893 0.000000 0.000000 0.000000 0.000000 0.000000 0.000000 0.000000 0.000000 0.000000 0.000000 0.000000 71.112044 102.626756 78.345348 0.000000 0.000000 0.000000 85.772098 0.000000 0.000000 0.000000
140.570194 47.524013 35.104582 162.059245 186.292090 156.355007 139.954398 154.176051 126.631265 171.152070 21.573704 166.965597 31.757502 147.847738 162.555522 0.000000 34.179069 32.775461 36.197975 167.360396 0.000000 79.394143 53.430624 129.467977 41.198666 0.000000 37.318081 162.507404 122.922695 123.372957 21.367458 97.239796 0.000000 55.653166 0.000000 60.496215 115.159669 0.000000 0.000000 0.000000 206.772812 0.000000 212.608808 0.000000 103.767683 0.000000 93.781900 173.015350 0.000000 0.000000 117.819093 110.390573 112.279809 0.000000 0.000000 0.000000 175.165080 202.732878 63.824229 102.248060 101.333018 225.005011 0.000000 186.021229 106.795083 0.000000 0.000000 124.308929
0.000000 45.131928 30.800744 157.549929 197.376249 151.776431 123.685278 166.683379 129.404258 163.677635 90.656875 182.817501 37.178863 150.017051 168.779831 24.981805 75.737907 57.786430 70.168297 180.770070 63.410980 40.268624 58.975419 82.918524 40.920576 37.318081 0.000000 69.862747 136.973576 145.715170 45.852226 117.652067 0.000000 75.365082 0.000000 59.701134 104.268768 0.000000 0.000000 0.000000 0.000000 0.000000 0.000000 0.000000 109.561654 0.000000 101.070985 0.000000 0.000000 97.196739 120.455671 110.450713 120.863446 0.000000 0.000000 69.051205 107.626038 165.183789 58.684036 105.552153 100.965481 218.863452 0.000000 0.000000 110.680004 0.000000 0.000000 135.904818
89.146697 0.000000 104.232843 22.686832 127.400737 86.502121 44.332236 101.761239 62.873851 38.114403 166.115016 55.390302 151.760764 95.414186 77.567237 57.462570 108.417673 172.700486 152.969206 31.884799 30.244008 53.428213 75.762699 25.233280 0.000000 162.507404 69.862747 0.000000 104.479789 58.933498 0.000000 137.233394 88.217463 78.471800 149.679054 0.000000 0.000000 164.068677 0.000000 179.843289 144.433027 173.953909 83.435965 159.951095 0.000000 149.349806 0.000000 169.766388 0.000000 111.529544 0.000000 0.000000 0.000000 61.256304 129.327623 70.735975 141.797764 122.958257 0.000000 232.483854 221.796633 143.159341 154.289507 128.841021 0.000000 0.000000 135.332161 142.122718
19.823216 109.213638 149.499272 108.013923 157.933469 113.079856 45.393691 63.710201 95.906821 113.517598 87.442955 116.734951 76.156051 33.326049 140.157000 0.000000 107.146053 127.507229 126.655589 118.104986 70.449140 75.906888 92.630019 103.640601 0.000000 122.922695 136.973576 104.479789 0.000000 34.412066 110.285288 16.718418 30.340185 40.324521 180.362480 0.000000 0.000000 193.617563 0.000000 206.654843 179.809163 207.535247 110.641936 181.437111 0.000000 0.000000 120.873349 206.072579 0.000000 132.014655 0.000000 0.000000 0.000000 0.000000 146.489236 93.414138 0.000000 157.473992 0.000000 0.000000 181.591014 165.442278 191.808628 156.011745 0.000000 0.000000 163.401117 176.842385
44.646703 0.000000 95.422089 0.000000 0.000000 0.000000 30.481394 79.544887 62.606264 0.000000 117.142047 0.000000 0.000000 65.878534 0.000000 70.428265 74.432924 116.093850 102.947247 0.000000 33.172571 57.841761 62.636840 80.625813 0.000000 123.372957 145.715170 58.933498 34.412066 0.000000 0.000000 0.000000 40.075416 37.435078 0.000000 0.000000 0.000000 0.000000 0.000000 0.000000 0.000000 0.000000 0.000000 0.000000 0.000000 0.000000 0.000000 172.436328 0.000000 111.158463 0.000000 0.000000 0.000000 0.000000 131.402555 71.739793 0.000000 121.096273 0.000000 0.000000 0.000000 125.522413 150.808287 126.870301 0.000000 0.000000 132.256595 131.694609
0.000000 66.509985 0.000000 0.000000 0.000000 0.000000 0.000000 0.000000 152.098907 177.208590 36.123748 0.000000 21.956011 0.000000 0.000000 0.000000 0.000000 48.571630 70.153946 0.000000 0.000000 95.377807 0.000000 0.000000 44.658910 21.367458 45.852226 0.000000 110.285288 0.000000 0.000000 105.168298 0.000000 66.979565 0.000000 0.000000 0.000000 0.000000 0.000000 0.000000 0.000000 0.000000 0.000000 0.000000 96.303259 0.000000 94.858593 0.000000 0.000000 0.000000 0.000000 120.945803 0.000000 0.000000 0.000000 0.000000 0.000000 229.909396 71.421738 105.631930 108.735800 0.000000 0.000000 0.000000 108.028782 0.000000 0.000000 0.000000
0.000000 0.000000 0.000000 133.587304 11.821097 90.023065 125.155656 21.486145 108.340863 131.930322 75.912508 124.171721 72.496628 29.836603 62.034035 0.000000 154.689072 91.740475 102.456573 131.384907 0.000000 0.000000 144.408090 136.559893 0.000000 97.239796 117.652067 137.233394 16.718418 0.000000 105.168298 0.000000 0.000000 19.531107 0.000000 0.000000 0.000000 218.429587 0.000000 0.000000 0.000000 0.000000 0.000000 209.026387 0.000000 0.000000 117.470934 203.499969 0.000000 0.000000 0.000000 0.000000 0.000000 0.000000 0.000000 0.000000 0.000000 184.128549 0.000000 0.000000 0.000000 190.745334 220.480983 199.901807 0.000000 0.000000 0.000000 0.000000
0.000000 0.000000 0.000000 91.186430 140.402550 0.000000 82.258856 0.000000 73.655649 98.074219 0.000000 0.000000 0.000000 0.000000 0.000000 0.000000 123.536572 0.000000 122.209631 0.000000 78.933379 61.806689 0.000000 91.089776 0.000000 0.000000 0.000000 88.217463 30.340185 40.075416 0.000000 0.000000 0.000000 30.659918 0.000000 0.000000 0.000000 0.000000 0.000000 0.000000 0.000000 0.000000 0.000000 0.000000 0.000000 0.000000 0.000000 0.000000 0.000000 0.000000 0.000000 0.000000 0.000000 0.000000 131.226709 72.213316 0.000000 130.290840 0.000000 0.000000 0.000000 141.555934 164.869530 134.025853 0.000000 0.000000 0.000000 0.000000
92.199948 62.368589 73.926473 93.999251 20.577568 80.647021 89.738017 107.940183 106.943205 92.370167 30.073041 95.372094 27.014381 76.567309 0.000000 82.240354 25.709129 43.257523 36.028781 105.391599 45.976308 88.637218 34.686243 85.829479 46.284048 55.653166 75.365082 78.471800 40.324521 37.435078 66.979565 19.531107 30.659918 0.000000 0.000000 71.966224 120.605456 179.542418 0.000000 0.000000 161.138834 187.466370 0.000000 168.784505 0.000000 0.000000 83.542023 194.750718 0.000000 121.456305 166.265118 0.000000 148.912873 0.000000 132.976899 0.000000 0.000000 144.788729 0.000000 120.563317 110.500280 150.515897 176.490589 141.035738 0.000000 0.000000 0.000000 169.950618
0.000000 0.000000 0.000000 0.000000 0.000000 0.000000 0.000000 183.346133 0.000000 0.000000 0.000000 0.000000 0.000000 176.098273 0.000000 0.000000 0.000000 0.000000 0.000000 0.000000 145.041890 0.000000 0.000000 134.596756 0.000000 0.000000 0.000000 149.679054 180.362480 0.000000 0.000000 0.000000 0.000000 0.000000 0.000000 0.000000 119.427051 93.097038 0.000000 0.000000 20.801371 59.736771 73.474251 82.911079 127.967439 82.286591 0.000000 18.033079 123.691868 0.000000 112.281813 135.667707 125.966880 0.000000 0.000000 69.119527 100.563357 89.001464 0.000000 128.559496 151.521387 85.006129 23.445489 41.550006 0.000000 0.000000 49.996106 81.378919
0.000000 0.000000 61.974341 0.000000 0.000000 0.000000 0.000000 0.000000 0.000000 0.000000 0.000000 0.000000 86.690118 0.000000 0.000000 0.000000 68.612515 0.000000 74.464931 0.000000 0.000000 0.000000 60.963321 0.000000 0.000000 60.496215 59.701134 0.000000 0.000000 0.000000 0.000000 0.000000 0.000000 71.966224 0.000000 0.000000 43.317957 0.000000 137.407158 156.198965 0.000000 163.961482 71.595836 0.000000 0.000000 0.000000 47.975497 0.000000 121.891025 37.531590 56.692282 97.009229 56.733561 0.000000 0.000000 22.767507 69.714282 69.244972 28.057767 43.260556 31.935544 103.555127 0.000000 0.000000 82.624827 148.319089 0.000000 57.068808
0.000000 63.634803 102.652231 0.000000 0.000000 0.000000 0.000000 0.000000 0.000000 0.000000 0.000000 0.000000 0.000000 0.000000 0.000000 0.000000 117.541881 0.000000 131.991801 0.000000 0.000000 0.000000 103.755532 0.000000 0.000000 115.159669 104.268768 0.000000 0.000000 0.000000 0.000000 0.000000 0.000000 120.605456 119.427051 43.317957 0.000000 127.460103 0.000000 144.310641 106.402847 131.609841 0.000000 124.733531 0.000000 0.000000 0.000000 127.604983 0.000000 0.000000 51.013609 85.991259 65.688749 0.000000 71.494634 0.000000 39.213191 102.812858 0.000000 37.194657 43.129989 108.216048 136.080432 96.562318 89.587237 0.000000 0.000000 74.289585
0.000000 0.000000 0.000000 155.118713 0.000000 177.139280 154.232880 185.214188 97.454158 161.422920 0.000000 150.413259 0.000000 193.511864 0.000000 0.000000 0.000000 0.000000 0.000000 151.962977 0.000000 0.000000 0.000000 145.067481 0.000000 0.000000 0.000000 164.068677 193.617563 0.000000 0.000000 218.429587 0.000000 179.542418 93.097038 0.000000 127.460103 0.000000 0.000000 100.829021 59.783944 113.937341 73.052765 22.214031 171.868457 40.718213 0.000000 116.145992 103.668377 0.000000 160.512779 0.000000 0.000000 18.561481 0.000000 0.000000 116.931302 30.817125 0.000000 152.883128 141.781239 24.685492 120.473612 0.000000 0.000000 130.884186 0.000000 110.412440
0.000000 0.000000 0.000000 0.000000 0.000000 0.000000 0.000000 0.000000 0.000000 0.000000 0.000000 0.000000 0.000000 0.000000 0.000000 0.000000 0.000000 0.000000 0.000000 0.000000 0.000000 0.000000 0.000000 0.000000 0.000000 0.000000 0.000000 0.000000 0.000000 0.000000 0.000000 0.000000 0.000000 0.000000 0.000000 137.407158 0.000000 0.000000 0.000000 12.481341 114.528538 24.634139 68.540090 94.693616 0.000000 84.865896 0.000000 161.668102 20.671029 0.000000 0.000000 0.000000 0.000000 103.112534 0.000000 107.642996 0.000000 110.972089 174.131669 0.000000 170.085732 119.782179 157.407346 0.000000 0.000000 16.982673 0.000000 23.164755
0.000000 0.000000 0.000000 163.622650 0.000000 186.394232 0.000000 207.294115 0.000000 175.933811 0.000000 0.000000 0.000000 207.815081 0.000000 0.000000 0.000000 0.000000 0.000000 0.000000 0.000000 0.000000 0.000000 159.828805 0.000000 0.000000 0.000000 179.843289 206.654843 0.000000 0.000000 0.000000 0.000000 0.000000 0.000000 156.198965 144.310641 100.829021 12.481341 0.000000 64.099129 16.382121 78.315496 22.358909 0.000000 64.410628 0.000000 82.710325 39.565745 0.000000 178.310623 0.000000 0.000000 81.896546 0.000000 130.092464 144.435922 122.606079 193.762921 170.732317 185.332272 99.212901 142.900244 127.506746 0.000000 15.192426 0.000000 61.587097
0.000000 0.000000 0.000000 140.486600 0.000000 147.925480 0.000000 170.126828 81.645474 148.486155 0.000000 149.688330 0.000000 172.192684 0.000000 0.000000 0.000000 0.000000 0.000000 146.889464 0.000000 0.000000 0.000000 127.501779 0.000000 206.772812 0.000000 144.433027 179.809163 0.000000 0.000000 0.000000 0.000000 161.138834 20.801371 0.000000 106.402847 59.783944 114.528538 64.099129 0.000000 66.725574 73.415621 25.896285 133.556813 47.774085 0.000000 45.783560 77.739294 0.000000 106.894627 135.964461 120.555380 69.741448 79.483643 0.000000 92.956293 57.141581 0.000000 119.466325 123.380681 41.930499 76.046799 30.335287 161.097895 131.494222 0.000000 105.288971
0.000000 0.000000 0.000000 169.010460 0.000000 165.996428 0.000000 193.460869 92.620302 165.884895 0.000000 0.000000 0.000000 205.105037 0.000000 0.000000 0.000000 0.000000 0.000000 0.000000 0.000000 0.000000 0.000000 154.713672 0.000000 0.000000 0.000000 173.953909 207.535247 0.000000 0.000000 0.000000 0.000000 187.466370 59.736771 163.961482 131.609841 113.937341 24.634139 16.382121 66.725574 0.000000 86.964303 50.893816 140.483340 97.465107 0.000000 26.276433 64.926370 0.000000 139.594047 162.077178 155.808686 99.080087 110.193517 132.403900 124.403238 97.143207 196.424544 141.944915 179.568059 99.233540 99.502208 85.680319 155.233280 28.446826 0.000000 67.241059
0.000000 0.000000 0.000000 78.008192 0.000000 111.773006 0.000000 109.796542 0.000000 92.240307 0.000000 73.003316 0.000000 116.629456 0.000000 0.000000 0.000000 0.000000 0.000000 72.134697 0.000000 0.000000 0.000000 62.840556 0.000000 212.608808 0.000000 83.435965 110.641936 0.000000 0.000000 0.000000 0.000000 0.000000 73.474251 71.595836 0.000000 73.052765 68.540090 78.315496 73.415621 86.964303 0.000000 69.282820 0.000000 47.447496 132.918305 96.971254 48.851432 0.000000 0.000000 0.000000 0.000000 63.574628 0.000000 35.085464 0.000000 34.985861 107.513444 144.736573 108.975953 66.539745 88.203963 66.743120 148.841181 78.808188 73.806386 78.272996
0.000000 0.000000 0.000000 150.750110 0.000000 166.314194 149.892961 182.028960 88.454991 154.964067 0.000000 147.717423 0.000000 182.371130 0.000000 0.000000 0.000000 0.000000 0.000000 146.113477 0.000000 0.000000 0.000000 139.079653 0.000000 0.000000 0.000000 159.951095 181.437111 0.000000 0.000000 209.026387 0.000000 168.784505 82.911079 0.000000 124.733531 22.214031 94.693616 22.358909 25.896285 50.893816 69.282820 0.000000 150.968021 33.037324 0.000000 86.962265 70.579171 0.000000 140.604466 153.940611 146.897223 19.932999 102.403970 0.000000 110.135675 55.458376 0.000000 138.400891 165.694132 33.002148 109.374573 0.000000 164.480158 128.941270 0.000000 95.215367
0.000000 0.000000 0.000000 0.000000 0.000000 0.000000 0.000000 0.000000 0.000000 0.000000 87.666735 0.000000 81.483004 0.000000 0.000000 0.000000 0.000000 0.000000 121.963802 0.000000 0.000000 0.000000 0.000000 0.000000 0.000000 103.767683 109.561654 0.000000 0.000000 0.000000 96.303259 0.000000 0.000000 0.000000 127.967439 0.000000 0.000000 171.868457 0.000000 0.000000 133.556813 140.483340 0.000000 150.968021 0.000000 153.942473 16.562973 107.973203 0.000000 0.000000 63.394502 23.764733 32.509481 151.736916 102.210812 0.000000 106.796564 145.481834 60.212680 21.441090 57.377753 148.885169 93.772628 112.470557 23.533300 59.216223 0.000000 29.758003
0.000000 0.000000 0.000000 146.084673 0.000000 0.000000 0.000000 186.177461 80.476906 155.996483 0.000000 132.281395 0.000000 0.000000 0.000000 0.000000 0.000000 0.000000 0.000000 137.690087 0.000000 0.000000 0.000000 0.000000 0.000000 0.000000 0.000000 149.349806 0.000000 0.000000 0.000000 0.000000 0.000000 0.000000 82.286591 0.000000 0.000000 40.718213 84.865896 64.410628 47.774085 97.465107 47.447496 33.037324 153.942473 0.000000 0.000000 105.531741 70.364524 0.000000 157.906633 163.875378 157.873105 18.588791 0.000000 0.000000 159.016580 29.190496 0.000000 168.398957 167.819328 53.667544 116.287489 0.000000 171.692056 120.951281 0.000000 95.986424
0.000000 101.787717 0.000000 0.000000 0.000000 0.000000 0.000000 0.000000 0.000000 0.000000 77.701634 183.347874 80.493984 0.000000 0.000000 0.000000 0.000000 100.697359 122.178476 0.000000 0.000000 0.000000 0.000000 0.000000 64.350893 93.781900 101.070985 0.000000 120.873349 0.000000 94.858593 117.470934 0.000000 83.542023 0.000000 47.975497 0.000000 0.000000 0.000000 0.000000 0.000000 0.000000 132.918305 0.000000 16.562973 0.000000 0.000000 109.709155 185.688627 118.869994 105.298216 65.011513 94.613616 176.376147 0.000000 85.566966 0.000000 139.784423 19.612535 32.464459 28.968599 180.519512 94.826031 0.000000 24.733513 121.246737 0.000000 65.778851
0.000000 0.000000 0.000000 187.780081 0.000000 191.204799 0.000000 207.661790 114.855552 186.671433 0.000000 0.000000 0.000000 210.353876 0.000000 0.000000 0.000000 0.000000 0.000000 0.000000 164.890583 0.000000 0.000000 160.380534 0.000000 173.015350 0.000000 169.766388 206.072579 172.436328 0.000000 203.499969 0.000000 194.750718 18.033079 0.000000 127.604983 116.145992 161.668102 82.710325 45.783560 26.276433 96.971254 86.962265 107.973203 105.531741 109.709155 0.000000 136.554870 0.000000 127.173590 129.128694 130.148873 105.273417 106.466968 0.000000 118.029361 109.554244 0.000000 132.358314 126.956241 102.552956 26.213699 69.630831 119.471663 21.422613 0.000000 61.118687
0.000000 0.000000 0.000000 0.000000 0.000000 0.000000 0.000000 0.000000 0.000000 0.000000 0.000000 0.000000 0.000000 0.000000 0.000000 0.000000 0.000000 0.000000 0.000000 0.000000 0.000000 0.000000 0.000000 0.000000 0.000000 0.000000 0.000000 0.000000 0.000000 0.000000 0.000000 0.000000 0.000000 0.000000 123.691868 121.891025 0.000000 103.668377 20.671029 39.565745 77.739294 64.926370 48.851432 70.579171 0.000000 70.364524 185.688627 136.554870 0.000000 0.000000 0.000000 0.000000 0.000000 76.105052 0.000000 91.787454 0.000000 92.897011 157.711601 0.000000 153.866469 103.314401 145.584334 121.864153 0.000000 36.224293 0.000000 0.000000
0.000000 0.000000 0.000000 0.000000 0.000000 0.000000 0.000000 0.000000 0.000000 0.000000 0.000000 0.000000 0.000000 0.000000 0.000000 83.934878 0.000000 0.000000 0.000000 0.000000 117.376593 80.503857 109.802268 104.004518 0.000000 0.000000 97.196739 111.529544 132.014655 111.158463 0.000000 0.000000 0.000000 121.456305 0.000000 37.531590 0.000000 0.000000 0.000000 0.000000 0.000000 0.000000 0.000000 0.000000 0.000000 0.000000 118.869994 0.000000 0.000000 0.000000 101.332150 134.749331 117.466469 0.000000 29.443304 37.185637 26.613328 23.257920 0.000000 102.903885 37.079531 29.598900 104.443138 76.032450 129.048763 130.295812 0.000000 88.855118
0.000000 0.000000 115.236324 0.000000 0.000000 0.000000 0.000000 0.000000 0.000000 0.000000 0.000000 0.000000 0.000000 0.000000 0.000000 0.000000 124.611673 0.000000 132.704292 0.000000 0.000000 0.000000 121.227542 0.000000 0.000000 117.819093 120.455671 0.000000 0.000000 0.000000 0.000000 0.000000 0.000000 166.265118 112.281813 56.692282 51.013609 160.512779 0.000000 178.310623 106.894627 139.594047 0.000000 140.604466 63.394502 157.906633 105.298216 127.173590 0.000000 101.332150 0.000000 50.946902 21.940907 154.068048 77.919142 87.761057 42.945521 124.660170 0.000000 38.409662 71.484788 108.439101 117.429108 74.927787 102.481594 0.000000 0.000000 42.596477
0.000000 0.000000 143.691525 0.000000 0.000000 0.000000 0.000000 0.000000 0.000000 0.000000 0.000000 0.000000 116.640476 0.000000 0.000000 0.000000 146.872919 114.494704 115.243821 0.000000 0.000000 0.000000 0.000000 0.000000 0.000000 110.390573 110.450713 0.000000 0.000000 0.000000 120.945803 0.000000 0.000000 0.000000 135.667707 97.009229 85.991259 0.000000 0.000000 0.000000 135.964461 162.077178 0.000000 153.940611 23.764733 163.875378 65.011513 129.128694 0.000000 134.749331 50.946902 0.000000 24.862546 165.026273 111.769213 0.000000 117.807636 0.000000 69.424669 28.857780 65.780582 135.375467 127.968401 115.917897 53.336252 93.719540 0.000000 49.097215
0.000000 0.000000 126.903591 0.000000 0.000000 0.000000 0.000000 0.000000 0.000000 0.000000 0.000000 0.000000 128.353176 0.000000 0.000000 0.000000 125.047108 0.000000 126.747861 0.000000 0.000000 0.000000 150.748807 0.000000 0.000000 112.279809 120.863446 0.000000 0.000000 0.000000 0.000000 0.000000 0.000000 148.912873 125.966880 56.733561 65.688749 0.000000 0.000000 0.000000 120.555380 155.808686 0.000000 146.897223 32.509481 157.873105 94.613616 130.148873 0.000000 117.466469 21.940907 24.862546 0.000000 155.852426 98.639293 0.000000 97.996550 153.282303 92.929678 42.812125 68.073846 116.765666 123.363775 99.081484 79.683659 0.000000 0.000000 38.200112
0.000000 0.000000 0.000000 57.597565 0.000000 134.898010 0.000000 149.702590 82.961088 153.318411 0.000000 115.490718 0.000000 0.000000 0.000000 0.000000 0.000000 0.000000 0.000000 82.761355 0.000000 0.000000 0.000000 128.352915 0.000000 0.000000 0.000000 61.256304 0.000000 0.000000 0.000000 0.000000 0.000000 0.000000 0.000000 0.000000 0.000000 18.561481 103.112534 81.896546 69.741448 99.080087 63.574628 19.932999 151.736916 18.588791 176.376147 105.273417 76.105052 0.000000 154.068048 165.026273 155.852426 0.000000 0.000000 0.000000 186.146613 16.956666 0.000000 168.430331 175.024723 30.103762 116.782172 0.000000 173.509116 127.635541 0.000000 97.496949
0.000000 0.000000 0.000000 0.000000 0.000000 0.000000 0.000000 0.000000 0.000000 0.000000 0.000000 0.000000 0.000000 166.487531 0.000000 116.720768 0.000000 0.000000 0.000000 0.000000 134.095225 0.000000 135.912262 125.590336 0.000000 0.000000 0.000000 129.327623 146.489236 131.402555 0.000000 0.000000 131.226709 132.976899 0.000000 0.000000 71.494634 0.000000 0.000000 0.000000 79.483643 110.193517 0.000000 102.403970 102.210812 0.000000 0.000000 106.466968 0.000000 29.443304 77.919142 111.769213 98.639293 0.000000 0.000000 58.614811 53.751029 9.848687 0.000000 100.294705 89.476435 33.258648 104.815265 46.640190 0.000000 137.669863 98.155396 79.981809
0.000000 0.000000 72.135507 0.000000 0.000000 0.000000 0.000000 113.137641 0.000000 0.000000 0.000000 0.000000 0.000000 109.628812 0.000000 56.487185 0.000000 0.000000 0.000000 0.000000 71.519618 46.090677 76.684748 64.453453 0.000000 0.000000 69.051205 70.735975 93.414138 71.739793 0.000000 0.000000 72.213316 0.000000 69.119527 22.767507 0.000000 0.000000 107.642996 130.092464 0.000000 132.403900 35.085464 0.000000 0.000000 0.000000 85.566966 0.000000 91.787454 37.185637 87.761057 0.000000 0.000000 0.000000 58.614811 0.000000 52.711361 37.599028 55.486460 93.731453 46.884325 54.496124 81.340197 57.098932 115.578637 120.432103 69.355282 0.000000
0.000000 0.000000 109.863351 0.000000 0.000000 0.000000 0.000000 0.000000 0.000000 0.000000 0.000000 0.000000 0.000000 0.000000 0.000000 108.829424 139.650943 0.000000 0.000000 0.000000 137.384685 90.471315 115.664487 128.198853 0.000000 175.165080 107.626038 141.797764 0.000000 0.000000 0.000000 0.000000 0.000000 0.000000 100.563357 69.714282 39.213191 116.931302 0.000000 144.435922 92.956293 124.403238 0.000000 110.135675 106.796564 159.016580 0.000000 118.029361 0.000000 26.613328 42.945521 117.807636 97.996550 186.146613 53.751029 52.711361 0.000000 77.261182 0.000000 60.312264 66.613142 76.948096 108.458542 59.475587 128.312698 132.378323 0.000000 82.558390
0.000000 89.782597 0.000000 112.515568 115.374844 142.089974 137.676575 159.426144 55.900309 125.230394 207.092724 117.724555 0.000000 158.452524 78.213244 0.000000 168.051974 214.114184 191.387161 119.587496 125.705145 56.043386 0.000000 106.734705 0.000000 202.732878 165.183789 122.958257 157.473992 121.096273 229.909396 184.128549 130.290840 144.788729 89.001464 69.244972 102.812858 30.817125 110.972089 122.606079 57.141581 97.143207 34.985861 55.458376 145.481834 29.190496 139.784423 109.554244 92.897011 23.257920 124.660170 0.000000 153.282303 16.956666 9.848687 37.599028 77.261182 0.000000 106.565836 125.118564 96.533018 20.252049 103.549975 82.406844 161.911211 126.458235 92.829675 93.954302
0.000000 0.000000 0.000000 0.000000 0.000000 0.000000 0.000000 0.000000 0.000000 0.000000 53.803628 0.000000 59.752226 0.000000 0.000000 0.000000 0.000000 62.932068 63.696444 0.000000 0.000000 0.000000 0.000000 0.000000 71.112044 63.824229 58.684036 0.000000 0.000000 0.000000 71.421738 0.000000 0.000000 0.000000 0.000000 28.057767 0.000000 0.000000 174.131669 193.762921 0.000000 196.424544 107.513444 0.000000 60.212680 0.000000 19.612535 0.000000 157.711601 0.000000 0.000000 69.424669 92.929678 0.000000 0.000000 55.486460 0.000000 106.565836 0.000000 38.343055 35.054079 0.000000 0.000000 0.000000 43.768741 180.937234 0.000000 0.000000
0.000000 74.781994 111.178529 0.000000 0.000000 0.000000 0.000000 0.000000 210.565753 233.819434 110.229298 0.000000 102.968567 0.000000 0.000000 0.000000 114.320720 105.903021 112.939015 0.000000 0.000000 0.000000 107.502402 199.935532 102.626756 102.248060 105.552153 232.483854 0.000000 0.000000 105.631930 0.000000 0.000000 120.563317 128.559496 43.260556 37.194657 152.883128 0.000000 170.732317 119.466325 141.944915 144.736573 138.400891 21.441090 168.398957 32.464459 132.358314 0.000000 102.903885 38.409662 28.857780 42.812125 168.430331 100.294705 93.731453 60.312264 125.118564 38.343055 0.000000 46.343418 122.243751 122.012127 117.757480 22.640517 105.469936 0.000000 61.062609
