0.000000 0.000000 0.000107 0.000160 0.000000 0.000000 0.017560 0.003053 0.000000 0.000747 0.000253 0.000000 0.000000 0.063867 0.000000 0.000000 0.004560 0.000520 0.001907 0.000000 0.000133 0.000000 0.001693 0.000720 0.000000 0.000280 0.000000 0.002987 0.059613 0.017213 0.000000 0.000000 0.000000 0.000587 0.000000 0.000000 0.000000 0.000000 0.000000 0.000000 0.000000 0.000000 0.000000 0.000000 0.000000 0.000000 0.000000 0.000000 0.000000 0.000000 0.000000 0.000000 0.000000 0.000000 0.000000 0.000000 0.000000 0.000000 0.000000 0.000000 0.000000 0.000080 0.000000 0.000000 0.000000 0.000000 0.000000 0.000000
0.000000 0.000000 0.000867 0.000000 0.000653 0.000000 0.000000 0.000000 0.003093 0.000000 0.003867 0.000000 0.021587 0.000000 0.000307 0.000000 0.003520 0.000133 0.001453 0.000000 0.000000 0.006880 0.000000 0.004280 0.012120 0.015813 0.040693 0.000000 0.000080 0.000000 0.000467 0.000000 0.000000 0.000560 0.000000 0.000000 0.000160 0.000000 0.000000 0.000000 0.000000 0.000000 0.000000 0.000000 0.000000 0.000000 0.000213 0.000000 0.000000 0.000000 0.000000 0.000000 0.000000 0.000000 0.000000 0.000000 0.000000 0.000107 0.000000 0.000453 0.001227 0.000000 0.000000 0.000000 0.000107 0.000000 0.000000 0.000000
0.000107 0.000867 0.000000 0.000440 0.000000 0.000827 0.011067 0.005893 0.000093 0.003387 0.000440 0.000160 0.000000 0.004240 0.000000 0.000000 0.061120 0.000907 0.005360 0.000000 0.003973 0.000133 0.121200 0.009733 0.000000 0.140760 0.043493 0.010720 0.000907 0.000493 0.000000 0.000000 0.000000 0.001800 0.000000 0.000960 0.020187 0.000000 0.000000 0.000000 0.000000 0.000000 0.000000 0.000000 0.000000 0.000000 0.000000 0.000000 0.000000 0.000000 0.005040 0.000120 0.000427 0.000000 0.000000 0.000160 0.002827 0.000000 0.000000 0.003853 0.006587 0.000000 0.000000 0.000000 0.000000 0.000000 0.000000 0.000213
0.000160 0.000000 0.000440 0.000000 0.000413 0.004880 0.001920 0.007027 0.007547 0.140973 0.000227 0.067387 0.000000 0.003067 0.005253 0.000000 0.000000 0.000000 0.000067 0.146147 0.000000 0.000000 0.000200 0.020507 0.000000 0.000080 0.000213 0.149773 0.004507 0.000000 0.000000 0.000733 0.000160 0.000840 0.000000 0.000000 0.000000 0.003093 0.000000 0.000227 0.000600 0.000187 0.001400 0.005387 0.000000 0.000493 0.000000 0.000067 0.000000 0.000000 0.000000 0.000000 0.000000 0.004080 0.000000 0.000000 0.000000 0.002040 0.000000 0.000000 0.000000 0.007280 0.000107 0.000000 0.000000 0.000000 0.000000 0.000000
0.000000 0.000653 0.000000 0.000413 0.000000 0.002960 0.000240 0.002640 0.000840 0.002280 0.000307 0.001040 0.000853 0.000760 0.003027 0.000000 0.000253 0.000000 0.000147 0.000213 0.000000 0.001253 0.000000 0.013627 0.000147 0.000707 0.002213 0.000440 0.001013 0.000000 0.000000 0.005387 0.000080 0.005373 0.000000 0.000000 0.000000 0.000000 0.000000 0.000000 0.000000 0.000000 0.000000 0.000000 0.000000 0.000000 0.000000 0.000000 0.000000 0.000000 0.000000 0.000000 0.000000 0.000000 0.000000 0.000000 0.000000 0.000413 0.000000 0.000000 0.000000 0.000067 0.000000 0.000000 0.000000 0.000000 0.000000 0.000000
0.000000 0.000000 0.000827 0.004880 0.002960 0.000000 0.018173 0.078213 0.001080 0.123827 0.000173 0.033147 0.000000 0.000907 0.001387 0.000000 0.000120 0.000000 0.000000 0.005227 0.000280 0.000000 0.000440 0.001693 0.000000 0.000120 0.000067 0.011853 0.001133 0.000000 0.000000 0.000933 0.000000 0.000293 0.000000 0.000000 0.000000 0.000640 0.000000 0.000067 0.000213 0.000213 0.000107 0.001627 0.000000 0.000000 0.000000 0.000187 0.000000 0.000000 0.000000 0.000000 0.000000 0.000187 0.000000 0.000000 0.000000 0.000920 0.000000 0.000000 0.000000 0.002080 0.000280 0.000000 0.000000 0.000000 0.000000 0.000093
0.017560 0.000000 0.011067 0.001920 0.000240 0.018173 0.000000 0.072920 0.000333 0.167800 0.000360 0.000907 0.000000 0.202227 0.000000 0.000000 0.003400 0.000200 0.001013 0.000093 0.013147 0.000000 0.019440 0.015427 0.000000 0.000507 0.000800 0.282733 0.011480 0.055987 0.000000 0.000173 0.000093 0.000493 0.000000 0.000000 0.000000 0.000067 0.000000 0.000000 0.000000 0.000000 0.000000 0.000213 0.000000 0.000000 0.000000 0.000000 0.000000 0.000000 0.000000 0.000000 0.000000 0.000000 0.000000 0.000000 0.000000 0.000093 0.000000 0.000000 0.000000 0.000307 0.000000 0.000000 0.000000 0.000000 0.000000 0.000000
0.003053 0.000000 0.005893 0.007027 0.002640 0.078213 0.072920 0.000000 0.004000 0.088333 0.001187 0.036267 0.000107 0.173800 0.000107 0.000000 0.009320 0.001307 0.004533 0.009853 0.003320 0.000000 0.014707 0.005293 0.000000 0.001880 0.000373 0.027867 0.009827 0.007013 0.000000 0.028907 0.000000 0.001173 0.000133 0.000000 0.000000 0.000387 0.000000 0.000120 0.000320 0.000360 0.000400 0.001827 0.000000 0.000120 0.000000 0.000867 0.000000 0.000000 0.000000 0.000000 0.000000 0.000200 0.000000 0.000160 0.000000 0.002467 0.000000 0.000000 0.000067 0.005387 0.002240 0.000173 0.000000 0.000000 0.000000 0.000413
0.000000 0.003093 0.000093 0.007547 0.000840 0.001080 0.000333 0.004000 0.000000 0.009880 0.001480 0.004693 0.003600 0.002320 0.000373 0.000000 0.000973 0.000227 0.000533 0.002707 0.000173 0.004200 0.000067 0.054293 0.000653 0.002640 0.008360 0.008720 0.005640 0.000720 0.000120 0.000893 0.000387 0.000533 0.000000 0.000000 0.000000 0.000960 0.000000 0.000000 0.000467 0.000107 0.000000 0.002960 0.000000 0.000173 0.000000 0.000147 0.000000 0.000000 0.000000 0.000000 0.000000 0.000373 0.000000 0.000000 0.000000 0.001640 0.000000 0.000067 0.000067 0.003733 0.000427 0.000107 0.000000 0.000000 0.000000 0.000000
0.000747 0.000000 0.003387 0.140973 0.002280 0.123827 0.167800 0.088333 0.009880 0.000000 0.000920 0.098600 0.000187 0.020813 0.000253 0.000000 0.000333 0.000320 0.000293 0.175107 0.001880 0.000000 0.002293 0.007853 0.000000 0.000453 0.000547 0.177827 0.013507 0.000000 0.000080 0.002813 0.000093 0.004280 0.000000 0.000000 0.000000 0.004400 0.000000 0.001267 0.001787 0.001760 0.000947 0.012213 0.000000 0.000707 0.000000 0.001040 0.000000 0.000000 0.000000 0.000000 0.000000 0.001653 0.000000 0.000000 0.000000 0.005747 0.000000 0.000133 0.000067 0.014827 0.001320 0.000000 0.000000 0.000093 0.000000 0.000427
0.000253 0.003867 0.000440 0.000227 0.000307 0.000173 0.000360 0.001187 0.001480 0.000920 0.000000 0.001400 0.027880 0.002320 0.000133 0.000000 0.001867 0.066533 0.012080 0.000333 0.000067 0.001013 0.000240 0.000520 0.004800 0.072187 0.002080 0.000547 0.008147 0.000707 0.007173 0.003867 0.000000 0.040520 0.000000 0.000000 0.000000 0.000000 0.000000 0.000000 0.000000 0.000000 0.000000 0.000000 0.000453 0.000000 0.012227 0.000000 0.000000 0.000000 0.000000 0.000000 0.000000 0.000000 0.000000 0.000000 0.000000 0.000227 0.000320 0.000507 0.000947 0.000333 0.000240 0.000000 0.001147 0.000000 0.000000 0.000000
0.000000 0.000000 0.000160 0.067387 0.001040 0.033147 0.000907 0.036267 0.004693 0.098600 0.001400 0.000000 0.000320 0.006347 0.002307 0.000000 0.000107 0.000400 0.000453 0.061787 0.000000 0.000000 0.000000 0.004587 0.000000 0.000560 0.000480 0.016680 0.005520 0.000000 0.000000 0.001720 0.000000 0.001587 0.000000 0.000000 0.000000 0.001240 0.000000 0.000000 0.000200 0.000000 0.000507 0.001507 0.000000 0.000387 0.000093 0.000000 0.000000 0.000000 0.000000 0.000000 0.000000 0.001013 0.000000 0.000000 0.000000 0.000560 0.000000 0.000000 0.000000 0.002613 0.000080 0.000000 0.000000 0.000000 0.000000 0.000000
0.000000 0.021587 0.000000 0.000000 0.000853 0.000000 0.000000 0.000107 0.003600 0.000187 0.027880 0.000320 0.000000 0.000160 0.000547 0.000000 0.000080 0.001107 0.000853 0.000093 0.000000 0.003707 0.000000 0.001280 0.038587 0.013067 0.036840 0.000067 0.000907 0.000000 0.045173 0.000840 0.000000 0.005307 0.000000 0.000240 0.000000 0.000000 0.000000 0.000000 0.000000 0.000000 0.000000 0.000000 0.002080 0.000000 0.027400 0.000000 0.000000 0.000000 0.000000 0.000413 0.000147 0.000000 0.000000 0.000000 0.000000 0.000000 0.000827 0.009053 0.007853 0.000200 0.000000 0.000000 0.008520 0.000000 0.000000 0.000000
0.063867 0.000000 0.004240 0.003067 0.000760 0.000907 0.202227 0.173800 0.002320 0.020813 0.002320 0.006347 0.000160 0.000000 0.000080 0.000000 0.017893 0.002787 0.008147 0.001653 0.002640 0.000000 0.019867 0.006360 0.000000 0.003053 0.000453 0.032787 0.117267 0.029400 0.000000 0.006867 0.000000 0.003920 0.000067 0.000000 0.000000 0.000187 0.000000 0.000080 0.000160 0.000213 0.000333 0.000867 0.000000 0.000000 0.000000 0.000387 0.000000 0.000000 0.000000 0.000000 0.000000 0.000000 0.000067 0.000107 0.000000 0.001280 0.000000 0.000000 0.000000 0.002707 0.001360 0.000107 0.000000 0.000000 0.000000 0.000173
0.000000 0.000307 0.000000 0.005253 0.003027 0.001387 0.000000 0.000107 0.000373 0.000253 0.000133 0.002307 0.000547 0.000080 0.000000 0.000000 0.000107 0.000000 0.000000 0.000827 0.000000 0.000560 0.000000 0.002240 0.000120 0.000440 0.001067 0.000333 0.000133 0.000000 0.000000 0.000067 0.000000 0.000000 0.000000 0.000000 0.000000 0.000000 0.000000 0.000000 0.000000 0.000000 0.000000 0.000000 0.000000 0.000000 0.000000 0.000000 0.000000 0.000000 0.000000 0.000000 0.000000 0.000000 0.000000 0.000000 0.000000 0.000067 0.000000 0.000000 0.000000 0.000000 0.000000 0.000000 0.000000 0.000000 0.000000 0.000000
0.000000 0.000000 0.000000 0.000000 0.000000 0.000000 0.000000 0.000000 0.000000 0.000000 0.000000 0.000000 0.000000 0.000000 0.000000 0.000000 0.000160 0.000000 0.000000 0.000000 0.066693 0.025107 0.132133 0.003813 0.000000 0.000000 0.003307 0.004853 0.000000 0.000573 0.000000 0.000000 0.000000 0.000093 0.000000 0.000000 0.000000 0.000000 0.000000 0.000000 0.000000 0.000000 0.000000 0.000000 0.000000 0.000000 0.000000 0.000000 0.000000 0.020907 0.000000 0.000000 0.000000 0.000000 0.001587 0.009827 0.022267 0.000000 0.000000 0.000000 0.002853 0.000227 0.000240 0.000600 0.000000 0.000000 0.000000 0.000160
0.004560 0.003520 0.061120 0.000000 0.000253 0.000120 0.003400 0.009320 0.000973 0.000333 0.001867 0.000107 0.000080 0.017893 0.000107 0.000160 0.000000 0.001840 0.060947 0.000120 0.018307 0.000187 0.039893 0.001333 0.000080 0.020667 0.092933 0.003773 0.024147 0.035267 0.000000 0.000120 0.000067 0.030293 0.000000 0.002520 0.004693 0.000000 0.000000 0.000000 0.000000 0.000000 0.000000 0.000000 0.000000 0.000000 0.000000 0.000000 0.000000 0.000000 0.005747 0.000147 0.001640 0.000000 0.000000 0.000000 0.000227 0.000067 0.000000 0.010747 0.003933 0.000000 0.000000 0.000000 0.000000 0.000000 0.000000 0.000333
0.000520 0.000133 0.000907 0.000000 0.000000 0.000000 0.000200 0.001307 0.000227 0.000320 0.066533 0.000400 0.001107 0.002787 0.000000 0.000000 0.001840 0.000000 0.041987 0.000107 0.000093 0.000000 0.000187 0.000133 0.000640 0.042600 0.009293 0.000213 0.003747 0.000867 0.001253 0.000413 0.000000 0.008693 0.000000 0.000000 0.000000 0.000000 0.000000 0.000000 0.000000 0.000000 0.000000 0.000000 0.000000 0.000000 0.000547 0.000000 0.000000 0.000000 0.000000 0.000107 0.000000 0.000000 0.000000 0.000000 0.000000 0.000093 0.000253 0.001173 0.001627 0.000000 0.000000 0.000000 0.000760 0.000000 0.000000 0.000000
0.001907 0.001453 0.005360 0.000067 0.000147 0.000000 0.001013 0.004533 0.000533 0.000293 0.012080 0.000453 0.000853 0.008147 0.000000 0.000000 0.060947 0.041987 0.000000 0.000067 0.000400 0.000200 0.001227 0.000413 0.000627 0.062107 0.024587 0.000533 0.010347 0.004947 0.000320 0.000293 0.000187 0.036293 0.000000 0.000413 0.000533 0.000000 0.000000 0.000000 0.000000 0.000000 0.000000 0.000000 0.000067 0.000000 0.000213 0.000000 0.000000 0.000000 0.000600 0.000213 0.000573 0.000000 0.000000 0.000000 0.000000 0.000080 0.000120 0.003200 0.003307 0.000107 0.000000 0.000000 0.000227 0.000000 0.000000 0.000080
0.000000 0.000000 0.000000 0.146147 0.000213 0.005227 0.000093 0.009853 0.002707 0.175107 0.000333 0.061787 0.000093 0.001653 0.000827 0.000000 0.000120 0.000107 0.000067 0.000000 0.000000 0.000000 0.000000 0.000880 0.000000 0.000200 0.000133 0.040360 0.001453 0.000000 0.000000 0.000400 0.000000 0.000360 0.000000 0.000000 0.000000 0.000773 0.000000 0.000000 0.000187 0.000000 0.000493 0.001240 0.000000 0.000147 0.000000 0.000000 0.000000 0.000000 0.000000 0.000000 0.000000 0.001053 0.000000 0.000000 0.000000 0.000573 0.000000 0.000000 0.000000 0.002053 0.000000 0.000000 0.000000 0.000000 0.000000 0.000000
0.000133 0.000000 0.003973 0.000000 0.000000 0.000280 0.013147 0.003320 0.000173 0.001880 0.000067 0.000000 0.000000 0.002640 0.000000 0.066693 0.018307 0.000093 0.000400 0.000000 0.000000 0.000933 0.193067 0.003853 0.000000 0.000000 0.000667 0.078387 0.001773 0.103173 0.000000 0.000000 0.000067 0.029720 0.000080 0.000000 0.000000 0.000000 0.000000 0.000000 0.000000 0.000000 0.000000 0.000000 0.000000 0.000000 0.000000 0.000107 0.000000 0.000933 0.000000 0.000000 0.000000 0.000000 0.002613 0.000653 0.000733 0.000107 0.000000 0.000000 0.000000 0.001013 0.001867 0.001960 0.000000 0.000000 0.000107 0.000213
0.000000 0.006880 0.000133 0.000000 0.001253 0.000000 0.000000 0.000000 0.004200 0.000000 0.001013 0.000000 0.003707 0.000000 0.000560 0.025107 0.000187 0.000000 0.000200 0.000000 0.000933 0.000000 0.006760 0.040507 0.000587 0.001053 0.037947 0.000773 0.000280 0.000213 0.000107 0.000000 0.000107 0.000093 0.000000 0.000000 0.000000 0.000000 0.000000 0.000000 0.000000 0.000000 0.000000 0.000000 0.000000 0.000000 0.000000 0.000000 0.000000 0.000867 0.000000 0.000000 0.000000 0.000000 0.000000 0.000440 0.000813 0.000320 0.000000 0.000000 0.000747 0.000000 0.000000 0.000000 0.000000 0.000000 0.000000 0.000000
0.001693 0.000000 0.121200 0.000200 0.000000 0.000440 0.019440 0.014707 0.000067 0.002293 0.000240 0.000000 0.000000 0.019867 0.000000 0.132133 0.039893 0.000187 0.001227 0.000000 0.193067 0.006760 0.000000 0.007547 0.000000 0.009813 0.150880 0.030640 0.006653 0.036067 0.000000 0.000067 0.000000 0.035960 0.000000 0.000467 0.015813 0.000000 0.000000 0.000000 0.000000 0.000000 0.000000 0.000000 0.000000 0.000000 0.000000 0.000000 0.000000 0.020493 0.001467 0.000000 0.000093 0.000000 0.002747 0.010467 0.054053 0.000000 0.000000 0.000827 0.027840 0.000173 0.000227 0.000680 0.000000 0.000000 0.000000 0.000147
0.000720 0.004280 0.009733 0.020507 0.013627 0.001693 0.015427 0.005293 0.054293 0.007853 0.000520 0.004587 0.001280 0.006360 0.002240 0.003813 0.001333 0.000133 0.000413 0.000880 0.003853 0.040507 0.007547 0.000000 0.000253 0.003267 0.051373 0.082827 0.018213 0.007453 0.000000 0.001027 0.002400 0.004080 0.000307 0.000000 0.000000 0.000347 0.000000 0.000387 0.000520 0.000800 0.002573 0.001640 0.000000 0.000000 0.000000 0.001627 0.000000 0.000427 0.000000 0.000000 0.000000 0.000067 0.001400 0.002427 0.000227 0.005120 0.000000 0.000200 0.000227 0.010840 0.005440 0.001187 0.000000 0.000107 0.000280 0.001213
0.000000 0.012120 0.000000 0.000000 0.000147 0.000000 0.000000 0.000000 0.000653 0.000000 0.004800 0.000000 0.038587 0.000000 0.000120 0.000000 0.000080 0.000640 0.000627 0.000000 0.000000 0.000587 0.000000 0.000253 0.000000 0.004280 0.022080 0.000000 0.000000 0.000000 0.004853 0.000000 0.000000 0.000387 0.000000 0.000000 0.000000 0.000000 0.000000 0.000000 0.000000 0.000000 0.000000 0.000000 0.000000 0.000000 0.000547 0.000000 0.000000 0.000000 0.000000 0.000000 0.000000 0.000000 0.000000 0.000000 0.000000 0.000000 0.000093 0.000573 0.001453 0.000000 0.000000 0.000000 0.000347 0.000000 0.000000 0.000000
0.000280 0.015813 0.140760 0.000080 0.000707 0.000120 0.000507 0.001880 0.002640 0.000453 0.072187 0.000560 0.013067 0.003053 0.000440 0.000000 0.020667 0.042600 0.062107 0.000200 0.000000 0.001053 0.009813 0.003267 0.004280 0.000000 0.233813 0.000293 0.002573 0.000680 0.007907 0.000640 0.000000 0.005960 0.000000 0.004067 0.002813 0.000000 0.000000 0.000000 0.000080 0.000000 0.000093 0.000000 0.000333 0.000000 0.008187 0.000093 0.000000 0.000000 0.005760 0.001893 0.006080 0.000000 0.000000 0.000000 0.000093 0.000267 0.001013 0.044347 0.041267 0.000213 0.000000 0.000093 0.006147 0.000000 0.000000 0.000453
0.000000 0.040693 0.043493 0.000213 0.002213 0.000067 0.000800 0.000373 0.008360 0.000547 0.002080 0.000480 0.036840 0.000453 0.001067 0.003307 0.092933 0.009293 0.024587 0.000133 0.000667 0.037947 0.150880 0.051373 0.022080 0.233813 0.000000 0.060293 0.001040 0.000187 0.001413 0.000173 0.000000 0.011573 0.000000 0.004587 0.038787 0.000000 0.000000 0.000000 0.000000 0.000000 0.000000 0.000000 0.000347 0.000000 0.005040 0.000000 0.000000 0.003880 0.007427 0.001600 0.001800 0.000000 0.000000 0.011560 0.018720 0.000347 0.001853 0.027280 0.061480 0.000253 0.000000 0.000000 0.005693 0.000000 0.000000 0.000413
0.002987 0.000000 0.010720 0.149773 0.000440 0.011853 0.282733 0.027867 0.008720 0.177827 0.000547 0.016680 0.000067 0.032787 0.000333 0.004853 0.003773 0.000213 0.000533 0.040360 0.078387 0.000773 0.030640 0.082827 0.000000 0.000293 0.060293 0.000000 0.040267 0.138227 0.000000 0.001627 0.006707 0.014533 0.000360 0.000000 0.000000 0.001960 0.000000 0.000293 0.000533 0.000293 0.001093 0.003373 0.000000 0.000480 0.000000 0.000680 0.000000 0.000400 0.000000 0.000000 0.000000 0.004413 0.002160 0.000760 0.000160 0.002747 0.000000 0.000093 0.000080 0.009920 0.005093 0.002133 0.000000 0.000000 0.000347 0.000440
0.059613 0.000080 0.000907 0.004507 0.001013 0.001133 0.011480 0.009827 0.005640 0.013507 0.008147 0.005520 0.000907 0.117267 0.000133 0.000000 0.024147 0.003747 0.010347 0.001453 0.001773 0.000280 0.006653 0.018213 0.000000 0.002573 0.001040 0.040267 0.000000 0.074280 0.000147 0.008107 0.056853 0.026680 0.000160 0.000000 0.000000 0.000147 0.000000 0.000147 0.000187 0.000320 0.000480 0.000960 0.000000 0.000000 0.000173 0.000973 0.000000 0.000253 0.000000 0.000000 0.000000 0.000000 0.000627 0.000453 0.000000 0.003280 0.000000 0.000000 0.000080 0.006107 0.003467 0.000547 0.000000 0.000000 0.000093 0.000373
0.017213 0.000000 0.000493 0.000000 0.000000 0.000000 0.055987 0.007013 0.000720 0.000000 0.000707 0.000000 0.000000 0.029400 0.000000 0.000573 0.035267 0.000867 0.004947 0.000000 0.103173 0.000213 0.036067 0.007453 0.000000 0.000680 0.000187 0.138227 0.074280 0.000000 0.000000 0.000000 0.001973 0.013133 0.000000 0.000000 0.000000 0.000000 0.000000 0.000000 0.000000 0.000000 0.000000 0.000000 0.000000 0.000000 0.000000 0.000067 0.000000 0.000213 0.000000 0.000000 0.000000 0.000000 0.000560 0.000467 0.000000 0.000080 0.000000 0.000000 0.000000 0.000547 0.000600 0.000267 0.000000 0.000000 0.000093 0.000147
0.000000 0.000467 0.000000 0.000000 0.000000 0.000000 0.000000 0.000000 0.000120 0.000080 0.007173 0.000000 0.045173 0.000000 0.000000 0.000000 0.000000 0.001253 0.000320 0.000000 0.000000 0.000107 0.000000 0.000000 0.004853 0.007907 0.001413 0.000000 0.000147 0.000000 0.000000 0.000120 0.000000 0.000520 0.000000 0.000000 0.000000 0.000000 0.000000 0.000000 0.000000 0.000000 0.000000 0.000000 0.000253 0.000000 0.005280 0.000000 0.000000 0.000000 0.000000 0.000093 0.000000 0.000000 0.000000 0.000000 0.000000 0.000080 0.000160 0.001547 0.002333 0.000000 0.000000 0.000000 0.002733 0.000000 0.000000 0.000000
0.000000 0.000000 0.000000 0.000733 0.005387 0.000933 0.000173 0.028907 0.000893 0.002813 0.003867 0.001720 0.000840 0.006867 0.000067 0.000000 0.000120 0.000413 0.000293 0.000400 0.000000 0.000000 0.000067 0.001027 0.000000 0.000640 0.000173 0.001627 0.008107 0.000000 0.000120 0.000000 0.000000 0.015507 0.000000 0.000000 0.000000 0.000067 0.000000 0.000000 0.000000 0.000000 0.000000 0.000240 0.000000 0.000000 0.000133 0.000213 0.000000 0.000000 0.000000 0.000000 0.000000 0.000000 0.000000 0.000000 0.000000 0.000560 0.000000 0.000000 0.000000 0.001227 0.000493 0.000067 0.000000 0.000000 0.000000 0.000000
0.000000 0.000000 0.000000 0.000160 0.000080 0.000000 0.000093 0.000000 0.000387 0.000093 0.000000 0.000000 0.000000 0.000000 0.000000 0.000000 0.000067 0.000000 0.000187 0.000000 0.000067 0.000107 0.000000 0.002400 0.000000 0.000000 0.000000 0.006707 0.056853 0.001973 0.000000 0.000000 0.000000 0.002573 0.000000 0.000000 0.000000 0.000000 0.000000 0.000000 0.000000 0.000000 0.000000 0.000000 0.000000 0.000000 0.000000 0.000000 0.000000 0.000000 0.000000 0.000000 0.000000 0.000000 0.000160 0.000133 0.000000 0.000107 0.000000 0.000000 0.000000 0.000493 0.000293 0.000107 0.000000 0.000000 0.000000 0.000000
0.000587 0.000560 0.001800 0.000840 0.005373 0.000293 0.000493 0.001173 0.000533 0.004280 0.040520 0.001587 0.005307 0.003920 0.000000 0.000093 0.030293 0.008693 0.036293 0.000360 0.029720 0.000093 0.035960 0.004080 0.000387 0.005960 0.011573 0.014533 0.026680 0.013133 0.000520 0.015507 0.002573 0.000000 0.000000 0.000093 0.000080 0.000133 0.000000 0.000000 0.000067 0.000107 0.000000 0.000480 0.000000 0.000000 0.000347 0.000427 0.000000 0.000067 0.000080 0.000000 0.000133 0.000000 0.000120 0.000000 0.000000 0.001160 0.000000 0.000693 0.000413 0.002240 0.000973 0.000133 0.000000 0.000000 0.000000 0.000120
0.000000 0.000000 0.000000 0.000000 0.000000 0.000000 0.000000 0.000133 0.000000 0.000000 0.000000 0.000000 0.000000 0.000067 0.000000 0.000000 0.000000 0.000000 0.000000 0.000000 0.000080 0.000000 0.000000 0.000307 0.000000 0.000000 0.000000 0.000360 0.000160 0.000000 0.000000 0.000000 0.000000 0.000000 0.000000 0.000000 0.000147 0.000160 0.000000 0.000000 0.085600 0.000480 0.000573 0.001040 0.002080 0.000067 0.000000 0.050347 0.000080 0.000000 0.000987 0.001200 0.001213 0.000000 0.000000 0.000080 0.000387 0.000907 0.000000 0.002253 0.000147 0.005280 0.061240 0.009613 0.000000 0.000000 0.000147 0.001160
0.000000 0.000000 0.000960 0.000000 0.000000 0.000000 0.000000 0.000000 0.000000 0.000000 0.000000 0.000000 0.000240 0.000000 0.000000 0.000000 0.002520 0.000000 0.000413 0.000000 0.000000 0.000000 0.000467 0.000000 0.000000 0.004067 0.004587 0.000000 0.000000 0.000000 0.000000 0.000000 0.000000 0.000093 0.000000 0.000000 0.009480 0.000000 0.000467 0.000227 0.000000 0.000307 0.003720 0.000000 0.000000 0.000000 0.005080 0.000000 0.000547 0.001133 0.005187 0.000133 0.000733 0.000000 0.000000 0.010733 0.000173 0.007747 0.016960 0.010493 0.092000 0.000213 0.000000 0.000000 0.000253 0.000320 0.000000 0.000400
0.000000 0.000160 0.020187 0.000000 0.000000 0.000000 0.000000 0.000000 0.000000 0.000000 0.000000 0.000000 0.000000 0.000000 0.000000 0.000000 0.004693 0.000000 0.000533 0.000000 0.000000 0.000000 0.015813 0.000000 0.000000 0.002813 0.038787 0.000000 0.000000 0.000000 0.000000 0.000000 0.000000 0.000080 0.000147 0.009480 0.000000 0.000120 0.000000 0.000187 0.017600 0.003813 0.000000 0.001840 0.000000 0.000000 0.000000 0.001787 0.000000 0.000000 0.031027 0.000293 0.002507 0.000000 0.000173 0.000000 0.059507 0.000573 0.000000 0.097240 0.032747 0.006653 0.000160 0.000147 0.000213 0.000000 0.000000 0.000507
0.000000 0.000000 0.000000 0.003093 0.000000 0.000640 0.000067 0.000387 0.000960 0.004400 0.000000 0.001240 0.000000 0.000187 0.000000 0.000000 0.000000 0.000000 0.000000 0.000773 0.000000 0.000000 0.000000 0.000347 0.000000 0.000000 0.000000 0.001960 0.000147 0.000000 0.000000 0.000067 0.000000 0.000133 0.000160 0.000000 0.000120 0.000000 0.000000 0.000920 0.003280 0.001613 0.005280 0.107893 0.000067 0.060213 0.000000 0.002680 0.000080 0.000000 0.000080 0.000000 0.000000 0.072947 0.000000 0.000000 0.000307 0.014533 0.000000 0.000080 0.000067 0.160800 0.001800 0.000000 0.000000 0.000067 0.000000 0.000133
0.000000 0.000000 0.000000 0.000000 0.000000 0.000000 0.000000 0.000000 0.000000 0.000000 0.000000 0.000000 0.000000 0.000000 0.000000 0.000000 0.000000 0.000000 0.000000 0.000000 0.000000 0.000000 0.000000 0.000000 0.000000 0.000000 0.000000 0.000000 0.000000 0.000000 0.000000 0.000000 0.000000 0.000000 0.000000 0.000467 0.000000 0.000000 0.000000 0.007067 0.000133 0.001707 0.000720 0.000560 0.000000 0.000133 0.000000 0.000147 0.012467 0.000000 0.000000 0.000000 0.000000 0.000067 0.000000 0.000653 0.000000 0.000587 0.000213 0.000000 0.001053 0.000320 0.000493 0.000000 0.000000 0.004947 0.000000 0.001040
0.000000 0.000000 0.000000 0.000227 0.000000 0.000067 0.000000 0.000120 0.000000 0.001267 0.000000 0.000000 0.000000 0.000080 0.000000 0.000000 0.000000 0.000000 0.000000 0.000000 0.000000 0.000000 0.000000 0.000387 0.000000 0.000000 0.000000 0.000293 0.000147 0.000000 0.000000 0.000000 0.000000 0.000000 0.000000 0.000227 0.000187 0.000920 0.007067 0.000000 0.021707 0.168133 0.000760 0.545053 0.000000 0.021213 0.000000 0.002360 0.001533 0.000000 0.000107 0.000000 0.000000 0.005933 0.000000 0.000307 0.000213 0.000507 0.000240 0.000320 0.000400 0.003493 0.000960 0.000067 0.000000 0.004760 0.000000 0.000480
0.000000 0.000000 0.000000 0.000600 0.000000 0.000213 0.000000 0.000320 0.000467 0.001787 0.000000 0.000200 0.000000 0.000160 0.000000 0.000000 0.000000 0.000000 0.000000 0.000187 0.000000 0.000000 0.000000 0.000520 0.000000 0.000080 0.000000 0.000533 0.000187 0.000000 0.000000 0.000000 0.000000 0.000067 0.085600 0.000000 0.017600 0.003280 0.000133 0.021707 0.000000 0.105600 0.001160 0.461920 0.003293 0.002627 0.000000 0.271587 0.000107 0.000000 0.021947 0.005413 0.011133 0.000587 0.008853 0.000000 0.048813 0.008240 0.000000 0.028493 0.003267 0.528867 0.020613 0.093813 0.000227 0.000187 0.000000 0.001520
0.000000 0.000000 0.000000 0.000187 0.000000 0.000213 0.000000 0.000360 0.000107 0.001760 0.000000 0.000000 0.000000 0.000213 0.000000 0.000000 0.000000 0.000000 0.000000 0.000000 0.000000 0.000000 0.000000 0.000800 0.000000 0.000000 0.000000 0.000293 0.000320 0.000000 0.000000 0.000000 0.000000 0.000107 0.000480 0.000307 0.003813 0.001613 0.001707 0.168133 0.105600 0.000000 0.000827 0.108600 0.000787 0.016613 0.000000 0.118493 0.000493 0.000000 0.002613 0.000667 0.001733 0.009053 0.000507 0.000267 0.004280 0.002040 0.000173 0.009573 0.000693 0.018493 0.001307 0.000840 0.000147 0.008733 0.000000 0.000867
0.000000 0.000000 0.000000 0.001400 0.000000 0.000107 0.000000 0.000400 0.000000 0.000947 0.000000 0.000507 0.000000 0.000333 0.000000 0.000000 0.000000 0.000000 0.000000 0.000493 0.000000 0.000000 0.000000 0.002573 0.000000 0.000093 0.000000 0.001093 0.000480 0.000000 0.000000 0.000000 0.000000 0.000000 0.000573 0.003720 0.000000 0.005280 0.000720 0.000760 0.001160 0.000827 0.000000 0.004720 0.000000 0.001720 0.000587 0.002320 0.000973 0.000000 0.000000 0.000000 0.000000 0.001813 0.000000 0.009307 0.000000 0.024427 0.002880 0.000187 0.004853 0.015200 0.010213 0.002827 0.000120 0.000520 0.000187 0.000347
0.000000 0.000000 0.000000 0.005387 0.000000 0.001627 0.000213 0.001827 0.002960 0.012213 0.000000 0.001507 0.000000 0.000867 0.000000 0.000000 0.000000 0.000000 0.000000 0.001240 0.000000 0.000000 0.000000 0.001640 0.000000 0.000000 0.000000 0.003373 0.000960 0.000000 0.000000 0.000240 0.000000 0.000480 0.001040 0.000000 0.001840 0.107893 0.000560 0.545053 0.461920 0.108600 0.004720 0.000000 0.000400 0.137853 0.000000 0.054293 0.000760 0.000000 0.000840 0.000320 0.000533 0.097133 0.000200 0.000000 0.002293 0.002387 0.000000 0.003840 0.000867 0.129893 0.019627 0.000000 0.000160 0.000640 0.000000 0.001720
0.000000 0.000000 0.000000 0.000000 0.000000 0.000000 0.000000 0.000000 0.000000 0.000000 0.000453 0.000000 0.002080 0.000000 0.000000 0.000000 0.000000 0.000000 0.000067 0.000000 0.000000 0.000000 0.000000 0.000000 0.000000 0.000333 0.000347 0.000000 0.000000 0.000000 0.000253 0.000000 0.000000 0.000000 0.002080 0.000000 0.000000 0.000067 0.000000 0.000000 0.003293 0.000787 0.000000 0.000400 0.000000 0.000587 0.094253 0.011533 0.000000 0.000000 0.000920 0.199720 0.060280 0.000227 0.000160 0.000000 0.001733 0.000067 0.000093 0.175933 0.003013 0.000347 0.019147 0.011480 0.041107 0.001453 0.000000 0.056467
0.000000 0.000000 0.000000 0.000493 0.000000 0.000000 0.000000 0.000120 0.000173 0.000707 0.000000 0.000387 0.000000 0.000000 0.000000 0.000000 0.000000 0.000000 0.000000 0.000147 0.000000 0.000000 0.000000 0.000000 0.000000 0.000000 0.000000 0.000480 0.000000 0.000000 0.000000 0.000000 0.000000 0.000000 0.000067 0.000000 0.000000 0.060213 0.000133 0.021213 0.002627 0.016613 0.001720 0.137853 0.000587 0.000000 0.000000 0.018493 0.000480 0.000000 0.000133 0.000293 0.000387 0.102787 0.000000 0.000000 0.000093 0.012213 0.000000 0.000787 0.000587 0.022547 0.008387 0.000000 0.000133 0.000547 0.000000 0.001013
0.000000 0.000213 0.000000 0.000000 0.000000 0.000000 0.000000 0.000000 0.000000 0.000000 0.012227 0.000093 0.027400 0.000000 0.000000 0.000000 0.000000 0.000547 0.000213 0.000000 0.000000 0.000000 0.000000 0.000000 0.000547 0.008187 0.005040 0.000000 0.000173 0.000000 0.005280 0.000133 0.000000 0.000347 0.000000 0.005080 0.000000 0.000000 0.000000 0.000000 0.000000 0.000000 0.000587 0.000000 0.094253 0.000000 0.000000 0.001067 0.000093 0.000133 0.000267 0.001160 0.000680 0.000080 0.000000 0.000827 0.000000 0.001147 0.033707 0.011227 0.055960 0.000093 0.000920 0.000000 0.033333 0.000147 0.000000 0.001733
0.000000 0.000000 0.000000 0.000067 0.000000 0.000187 0.000000 0.000867 0.000147 0.001040 0.000000 0.000000 0.000000 0.000387 0.000000 0.000000 0.000000 0.000000 0.000000 0.000000 0.000107 0.000000 0.000000 0.001627 0.000000 0.000093 0.000000 0.000680 0.000973 0.000067 0.000000 0.000213 0.000000 0.000427 0.050347 0.000000 0.001787 0.002680 0.000147 0.002360 0.271587 0.118493 0.002320 0.054293 0.011533 0.018493 0.001067 0.000000 0.000187 0.000000 0.007067 0.007600 0.007760 0.011347 0.000467 0.000000 0.003960 0.004187 0.000000 0.020360 0.003600 0.031173 0.059000 0.010160 0.001813 0.047067 0.000000 0.006920
0.000000 0.000000 0.000000 0.000000 0.000000 0.000000 0.000000 0.000000 0.000000 0.000000 0.000000 0.000000 0.000000 0.000000 0.000000 0.000000 0.000000 0.000000 0.000000 0.000000 0.000000 0.000000 0.000000 0.000000 0.000000 0.000000 0.000000 0.000000 0.000000 0.000000 0.000000 0.000000 0.000000 0.000000 0.000080 0.000547 0.000000 0.000080 0.012467 0.001533 0.000107 0.000493 0.000973 0.000760 0.000000 0.000480 0.000093 0.000187 0.000000 0.000000 0.000000 0.000000 0.000000 0.000280 0.000000 0.000693 0.000000 0.000307 0.000400 0.000000 0.000813 0.000520 0.000387 0.000120 0.000000 0.001707 0.000000 0.000000
0.000000 0.000000 0.000000 0.000000 0.000000 0.000000 0.000000 0.000000 0.000000 0.000000 0.000000 0.000000 0.000000 0.000000 0.000000 0.020907 0.000000 0.000000 0.000000 0.000000 0.000933 0.000867 0.020493 0.000427 0.000000 0.000000 0.003880 0.000400 0.000253 0.000213 0.000000 0.000000 0.000000 0.000067 0.000000 0.001133 0.000000 0.000000 0.000000 0.000000 0.000000 0.000000 0.000000 0.000000 0.000000 0.000000 0.000133 0.000000 0.000000 0.000000 0.001093 0.000147 0.000453 0.000000 0.063800 0.024373 0.089587 0.021800 0.000000 0.000267 0.035987 0.035253 0.000200 0.003453 0.000080 0.000080 0.000000 0.000600
0.000000 0.000000 0.005040 0.000000 0.000000 0.000000 0.000000 0.000000 0.000000 0.000000 0.000000 0.000000 0.000000 0.000000 0.000000 0.000000 0.005747 0.000000 0.000600 0.000000 0.000000 0.000000 0.001467 0.000000 0.000000 0.005760 0.007427 0.000000 0.000000 0.000000 0.000000 0.000000 0.000000 0.000080 0.000987 0.005187 0.031027 0.000080 0.000000 0.000107 0.021947 0.002613 0.000000 0.000840 0.000920 0.000133 0.000267 0.007067 0.000000 0.001093 0.000000 0.007933 0.049160 0.000093 0.005227 0.000187 0.034933 0.002013 0.000000 0.043067 0.138467 0.012227 0.001987 0.010120 0.000147 0.000000 0.000000 0.010093
0.000000 0.000000 0.000120 0.000000 0.000000 0.000000 0.000000 0.000000 0.000000 0.000000 0.000000 0.000000 0.000413 0.000000 0.000000 0.000000 0.000147 0.000107 0.000213 0.000000 0.000000 0.000000 0.000000 0.000000 0.000000 0.001893 0.001600 0.000000 0.000000 0.000000 0.000093 0.000000 0.000000 0.000000 0.001200 0.000133 0.000293 0.000000 0.000000 0.000000 0.005413 0.000667 0.000000 0.000320 0.199720 0.000293 0.001160 0.007600 0.000000 0.000147 0.007933 0.000000 0.155320 0.000360 0.000627 0.000000 0.001693 0.000000 0.000093 0.101347 0.018547 0.001400 0.006827 0.010333 0.007240 0.000160 0.000000 0.014560
0.000000 0.000000 0.000427 0.000000 0.000000 0.000000 0.000000 0.000000 0.000000 0.000000 0.000000 0.000000 0.000147 0.000000 0.000000 0.000000 0.001640 0.000000 0.000573 0.000000 0.000000 0.000000 0.000093 0.000000 0.000000 0.006080 0.001800 0.000000 0.000000 0.000000 0.000000 0.000000 0.000000 0.000133 0.001213 0.000733 0.002507 0.000000 0.000000 0.000000 0.011133 0.001733 0.000000 0.000533 0.060280 0.000387 0.000680 0.007760 0.000000 0.000453 0.049160 0.155320 0.000000 0.000227 0.001573 0.000000 0.005693 0.000320 0.000120 0.093213 0.073413 0.003733 0.005893 0.015187 0.001147 0.000000 0.000000 0.038533
0.000000 0.000000 0.000000 0.004080 0.000000 0.000187 0.000000 0.000200 0.000373 0.001653 0.000000 0.001013 0.000000 0.000000 0.000000 0.000000 0.000000 0.000000 0.000000 0.001053 0.000000 0.000000 0.000000 0.000067 0.000000 0.000000 0.000000 0.004413 0.000000 0.000000 0.000000 0.000000 0.000000 0.000000 0.000000 0.000000 0.000000 0.072947 0.000067 0.005933 0.000587 0.009053 0.001813 0.097133 0.000227 0.102787 0.000080 0.011347 0.000280 0.000000 0.000093 0.000360 0.000227 0.000000 0.000000 0.000000 0.000067 0.004400 0.000000 0.000373 0.000440 0.030013 0.004440 0.000000 0.000067 0.000360 0.000000 0.000493
0.000000 0.000000 0.000000 0.000000 0.000000 0.000000 0.000000 0.000000 0.000000 0.000000 0.000000 0.000000 0.000000 0.000067 0.000000 0.001587 0.000000 0.000000 0.000000 0.000000 0.002613 0.000000 0.002747 0.001400 0.000000 0.000000 0.000000 0.002160 0.000627 0.000560 0.000000 0.000000 0.000160 0.000120 0.000000 0.000000 0.000173 0.000000 0.000000 0.000000 0.008853 0.000507 0.000000 0.000200 0.000160 0.000000 0.000000 0.000467 0.000000 0.063800 0.005227 0.000627 0.001573 0.000000 0.000000 0.007080 0.158333 0.025027 0.000000 0.001520 0.003973 0.077173 0.000907 0.121667 0.000000 0.000080 0.000160 0.013413
0.000000 0.000000 0.000160 0.000000 0.000000 0.000000 0.000000 0.000160 0.000000 0.000000 0.000000 0.000000 0.000000 0.000107 0.000000 0.009827 0.000000 0.000000 0.000000 0.000000 0.000653 0.000440 0.010467 0.002427 0.000000 0.000000 0.011560 0.000760 0.000453 0.000467 0.000000 0.000000 0.000133 0.000000 0.000080 0.010733 0.000000 0.000000 0.000653 0.000307 0.000000 0.000267 0.009307 0.000000 0.000000 0.000000 0.000827 0.000000 0.000693 0.024373 0.000187 0.000000 0.000000 0.000000 0.007080 0.000000 0.007440 0.010427 0.003467 0.000107 0.011080 0.002120 0.002000 0.004827 0.000080 0.000413 0.000347 0.000000
0.000000 0.000000 0.002827 0.000000 0.000000 0.000000 0.000000 0.000000 0.000000 0.000000 0.000000 0.000000 0.000000 0.000000 0.000000 0.022267 0.000227 0.000000 0.000000 0.000000 0.000733 0.000813 0.054053 0.000227 0.000000 0.000093 0.018720 0.000160 0.000000 0.000000 0.000000 0.000000 0.000000 0.000000 0.000387 0.000173 0.059507 0.000307 0.000000 0.000213 0.048813 0.004280 0.000000 0.002293 0.001733 0.000093 0.000000 0.003960 0.000000 0.089587 0.034933 0.001693 0.005693 0.000067 0.158333 0.007440 0.000000 0.003080 0.000000 0.024573 0.184627 0.084680 0.001147 0.041987 0.000107 0.000093 0.000000 0.016573
0.000000 0.000107 0.000000 0.002040 0.000413 0.000920 0.000093 0.002467 0.001640 0.005747 0.000227 0.000560 0.000000 0.001280 0.000067 0.000000 0.000067 0.000093 0.000080 0.000573 0.000107 0.000320 0.000000 0.005120 0.000000 0.000267 0.000347 0.002747 0.003280 0.000080 0.000080 0.000560 0.000107 0.001160 0.000907 0.007747 0.000573 0.014533 0.000587 0.000507 0.008240 0.002040 0.024427 0.002387 0.000067 0.012213 0.001147 0.004187 0.000307 0.021800 0.002013 0.000000 0.000320 0.004400 0.025027 0.010427 0.003080 0.000000 0.002907 0.002107 0.050147 0.300400 0.016627 0.017227 0.000293 0.000280 0.000413 0.001827
0.000000 0.000000 0.000000 0.000000 0.000000 0.000000 0.000000 0.000000 0.000000 0.000000 0.000320 0.000000 0.000827 0.000000 0.000000 0.000000 0.000000 0.000253 0.000120 0.000000 0.000000 0.000000 0.000000 0.000000 0.000093 0.001013 0.001853 0.000000 0.000000 0.000000 0.000160 0.000000 0.000000 0.000000 0.000000 0.016960 0.000000 0.000000 0.000213 0.000240 0.000000 0.000173 0.002880 0.000000 0.000093 0.000000 0.033707 0.000000 0.000400 0.000000 0.000000 0.000093 0.000120 0.000000 0.000000 0.003467 0.000000 0.002907 0.000000 0.003800 0.034240 0.000000 0.000000 0.000000 0.006613 0.000160 0.000000 0.000000
0.000000 0.000453 0.003853 0.000000 0.000000 0.000000 0.000000 0.000000 0.000067 0.000133 0.000507 0.000000 0.009053 0.000000 0.000000 0.000000 0.010747 0.001173 0.003200 0.000000 0.000000 0.000000 0.000827 0.000200 0.000573 0.044347 0.027280 0.000093 0.000000 0.000000 0.001547 0.000000 0.000000 0.000693 0.002253 0.010493 0.097240 0.000080 0.000000 0.000320 0.028493 0.009573 0.000187 0.003840 0.175933 0.000787 0.011227 0.020360 0.000000 0.000267 0.043067 0.101347 0.093213 0.000373 0.001520 0.000107 0.024573 0.002107 0.003800 0.000000 0.112293 0.007827 0.010227 0.009853 0.045453 0.000573 0.000000 0.017693
0.000000 0.001227 0.006587 0.000000 0.000000 0.000000 0.000000 0.000067 0.000067 0.000067 0.000947 0.000000 0.007853 0.000000 0.000000 0.002853 0.003933 0.001627 0.003307 0.000000 0.000000 0.000747 0.027840 0.000227 0.001453 0.041267 0.061480 0.000080 0.000080 0.000000 0.002333 0.000000 0.000000 0.000413 0.000147 0.092000 0.032747 0.000067 0.001053 0.000400 0.003267 0.000693 0.004853 0.000867 0.003013 0.000587 0.055960 0.003600 0.000813 0.035987 0.138467 0.018547 0.073413 0.000440 0.003973 0.011080 0.184627 0.050147 0.034240 0.112293 0.000000 0.081893 0.002573 0.002000 0.033240 0.000667 0.000000 0.033773
0.000080 0.000000 0.000000 0.007280 0.000067 0.002080 0.000307 0.005387 0.003733 0.014827 0.000333 0.002613 0.000200 0.002707 0.000000 0.000227 0.000000 0.000000 0.000107 0.002053 0.001013 0.000000 0.000173 0.010840 0.000000 0.000213 0.000253 0.009920 0.006107 0.000547 0.000000 0.001227 0.000493 0.002240 0.005280 0.000213 0.006653 0.160800 0.000320 0.003493 0.528867 0.018493 0.015200 0.129893 0.000347 0.022547 0.000093 0.031173 0.000520 0.035253 0.012227 0.001400 0.003733 0.030013 0.077173 0.002120 0.084680 0.300400 0.000000 0.007827 0.081893 0.000000 0.058880 0.234240 0.000120 0.000600 0.002480 0.014867
0.000000 0.000000 0.000000 0.000107 0.000000 0.000280 0.000000 0.002240 0.000427 0.001320 0.000240 0.000080 0.000000 0.001360 0.000000 0.000240 0.000000 0.000000 0.000000 0.000000 0.001867 0.000000 0.000227 0.005440 0.000000 0.000000 0.000000 0.005093 0.003467 0.000600 0.000000 0.000493 0.000293 0.000973 0.061240 0.000000 0.000160 0.001800 0.000493 0.000960 0.020613 0.001307 0.010213 0.019627 0.019147 0.008387 0.000920 0.059000 0.000387 0.000200 0.001987 0.006827 0.005893 0.004440 0.000907 0.002000 0.001147 0.016627 0.000000 0.010227 0.002573 0.058880 0.000000 0.079133 0.001520 0.025440 0.072013 0.059013
0.000000 0.000000 0.000000 0.000000 0.000000 0.000000 0.000000 0.000173 0.000107 0.000000 0.000000 0.000000 0.000000 0.000107 0.000000 0.000600 0.000000 0.000000 0.000000 0.000000 0.001960 0.000000 0.000680 0.001187 0.000000 0.000093 0.000000 0.002133 0.000547 0.000267 0.000000 0.000067 0.000107 0.000133 0.009613 0.000000 0.000147 0.000000 0.000000 0.000067 0.093813 0.000840 0.002827 0.000000 0.011480 0.000000 0.000000 0.010160 0.000120 0.003453 0.010120 0.010333 0.015187 0.000000 0.121667 0.004827 0.041987 0.017227 0.000000 0.009853 0.002000 0.234240 0.079133 0.000000 0.000213 0.000067 0.000573 0.012147
0.000000 0.000107 0.000000 0.000000 0.000000 0.000000 0.000000 0.000000 0.000000 0.000000 0.001147 0.000000 0.008520 0.000000 0.000000 0.000000 0.000000 0.000760 0.000227 0.000000 0.000000 0.000000 0.000000 0.000000 0.000347 0.006147 0.005693 0.000000 0.000000 0.000000 0.002733 0.000000 0.000000 0.000000 0.000000 0.000253 0.000213 0.000000 0.000000 0.000000 0.000227 0.000147 0.000120 0.000160 0.041107 0.000133 0.033333 0.001813 0.000000 0.000080 0.000147 0.007240 0.001147 0.000067 0.000000 0.000080 0.000107 0.000293 0.006613 0.045453 0.033240 0.000120 0.001520 0.000213 0.000000 0.000187 0.000000 0.003933
