1.000000000000000000e+00 4.718289930354401807e-01 4.809036676954562828e-01 7.602617029312709329e-01 5.088857057030528319e-02 2.920569210035616758e-01 6.278260811286003884e-01 7.527552778028519243e-02 7.133591804378964785e-01 4.779470232945255415e-01 2.778659862133032732e-01 6.648479929017120371e-01 5.629217358783972225e-01 5.285946392459925924e-01 2.858389601197667829e-01 6.487671394474545661e-01 6.672138502258653237e-01 4.022755422343777254e-01 7.637442448747756574e-01 7.652627089174259822e-01 7.548879434224375906e-01 5.416788265918336398e-01 7.611232171669801705e-01 6.871165101628764482e-01 7.171028131965136998e-01 4.659617370921622093e-01 5.878650338874057413e-01 5.695708549563867074e-01 8.108445481426191925e-01 6.319160907763146096e-01 9.574076573797492273e-02 1.362911911126176434e-01 4.861906699050235758e-01 4.426852409124671373e-01 8.148110472277740879e-01 5.437824268324145116e-01 4.914291221549347832e-01 7.484983536311414776e-01 1.206477738398024219e-01 4.807378563631213297e-01 6.976123636374120807e-01 4.200054515593230203e-02 6.317228043603128063e-01 4.466270879396379012e-01 1.843082782593228330e-01 4.884111006110469777e-01 5.156446807509024177e-01 2.857670158209859035e-01 5.231270548101372986e-02 6.531966582438973878e-01 6.862753823659577534e-01 4.014196196615748002e-01 7.383503397771535859e-01 7.815551899771414623e-01 7.260915993740517660e-01 5.068840531764343682e-01 7.096599644113721350e-01 7.768060646942950287e-01 6.453701378534429933e-01 5.783338038039366191e-01 4.870130056285762454e-01 6.358653169396789595e-01 7.158673203772664140e-01 6.208626840702636818e-01 -1.510206830800087281e-02 4.734903314086008619e-01 4.628149657282091822e-01 6.501967603843801236e-01
4.718289930354401807e-01 1.000000000000000222e+00 6.582337373134242720e-01 5.549497589256611185e-01 3.800688692573771510e-01 5.641710586583915665e-01 7.544016723306342653e-01 4.582473665424064979e-01 6.781541995290067959e-01 5.924068822147569024e-01 6.031607802579099786e-01 4.237906096095879760e-01 4.796533498407976603e-01 5.575026889548602149e-01 4.582305381389837340e-01 6.317963170369335080e-01 7.599689115116969873e-01 5.692256080826886278e-01 6.163747586139771695e-01 3.466835037027639621e-01 6.630127795102052080e-01 7.355133114799540239e-01 7.519886926513311698e-01 6.568370178860204467e-01 6.627904991698180259e-01 8.079652447986143127e-01 7.428984125595480270e-01 7.111860042166725515e-01 6.574681256913632588e-01 7.618705565960031123e-01 1.541878266110046913e-01 4.140178662527631004e-01 6.284987924373208745e-01 7.741117212863291019e-01 5.159067077976534632e-01 8.916473575504614280e-01 6.923353848840426705e-01 5.881808333750815354e-01 4.762018980366831689e-01 6.264018546587682978e-01 7.556658846924567685e-01 4.117433255934031533e-01 7.208176886977637476e-01 5.672710619059341264e-01 4.626054345914159538e-01 5.086699171892856697e-01 4.445617697151841852e-01 5.556487891864098083e-01 4.145543765356280441e-01 6.125765500737256897e-01 6.824910406202326918e-01 4.549299584294121956e-01 5.954255129060707086e-01 3.574732648446136141e-01 6.437716403615459937e-01 7.583328129220112679e-01 7.387665154435866244e-01 6.787818742980114006e-01 6.797898141918822246e-01 7.956160328367742895e-01 7.086228900148570098e-01 7.267783017504495513e-01 7.145316963162955393e-01 7.338956119219756102e-01 1.781061023370123231e-01 5.287666789562353031e-01 5.911223557111310312e-01 7.317062892271201102e-01
4.809036676954562828e-01 6.582337373134242720e-01 9.999999999999997780e-01 6.370890787562254465e-01 3.561937194727948230e-01 6.395609671813478059e-01 6.909724558716691112e-01 5.385921088562000136e-01 5.899545622752190299e-01 6.894124682449738195e-01 6.642415335478483174e-01 5.474997396217466950e-01 6.497305246437042880e-01 6.815602107428843093e-01 5.054028273145835248e-01 6.123066624777522282e-01 5.301839766692918454e-01 5.314381665457975634e-01 5.530957058432615092e-01 3.866691404289599454e-01 7.055235562838113594e-01 4.898615428388043425e-01 7.671598799309048422e-01 5.011552772715655024e-01 5.892731810283611260e-01 7.613833160787556453e-01 8.771128898966508158e-01 5.385334194863161672e-01 6.726279068824803087e-01 5.818098351021442349e-01 3.082321995021917171e-01 3.279147976862449299e-01 6.608928172317620753e-01 6.101589819367040368e-01 5.130144266438174672e-01 6.656017299225193140e-01 8.591200320855006956e-01 6.100309339504661477e-01 3.852835818950415825e-01 6.538645249747121468e-01 6.347989173286844311e-01 4.693207174083181554e-01 5.350578786157161870e-01 6.370942735731970341e-01 6.357811414562819508e-01 5.824826895389777492e-01 6.499622443303815222e-01 6.201311005478337135e-01 5.199514541952433566e-01 6.320713784994835827e-01 4.479736391681373164e-01 5.535119391952759704e-01 4.908730151316494927e-01 4.097977198559067946e-01 6.879900869801114371e-01 5.174371808397690842e-01 7.010446821727468469e-01 6.013401370750325325e-01 6.302326692767922234e-01 7.115504264526546496e-01 8.935661177896300211e-01 6.953537728191317990e-01 6.547734226370083288e-01 5.348391739646058962e-01 3.021512508576092437e-01 5.478975289973303520e-01 6.014254389664258627e-01 6.332813354779514015e-01
7.602617029312709329e-01 5.549497589256611185e-01 6.370890787562254465e-01 1.000000000000000000e+00 1.337814064115573631e-01 4.570524771845797529e-01 6.515589078107741905e-01 2.146881031617521030e-01 6.973758611005396180e-01 7.390939349375087453e-01 5.861577774693723653e-01 8.580348158752615362e-01 7.940563110711585937e-01 6.477749674312638373e-01 4.739605037770491247e-01 6.724016216934607382e-01 6.049242561665562068e-01 6.279175723980034984e-01 7.581731456178580908e-01 8.499301651205192210e-01 8.205698844806882386e-01 5.669992089879258845e-01 7.705382112633769598e-01 6.679125551664509830e-01 7.481069092535446163e-01 5.832108019918561537e-01 6.925513253514526957e-01 6.586027222252371915e-01 8.566524257267683629e-01 5.931485768200969177e-01 3.103006724332975641e-01 1.517517622688516754e-01 5.737998845545780879e-01 5.567062442689806323e-01 7.579009500631602725e-01 5.734903019640755772e-01 5.736553237719604903e-01 9.261068014885016630e-01 1.532752990332618415e-01 5.946323772456524326e-01 6.826037601236654151e-01 1.491967178710872921e-01 5.918414939440056477e-01 7.157952650773987680e-01 5.197170655998999411e-01 7.876658921582793127e-01 7.475878264582486166e-01 4.674633179936684702e-01 2.054418835902641349e-01 6.873010804489331216e-01 6.155315809954369222e-01 6.197256590990913860e-01 7.230944347514607351e-01 8.626198331435813715e-01 7.882498721271677944e-01 5.338168358386672363e-01 7.600307554660739040e-01 7.951449881511601925e-01 6.733247248717819655e-01 6.439726298786921932e-01 6.636376806761147273e-01 7.762048712033486897e-01 7.958397751272248133e-01 6.134429464969074486e-01 1.396934146217348460e-01 4.915937303295612737e-01 6.011089666117470642e-01 7.408872122263842064e-01
5.088857057030528319e-02 3.800688692573771510e-01 3.561937194727948230e-01 1.337814064115573631e-01 1.000000000000000000e+00 7.538942288009232717e-01 4.343971197813598639e-01 7.342808176548714094e-01 1.445450189686791342e-01 4.606509123987048149e-01 3.549795911776297830e-01 2.538479843933491575e-02 8.686180692535663828e-02 4.935791125623835152e-01 4.065123131822332980e-01 1.261491497781916937e-01 1.942274670702152095e-01 1.053478465869607528e-01 1.132326262028766350e-01 -1.028457667100891870e-01 2.400711930971907715e-01 2.758679918620272620e-01 2.646336663742766548e-01 1.752797626813369647e-01 7.545768517978802825e-02 3.889163443343119364e-01 3.595877425924137727e-01 4.011648295696457200e-01 2.711742650904143126e-01 4.010289962140179965e-01 1.975373769971388860e-01 8.482999097014490841e-01 4.806077280384142836e-01 5.154114875162365550e-01 1.053641295429907088e-01 3.540895178179843672e-01 3.475057200192969709e-01 1.597462624389391905e-01 6.760805508954248477e-01 5.625663916537531062e-01 3.362616251200217787e-01 7.312556126766173170e-01 2.947524689452271640e-01 3.672301857010651926e-01 2.905306824555763390e-01 2.881562056268158756e-01 4.693457818910998225e-02 6.345824965698118048e-01 6.051861422027265958e-01 1.548973931649906544e-01 6.714542553127493540e-02 1.145694490078088684e-01 2.827441167131689026e-02 -6.083071652043214872e-02 1.302307729365403122e-01 3.575316931002047727e-01 1.483874625464977060e-01 1.513058116874737846e-01 1.869362634294191028e-01 2.908975355970967458e-01 4.821716766750728245e-01 4.005566615254932961e-01 2.740392743522298558e-01 2.634363132047983780e-01 1.406995956147003568e-01 4.402806656291859411e-01 3.198730172748829315e-01 2.208595693753363232e-01
2.920569210035616758e-01 5.641710586583915665e-01 6.395609671813478059e-01 4.570524771845797529e-01 7.538942288009232717e-01 1.000000000000000000e+00 7.029746602925700527e-01 8.816926992128059082e-01 3.986404639120890714e-01 8.228330732061859276e-01 6.732052593674704433e-01 3.599376752422082104e-01 4.301866374193819564e-01 7.560406504197654254e-01 6.572679349808840943e-01 4.021865244396558015e-01 3.856343757598121869e-01 3.484926519896471286e-01 3.474911517627782276e-01 1.542110503738350624e-01 5.462339893345141695e-01 4.934843224613778556e-01 5.539136418343736379e-01 4.183262511124095639e-01 3.465762036173646865e-01 6.511186893541641707e-01 6.716384025478201458e-01 6.436381438883559403e-01 5.781658896900385702e-01 6.492087115858158342e-01 2.829344710687852760e-01 6.740549396479067479e-01 6.628901989392325111e-01 7.432189060011868964e-01 3.584596244628774908e-01 5.833477079330129378e-01 6.532876256660461456e-01 4.856423655092080294e-01 7.657760022130114530e-01 8.638329644224457260e-01 6.358254233515655551e-01 8.566794988188485283e-01 5.076031737748745165e-01 7.432359109749685500e-01 5.748565414968913601e-01 6.194222029089135884e-01 3.885880724314795809e-01 8.392233873248393650e-01 7.455160511877793050e-01 4.257732912458424002e-01 2.942852375117941954e-01 3.676283715608776870e-01 2.555834310157181211e-01 2.193382629601729195e-01 4.620030267354994780e-01 5.499493254054139690e-01 4.579108051528130163e-01 4.589305416965669404e-01 4.313719502468373879e-01 5.834599187075409921e-01 7.828164694858139594e-01 7.231079516334231183e-01 5.611337234603422930e-01 5.293537110502906096e-01 1.996003489507919559e-01 6.702948856757776630e-01 4.969140711604506655e-01 5.133135555671303196e-01
6.278260811286003884e-01 7.544016723306342653e-01 6.909724558716691112e-01 6.515589078107741905e-01 4.343971197813598639e-01 7.029746602925700527e-01 9.999999999999998890e-01 6.111639289932634389e-01 7.823747579393970364e-01 6.933451829641633646e-01 6.669633354823767402e-01 5.113429928412087655e-01 5.475482456342392057e-01 7.769372217872553277e-01 5.173217670218391850e-01 6.657930758596083409e-01 7.178572549968507133e-01 5.865936665715957288e-01 6.642422254154795036e-01 3.961335724650963952e-01 7.456755317219337931e-01 7.741208670555014271e-01 7.737739656775464159e-01 8.521646779670151162e-01 7.091986368183924583e-01 7.903630591215348167e-01 7.946324372884929765e-01 8.658140982686671761e-01 7.944872838760920208e-01 8.787529757464276337e-01 2.791301271239770565e-01 5.139542200009900030e-01 6.889758334136097950e-01 8.315109876666583189e-01 6.352187958825998848e-01 8.086198158441094686e-01 7.135694876629731231e-01 6.952377221348866598e-01 5.722654229454596786e-01 7.614757888118299789e-01 9.339183235711938647e-01 5.101672253435194371e-01 8.324459595190686345e-01 6.108346927279230121e-01 4.861784577632236037e-01 6.001263993810063146e-01 4.862597003244281124e-01 6.997117117730090596e-01 5.520594408728843883e-01 6.883060164978066497e-01 6.363300246023074758e-01 5.247438091085955270e-01 5.852427833347527697e-01 4.365571670660657322e-01 6.852332029141053882e-01 7.745783095011924413e-01 7.146583848037803000e-01 8.332648810367433434e-01 7.227262888243882744e-01 7.602277443236251653e-01 7.518586550544799074e-01 8.628202430500238052e-01 7.634218983939168313e-01 7.946615489755659567e-01 2.087888512710555644e-01 6.008233621844119021e-01 5.877343920151038015e-01 7.604557067054207309e-01
7.527552778028519243e-02 4.582473665424064979e-01 5.385921088562000136e-01 2.146881031617521030e-01 7.342808176548714094e-01 8.816926992128059082e-01 6.111639289932634389e-01 1.000000000000000222e+00 2.693893956309991178e-01 6.451441551039850397e-01 6.173047495189291078e-01 1.019964039235882747e-01 2.211695459512661721e-01 6.927471501541972998e-01 5.542148036589069626e-01 2.291790918780179376e-01 2.343896111419003503e-01 2.607881053381866931e-01 1.359394128254300116e-01 -9.107357126051258966e-02 3.279153821853289519e-01 3.076546234738524177e-01 3.773894147210192229e-01 2.556354039465925654e-01 1.919700920726945259e-01 5.809498675070197127e-01 5.614803806078657589e-01 4.890827087414441054e-01 3.762081216691944840e-01 5.386695715204102841e-01 2.971747965213162868e-01 6.379114711855948805e-01 5.318242316260657354e-01 6.619940981984424599e-01 1.073448689949449836e-01 4.702704123054219920e-01 5.382386932799562151e-01 2.599707970575513838e-01 7.461189687703705387e-01 6.927932833313178440e-01 4.816294944909624287e-01 8.886411028150742464e-01 4.280855222368566415e-01 5.280834466204020750e-01 4.945401384330614381e-01 4.409949206524299559e-01 1.752940820501386887e-01 7.512430807714526315e-01 7.669759437715960582e-01 2.400478296715427839e-01 1.045183373115128184e-01 2.746796315246733955e-01 2.158422171302678758e-02 -6.673823340923937253e-02 2.247003089193230496e-01 3.724575894242384555e-01 2.406807057042081865e-01 2.519975976186757949e-01 3.244751489351722640e-01 4.639424744394927691e-01 6.798782263241547330e-01 5.434345725195051102e-01 3.288698364067664803e-01 3.620850435768009912e-01 3.220375098051628249e-01 4.954658683103644323e-01 3.144136509647395550e-01 3.223095224814741533e-01
7.133591804378964785e-01 6.781541995290067959e-01 5.899545622752190299e-01 6.973758611005396180e-01 1.445450189686791342e-01 3.986404639120890714e-01 7.823747579393970364e-01 2.693893956309991178e-01 1.000000000000000000e+00 5.538050661347421189e-01 5.443340181847763359e-01 6.095170934035908372e-01 6.100139665910074838e-01 5.257610409405545360e-01 3.785666590880447102e-01 5.693288864053578369e-01 7.628229469858491818e-01 6.047309731944716660e-01 7.110523260588973438e-01 5.536432848979563337e-01 6.630354358658407943e-01 6.695398394228512240e-01 7.054799503434115993e-01 8.327902848815161851e-01 8.154766877063084340e-01 6.322651192150866573e-01 6.562627291965943410e-01 6.580442674481746801e-01 7.514209576220242104e-01 7.316782294954879973e-01 2.118599130074531045e-01 1.940280193638631023e-01 5.264923577531931409e-01 6.241439899739761321e-01 6.646821624511590754e-01 7.230754649796271583e-01 5.776758933124629403e-01 7.309570637271268767e-01 2.981358188361599715e-01 5.837938006124911983e-01 8.095983167621991772e-01 1.693715937769810498e-01 8.564521952955387318e-01 5.216043539937270657e-01 3.866343605441680542e-01 5.423605872719364784e-01 5.737146869522599113e-01 3.934272396494307156e-01 2.294073846171589548e-01 6.143733572532058540e-01 7.635757467272776822e-01 5.087515814868336372e-01 7.434421068105754316e-01 5.906000230277945739e-01 6.708473399769612211e-01 6.713886889600907404e-01 7.274759370167099837e-01 8.744109504402189925e-01 7.693358555248944741e-01 7.140832899990796623e-01 5.925620307401139319e-01 7.063091774473513329e-01 7.505160252797868914e-01 7.445435875437075302e-01 1.534064233897731444e-01 5.587618930845470455e-01 5.525580739005307995e-01 7.631073308909027686e-01
4.779470232945255415e-01 5.924068822147569024e-01 6.894124682449738195e-01 7.390939349375087453e-01 4.606509123987048149e-01 8.228330732061859276e-01 6.933451829641633646e-01 6.451441551039850397e-01 5.538050661347421189e-01 1.000000000000000000e+00 7.831673103083144349e-01 7.218990109639566999e-01 6.881768056281738488e-01 7.677377737389261547e-01 7.098859870659159910e-01 5.158769867092988237e-01 4.686252872617257537e-01 5.684028169751186299e-01 5.528751497747006471e-01 5.173427821015528227e-01 6.695282596464465774e-01 5.148184171210040683e-01 6.623863591815336571e-01 5.154453293401809466e-01 5.661825969194321795e-01 7.102229978209277927e-01 7.315753792298371749e-01 6.617636869123492138e-01 7.365334021658953567e-01 6.362944872772410276e-01 4.262647056892166497e-01 4.051808747032596414e-01 5.995039316953455488e-01 7.251651387944132443e-01 5.367669324008979004e-01 6.054976096604247626e-01 6.688419864083011701e-01 7.238635631490307754e-01 5.367211774107230049e-01 8.507555938352915348e-01 6.658669498785905194e-01 5.874753888151084125e-01 5.368066711676247049e-01 9.452953518336434380e-01 7.189177062001315122e-01 8.744635784537462264e-01 6.619669032981772006e-01 7.325039943915918617e-01 5.614145663655075724e-01 5.342879365641667322e-01 4.443787016414719737e-01 6.245261693896337896e-01 4.805720853481575960e-01 5.799524647894120921e-01 6.055544614123979930e-01 4.997255980168203160e-01 6.103024620876916773e-01 6.160806705037182862e-01 5.866014169373300335e-01 7.029921593939283397e-01 8.053213196773797433e-01 8.040066476032475817e-01 7.037019023699915277e-01 5.777561956350852901e-01 3.078466225320736771e-01 6.072538390327079094e-01 5.531173392605299721e-01 6.675872308739004835e-01
2.778659862133032732e-01 6.031607802579099786e-01 6.642415335478483174e-01 5.861577774693723653e-01 3.549795911776297830e-01 6.732052593674704433e-01 6.669633354823767402e-01 6.173047495189291078e-01 5.443340181847763359e-01 7.831673103083144349e-01 1.000000000000000222e+00 5.577866464507641453e-01 6.850451921223804641e-01 6.928605556064204585e-01 5.426110400960473257e-01 4.425720834956007876e-01 4.582542878191925295e-01 7.004123141470697256e-01 4.573968654211875706e-01 3.055842090701169078e-01 5.432829818516882181e-01 5.123063139535286581e-01 5.674727014634431965e-01 4.644997049720182014e-01 4.809713528620828127e-01 7.497513588847095622e-01 6.660186010400481749e-01 5.911957142209629534e-01 6.715626495090465387e-01 6.248379628018312371e-01 4.951371282034836008e-01 3.542208001499940195e-01 5.565382923090680389e-01 7.242904289669923612e-01 3.984051319910555389e-01 6.133929195017746583e-01 6.446622668054107219e-01 6.091625171479654322e-01 4.872766453431351952e-01 6.999264741226195463e-01 6.418314443921874224e-01 5.099368039616473114e-01 5.487808417293180696e-01 7.683509838727320407e-01 8.540075925875876273e-01 7.390404120683576883e-01 6.895334754972333169e-01 6.926149645779755559e-01 5.397446730772381684e-01 4.400902396318422949e-01 4.295146167287957617e-01 6.863255303287131293e-01 4.210629641176516502e-01 3.629289271758822100e-01 4.913502363716883425e-01 5.321722902001314592e-01 5.613476344552864594e-01 5.674014669009557199e-01 5.883639312589747927e-01 6.970408062699359197e-01 7.395559102529166706e-01 7.021051985757028602e-01 6.640517899608731067e-01 5.972235469492360727e-01 4.171704626075741773e-01 4.802583253912315331e-01 5.732451328075024444e-01 6.616537593359551606e-01
6.648479929017120371e-01 4.237906096095879760e-01 5.474997396217466950e-01 8.580348158752615362e-01 2.538479843933491575e-02 3.599376752422082104e-01 5.113429928412087655e-01 1.019964039235882747e-01 6.095170934035908372e-01 7.218990109639566999e-01 5.577866464507641453e-01 1.000000000000000222e+00 7.405310843619579142e-01 5.682638231252084005e-01 4.497473598861905786e-01 5.309134171214298092e-01 5.175338999291396735e-01 6.663920321692871074e-01 7.076738548310148591e-01 8.285501225177156481e-01 6.945374489473269408e-01 4.895580083941969973e-01 6.534256877487454318e-01 5.194575709992199641e-01 6.271848689100911756e-01 5.346321264617400759e-01 5.461005522248743027e-01 5.293759148408850868e-01 7.480066868606912722e-01 4.706111214909204921e-01 3.701745802133915020e-01 8.009905340617744229e-02 3.565302202728763414e-01 4.586033237212477354e-01 6.914705260441714740e-01 4.282484177280855286e-01 4.625499352161035471e-01 8.033675617128805957e-01 5.579465618380034103e-02 5.562058807122879367e-01 5.453493895217540466e-01 -1.822306228520566632e-02 4.736259423242281108e-01 7.515536469758472560e-01 5.842940525673578911e-01 8.673803754447650949e-01 7.448495062116191612e-01 3.844827702495287047e-01 1.415050602468470864e-01 5.276737629010569419e-01 5.424908483973994722e-01 7.058199825428442820e-01 6.762418574400386184e-01 8.745509680806113906e-01 6.360375528815230828e-01 4.022246902140610425e-01 6.515441812792743814e-01 6.628576984308700570e-01 5.638592029364132285e-01 5.857408345244414782e-01 5.265566331723287030e-01 6.367174569859127553e-01 7.091233427088412533e-01 5.014082172005196458e-01 2.017277315686546724e-01 3.457971557914128469e-01 4.812359460719359827e-01 6.815001331320439393e-01
5.629217358783972225e-01 4.796533498407976603e-01 6.497305246437042880e-01 7.940563110711585937e-01 8.686180692535663828e-02 4.301866374193819564e-01 5.475482456342392057e-01 2.211695459512661721e-01 6.100139665910074838e-01 6.881768056281738488e-01 6.850451921223804641e-01 7.405310843619579142e-01 1.000000000000000000e+00 6.135080284255706173e-01 4.684839993510914735e-01 5.554743811240504536e-01 4.990887594567486318e-01 6.050593903683362251e-01 6.701719911333844371e-01 5.890845989822452999e-01 6.546267078667652450e-01 4.097944299722664496e-01 6.260628171624326166e-01 5.561912723497034472e-01 7.175486011079622584e-01 5.876927602564486763e-01 7.021842806923203062e-01 4.632970512961214204e-01 7.636559425124326284e-01 4.833490793099248228e-01 3.734292367438381000e-01 5.881522004899749495e-02 5.943513973360396996e-01 4.735775380575170113e-01 6.636097185480495098e-01 4.977602750373129603e-01 5.985876096591238316e-01 7.534616073927371538e-01 1.504381001911835603e-01 5.725889377155852777e-01 6.037149022981016522e-01 1.796550010827673016e-01 4.602686882454547490e-01 7.298643074604821424e-01 7.003448571857275873e-01 7.098763882654783863e-01 9.168064371800132006e-01 4.998231281319859831e-01 2.069783869497432427e-01 6.031128046413360977e-01 5.462631306311909185e-01 6.962236694737201637e-01 6.500889230945321451e-01 7.027579311731051437e-01 6.635948492231585893e-01 4.099080110179850189e-01 6.590655112584533626e-01 6.948477635819708675e-01 6.452410570272292256e-01 6.614377383654187481e-01 6.822522329986798750e-01 6.394673880818161349e-01 7.754434201412878647e-01 5.255418379764135173e-01 1.915813425901578826e-01 5.427981085530724226e-01 6.870064680660568079e-01 7.109468370334266485e-01
5.285946392459925924e-01 5.575026889548602149e-01 6.815602107428843093e-01 6.477749674312638373e-01 4.935791125623835152e-01 7.560406504197654254e-01 7.769372217872553277e-01 6.927471501541972998e-01 5.257610409405545360e-01 7.677377737389261547e-01 6.928605556064204585e-01 5.682638231252084005e-01 6.135080284255706173e-01 1.000000000000000222e+00 6.083241213142521753e-01 5.537964538743993526e-01 5.157448947321927601e-01 5.569720338017040140e-01 5.648033508363540234e-01 3.908839417501425162e-01 6.810271881845447739e-01 4.851034012936896733e-01 6.965262767789833775e-01 5.121693384830793283e-01 5.735474627461154551e-01 7.028856980886302175e-01 7.391890090373818278e-01 6.629827532197187789e-01 7.966437641568225869e-01 6.562173117783660636e-01 4.327842962170232455e-01 4.937846697482863867e-01 6.123030856510890407e-01 7.172932922622015095e-01 5.726004289515742585e-01 5.449519872655665953e-01 6.403217192968398974e-01 6.377717176047794645e-01 4.575326793803865533e-01 6.964311822941763319e-01 6.785632859715499121e-01 5.159165698581282822e-01 5.657647912074723617e-01 6.914616217204265780e-01 5.781735773806794265e-01 7.395825911892963678e-01 5.359529087006856818e-01 7.600452897110862027e-01 5.036605074273792226e-01 5.358137376551431741e-01 3.953147003192820086e-01 5.871928142009634755e-01 4.353499697303634397e-01 4.771807599670863098e-01 5.807253366289363283e-01 4.856004082045053405e-01 5.871425327251270643e-01 5.667488134804289368e-01 5.828629180773131635e-01 6.442763872627541577e-01 7.533484632795193203e-01 7.518970061788384784e-01 6.628833852431765816e-01 5.406317440818150244e-01 3.107597301401344714e-01 5.003039047560590147e-01 5.040444620004937981e-01 6.036821413297667194e-01
2.858389601197667829e-01 4.582305381389837340e-01 5.054028273145835248e-01 4.739605037770491247e-01 4.065123131822332980e-01 6.572679349808840943e-01 5.173217670218391850e-01 5.542148036589069626e-01 3.785666590880447102e-01 7.098859870659159910e-01 5.426110400960473257e-01 4.497473598861905786e-01 4.684839993510914735e-01 6.083241213142521753e-01 1.000000000000000000e+00 3.044734431808380215e-01 2.774172642097753050e-01 4.323588687047569823e-01 3.189880537188793386e-01 2.661782814684235943e-01 3.863229751855750127e-01 3.555131690437640102e-01 4.140838612001025987e-01 3.873146326102900328e-01 4.421524333672595120e-01 4.657919810043057440e-01 5.011065110962290570e-01 4.588568851825276518e-01 5.219646398115940222e-01 4.266848911256426735e-01 4.465440241917889019e-01 3.368089000219646745e-01 4.278242244207020595e-01 5.234931408807588227e-01 3.708543943629273310e-01 4.116644976854170190e-01 4.354270833027836796e-01 4.505879989336789015e-01 3.898657954760198496e-01 6.118755494845129483e-01 4.759545254446248541e-01 5.573191381184371407e-01 3.067620669749897000e-01 6.814595471404644167e-01 5.184519429658434042e-01 6.029573443073248384e-01 4.368955518190281162e-01 6.703526087927970112e-01 5.097570034288452234e-01 3.117282884666275899e-01 2.711880930433469006e-01 4.528518475898401507e-01 2.954571580384212082e-01 2.941084358988114156e-01 3.341324813372553160e-01 3.518261256916994095e-01 3.485837072920087709e-01 4.122990017866682844e-01 4.241562162525895907e-01 4.582527086062699317e-01 6.073750525752369400e-01 5.552179339609132347e-01 5.006825844266120651e-01 3.777499601679679686e-01 3.708518489605729385e-01 4.195738762401431399e-01 4.271543463219984460e-01 4.068799328987161013e-01
6.487671394474545661e-01 6.317963170369335080e-01 6.123066624777522282e-01 6.724016216934607382e-01 1.261491497781916937e-01 4.021865244396558015e-01 6.657930758596083409e-01 2.291790918780179376e-01 5.693288864053578369e-01 5.158769867092988237e-01 4.425720834956007876e-01 5.309134171214298092e-01 5.554743811240504536e-01 5.537964538743993526e-01 3.044734431808380215e-01 1.000000000000000000e+00 6.132382848659327923e-01 4.363742030848219433e-01 6.566996111950770265e-01 5.442836387824881994e-01 8.795152591713149004e-01 6.972098107316602178e-01 8.713732237731073305e-01 6.961664817399787486e-01 6.583220280549705317e-01 6.697734887647519564e-01 7.470402191075935505e-01 7.250246613572288723e-01 7.308450727555282356e-01 7.016934871885688318e-01 1.070601946313729930e-01 2.102534889862362755e-01 5.682248230352818785e-01 6.228481167382956540e-01 6.192912150359571877e-01 7.018381842542700255e-01 7.417414208375392448e-01 6.603965267209038759e-01 2.515573101652429089e-01 5.089638397125735292e-01 6.982026046877952696e-01 2.154664976304029311e-01 5.633022040008618392e-01 5.066933156767199353e-01 3.811501389290131714e-01 4.733909102889883869e-01 5.149782860785887539e-01 4.433599820866040986e-01 2.572110366346041510e-01 9.385774440848873024e-01 6.027213444575597601e-01 4.368343595114814737e-01 6.059161420154504096e-01 5.500550497673696304e-01 8.697818995179094070e-01 6.938676225668605202e-01 8.676207939366379351e-01 7.457202674217703331e-01 6.613590694286329841e-01 6.946980093471030182e-01 6.561824744382029895e-01 7.684858785827854977e-01 7.260220894085773757e-01 6.738261241747027785e-01 9.529627596231196596e-02 4.752578742277631663e-01 5.252661747352989074e-01 7.161614994228874265e-01
6.672138502258653237e-01 7.599689115116969873e-01 5.301839766692918454e-01 6.049242561665562068e-01 1.942274670702152095e-01 3.856343757598121869e-01 7.178572549968507133e-01 2.343896111419003503e-01 7.628229469858491818e-01 4.686252872617257537e-01 4.582542878191925295e-01 5.175338999291396735e-01 4.990887594567486318e-01 5.157448947321927601e-01 2.774172642097753050e-01 6.132382848659327923e-01 9.999999999999998890e-01 5.916183529386904727e-01 8.574468101274330678e-01 5.097835274789177529e-01 7.136633560467522397e-01 7.390904221294246623e-01 7.825257605996319699e-01 6.998205459099250403e-01 7.313931588430464537e-01 6.941534937396074412e-01 6.340456614506488897e-01 7.040431616119071645e-01 7.305815155843107256e-01 7.857254127766599705e-01 3.417812078751372717e-02 2.968895847840526403e-01 6.087429599419987847e-01 7.203807884457666955e-01 6.626518085007000458e-01 7.904069907820754359e-01 5.657918163392475774e-01 6.423504294633016753e-01 3.691546266880415539e-01 5.370283101346428056e-01 7.535924316303999060e-01 1.873749314632386920e-01 7.675844382814570599e-01 4.375859674021079782e-01 2.988599403509447638e-01 4.841041452210915752e-01 4.371560267735961625e-01 3.998430265346276657e-01 2.283658379430671126e-01 6.389299521813301963e-01 9.184123581460293950e-01 4.705665108593748980e-01 8.463216372808013421e-01 5.314448555765090010e-01 6.851761393539046452e-01 7.533121063762430181e-01 8.003873920801367614e-01 7.582363877198560198e-01 6.847676153318217329e-01 7.792237136673189069e-01 5.504976886835840633e-01 6.772308464444796172e-01 7.970981294707796261e-01 8.145419179718251801e-01 4.712259032962132915e-02 5.802901580942769755e-01 6.162392953265336537e-01 7.978733409416381983e-01
4.022755422343777254e-01 5.692256080826886278e-01 5.314381665457975634e-01 6.279175723980034984e-01 1.053478465869607528e-01 3.484926519896471286e-01 5.865936665715957288e-01 2.607881053381866931e-01 6.047309731944716660e-01 5.684028169751186299e-01 7.004123141470697256e-01 6.663920321692871074e-01 6.050593903683362251e-01 5.569720338017040140e-01 4.323588687047569823e-01 4.363742030848219433e-01 5.916183529386904727e-01 1.000000000000000000e+00 6.289359252485788865e-01 4.895220300412095327e-01 5.393543416082943187e-01 5.713350431152718345e-01 5.599079237026598488e-01 5.335008909246069519e-01 5.602550276549572716e-01 6.385197099368910001e-01 5.230756627135634274e-01 5.792816978591818211e-01 6.623114394020668261e-01 5.726224209469703563e-01 4.092067676504976270e-01 1.952703345223430753e-01 4.081797685816221377e-01 6.072466676407372033e-01 5.062783255377341085e-01 5.448885827760192591e-01 4.687229932510147412e-01 6.607859974217777932e-01 2.036089259421390296e-01 4.791871784175280036e-01 5.880897322175369091e-01 1.100824794374400811e-01 5.287973632497258158e-01 5.684026667644502817e-01 6.548139166930807553e-01 6.878016012059975370e-01 6.229359636407145739e-01 4.482523724162443823e-01 2.562780424701253668e-01 4.303112220975374158e-01 5.568582671643315107e-01 7.723245572089031397e-01 5.703929726420565727e-01 5.179669499540768829e-01 5.262679383018018520e-01 5.008072426379654996e-01 6.109026106299920711e-01 6.097856421315265285e-01 5.943504920850534168e-01 6.449441458313295295e-01 5.143666210987598575e-01 6.173658281840790352e-01 6.745157225281847024e-01 5.999721447457171397e-01 4.302562082236726093e-01 3.503750898282697035e-01 4.937147782090916537e-01 6.985216372561651177e-01
7.637442448747756574e-01 6.163747586139771695e-01 5.530957058432615092e-01 7.581731456178580908e-01 1.132326262028766350e-01 3.474911517627782276e-01 6.642422254154795036e-01 1.359394128254300116e-01 7.110523260588973438e-01 5.528751497747006471e-01 4.573968654211875706e-01 7.076738548310148591e-01 6.701719911333844371e-01 5.648033508363540234e-01 3.189880537188793386e-01 6.566996111950770265e-01 8.574468101274330678e-01 6.289359252485788865e-01 1.000000000000000222e+00 6.850571234259690279e-01 7.688723792271798807e-01 6.577851363058032641e-01 7.895774380008081517e-01 6.793422150884053101e-01 7.667173689002230175e-01 6.536516131999673407e-01 6.675969296645923867e-01 6.458956944984092230e-01 8.127338679479670924e-01 6.550513575490776175e-01 1.226225031039602092e-01 2.252081684265412886e-01 5.963271032515238268e-01 6.273472142110616545e-01 7.760215018625959971e-01 6.580210829460428901e-01 5.586011561254590196e-01 7.592895137708335351e-01 2.559846391962154466e-01 5.437623830760482946e-01 7.064399026744204724e-01 8.703647330291360007e-02 6.530429525042178440e-01 5.341246717292765789e-01 3.797715235625570007e-01 6.239039553753730205e-01 6.348511111367597382e-01 4.002803516770867542e-01 1.583127654229973813e-01 6.822429464901067497e-01 8.354366889636576365e-01 5.991034739212602878e-01 9.089873409891995326e-01 7.197783555301116021e-01 7.425337330836666583e-01 6.147552190902891844e-01 8.038429417196205629e-01 7.714781541833566347e-01 6.644989870241315710e-01 7.588642240876088962e-01 5.633300600386103030e-01 6.865167609138186355e-01 8.404322824325131114e-01 7.092888025091147464e-01 9.958282642670471252e-02 5.426150477173096176e-01 6.423814719965276199e-01 8.045575910050660751e-01
7.652627089174259822e-01 3.466835037027639621e-01 3.866691404289599454e-01 8.499301651205192210e-01 -1.028457667100891870e-01 1.542110503738350624e-01 3.961335724650963952e-01 -9.107357126051258966e-02 5.536432848979563337e-01 5.173427821015528227e-01 3.055842090701169078e-01 8.285501225177156481e-01 5.890845989822452999e-01 3.908839417501425162e-01 2.661782814684235943e-01 5.442836387824881994e-01 5.097835274789177529e-01 4.895220300412095327e-01 6.850571234259690279e-01 1.000000000000000222e+00 6.841473576856259564e-01 4.095017311148809735e-01 6.264191470100539672e-01 5.027638252925086260e-01 6.069467440824189985e-01 3.467876060253775594e-01 4.231459715540988875e-01 4.649015049413456335e-01 6.847067015107014543e-01 3.903943859151191020e-01 1.702793212473631135e-01 -2.235916552996116205e-02 3.022750010776579233e-01 3.082686728257600373e-01 6.871133766742641980e-01 3.428072152928977046e-01 3.409565587092405203e-01 8.085605964833877390e-01 -1.042068307217055012e-01 3.578100495876792020e-01 4.700838240676825652e-01 -1.374651487290885488e-01 4.354768208157466236e-01 5.091967175046384630e-01 2.766299219803016185e-01 6.368334331478699983e-01 5.958938401038473831e-01 1.696400513358732043e-01 -3.846347043008881833e-02 5.254016023166959704e-01 5.320857876077079718e-01 4.842629456294976764e-01 6.649471373922593020e-01 9.171094260628552819e-01 6.416088826005992285e-01 3.444832433244459091e-01 6.188585179540541104e-01 6.343163700389063964e-01 4.901458800744422639e-01 4.471639040420640754e-01 3.568652312113478886e-01 5.583182573117422276e-01 6.097323919395765124e-01 4.241593591241947792e-01 4.158927906577231798e-02 2.666068519860081421e-01 3.941795576962996983e-01 5.515519082277628993e-01
7.548879434224375906e-01 6.630127795102052080e-01 7.055235562838113594e-01 8.205698844806882386e-01 2.400711930971907715e-01 5.462339893345141695e-01 7.456755317219337931e-01 3.279153821853289519e-01 6.630354358658407943e-01 6.695282596464465774e-01 5.432829818516882181e-01 6.945374489473269408e-01 6.546267078667652450e-01 6.810271881845447739e-01 3.863229751855750127e-01 8.795152591713149004e-01 7.136633560467522397e-01 5.393543416082943187e-01 7.688723792271798807e-01 6.841473576856259564e-01 1.000000000000000000e+00 7.306042750545848063e-01 9.487772330812507260e-01 7.256268687402024353e-01 7.095047666959564125e-01 7.057365433250925024e-01 7.774376749230510475e-01 7.881229820348338855e-01 8.566552431471157192e-01 7.597990750701154594e-01 1.676380379619440697e-01 2.995609906766674713e-01 6.435544863825080064e-01 6.962364884717349156e-01 7.041586576846142753e-01 7.110293339531382761e-01 7.372915921740458289e-01 8.035201407865872891e-01 3.308966912826723505e-01 6.605694633372197755e-01 7.584636053573285963e-01 2.859175227683968812e-01 6.437686567597836751e-01 6.407205513578032585e-01 4.484572046791000521e-01 6.525995792730245881e-01 6.013149160043624875e-01 5.266889981432530954e-01 3.265821811668565555e-01 8.780331840382187281e-01 6.658624464368467777e-01 5.086457624341448325e-01 7.054677021706159401e-01 7.045147329411809434e-01 9.164270951700947965e-01 7.228405232153336524e-01 9.000278457262237408e-01 8.172715058607092908e-01 6.934264098573434953e-01 7.302992891288062616e-01 7.221885574550909181e-01 8.452643401216882735e-01 8.114756696928105972e-01 7.199714287936418433e-01 6.875667213362209040e-02 5.927623167861714171e-01 5.962745228644994455e-01 7.882971736788959571e-01
5.416788265918336398e-01 7.355133114799540239e-01 4.898615428388043425e-01 5.669992089879258845e-01 2.758679918620272620e-01 4.934843224613778556e-01 7.741208670555014271e-01 3.076546234738524177e-01 6.695398394228512240e-01 5.148184171210040683e-01 5.123063139535286581e-01 4.895580083941969973e-01 4.097944299722664496e-01 4.851034012936896733e-01 3.555131690437640102e-01 6.972098107316602178e-01 7.390904221294246623e-01 5.713350431152718345e-01 6.577851363058032641e-01 4.095017311148809735e-01 7.306042750545848063e-01 9.999999999999997780e-01 7.432266897603585498e-01 8.030990044471244538e-01 5.683096789954489303e-01 6.919101046185200943e-01 5.792377032672180182e-01 8.711487848016307156e-01 6.918526218054252830e-01 8.450992556681360401e-01 9.710783309685601383e-02 4.217946658108733260e-01 5.748103706617231357e-01 7.827316123190810604e-01 5.629624402189061794e-01 8.179039923932684975e-01 6.269682314452369454e-01 6.339307417762981567e-01 5.067802730751326257e-01 6.344389304141643260e-01 8.335930226345855676e-01 3.042790297320996928e-01 7.137546020142856440e-01 4.920960883812673936e-01 3.705570066767143178e-01 4.958267222434412091e-01 3.958665202776325831e-01 5.056076283026349483e-01 3.785252407591676027e-01 6.972499424641651622e-01 7.226713016997047268e-01 4.502455675055444528e-01 6.257919313884489076e-01 4.439109039449485872e-01 7.211727629017437025e-01 9.264843823950611457e-01 7.890640534443533749e-01 7.914939540063500312e-01 6.273163037260358621e-01 7.251118051927822883e-01 5.284339399153380468e-01 7.878161701954022877e-01 7.490075871134395102e-01 8.681581060485104029e-01 1.007943945395732149e-01 5.434202615494420074e-01 5.630582147179608032e-01 7.812643117915352153e-01
7.611232171669801705e-01 7.519886926513311698e-01 7.671598799309048422e-01 7.705382112633769598e-01 2.646336663742766548e-01 5.539136418343736379e-01 7.737739656775464159e-01 3.773894147210192229e-01 7.054799503434115993e-01 6.623863591815336571e-01 5.674727014634431965e-01 6.534256877487454318e-01 6.260628171624326166e-01 6.965262767789833775e-01 4.140838612001025987e-01 8.713732237731073305e-01 7.825257605996319699e-01 5.599079237026598488e-01 7.895774380008081517e-01 6.264191470100539672e-01 9.487772330812507260e-01 7.432266897603585498e-01 1.000000000000000000e+00 7.147137341699402180e-01 7.421272851530085202e-01 7.839466744769183482e-01 8.332928771842256221e-01 7.691951397876125585e-01 8.607600853456272016e-01 7.986273954509968132e-01 1.809955763009062912e-01 3.363758940949266862e-01 6.737983026773466388e-01 7.463399198948531543e-01 7.151271295598559119e-01 7.971040397300798164e-01 7.981709102569763958e-01 7.556382559207179828e-01 3.746887752493319734e-01 6.751460671099315247e-01 7.870537481152938275e-01 3.267495533555658249e-01 6.878128026903690406e-01 6.185430951934000054e-01 4.634571545284601468e-01 6.226058066795242540e-01 5.853127002450578820e-01 5.507873625970641784e-01 3.653662734342837948e-01 8.585880019442921895e-01 7.244795113235384942e-01 5.379942593293717268e-01 7.260080479443858925e-01 6.381842420046488495e-01 8.925128272829141451e-01 7.398976942780717270e-01 9.228259624102073122e-01 8.059128236035580928e-01 7.475282771392894876e-01 8.064131885946430600e-01 7.771675249629315108e-01 8.328638568650515994e-01 8.256072018320814720e-01 7.558270291748149239e-01 1.428223696663052100e-01 5.965488708299555576e-01 6.233948019552967290e-01 8.125068233700601938e-01
