0.000000 0.000000 95.007889 0.000000 0.000000 84.023115 33.356272 47.113550 0.000000 80.579189 107.514350 0.000000 0.000000 17.855666 0.000000 0.000000 100.774950 130.818286 123.309439 0.000000 78.895274 0.000000 87.731960 98.968315 0.000000 130.661208 128.762451 101.603174 22.181693 40.301816 0.000000 83.020329 36.469720 60.228134 0.000000 0.000000 0.000000 0.000000 0.000000 0.000000 0.000000 0.000000 0.000000 0.000000 0.000000 0.000000 0.000000 0.000000 0.000000 0.000000 0.000000 0.000000 0.000000 0.000000 0.000000 0.000000 0.000000 0.000000 0.000000 0.000000 0.000000 0.000000 0.000000 0.000000 0.000000 0.000000 0.000000 0.000000
0.000000 0.000000 42.540227 0.000000 131.472586 0.000000 0.000000 0.000000 61.121912 0.000000 67.228937 0.000000 52.912777 0.000000 110.934995 0.000000 0.000000 0.000000 0.000000 0.000000 0.000000 26.681316 0.000000 77.946017 33.885382 44.887277 30.758565 98.501692 0.000000 0.000000 66.360536 134.404946 0.000000 0.000000 0.000000 0.000000 58.543876 0.000000 0.000000 0.000000 0.000000 0.000000 0.000000 0.000000 110.470460 0.000000 115.374462 0.000000 0.000000 0.000000 0.000000 0.000000 63.385386 0.000000 0.000000 0.000000 59.097470 0.000000 0.000000 69.187480 42.778177 0.000000 0.000000 0.000000 0.000000 0.000000 0.000000 0.000000
95.007889 42.540227 0.000000 0.000000 0.000000 126.756949 97.330559 121.097498 0.000000 114.044370 99.008222 0.000000 0.000000 109.062302 0.000000 83.645910 48.319706 92.161982 62.479165 0.000000 67.614343 46.622863 27.544134 105.883542 0.000000 40.609260 37.575161 87.072311 105.199427 85.369815 115.553988 170.498859 0.000000 55.826783 0.000000 50.982083 99.391637 0.000000 0.000000 0.000000 0.000000 0.000000 0.000000 0.000000 0.000000 0.000000 0.000000 0.000000 0.000000 0.000000 111.384375 0.000000 121.745501 0.000000 0.000000 0.000000 106.234888 0.000000 0.000000 109.608500 92.288087 0.000000 0.000000 0.000000 0.000000 0.000000 0.000000 101.822320
0.000000 0.000000 0.000000 0.000000 120.290393 88.894339 50.587933 114.064478 58.922485 18.976180 170.054689 40.025129 152.759109 120.869630 93.307204 0.000000 0.000000 0.000000 185.505371 18.437907 0.000000 0.000000 0.000000 22.829167 0.000000 0.000000 0.000000 23.810007 119.356729 0.000000 0.000000 138.728920 0.000000 105.440740 0.000000 0.000000 0.000000 47.415471 159.647133 183.806902 173.263041 179.043571 95.929335 166.422857 0.000000 0.000000 0.000000 0.000000 0.000000 0.000000 0.000000 0.000000 0.000000 135.379493 0.000000 0.000000 0.000000 135.098639 0.000000 0.000000 0.000000 158.950160 0.000000 0.000000 0.000000 0.000000 0.000000 0.000000
0.000000 131.472586 0.000000 120.290393 0.000000 22.648466 145.459818 52.177826 63.161695 114.890555 100.843444 91.423282 185.502485 0.000000 26.796270 0.000000 0.000000 0.000000 0.000000 104.973586 0.000000 99.392519 0.000000 98.985775 169.939248 191.712178 183.805853 117.137448 0.000000 0.000000 202.935358 16.319132 0.000000 37.152249 0.000000 0.000000 0.000000 0.000000 0.000000 0.000000 0.000000 0.000000 0.000000 0.000000 0.000000 0.000000 0.000000 0.000000 0.000000 0.000000 0.000000 0.000000 0.000000 0.000000 0.000000 0.000000 0.000000 0.000000 0.000000 0.000000 0.000000 175.019324 0.000000 0.000000 0.000000 0.000000 0.000000 0.000000
84.023115 0.000000 126.756949 88.894339 22.648466 0.000000 54.931867 30.939311 66.486734 41.655727 105.755740 45.648731 97.825211 64.543776 22.000582 0.000000 143.093376 131.904099 0.000000 71.625070 115.544872 0.000000 115.220642 96.737597 0.000000 147.106568 180.594717 78.683365 80.640649 97.164626 0.000000 34.318295 0.000000 49.161558 0.000000 0.000000 0.000000 0.000000 0.000000 0.000000 0.000000 0.000000 0.000000 0.000000 0.000000 0.000000 0.000000 0.000000 0.000000 0.000000 0.000000 0.000000 0.000000 0.000000 0.000000 0.000000 0.000000 0.000000 0.000000 0.000000 0.000000 0.000000 0.000000 0.000000 0.000000 0.000000 0.000000 0.000000
33.356272 0.000000 97.330559 50.587933 145.459818 54.931867 0.000000 61.945317 63.808775 28.534257 151.703369 48.015345 132.179280 46.984799 79.657804 0.000000 114.984136 0.000000 141.786223 47.737615 74.784396 0.000000 83.812657 56.259568 0.000000 135.274961 129.387479 38.053519 85.859495 22.700600 0.000000 123.728430 79.123655 85.547321 0.000000 0.000000 190.607554 144.637184 0.000000 0.000000 0.000000 163.501219 75.952787 156.129387 0.000000 0.000000 0.000000 173.509220 0.000000 0.000000 0.000000 0.000000 0.000000 157.531967 0.000000 0.000000 0.000000 129.263768 0.000000 0.000000 172.155637 143.417606 178.769862 0.000000 0.000000 0.000000 0.000000 146.813650
47.113550 0.000000 121.097498 114.064478 52.177826 30.939311 61.945317 0.000000 0.000000 57.238372 96.222027 94.358568 78.537079 28.842959 40.845632 0.000000 127.513909 143.472985 149.094510 92.055673 102.957843 0.000000 111.496754 99.353616 0.000000 152.838185 144.036701 106.598433 60.237126 72.157346 0.000000 30.168295 0.000000 64.256974 0.000000 0.000000 0.000000 0.000000 0.000000 0.000000 0.000000 0.000000 0.000000 0.000000 0.000000 0.000000 0.000000 0.000000 0.000000 0.000000 0.000000 0.000000 0.000000 0.000000 0.000000 0.000000 0.000000 157.624127 0.000000 0.000000 0.000000 165.571317 0.000000 0.000000 0.000000 0.000000 0.000000 0.000000
0.000000 61.121912 0.000000 58.922485 63.161695 66.486734 63.808775 0.000000 0.000000 78.020719 134.516565 0.000000 125.689837 87.534671 38.794356 0.000000 0.000000 0.000000 0.000000 63.065946 0.000000 28.020363 0.000000 42.603050 101.611095 124.207081 123.091348 62.198914 92.069534 0.000000 135.078860 77.718427 0.000000 135.674963 0.000000 0.000000 0.000000 96.799307 0.000000 0.000000 0.000000 0.000000 0.000000 0.000000 0.000000 0.000000 0.000000 0.000000 0.000000 0.000000 0.000000 0.000000 0.000000 0.000000 0.000000 20.694427 0.000000 63.481839 0.000000 156.933784 0.000000 92.851463 0.000000 0.000000 0.000000 0.000000 0.000000 0.000000
80.579189 0.000000 114.044370 18.976180 114.890555 41.655727 28.534257 57.238372 78.020719 0.000000 155.416559 34.507832 147.115784 76.815392 78.817149 0.000000 151.614137 174.542541 161.086235 18.646615 0.000000 0.000000 98.339537 57.893873 0.000000 164.878092 180.983274 34.074822 109.577408 0.000000 0.000000 125.950681 0.000000 96.936415 0.000000 0.000000 0.000000 148.374550 0.000000 0.000000 0.000000 0.000000 0.000000 0.000000 0.000000 0.000000 0.000000 0.000000 0.000000 0.000000 0.000000 0.000000 0.000000 0.000000 0.000000 0.000000 0.000000 150.631527 0.000000 0.000000 0.000000 168.195833 0.000000 0.000000 0.000000 0.000000 0.000000 0.000000
107.514350 67.228937 99.008222 170.054689 100.843444 105.755740 151.703369 96.222027 134.516565 155.416559 0.000000 148.993202 25.880401 95.052838 0.000000 0.000000 57.023535 27.786159 26.617717 154.747667 131.959359 96.033037 147.613873 147.203922 32.092048 30.120302 51.759543 166.956778 74.606985 113.225879 37.012092 64.543811 0.000000 31.351480 0.000000 0.000000 0.000000 0.000000 0.000000 0.000000 0.000000 0.000000 0.000000 0.000000 78.013618 0.000000 82.395516 131.985459 0.000000 0.000000 0.000000 104.941635 0.000000 0.000000 0.000000 0.000000 0.000000 0.000000 77.542072 101.520349 107.375439 212.329145 136.712076 0.000000 98.971238 0.000000 0.000000 76.056945
0.000000 0.000000 0.000000 40.025129 91.423282 45.648731 48.015345 94.358568 0.000000 34.507832 148.993202 0.000000 137.907987 106.352677 59.713639 0.000000 0.000000 175.152023 166.102593 23.217838 0.000000 0.000000 0.000000 37.358290 0.000000 175.914507 177.540346 48.236422 112.591030 0.000000 0.000000 120.464088 0.000000 99.222821 0.000000 0.000000 0.000000 126.892899 0.000000 0.000000 0.000000 0.000000 0.000000 137.324434 0.000000 0.000000 0.000000 0.000000 0.000000 0.000000 0.000000 0.000000 0.000000 0.000000 0.000000 0.000000 0.000000 111.857794 0.000000 0.000000 0.000000 138.356310 0.000000 0.000000 0.000000 0.000000 0.000000 0.000000
0.000000 52.912777 0.000000 152.759109 185.502485 97.825211 132.179280 78.537079 125.689837 147.115784 25.880401 137.907987 0.000000 85.463517 169.774064 0.000000 0.000000 45.073298 0.000000 126.555897 0.000000 90.544069 172.212277 141.017416 21.622493 32.582613 33.503557 0.000000 68.171482 0.000000 16.568687 68.610325 0.000000 26.286914 0.000000 0.000000 0.000000 0.000000 0.000000 0.000000 0.000000 0.000000 0.000000 0.000000 69.427464 0.000000 75.710723 113.303363 0.000000 0.000000 0.000000 102.153986 129.504478 0.000000 0.000000 0.000000 0.000000 0.000000 60.077417 93.558006 100.849182 0.000000 111.479329 0.000000 92.824120 107.362955 0.000000 73.815731
17.855666 0.000000 109.062302 120.869630 0.000000 64.543776 46.984799 28.842959 87.534671 76.815392 95.052838 106.352677 85.463517 0.000000 0.000000 0.000000 120.278071 127.881391 139.960465 100.560385 95.294031 0.000000 103.353070 105.618629 0.000000 138.857753 132.433255 112.723826 33.179461 65.547011 125.099525 20.690662 0.000000 54.753417 0.000000 0.000000 0.000000 0.000000 0.000000 0.000000 0.000000 0.000000 0.000000 0.000000 0.000000 0.000000 0.000000 207.301086 0.000000 0.000000 0.000000 0.000000 0.000000 0.000000 0.000000 0.000000 0.000000 153.382010 0.000000 0.000000 0.000000 166.643934 0.000000 0.000000 0.000000 0.000000 0.000000 167.390689
0.000000 110.934995 0.000000 93.307204 26.796270 22.000582 79.657804 40.845632 38.794356 78.817149 0.000000 59.713639 169.774064 0.000000 0.000000 0.000000 0.000000 0.000000 0.000000 85.831379 0.000000 75.724803 0.000000 75.140481 148.386391 0.000000 168.852380 98.783057 0.000000 0.000000 0.000000 37.721478 0.000000 0.000000 0.000000 0.000000 0.000000 0.000000 0.000000 0.000000 0.000000 0.000000 0.000000 0.000000 0.000000 0.000000 0.000000 0.000000 0.000000 0.000000 0.000000 0.000000 0.000000 0.000000 0.000000 0.000000 0.000000 0.000000 0.000000 0.000000 0.000000 0.000000 0.000000 0.000000 0.000000 0.000000 0.000000 0.000000
0.000000 0.000000 83.645910 0.000000 0.000000 0.000000 0.000000 0.000000 0.000000 0.000000 0.000000 0.000000 0.000000 0.000000 0.000000 0.000000 94.948359 0.000000 137.788269 0.000000 32.307036 34.940069 14.912082 27.907457 0.000000 120.329771 20.867710 27.850345 0.000000 76.461801 0.000000 0.000000 0.000000 79.221160 0.000000 0.000000 0.000000 0.000000 0.000000 0.000000 0.000000 0.000000 0.000000 0.000000 0.000000 0.000000 0.000000 0.000000 0.000000 100.428050 138.355429 0.000000 0.000000 0.000000 120.254568 54.207329 105.759469 119.665427 0.000000 0.000000 96.220117 126.544242 139.697230 117.435509 0.000000 0.000000 0.000000 0.000000
100.774950 0.000000 48.319706 0.000000 0.000000 143.093376 114.984136 127.513909 0.000000 151.614137 57.023535 0.000000 0.000000 120.278071 0.000000 94.948359 0.000000 55.533994 25.745659 0.000000 71.780865 0.000000 50.474014 121.788053 0.000000 30.897366 66.265356 107.057778 103.226269 73.710153 0.000000 155.420333 97.932438 42.817441 0.000000 0.000000 105.617687 0.000000 0.000000 0.000000 0.000000 0.000000 0.000000 0.000000 0.000000 0.000000 0.000000 0.000000 0.000000 0.000000 117.105393 0.000000 111.102943 0.000000 0.000000 0.000000 112.587495 0.000000 0.000000 103.442692 101.983980 0.000000 0.000000 0.000000 0.000000 0.000000 0.000000 0.000000
130.818286 0.000000 92.161982 0.000000 0.000000 131.904099 0.000000 143.472985 0.000000 174.542541 27.786159 175.152023 45.073298 127.881391 0.000000 0.000000 55.533994 0.000000 26.673041 0.000000 115.131568 0.000000 116.825660 0.000000 36.941805 29.692422 58.403353 168.490771 121.882743 117.015923 50.413654 89.094882 0.000000 57.452538 0.000000 0.000000 0.000000 0.000000 0.000000 0.000000 0.000000 0.000000 0.000000 0.000000 93.570987 0.000000 90.306431 0.000000 0.000000 0.000000 0.000000 104.790090 0.000000 0.000000 0.000000 0.000000 0.000000 0.000000 49.235024 102.784511 99.698256 0.000000 0.000000 0.000000 96.842415 0.000000 0.000000 0.000000
123.309439 0.000000 62.479165 185.505371 0.000000 0.000000 141.786223 149.094510 0.000000 161.086235 26.617717 166.102593 0.000000 139.960465 0.000000 137.788269 25.745659 26.673041 0.000000 0.000000 97.221160 0.000000 81.416870 146.473844 0.000000 28.599785 67.947594 137.079857 126.161002 97.176489 83.556907 111.919207 122.357722 50.050675 0.000000 0.000000 120.832701 0.000000 0.000000 0.000000 0.000000 0.000000 0.000000 0.000000 0.000000 0.000000 106.329013 0.000000 0.000000 0.000000 119.756212 0.000000 111.484384 0.000000 0.000000 0.000000 132.635863 0.000000 0.000000 102.576361 103.631045 0.000000 0.000000 0.000000 114.054568 0.000000 0.000000 0.000000
0.000000 0.000000 0.000000 18.437907 104.973586 71.625070 47.737615 92.055673 63.065946 18.646615 154.747667 23.217838 126.555897 100.560385 85.831379 0.000000 0.000000 0.000000 0.000000 0.000000 0.000000 0.000000 0.000000 27.782339 0.000000 176.137793 0.000000 34.195369 107.089397 0.000000 0.000000 127.993004 0.000000 100.520688 0.000000 0.000000 0.000000 120.058869 0.000000 0.000000 0.000000 0.000000 0.000000 0.000000 0.000000 0.000000 0.000000 0.000000 0.000000 0.000000 0.000000 0.000000 0.000000 0.000000 0.000000 0.000000 0.000000 128.325771 0.000000 0.000000 0.000000 148.253514 0.000000 0.000000 0.000000 0.000000 0.000000 0.000000
78.895274 0.000000 67.614343 0.000000 0.000000 115.544872 74.784396 102.957843 0.000000 0.000000 131.959359 0.000000 0.000000 95.294031 0.000000 32.307036 71.780865 115.131568 97.221160 0.000000 0.000000 57.304524 32.921826 11.158062 0.000000 113.206788 63.887090 29.440319 53.980885 36.514173 0.000000 0.000000 18.686217 55.280656 0.000000 0.000000 151.094972 0.000000 0.000000 0.000000 0.000000 0.000000 0.000000 0.000000 0.000000 0.000000 0.000000 156.471925 0.000000 120.150221 155.766187 0.000000 0.000000 0.000000 129.799038 70.350654 123.700194 122.386341 0.000000 172.142955 185.974408 130.476885 142.158888 121.611943 0.000000 0.000000 130.120583 128.409461
0.000000 26.681316 46.622863 0.000000 99.392519 0.000000 0.000000 0.000000 28.020363 0.000000 96.033037 0.000000 90.544069 0.000000 75.724803 34.940069 0.000000 0.000000 0.000000 0.000000 57.304524 0.000000 50.269621 36.196300 72.638299 95.530193 35.789299 59.186688 0.000000 0.000000 106.978247 118.026796 0.000000 0.000000 0.000000 0.000000 50.365522 0.000000 0.000000 0.000000 0.000000 0.000000 0.000000 0.000000 0.000000 0.000000 0.000000 0.000000 0.000000 51.383713 0.000000 0.000000 0.000000 0.000000 71.404293 0.000000 58.545512 56.849931 0.000000 0.000000 50.932138 71.342920 83.282236 0.000000 0.000000 0.000000 0.000000 0.000000
87.731960 0.000000 27.544134 0.000000 0.000000 115.220642 83.812657 111.496754 0.000000 98.339537 147.613873 0.000000 172.212277 103.353070 0.000000 14.912082 50.474014 116.825660 81.416870 0.000000 32.921826 50.269621 0.000000 61.619635 0.000000 71.830774 30.517266 65.087967 91.972067 56.595664 0.000000 157.226885 0.000000 33.585661 0.000000 72.845276 106.670284 0.000000 0.000000 0.000000 0.000000 0.000000 0.000000 0.000000 0.000000 0.000000 0.000000 0.000000 0.000000 105.244465 126.576836 0.000000 0.000000 0.000000 122.247377 63.284475 112.509886 140.141428 0.000000 145.865681 98.254704 130.719009 131.563191 137.651511 0.000000 0.000000 0.000000 0.000000
98.968315 77.946017 105.883542 22.829167 98.985775 96.737597 56.259568 99.353616 42.603050 57.893873 147.203922 37.358290 141.017416 105.618629 75.140481 27.907457 121.788053 0.000000 146.473844 27.782339 11.158062 36.196300 61.619635 0.000000 118.196353 129.173691 101.978901 19.342308 100.012535 79.096306 145.490597 112.685854 88.465355 108.186250 0.000000 182.939863 152.568002 138.983418 0.000000 0.000000 145.785472 156.550037 61.686919 157.434398 200.234100 0.000000 226.397394 160.325517 0.000000 106.012669 0.000000 0.000000 0.000000 119.700831 123.607102 62.977285 132.498175 115.842295 203.388125 170.845850 179.908902 128.240307 149.381906 116.975718 0.000000 0.000000 138.632510 136.430750
0.000000 33.885382 0.000000 0.000000 169.939248 0.000000 0.000000 0.000000 101.611095 0.000000 32.092048 0.000000 21.622493 0.000000 148.386391 0.000000 0.000000 36.941805 0.000000 0.000000 0.000000 72.638299 0.000000 118.196353 0.000000 37.723213 35.136627 0.000000 0.000000 0.000000 41.411995 0.000000 0.000000 0.000000 0.000000 0.000000 0.000000 0.000000 0.000000 0.000000 0.000000 0.000000 0.000000 0.000000 74.853278 0.000000 75.843173 0.000000 0.000000 0.000000 0.000000 80.788803 0.000000 0.000000 0.000000 0.000000 0.000000 0.000000 38.766832 80.167631 85.395920 0.000000 0.000000 0.000000 84.731741 0.000000 0.000000 0.000000
130.661208 44.887277 40.609260 0.000000 191.712178 147.106568 135.274961 152.838185 124.207081 164.878092 30.120302 175.914507 32.582613 138.857753 0.000000 120.329771 30.897366 29.692422 28.599785 176.137793 113.206788 95.530193 71.830774 129.173691 37.723213 0.000000 36.530629 131.187910 127.159906 109.881332 19.355090 109.532292 0.000000 58.735591 0.000000 54.977859 93.904484 0.000000 0.000000 0.000000 0.000000 0.000000 0.000000 0.000000 95.155661 0.000000 93.067646 0.000000 0.000000 0.000000 107.976129 103.524387 105.294800 0.000000 0.000000 0.000000 135.435411 0.000000 52.119251 97.561531 92.768021 0.000000 0.000000 0.000000 102.343509 0.000000 0.000000 111.248544
128.762451 30.758565 37.575161 0.000000 183.805853 180.594717 129.387479 144.036701 123.091348 180.983274 51.759543 177.540346 33.503557 132.433255 168.852380 20.867710 66.265356 58.403353 67.947594 0.000000 63.887090 35.789299 30.517266 101.978901 35.136627 36.530629 0.000000 72.659965 122.571681 131.744304 32.821507 138.661043 0.000000 65.677915 0.000000 46.307545 90.963610 0.000000 0.000000 0.000000 0.000000 0.000000 0.000000 0.000000 99.065595 0.000000 100.477751 0.000000 0.000000 95.121277 106.417476 110.521104 105.355530 0.000000 126.533132 50.283095 103.099332 0.000000 54.503487 97.294556 89.053915 166.221512 184.712082 171.142305 106.219064 0.000000 0.000000 102.253822
101.603174 98.501692 87.072311 23.810007 117.137448 78.683365 38.053519 106.598433 62.198914 34.074822 166.956778 48.236422 0.000000 112.723826 98.783057 27.850345 107.057778 168.490771 137.079857 34.195369 29.440319 59.186688 65.087967 19.342308 0.000000 131.187910 72.659965 0.000000 102.313919 49.135435 0.000000 137.998292 83.446129 83.246807 0.000000 176.028949 160.788415 145.081766 165.691151 178.056705 151.225781 165.655925 75.534733 166.404882 0.000000 0.000000 236.780261 169.328459 0.000000 119.069711 164.580505 0.000000 0.000000 142.927132 132.769653 86.123103 140.178891 128.462229 214.753636 175.585490 182.029049 147.974761 152.444406 124.668809 0.000000 0.000000 0.000000 152.703689
22.181693 0.000000 105.199427 119.356729 0.000000 80.640649 85.859495 60.237126 92.069534 109.577408 74.606985 112.591030 68.171482 33.179461 0.000000 0.000000 103.226269 121.882743 126.161002 107.089397 53.980885 0.000000 91.972067 100.012535 0.000000 127.159906 122.571681 102.313919 0.000000 37.288774 106.494388 26.225815 26.221755 39.669933 0.000000 0.000000 0.000000 0.000000 0.000000 0.000000 0.000000 0.000000 0.000000 0.000000 0.000000 0.000000 0.000000 0.000000 0.000000 0.000000 0.000000 0.000000 0.000000 0.000000 145.041257 0.000000 0.000000 155.371011 0.000000 0.000000 0.000000 162.329196 191.649403 0.000000 0.000000 0.000000 0.000000 183.357081
40.301816 0.000000 85.369815 0.000000 0.000000 97.164626 22.700600 72.157346 0.000000 0.000000 113.225879 0.000000 0.000000 65.547011 0.000000 76.461801 73.710153 117.015923 97.176489 0.000000 36.514173 0.000000 56.595664 79.096306 0.000000 109.881332 131.744304 49.135435 37.288774 0.000000 0.000000 118.609967 45.770484 22.784923 0.000000 0.000000 0.000000 0.000000 0.000000 0.000000 0.000000 0.000000 0.000000 0.000000 0.000000 0.000000 0.000000 0.000000 0.000000 124.843466 0.000000 0.000000 0.000000 0.000000 127.300201 0.000000 0.000000 121.674355 0.000000 0.000000 0.000000 125.839839 150.403507 0.000000 0.000000 0.000000 0.000000 0.000000
0.000000 66.360536 115.553988 0.000000 202.935358 0.000000 0.000000 0.000000 135.078860 0.000000 37.012092 0.000000 16.568687 125.099525 0.000000 0.000000 0.000000 50.413654 83.556907 0.000000 0.000000 106.978247 0.000000 145.490597 41.411995 19.355090 32.821507 0.000000 106.494388 0.000000 0.000000 102.197529 0.000000 76.826528 0.000000 0.000000 0.000000 0.000000 0.000000 0.000000 0.000000 0.000000 0.000000 0.000000 89.055237 0.000000 95.039046 0.000000 0.000000 0.000000 0.000000 108.457913 0.000000 0.000000 0.000000 0.000000 0.000000 0.000000 63.214753 102.355716 107.741318 0.000000 0.000000 0.000000 104.467690 0.000000 0.000000 0.000000
83.020329 134.404946 170.498859 138.728920 16.319132 34.318295 123.728430 30.168295 77.718427 125.950681 64.543811 120.464088 68.610325 20.690662 37.721478 0.000000 155.420333 89.094882 111.919207 127.993004 0.000000 118.026796 157.226885 112.685854 0.000000 109.532292 138.661043 137.998292 26.225815 118.609967 102.197529 0.000000 0.000000 20.986291 0.000000 0.000000 0.000000 0.000000 0.000000 0.000000 0.000000 0.000000 0.000000 0.000000 0.000000 0.000000 0.000000 0.000000 0.000000 0.000000 0.000000 0.000000 0.000000 0.000000 0.000000 0.000000 0.000000 181.653445 0.000000 0.000000 0.000000 186.483318 0.000000 0.000000 0.000000 0.000000 0.000000 0.000000
36.469720 0.000000 0.000000 0.000000 0.000000 0.000000 79.123655 0.000000 0.000000 0.000000 0.000000 0.000000 0.000000 0.000000 0.000000 0.000000 97.932438 0.000000 122.357722 0.000000 18.686217 0.000000 0.000000 88.465355 0.000000 0.000000 0.000000 83.446129 26.221755 45.770484 0.000000 0.000000 0.000000 19.414743 0.000000 0.000000 0.000000 0.000000 0.000000 0.000000 0.000000 0.000000 0.000000 0.000000 0.000000 0.000000 0.000000 0.000000 0.000000 0.000000 0.000000 0.000000 0.000000 0.000000 0.000000 0.000000 0.000000 0.000000 0.000000 0.000000 0.000000 0.000000 0.000000 0.000000 0.000000 0.000000 0.000000 0.000000
60.228134 0.000000 55.826783 105.440740 37.152249 49.161558 85.547321 64.256974 135.674963 96.936415 31.351480 99.222821 26.286914 54.753417 0.000000 79.221160 42.817441 57.452538 50.050675 100.520688 55.280656 0.000000 33.585661 108.186250 0.000000 58.735591 65.677915 83.246807 39.669933 22.784923 76.826528 20.986291 19.414743 0.000000 0.000000 0.000000 130.013284 0.000000 0.000000 0.000000 0.000000 0.000000 0.000000 0.000000 0.000000 0.000000 0.000000 192.966528 0.000000 0.000000 0.000000 0.000000 0.000000 0.000000 0.000000 0.000000 106.034947 142.823667 0.000000 0.000000 121.032466 155.590662 0.000000 0.000000 0.000000 0.000000 0.000000 0.000000
0.000000 0.000000 0.000000 0.000000 0.000000 0.000000 0.000000 0.000000 0.000000 0.000000 0.000000 0.000000 0.000000 0.000000 0.000000 0.000000 0.000000 0.000000 0.000000 0.000000 0.000000 0.000000 0.000000 0.000000 0.000000 0.000000 0.000000 0.000000 0.000000 0.000000 0.000000 0.000000 0.000000 0.000000 0.000000 0.000000 94.843783 0.000000 0.000000 0.000000 23.752246 51.882276 0.000000 81.208761 107.960611 0.000000 0.000000 14.218518 0.000000 0.000000 102.281553 120.661988 114.757694 0.000000 0.000000 0.000000 89.851098 83.471027 0.000000 122.038603 126.569203 87.914753 23.914599 42.820801 0.000000 0.000000 0.000000 61.819986
0.000000 0.000000 50.982083 0.000000 0.000000 0.000000 0.000000 0.000000 0.000000 0.000000 0.000000 0.000000 0.000000 0.000000 0.000000 0.000000 0.000000 0.000000 0.000000 0.000000 0.000000 0.000000 72.845276 182.939863 0.000000 54.977859 46.307545 176.028949 0.000000 0.000000 0.000000 0.000000 0.000000 0.000000 0.000000 0.000000 40.509749 0.000000 150.686204 0.000000 0.000000 0.000000 66.850244 0.000000 0.000000 0.000000 50.641079 0.000000 101.127418 56.682441 58.846709 0.000000 59.521172 0.000000 0.000000 21.368281 44.908807 78.724907 27.962409 45.214294 30.629542 0.000000 0.000000 0.000000 67.244452 0.000000 0.000000 0.000000
0.000000 58.543876 99.391637 0.000000 0.000000 0.000000 190.607554 0.000000 0.000000 0.000000 0.000000 0.000000 0.000000 0.000000 0.000000 0.000000 105.617687 0.000000 120.832701 0.000000 151.094972 50.365522 106.670284 152.568002 0.000000 93.904484 90.963610 160.788415 0.000000 0.000000 0.000000 0.000000 0.000000 130.013284 94.843783 40.509749 0.000000 0.000000 0.000000 148.555199 98.680365 126.718798 0.000000 122.192533 0.000000 0.000000 0.000000 116.730465 0.000000 88.695556 45.640877 86.971605 53.009762 0.000000 67.714048 0.000000 27.371343 99.052573 0.000000 38.381369 31.669371 94.839866 148.334691 73.656521 81.632646 0.000000 0.000000 61.317899
0.000000 0.000000 0.000000 47.415471 0.000000 0.000000 144.637184 0.000000 96.799307 148.374550 0.000000 126.892899 0.000000 0.000000 0.000000 0.000000 0.000000 0.000000 0.000000 120.058869 0.000000 0.000000 0.000000 138.983418 0.000000 0.000000 0.000000 145.081766 0.000000 0.000000 0.000000 0.000000 0.000000 0.000000 0.000000 0.000000 0.000000 0.000000 0.000000 77.910585 57.026039 117.455753 65.659809 23.523815 0.000000 45.345059 0.000000 124.523668 94.945498 0.000000 0.000000 0.000000 0.000000 17.993790 0.000000 0.000000 0.000000 34.016999 0.000000 0.000000 0.000000 22.807739 124.888221 0.000000 0.000000 0.000000 0.000000 104.882188
0.000000 0.000000 0.000000 159.647133 0.000000 0.000000 0.000000 0.000000 0.000000 0.000000 0.000000 0.000000 0.000000 0.000000 0.000000 0.000000 0.000000 0.000000 0.000000 0.000000 0.000000 0.000000 0.000000 0.000000 0.000000 0.000000 0.000000 165.691151 0.000000 0.000000 0.000000 0.000000 0.000000 0.000000 0.000000 150.686204 0.000000 0.000000 0.000000 25.561413 0.000000 0.000000 57.257321 0.000000 55.866930 66.883141 94.466738 0.000000 26.449983 0.000000 0.000000 87.705017 0.000000 98.806647 0.000000 114.665952 0.000000 95.298871 169.529926 121.119117 168.065322 111.735251 0.000000 0.000000 144.445494 8.132453 0.000000 24.283870
0.000000 0.000000 0.000000 183.806902 0.000000 0.000000 0.000000 0.000000 0.000000 0.000000 0.000000 0.000000 0.000000 0.000000 0.000000 0.000000 0.000000 0.000000 0.000000 0.000000 0.000000 0.000000 0.000000 0.000000 0.000000 0.000000 0.000000 178.056705 0.000000 0.000000 0.000000 0.000000 0.000000 0.000000 0.000000 0.000000 148.555199 77.910585 25.561413 0.000000 64.421040 32.589047 66.629314 37.812766 0.000000 43.193198 0.000000 80.476511 32.291023 0.000000 0.000000 0.000000 0.000000 58.558821 0.000000 0.000000 0.000000 97.013461 0.000000 0.000000 0.000000 70.139103 113.283974 0.000000 0.000000 45.544236 0.000000 98.410567
0.000000 0.000000 0.000000 173.263041 0.000000 0.000000 0.000000 0.000000 0.000000 0.000000 0.000000 0.000000 0.000000 0.000000 0.000000 0.000000 0.000000 0.000000 0.000000 0.000000 0.000000 0.000000 0.000000 145.785472 0.000000 0.000000 0.000000 151.225781 0.000000 0.000000 0.000000 0.000000 0.000000 0.000000 23.752246 0.000000 98.680365 57.026039 0.000000 64.421040 0.000000 71.547492 0.000000 26.755844 135.931052 90.982859 154.145139 44.049942 60.735145 0.000000 100.623263 130.032416 117.700300 93.075306 73.676722 0.000000 86.561063 54.882726 0.000000 122.303590 140.819853 39.207274 80.543435 34.124655 0.000000 124.299641 88.142474 84.860645
0.000000 0.000000 0.000000 179.043571 0.000000 0.000000 163.501219 0.000000 0.000000 0.000000 0.000000 0.000000 0.000000 0.000000 0.000000 0.000000 0.000000 0.000000 0.000000 0.000000 0.000000 0.000000 0.000000 156.550037 0.000000 0.000000 0.000000 165.655925 0.000000 0.000000 0.000000 0.000000 0.000000 0.000000 51.882276 0.000000 126.718798 117.455753 0.000000 32.589047 71.547492 0.000000 85.647626 57.738332 108.109891 102.291583 88.185469 25.721080 47.948535 0.000000 143.235466 134.918456 148.949294 98.518133 128.488375 0.000000 114.182002 96.207675 0.000000 143.075952 144.261052 99.384173 76.607734 81.882856 0.000000 9.268567 0.000000 56.141103
0.000000 0.000000 0.000000 95.929335 0.000000 0.000000 75.952787 0.000000 0.000000 0.000000 0.000000 0.000000 0.000000 0.000000 0.000000 0.000000 0.000000 0.000000 0.000000 0.000000 0.000000 0.000000 0.000000 61.686919 0.000000 0.000000 0.000000 75.534733 0.000000 0.000000 0.000000 0.000000 0.000000 0.000000 0.000000 66.850244 0.000000 65.659809 57.257321 66.629314 0.000000 85.647626 0.000000 73.296634 0.000000 21.609844 120.793136 83.760107 37.211784 34.464167 126.678678 0.000000 147.095993 47.067290 0.000000 36.050032 0.000000 43.341579 96.570975 127.295614 109.519352 61.968494 103.552733 0.000000 0.000000 69.435650 0.000000 109.315704
0.000000 0.000000 0.000000 166.422857 0.000000 0.000000 156.129387 0.000000 0.000000 0.000000 0.000000 137.324434 0.000000 0.000000 0.000000 0.000000 0.000000 0.000000 0.000000 0.000000 0.000000 0.000000 0.000000 157.434398 0.000000 0.000000 0.000000 166.404882 0.000000 0.000000 0.000000 0.000000 0.000000 0.000000 81.208761 0.000000 122.192533 23.523815 0.000000 37.812766 26.755844 57.738332 73.296634 0.000000 159.030480 30.727882 164.506323 55.415011 64.937598 0.000000 139.704213 172.167470 157.891475 19.753789 95.423905 0.000000 114.277199 55.898283 0.000000 163.748085 187.438290 35.946800 111.436327 117.998029 186.230511 129.544145 0.000000 99.248808
0.000000 110.470460 0.000000 0.000000 0.000000 0.000000 0.000000 0.000000 0.000000 0.000000 78.013618 0.000000 69.427464 0.000000 0.000000 0.000000 0.000000 93.570987 0.000000 0.000000 0.000000 0.000000 0.000000 200.234100 74.853278 95.155661 99.065595 0.000000 0.000000 0.000000 89.055237 0.000000 0.000000 0.000000 107.960611 0.000000 0.000000 0.000000 55.866930 0.000000 135.931052 108.109891 0.000000 159.030480 0.000000 154.790478 24.717345 90.567348 0.000000 0.000000 56.421133 22.598592 21.130583 0.000000 0.000000 0.000000 0.000000 0.000000 32.215553 20.770233 43.967487 160.190237 75.685598 83.639816 22.883594 58.146612 0.000000 22.826023
0.000000 0.000000 0.000000 0.000000 0.000000 0.000000 0.000000 0.000000 0.000000 0.000000 0.000000 0.000000 0.000000 0.000000 0.000000 0.000000 0.000000 0.000000 0.000000 0.000000 0.000000 0.000000 0.000000 0.000000 0.000000 0.000000 0.000000 0.000000 0.000000 0.000000 0.000000 0.000000 0.000000 0.000000 0.000000 0.000000 0.000000 45.345059 66.883141 43.193198 90.982859 102.291583 21.609844 30.727882 154.790478 0.000000 0.000000 112.563891 44.702758 0.000000 0.000000 168.006714 175.810885 21.310837 0.000000 0.000000 0.000000 8.701304 0.000000 179.258942 179.285957 52.707857 117.300892 0.000000 0.000000 129.314963 0.000000 103.605688
0.000000 115.374462 0.000000 0.000000 0.000000 0.000000 0.000000 0.000000 0.000000 0.000000 82.395516 0.000000 75.710723 0.000000 0.000000 0.000000 0.000000 90.306431 106.329013 0.000000 0.000000 0.000000 0.000000 226.397394 75.843173 93.067646 100.477751 236.780261 0.000000 0.000000 95.039046 0.000000 0.000000 0.000000 0.000000 50.641079 0.000000 0.000000 94.466738 0.000000 154.145139 88.185469 120.793136 164.506323 24.717345 0.000000 0.000000 86.382352 147.390343 135.541868 0.000000 54.711607 76.423298 0.000000 0.000000 91.635481 0.000000 137.970390 28.242852 32.368544 34.123360 0.000000 78.736311 0.000000 24.696501 73.695711 0.000000 41.482429
0.000000 0.000000 0.000000 0.000000 0.000000 0.000000 173.509220 0.000000 0.000000 0.000000 131.985459 0.000000 113.303363 207.301086 0.000000 0.000000 0.000000 0.000000 0.000000 0.000000 156.471925 0.000000 0.000000 160.325517 0.000000 0.000000 0.000000 169.328459 0.000000 0.000000 0.000000 0.000000 0.000000 192.966528 14.218518 0.000000 116.730465 124.523668 0.000000 80.476511 44.049942 25.721080 83.760107 55.415011 90.567348 112.563891 86.382352 0.000000 63.372676 0.000000 128.028589 115.769640 133.373404 103.097384 123.522632 0.000000 106.163869 104.368967 81.525189 133.552990 134.217990 109.066322 34.545350 69.733765 113.291862 18.101594 0.000000 45.811343
0.000000 0.000000 0.000000 0.000000 0.000000 0.000000 0.000000 0.000000 0.000000 0.000000 0.000000 0.000000 0.000000 0.000000 0.000000 0.000000 0.000000 0.000000 0.000000 0.000000 0.000000 0.000000 0.000000 0.000000 0.000000 0.000000 0.000000 0.000000 0.000000 0.000000 0.000000 0.000000 0.000000 0.000000 0.000000 101.127418 0.000000 94.945498 26.449983 32.291023 60.735145 47.948535 37.211784 64.937598 0.000000 44.702758 147.390343 63.372676 0.000000 0.000000 146.779816 0.000000 0.000000 60.115439 0.000000 73.771420 0.000000 74.171898 134.371419 153.586606 142.992345 85.703090 0.000000 0.000000 0.000000 41.683913 0.000000 0.000000
0.000000 0.000000 0.000000 0.000000 0.000000 0.000000 0.000000 0.000000 0.000000 0.000000 0.000000 0.000000 0.000000 0.000000 0.000000 100.428050 0.000000 0.000000 0.000000 0.000000 120.150221 51.383713 105.244465 106.012669 0.000000 0.000000 95.121277 119.069711 0.000000 124.843466 0.000000 0.000000 0.000000 0.000000 0.000000 56.682441 88.695556 0.000000 0.000000 0.000000 0.000000 0.000000 34.464167 0.000000 0.000000 0.000000 135.541868 0.000000 0.000000 0.000000 105.264131 0.000000 116.489259 0.000000 25.814728 34.475052 28.818847 14.896082 96.169089 105.746257 46.472068 28.113392 88.107220 80.808223 127.360867 0.000000 0.000000 88.999283
0.000000 0.000000 111.384375 0.000000 0.000000 0.000000 0.000000 0.000000 0.000000 0.000000 0.000000 0.000000 0.000000 0.000000 0.000000 138.355429 117.105393 0.000000 119.756212 0.000000 155.766187 0.000000 126.576836 0.000000 0.000000 107.976129 106.417476 164.580505 0.000000 0.000000 0.000000 0.000000 0.000000 0.000000 102.281553 58.846709 45.640877 0.000000 0.000000 0.000000 100.623263 143.235466 126.678678 139.704213 56.421133 0.000000 0.000000 128.028589 146.779816 105.264131 0.000000 51.464802 26.643340 0.000000 86.688782 87.932915 39.238764 131.300720 0.000000 35.248526 69.548888 119.126839 109.606987 79.518575 86.748399 0.000000 0.000000 30.113563
0.000000 0.000000 0.000000 0.000000 0.000000 0.000000 0.000000 0.000000 0.000000 0.000000 104.941635 0.000000 102.153986 0.000000 0.000000 0.000000 0.000000 104.790090 0.000000 0.000000 0.000000 0.000000 0.000000 0.000000 80.788803 103.524387 110.521104 0.000000 0.000000 0.000000 108.457913 0.000000 0.000000 0.000000 120.661988 0.000000 86.971605 0.000000 87.705017 0.000000 130.032416 134.918456 0.000000 172.167470 22.598592 168.006714 54.711607 115.769640 0.000000 0.000000 51.464802 0.000000 24.978619 179.285952 0.000000 0.000000 94.240211 164.815564 47.791645 30.957664 60.225763 170.114032 115.364407 111.916008 47.964596 90.988245 0.000000 50.255430
0.000000 63.385386 121.745501 0.000000 0.000000 0.000000 0.000000 0.000000 0.000000 0.000000 0.000000 0.000000 129.504478 0.000000 0.000000 0.000000 111.102943 0.000000 111.484384 0.000000 0.000000 0.000000 0.000000 0.000000 0.000000 105.294800 105.355530 0.000000 0.000000 0.000000 0.000000 0.000000 0.000000 0.000000 114.757694 59.521172 53.009762 0.000000 0.000000 0.000000 117.700300 148.949294 147.095993 157.891475 21.130583 175.810885 76.423298 133.373404 0.000000 116.489259 26.643340 24.978619 0.000000 161.535849 103.660009 99.614940 62.477545 134.568202 0.000000 33.437167 63.436635 143.150356 117.591521 101.609268 74.175959 0.000000 104.199568 47.043541
0.000000 0.000000 0.000000 135.379493 0.000000 0.000000 157.531967 0.000000 0.000000 0.000000 0.000000 0.000000 0.000000 0.000000 0.000000 0.000000 0.000000 0.000000 0.000000 0.000000 0.000000 0.000000 0.000000 119.700831 0.000000 0.000000 0.000000 142.927132 0.000000 0.000000 0.000000 0.000000 0.000000 0.000000 0.000000 0.000000 0.000000 17.993790 98.806647 58.558821 93.075306 98.518133 47.067290 19.753789 0.000000 21.310837 0.000000 103.097384 60.115439 0.000000 0.000000 179.285952 161.535849 0.000000 0.000000 0.000000 0.000000 12.623509 0.000000 177.951887 176.020499 34.840296 110.866777 0.000000 0.000000 122.159099 0.000000 99.327333
0.000000 0.000000 0.000000 0.000000 0.000000 0.000000 0.000000 0.000000 0.000000 0.000000 0.000000 0.000000 0.000000 0.000000 0.000000 120.254568 0.000000 0.000000 0.000000 0.000000 129.799038 71.404293 122.247377 123.607102 0.000000 0.000000 126.533132 132.769653 145.041257 127.300201 0.000000 0.000000 0.000000 0.000000 0.000000 0.000000 67.714048 0.000000 0.000000 0.000000 73.676722 128.488375 0.000000 95.423905 0.000000 0.000000 0.000000 123.522632 0.000000 25.814728 86.688782 0.000000 103.660009 0.000000 0.000000 58.282218 34.179479 40.426416 0.000000 112.728166 69.685847 38.158566 53.407952 37.998760 0.000000 0.000000 34.846558 63.728257
0.000000 0.000000 0.000000 0.000000 0.000000 0.000000 0.000000 0.000000 20.694427 0.000000 0.000000 0.000000 0.000000 0.000000 0.000000 54.207329 0.000000 0.000000 0.000000 0.000000 70.350654 0.000000 63.284475 62.977285 0.000000 0.000000 50.283095 86.123103 0.000000 0.000000 0.000000 0.000000 0.000000 0.000000 0.000000 21.368281 0.000000 0.000000 114.665952 0.000000 0.000000 0.000000 36.050032 0.000000 0.000000 0.000000 91.635481 0.000000 73.771420 34.475052 87.932915 0.000000 99.614940 0.000000 58.282218 0.000000 49.311707 45.918883 52.547926 89.455711 42.991756 58.300769 82.842771 0.000000 104.841746 0.000000 0.000000 80.438001
0.000000 59.097470 106.234888 0.000000 0.000000 0.000000 0.000000 0.000000 0.000000 0.000000 0.000000 0.000000 0.000000 0.000000 0.000000 105.759469 112.587495 0.000000 132.635863 0.000000 123.700194 58.545512 112.509886 132.498175 0.000000 135.435411 103.099332 140.178891 0.000000 0.000000 0.000000 0.000000 0.000000 106.034947 89.851098 44.908807 27.371343 0.000000 0.000000 0.000000 86.561063 114.182002 0.000000 114.277199 0.000000 0.000000 0.000000 106.163869 0.000000 28.818847 39.238764 94.240211 62.477545 0.000000 34.179479 49.311707 0.000000 67.436392 0.000000 64.569243 51.047186 79.928479 130.307957 57.460169 0.000000 0.000000 0.000000 47.185456
0.000000 0.000000 0.000000 135.098639 0.000000 0.000000 129.263768 157.624127 63.481839 150.631527 0.000000 111.857794 0.000000 153.382010 0.000000 119.665427 0.000000 0.000000 0.000000 128.325771 122.386341 56.849931 140.141428 115.842295 0.000000 0.000000 0.000000 128.462229 155.371011 121.674355 0.000000 181.653445 0.000000 142.823667 83.471027 78.724907 99.052573 34.016999 95.298871 97.013461 54.882726 96.207675 43.341579 55.898283 0.000000 8.701304 137.970390 104.368967 74.171898 14.896082 131.300720 164.815564 134.568202 12.623509 40.426416 45.918883 67.436392 0.000000 107.127288 125.390173 103.896539 23.146721 98.765498 76.912032 151.318461 108.359205 86.003647 99.163111
0.000000 0.000000 0.000000 0.000000 0.000000 0.000000 0.000000 0.000000 0.000000 0.000000 77.542072 0.000000 60.077417 0.000000 0.000000 0.000000 0.000000 49.235024 0.000000 0.000000 0.000000 0.000000 0.000000 203.388125 38.766832 52.119251 54.503487 214.753636 0.000000 0.000000 63.214753 0.000000 0.000000 0.000000 0.000000 27.962409 0.000000 0.000000 169.529926 0.000000 0.000000 0.000000 96.570975 0.000000 32.215553 0.000000 28.242852 81.525189 134.371419 96.169089 0.000000 47.791645 0.000000 0.000000 0.000000 52.547926 0.000000 107.127288 0.000000 40.643898 33.799173 0.000000 72.339080 0.000000 43.176384 76.660673 0.000000 36.303236
0.000000 69.187480 109.608500 0.000000 0.000000 0.000000 0.000000 0.000000 156.933784 0.000000 101.520349 0.000000 93.558006 0.000000 0.000000 0.000000 103.442692 102.784511 102.576361 0.000000 172.142955 0.000000 145.865681 170.845850 80.167631 97.561531 97.294556 175.585490 0.000000 0.000000 102.355716 0.000000 0.000000 0.000000 122.038603 45.214294 38.381369 0.000000 121.119117 0.000000 122.303590 143.075952 127.295614 163.748085 20.770233 179.258942 32.368544 133.552990 153.586606 105.746257 35.248526 30.957664 33.437167 177.951887 112.728166 89.455711 64.569243 125.390173 40.643898 0.000000 39.736121 127.888745 121.801506 107.618049 22.130191 96.937193 0.000000 60.647580
0.000000 42.778177 92.288087 0.000000 0.000000 0.000000 172.155637 0.000000 0.000000 0.000000 107.375439 0.000000 100.849182 0.000000 0.000000 96.220117 101.983980 99.698256 103.631045 0.000000 185.974408 50.932138 98.254704 179.908902 85.395920 92.768021 89.053915 182.029049 0.000000 0.000000 107.741318 0.000000 0.000000 121.032466 126.569203 30.629542 31.669371 0.000000 168.065322 0.000000 140.819853 144.261052 109.519352 187.438290 43.967487 179.285957 34.123360 134.217990 142.992345 46.472068 69.548888 60.225763 63.436635 176.020499 69.685847 42.991756 51.047186 103.896539 33.799173 39.736121 0.000000 78.975771 125.865533 132.126238 33.537462 124.853160 0.000000 64.603687
