0.000000 0.000000 0.000653 0.000000 0.000000 0.000080 0.011400 0.002933 0.000000 0.000320 0.000307 0.000000 0.000000 0.071787 0.000000 0.000000 0.002293 0.000107 0.000800 0.000000 0.000373 0.000000 0.002413 0.000067 0.000000 0.000720 0.000133 0.000147 0.062693 0.022200 0.000000 0.000133 0.000107 0.000147 0.000000 0.000000 0.000000 0.000000 0.000000 0.000000 0.000000 0.000000 0.000000 0.000000 0.000000 0.000000 0.000000 0.000000 0.000000 0.000000 0.000000 0.000000 0.000000 0.000000 0.000000 0.000000 0.000000 0.000000 0.000000 0.000000 0.000000 0.000000 0.000000 0.000000 0.000000 0.000000 0.000000 0.000000
0.000000 0.000000 0.001987 0.000000 0.001307 0.000000 0.000000 0.000000 0.004493 0.000000 0.000613 0.000000 0.011827 0.000000 0.000267 0.000000 0.000000 0.000000 0.000000 0.000000 0.000000 0.001587 0.000000 0.003200 0.011453 0.002920 0.065093 0.000200 0.000000 0.000000 0.000493 0.000187 0.000000 0.000000 0.000000 0.000000 0.000360 0.000000 0.000000 0.000000 0.000000 0.000000 0.000000 0.000000 0.000133 0.000000 0.000080 0.000000 0.000000 0.000000 0.000000 0.000000 0.000107 0.000000 0.000000 0.000000 0.000267 0.000000 0.000000 0.000387 0.001107 0.000000 0.000000 0.000000 0.000000 0.000000 0.000000 0.000000
0.000653 0.001987 0.000000 0.000000 0.000000 0.000920 0.016880 0.004133 0.000000 0.001213 0.000320 0.000000 0.000000 0.006893 0.000000 0.000133 0.087907 0.000147 0.009307 0.000000 0.014867 0.000107 0.069653 0.000213 0.000000 0.068627 0.087813 0.017507 0.000867 0.007613 0.000080 0.000160 0.000000 0.004067 0.000000 0.000160 0.014947 0.000000 0.000000 0.000000 0.000000 0.000000 0.000000 0.000000 0.000000 0.000000 0.000000 0.000000 0.000000 0.000000 0.005547 0.000000 0.000240 0.000000 0.000000 0.000000 0.014173 0.000000 0.000000 0.001933 0.006427 0.000000 0.000000 0.000000 0.000000 0.000000 0.000000 0.000360
0.000000 0.000000 0.000000 0.000000 0.000920 0.003187 0.003333 0.002640 0.002280 0.133613 0.000267 0.021680 0.000067 0.001707 0.000253 0.000000 0.000000 0.000000 0.000080 0.070053 0.000000 0.000000 0.000000 0.014200 0.000000 0.000000 0.000000 0.161360 0.001400 0.000000 0.000000 0.000867 0.000000 0.000440 0.000000 0.000000 0.000000 0.006293 0.000080 0.000093 0.000080 0.000080 0.000173 0.000147 0.000000 0.000000 0.000000 0.000000 0.000000 0.000000 0.000000 0.000000 0.000000 0.000467 0.000000 0.000000 0.000000 0.001373 0.000000 0.000000 0.000000 0.004560 0.000000 0.000000 0.000000 0.000000 0.000000 0.000000
0.000000 0.001307 0.000000 0.000920 0.000000 0.004533 0.000093 0.000347 0.002093 0.000213 0.000387 0.000947 0.001200 0.000000 0.016360 0.000000 0.000000 0.000000 0.000000 0.000507 0.000000 0.001667 0.000000 0.007587 0.000573 0.000280 0.000747 0.002813 0.000000 0.000000 0.000067 0.001493 0.000000 0.000547 0.000000 0.000000 0.000000 0.000000 0.000000 0.000000 0.000000 0.000000 0.000000 0.000000 0.000000 0.000000 0.000000 0.000000 0.000000 0.000000 0.000000 0.000000 0.000000 0.000000 0.000000 0.000000 0.000000 0.000000 0.000000 0.000000 0.000000 0.000067 0.000000 0.000000 0.000000 0.000000 0.000000 0.000000
0.000080 0.000000 0.000920 0.003187 0.004533 0.000000 0.039507 0.099520 0.000147 0.199427 0.000387 0.026013 0.000200 0.003227 0.010120 0.000000 0.000213 0.000067 0.000000 0.003533 0.000200 0.000000 0.000707 0.000613 0.000000 0.000307 0.000107 0.003880 0.000307 0.000107 0.000000 0.018467 0.000000 0.000293 0.000000 0.000000 0.000000 0.000000 0.000000 0.000000 0.000000 0.000000 0.000000 0.000000 0.000000 0.000000 0.000000 0.000000 0.000000 0.000000 0.000000 0.000000 0.000000 0.000000 0.000000 0.000000 0.000000 0.000000 0.000000 0.000000 0.000000 0.000000 0.000000 0.000000 0.000000 0.000000 0.000000 0.000000
0.011400 0.000000 0.016880 0.003333 0.000093 0.039507 0.000000 0.036213 0.000440 0.195613 0.000480 0.003920 0.000160 0.086960 0.000133 0.000000 0.001627 0.000000 0.000600 0.000760 0.006280 0.000000 0.010933 0.005093 0.000000 0.003600 0.001893 0.304800 0.015600 0.037160 0.000000 0.000600 0.002200 0.004667 0.000000 0.000000 0.000080 0.000280 0.000000 0.000000 0.000000 0.000120 0.000080 0.000080 0.000000 0.000000 0.000000 0.000107 0.000000 0.000000 0.000000 0.000000 0.000000 0.000120 0.000000 0.000000 0.000000 0.001667 0.000000 0.000000 0.000080 0.002387 0.000160 0.000000 0.000000 0.000000 0.000000 0.000147
0.002933 0.000000 0.004133 0.002640 0.000347 0.099520 0.036213 0.000000 0.000000 0.058333 0.000947 0.010960 0.000720 0.173720 0.000240 0.000000 0.004693 0.000240 0.002373 0.003893 0.000960 0.000000 0.006960 0.000240 0.000000 0.002213 0.000200 0.002680 0.004067 0.008533 0.000000 0.041987 0.000000 0.000933 0.000000 0.000000 0.000000 0.000000 0.000000 0.000000 0.000000 0.000000 0.000000 0.000000 0.000000 0.000000 0.000000 0.000000 0.000000 0.000000 0.000000 0.000000 0.000000 0.000000 0.000000 0.000000 0.000000 0.000147 0.000000 0.000000 0.000000 0.000253 0.000000 0.000000 0.000000 0.000000 0.000000 0.000000
0.000000 0.004493 0.000000 0.002280 0.002093 0.000147 0.000440 0.000000 0.000000 0.000253 0.000347 0.000000 0.004653 0.000213 0.000533 0.000000 0.000000 0.000000 0.000000 0.000107 0.000000 0.007600 0.000000 0.033293 0.002093 0.000947 0.004627 0.009547 0.000133 0.000000 0.000280 0.000280 0.000000 0.000107 0.000000 0.000000 0.000000 0.000173 0.000000 0.000000 0.000000 0.000000 0.000000 0.000000 0.000000 0.000000 0.000000 0.000000 0.000000 0.000000 0.000000 0.000000 0.000000 0.000000 0.000000 0.000107 0.000000 0.001307 0.000000 0.000107 0.000000 0.000747 0.000000 0.000000 0.000000 0.000000 0.000000 0.000000
0.000320 0.000000 0.001213 0.133613 0.000213 0.199427 0.195613 0.058333 0.000253 0.000000 0.000520 0.095987 0.000227 0.022507 0.000520 0.000000 0.000147 0.000107 0.000200 0.118587 0.000000 0.000000 0.000573 0.000667 0.000000 0.000560 0.000213 0.210787 0.005933 0.000000 0.000000 0.001587 0.000000 0.002787 0.000000 0.000000 0.000000 0.000147 0.000000 0.000000 0.000000 0.000000 0.000000 0.000000 0.000000 0.000000 0.000000 0.000000 0.000000 0.000000 0.000000 0.000000 0.000000 0.000000 0.000000 0.000000 0.000000 0.000347 0.000000 0.000000 0.000000 0.000827 0.000000 0.000000 0.000000 0.000000 0.000000 0.000000
0.000307 0.000613 0.000320 0.000267 0.000387 0.000387 0.000480 0.000947 0.000347 0.000520 0.000000 0.000640 0.016480 0.004360 0.000000 0.000000 0.003120 0.077373 0.027547 0.000280 0.000107 0.000147 0.000093 0.000373 0.001093 0.060880 0.009880 0.000200 0.006587 0.000307 0.004947 0.011907 0.000000 0.051080 0.000000 0.000000 0.000000 0.000000 0.000000 0.000000 0.000000 0.000000 0.000000 0.000000 0.001387 0.000000 0.005440 0.000160 0.000000 0.000000 0.000000 0.000147 0.000000 0.000000 0.000000 0.000000 0.000000 0.000000 0.000173 0.001613 0.000747 0.000080 0.000093 0.000000 0.001173 0.000000 0.000000 0.000160
0.000000 0.000000 0.000000 0.021680 0.000947 0.026013 0.003920 0.010960 0.000000 0.095987 0.000640 0.000000 0.000360 0.005213 0.000333 0.000000 0.000000 0.000093 0.000173 0.033787 0.000000 0.000000 0.000000 0.000453 0.000000 0.000333 0.000213 0.012187 0.002600 0.000000 0.000000 0.001800 0.000000 0.001147 0.000000 0.000000 0.000000 0.000280 0.000000 0.000000 0.000000 0.000000 0.000000 0.000067 0.000000 0.000000 0.000000 0.000000 0.000000 0.000000 0.000000 0.000000 0.000000 0.000000 0.000000 0.000000 0.000000 0.000213 0.000000 0.000000 0.000000 0.000827 0.000000 0.000000 0.000000 0.000000 0.000000 0.000000
0.000000 0.011827 0.000000 0.000067 0.001200 0.000200 0.000160 0.000720 0.004653 0.000227 0.016480 0.000360 0.000000 0.001053 0.000347 0.000000 0.000000 0.000333 0.000000 0.000093 0.000000 0.001933 0.000067 0.002613 0.042533 0.002720 0.044893 0.000000 0.001573 0.000000 0.015973 0.004227 0.000000 0.011707 0.000000 0.000000 0.000000 0.000000 0.000000 0.000000 0.000000 0.000000 0.000000 0.000000 0.003387 0.000000 0.010373 0.000267 0.000000 0.000000 0.000000 0.000360 0.000067 0.000000 0.000000 0.000000 0.000000 0.000000 0.000333 0.002400 0.001627 0.000000 0.000107 0.000000 0.002053 0.000160 0.000000 0.000560
0.071787 0.000000 0.006893 0.001707 0.000000 0.003227 0.086960 0.173720 0.000213 0.022507 0.004360 0.005213 0.001053 0.000000 0.000000 0.000000 0.011347 0.000893 0.005373 0.002827 0.002360 0.000000 0.013493 0.000613 0.000000 0.005120 0.001000 0.004147 0.100893 0.042347 0.000067 0.042813 0.000000 0.003213 0.000000 0.000000 0.000000 0.000000 0.000000 0.000000 0.000000 0.000000 0.000000 0.000000 0.000000 0.000000 0.000000 0.000080 0.000000 0.000000 0.000000 0.000000 0.000000 0.000000 0.000000 0.000000 0.000000 0.000307 0.000000 0.000000 0.000000 0.000547 0.000000 0.000000 0.000000 0.000000 0.000000 0.000120
0.000000 0.000267 0.000000 0.000253 0.016360 0.010120 0.000133 0.000240 0.000533 0.000520 0.000000 0.000333 0.000347 0.000000 0.000000 0.000000 0.000000 0.000000 0.000000 0.000093 0.000000 0.000200 0.000000 0.001307 0.000133 0.000000 0.000120 0.000453 0.000000 0.000000 0.000000 0.001800 0.000000 0.000000 0.000000 0.000000 0.000000 0.000000 0.000000 0.000000 0.000000 0.000000 0.000000 0.000000 0.000000 0.000000 0.000000 0.000000 0.000000 0.000000 0.000000 0.000000 0.000000 0.000000 0.000000 0.000000 0.000000 0.000000 0.000000 0.000000 0.000000 0.000000 0.000000 0.000000 0.000000 0.000000 0.000000 0.000000
0.000000 0.000000 0.000133 0.000000 0.000000 0.000000 0.000000 0.000000 0.000000 0.000000 0.000000 0.000000 0.000000 0.000000 0.000000 0.000000 0.000267 0.000000 0.000080 0.000000 0.034440 0.016493 0.124320 0.004907 0.000000 0.000160 0.024133 0.021693 0.000000 0.000573 0.000000 0.000000 0.000000 0.000640 0.000000 0.000000 0.000000 0.000000 0.000000 0.000000 0.000000 0.000000 0.000000 0.000000 0.000000 0.000000 0.000000 0.000000 0.000000 0.009333 0.000067 0.000000 0.000000 0.000000 0.003293 0.001787 0.012093 0.000120 0.000000 0.000000 0.000173 0.000307 0.000200 0.000440 0.000000 0.000000 0.000000 0.000000
0.002293 0.000000 0.087907 0.000000 0.000000 0.000213 0.001627 0.004693 0.000000 0.000147 0.003120 0.000000 0.000000 0.011347 0.000000 0.000267 0.000000 0.003960 0.110613 0.000000 0.004587 0.000000 0.025493 0.000440 0.000000 0.031347 0.045200 0.003227 0.017733 0.026120 0.000000 0.000213 0.000293 0.011413 0.000000 0.000000 0.004133 0.000000 0.000000 0.000000 0.000000 0.000000 0.000000 0.000000 0.000000 0.000000 0.000000 0.000000 0.000000 0.000000 0.001227 0.000000 0.000347 0.000000 0.000000 0.000000 0.001800 0.000000 0.000000 0.002400 0.002200 0.000000 0.000000 0.000000 0.000000 0.000000 0.000000 0.000000
0.000107 0.000000 0.000147 0.000000 0.000000 0.000067 0.000000 0.000240 0.000000 0.000107 0.077373 0.000093 0.000333 0.000893 0.000000 0.000000 0.003960 0.000000 0.017427 0.000000 0.000267 0.000000 0.000120 0.000000 0.000080 0.030320 0.001960 0.000067 0.001467 0.000520 0.000320 0.000613 0.000000 0.006413 0.000000 0.000000 0.000000 0.000000 0.000000 0.000000 0.000000 0.000000 0.000000 0.000000 0.000227 0.000000 0.000787 0.000000 0.000000 0.000000 0.000000 0.000107 0.000000 0.000000 0.000000 0.000000 0.000000 0.000000 0.000080 0.000880 0.000493 0.000000 0.000000 0.000000 0.000613 0.000000 0.000000 0.000000
0.000800 0.000000 0.009307 0.000080 0.000000 0.000000 0.000600 0.002373 0.000000 0.000200 0.027547 0.000173 0.000000 0.005373 0.000000 0.000080 0.110613 0.017427 0.000000 0.000000 0.001800 0.000000 0.002947 0.000093 0.000000 0.059293 0.004000 0.000480 0.007853 0.005960 0.000107 0.000227 0.000160 0.023560 0.000000 0.000000 0.000333 0.000000 0.000000 0.000000 0.000000 0.000000 0.000000 0.000000 0.000000 0.000000 0.000147 0.000000 0.000000 0.000000 0.000240 0.000000 0.000787 0.000000 0.000000 0.000000 0.000080 0.000000 0.000000 0.002907 0.001853 0.000000 0.000000 0.000000 0.000120 0.000000 0.000000 0.000000
0.000000 0.000000 0.000000 0.070053 0.000507 0.003533 0.000760 0.003893 0.000107 0.118587 0.000280 0.033787 0.000093 0.002827 0.000093 0.000000 0.000000 0.000000 0.000000 0.000000 0.000000 0.000000 0.000000 0.001240 0.000000 0.000067 0.000000 0.029440 0.000973 0.000000 0.000000 0.000760 0.000000 0.000320 0.000000 0.000000 0.000000 0.000400 0.000000 0.000000 0.000000 0.000000 0.000000 0.000000 0.000000 0.000000 0.000000 0.000000 0.000000 0.000000 0.000000 0.000000 0.000000 0.000000 0.000000 0.000000 0.000000 0.000173 0.000000 0.000000 0.000000 0.000627 0.000000 0.000000 0.000000 0.000000 0.000000 0.000000
0.000373 0.000000 0.014867 0.000000 0.000000 0.000200 0.006280 0.000960 0.000000 0.000000 0.000107 0.000000 0.000000 0.002360 0.000000 0.034440 0.004587 0.000267 0.001800 0.000000 0.000000 0.004467 0.289960 0.001240 0.000000 0.001440 0.014133 0.033493 0.004627 0.093320 0.000000 0.000000 0.000720 0.018480 0.000000 0.000000 0.000133 0.000000 0.000000 0.000000 0.000000 0.000000 0.000000 0.000000 0.000000 0.000000 0.000000 0.000093 0.000000 0.004400 0.000067 0.000000 0.000000 0.000000 0.005427 0.001080 0.002373 0.000987 0.000000 0.000080 0.000080 0.001627 0.001267 0.000987 0.000000 0.000000 0.000093 0.000253
0.000000 0.001587 0.000107 0.000000 0.001667 0.000000 0.000000 0.000000 0.007600 0.000000 0.000147 0.000000 0.001933 0.000000 0.000200 0.016493 0.000000 0.000000 0.000000 0.000000 0.004467 0.000000 0.002680 0.017427 0.001133 0.000333 0.032040 0.002613 0.000000 0.000000 0.000067 0.000093 0.000000 0.000000 0.000000 0.000000 0.000067 0.000000 0.000000 0.000000 0.000000 0.000000 0.000000 0.000000 0.000000 0.000000 0.000000 0.000000 0.000000 0.002067 0.000000 0.000000 0.000000 0.000000 0.000720 0.000000 0.003093 0.000280 0.000000 0.000000 0.000893 0.000187 0.000093 0.000000 0.000000 0.000000 0.000000 0.000000
0.002413 0.000000 0.069653 0.000000 0.000000 0.000707 0.010933 0.006960 0.000000 0.000573 0.000093 0.000000 0.000067 0.013493 0.000000 0.124320 0.025493 0.000120 0.002947 0.000000 0.289960 0.002680 0.000000 0.000720 0.000000 0.004253 0.126573 0.032693 0.005733 0.078493 0.000000 0.000107 0.000000 0.030120 0.000000 0.000067 0.001987 0.000000 0.000000 0.000000 0.000000 0.000000 0.000000 0.000000 0.000000 0.000000 0.000000 0.000000 0.000000 0.011027 0.001307 0.000000 0.000000 0.000000 0.003160 0.001333 0.053333 0.000093 0.000000 0.000093 0.002853 0.000173 0.000067 0.000253 0.000000 0.000000 0.000000 0.000000
0.000067 0.003200 0.000213 0.014200 0.007587 0.000613 0.005093 0.000240 0.033293 0.000667 0.000373 0.000453 0.002613 0.000613 0.001307 0.004907 0.000440 0.000000 0.000093 0.001240 0.001240 0.017427 0.000720 0.000000 0.001520 0.003653 0.015040 0.117507 0.002093 0.005693 0.000160 0.000947 0.000547 0.000720 0.000000 0.000160 0.000187 0.001587 0.000000 0.000000 0.000333 0.001147 0.000893 0.000413 0.000067 0.000000 0.000067 0.001013 0.000000 0.001387 0.000000 0.000000 0.000000 0.000253 0.001933 0.001533 0.000093 0.013747 0.000187 0.000547 0.000493 0.014893 0.001800 0.000293 0.000000 0.000000 0.000080 0.001040
0.000000 0.011453 0.000000 0.000000 0.000573 0.000000 0.000000 0.000000 0.002093 0.000000 0.001093 0.000000 0.042533 0.000000 0.000133 0.000000 0.000000 0.000080 0.000000 0.000000 0.000000 0.001133 0.000000 0.001520 0.000000 0.001360 0.010240 0.000000 0.000000 0.000000 0.001347 0.000000 0.000000 0.000000 0.000000 0.000000 0.000000 0.000000 0.000000 0.000000 0.000000 0.000000 0.000000 0.000000 0.000427 0.000000 0.001200 0.000000 0.000000 0.000000 0.000000 0.000080 0.000000 0.000000 0.000000 0.000000 0.000000 0.000000 0.000187 0.001027 0.000693 0.000000 0.000000 0.000000 0.000733 0.000000 0.000000 0.000000
0.000720 0.002920 0.068627 0.000000 0.000280 0.000307 0.003600 0.002213 0.000947 0.000560 0.060880 0.000333 0.002720 0.005120 0.000000 0.000160 0.031347 0.030320 0.059293 0.000067 0.001440 0.000333 0.004253 0.003653 0.001360 0.000000 0.158240 0.002427 0.004400 0.002707 0.008880 0.000587 0.000000 0.015400 0.000000 0.000600 0.003773 0.000000 0.000000 0.000000 0.000000 0.000000 0.000000 0.000000 0.001213 0.000000 0.007747 0.000000 0.000000 0.000000 0.002253 0.001867 0.005733 0.000000 0.000000 0.000000 0.000067 0.000000 0.002120 0.034200 0.039293 0.000000 0.000000 0.000000 0.005347 0.000000 0.000000 0.000147
0.000133 0.065093 0.087813 0.000000 0.000747 0.000107 0.001893 0.000200 0.004627 0.000213 0.009880 0.000213 0.044893 0.001000 0.000120 0.024133 0.045200 0.001960 0.004000 0.000000 0.014133 0.032040 0.126573 0.015040 0.010240 0.158240 0.000000 0.028853 0.000960 0.000120 0.019693 0.000373 0.000000 0.022227 0.000000 0.002187 0.020840 0.000000 0.000000 0.000000 0.000000 0.000000 0.000000 0.000000 0.001480 0.000000 0.006613 0.000000 0.000000 0.004307 0.006453 0.001840 0.006240 0.000000 0.000240 0.001013 0.037653 0.000000 0.003133 0.037947 0.058933 0.000067 0.000067 0.000107 0.004840 0.000000 0.000000 0.000387
0.000147 0.000200 0.017507 0.161360 0.002813 0.003880 0.304800 0.002680 0.009547 0.210787 0.000200 0.012187 0.000000 0.004147 0.000453 0.021693 0.003227 0.000067 0.000480 0.029440 0.033493 0.002613 0.032693 0.117507 0.000000 0.002427 0.028853 0.000000 0.013080 0.096693 0.000000 0.000747 0.003867 0.008307 0.000000 0.000240 0.000307 0.004333 0.000160 0.000120 0.000413 0.001293 0.000813 0.001107 0.000000 0.000000 0.000080 0.001613 0.000000 0.001707 0.000120 0.000000 0.000000 0.001253 0.002240 0.000800 0.000387 0.015507 0.000387 0.000120 0.000400 0.022027 0.002427 0.000307 0.000000 0.000000 0.000000 0.000853
0.062693 0.000000 0.000867 0.001400 0.000000 0.000307 0.015600 0.004067 0.000133 0.005933 0.006587 0.002600 0.001573 0.100893 0.000000 0.000000 0.017733 0.001467 0.007853 0.000973 0.004627 0.000000 0.005733 0.002093 0.000000 0.004400 0.000960 0.013080 0.000000 0.084653 0.000067 0.013413 0.038080 0.018827 0.000000 0.000000 0.000000 0.000000 0.000000 0.000000 0.000000 0.000000 0.000000 0.000000 0.000000 0.000000 0.000000 0.000000 0.000000 0.000000 0.000000 0.000000 0.000000 0.000000 0.000147 0.000000 0.000000 0.000600 0.000000 0.000000 0.000000 0.000787 0.000147 0.000000 0.000000 0.000000 0.000000 0.000080
0.022200 0.000000 0.007613 0.000000 0.000000 0.000107 0.037160 0.008533 0.000000 0.000000 0.000307 0.000000 0.000000 0.042347 0.000000 0.000573 0.026120 0.000520 0.005960 0.000000 0.093320 0.000000 0.078493 0.005693 0.000000 0.002707 0.000120 0.096693 0.084653 0.000000 0.000000 0.000147 0.001107 0.016107 0.000000 0.000000 0.000000 0.000000 0.000000 0.000000 0.000000 0.000000 0.000000 0.000000 0.000000 0.000000 0.000000 0.000000 0.000000 0.000133 0.000000 0.000000 0.000000 0.000000 0.000160 0.000000 0.000000 0.000200 0.000000 0.000000 0.000000 0.000333 0.000120 0.000000 0.000000 0.000000 0.000000 0.000000
0.000000 0.000493 0.000080 0.000000 0.000067 0.000000 0.000000 0.000000 0.000280 0.000000 0.004947 0.000000 0.015973 0.000067 0.000000 0.000000 0.000000 0.000320 0.000107 0.000000 0.000000 0.000067 0.000000 0.000160 0.001347 0.008880 0.019693 0.000000 0.000067 0.000000 0.000000 0.000080 0.000000 0.000227 0.000000 0.000000 0.000000 0.000000 0.000000 0.000000 0.000000 0.000000 0.000000 0.000000 0.000373 0.000000 0.001373 0.000000 0.000000 0.000000 0.000000 0.000133 0.000000 0.000000 0.000000 0.000000 0.000000 0.000000 0.000147 0.000973 0.000573 0.000000 0.000000 0.000000 0.000627 0.000000 0.000000 0.000000
0.000133 0.000187 0.000160 0.000867 0.001493 0.018467 0.000600 0.041987 0.000280 0.001587 0.011907 0.001800 0.004227 0.042813 0.001800 0.000000 0.000213 0.000613 0.000227 0.000760 0.000000 0.000093 0.000107 0.000947 0.000000 0.000587 0.000373 0.000747 0.013413 0.000147 0.000080 0.000000 0.000000 0.015893 0.000000 0.000000 0.000000 0.000000 0.000000 0.000000 0.000000 0.000000 0.000000 0.000000 0.000000 0.000000 0.000000 0.000000 0.000000 0.000000 0.000000 0.000000 0.000000 0.000000 0.000000 0.000000 0.000000 0.000080 0.000000 0.000000 0.000000 0.000147 0.000000 0.000000 0.000000 0.000000 0.000000 0.000000
0.000107 0.000000 0.000000 0.000000 0.000000 0.000000 0.002200 0.000000 0.000000 0.000000 0.000000 0.000000 0.000000 0.000000 0.000000 0.000000 0.000293 0.000000 0.000160 0.000000 0.000720 0.000000 0.000000 0.000547 0.000000 0.000000 0.000000 0.003867 0.038080 0.001107 0.000000 0.000000 0.000000 0.005427 0.000000 0.000000 0.000000 0.000000 0.000000 0.000000 0.000000 0.000000 0.000000 0.000000 0.000000 0.000000 0.000000 0.000000 0.000000 0.000000 0.000000 0.000000 0.000000 0.000000 0.000000 0.000000 0.000000 0.000000 0.000000 0.000000 0.000000 0.000000 0.000000 0.000000 0.000000 0.000000 0.000000 0.000000
0.000147 0.000000 0.004067 0.000440 0.000547 0.000293 0.004667 0.000933 0.000107 0.002787 0.051080 0.001147 0.011707 0.003213 0.000000 0.000640 0.011413 0.006413 0.023560 0.000320 0.018480 0.000000 0.030120 0.000720 0.000000 0.015400 0.022227 0.008307 0.018827 0.016107 0.000227 0.015893 0.005427 0.000000 0.000000 0.000000 0.000067 0.000000 0.000000 0.000000 0.000000 0.000000 0.000000 0.000000 0.000000 0.000000 0.000000 0.000067 0.000000 0.000000 0.000000 0.000000 0.000000 0.000000 0.000000 0.000000 0.000120 0.000347 0.000000 0.000000 0.000160 0.000307 0.000000 0.000000 0.000000 0.000000 0.000000 0.000000
0.000000 0.000000 0.000000 0.000000 0.000000 0.000000 0.000000 0.000000 0.000000 0.000000 0.000000 0.000000 0.000000 0.000000 0.000000 0.000000 0.000000 0.000000 0.000000 0.000000 0.000000 0.000000 0.000000 0.000000 0.000000 0.000000 0.000000 0.000000 0.000000 0.000000 0.000000 0.000000 0.000000 0.000000 0.000000 0.000000 0.000173 0.000000 0.000000 0.000000 0.060653 0.000693 0.000000 0.000267 0.000133 0.000000 0.000000 0.070747 0.000000 0.000000 0.001360 0.000653 0.001760 0.000000 0.000000 0.000000 0.000533 0.000173 0.000000 0.001120 0.000093 0.000813 0.070707 0.003827 0.000000 0.000000 0.000000 0.000427
0.000000 0.000000 0.000160 0.000000 0.000000 0.000000 0.000000 0.000000 0.000000 0.000000 0.000000 0.000000 0.000000 0.000000 0.000000 0.000000 0.000000 0.000000 0.000000 0.000000 0.000000 0.000000 0.000067 0.000160 0.000000 0.000600 0.002187 0.000240 0.000000 0.000000 0.000000 0.000000 0.000000 0.000000 0.000000 0.000000 0.003293 0.000000 0.000160 0.000000 0.000000 0.000000 0.004533 0.000000 0.000000 0.000000 0.003707 0.000000 0.000267 0.000453 0.000373 0.000000 0.000173 0.000000 0.000000 0.000880 0.001893 0.003400 0.014320 0.003973 0.067213 0.000000 0.000000 0.000000 0.000360 0.000000 0.000000 0.000000
0.000000 0.000360 0.014947 0.000000 0.000000 0.000000 0.000080 0.000000 0.000000 0.000000 0.000000 0.000000 0.000000 0.000000 0.000000 0.000000 0.004133 0.000000 0.000333 0.000000 0.000133 0.000067 0.001987 0.000187 0.000000 0.003773 0.020840 0.000307 0.000000 0.000000 0.000000 0.000000 0.000000 0.000067 0.000173 0.003293 0.000000 0.000000 0.000000 0.000107 0.012773 0.002947 0.000000 0.001040 0.000000 0.000000 0.000000 0.005360 0.000000 0.000133 0.042347 0.000200 0.006640 0.000000 0.006560 0.000000 0.032280 0.000133 0.000000 0.068467 0.018960 0.007667 0.000493 0.001653 0.000080 0.000000 0.000000 0.002547
0.000000 0.000000 0.000000 0.006293 0.000000 0.000000 0.000280 0.000000 0.000173 0.000147 0.000000 0.000280 0.000000 0.000000 0.000000 0.000000 0.000000 0.000000 0.000000 0.000400 0.000000 0.000000 0.000000 0.001587 0.000000 0.000000 0.000000 0.004333 0.000000 0.000000 0.000000 0.000000 0.000000 0.000000 0.000000 0.000000 0.000000 0.000000 0.000000 0.004213 0.000547 0.003427 0.002240 0.108293 0.000000 0.039200 0.000000 0.002053 0.000120 0.000000 0.000000 0.000000 0.000000 0.152480 0.000000 0.000000 0.000000 0.016680 0.000000 0.000000 0.000000 0.162560 0.001813 0.000000 0.000000 0.000000 0.000000 0.000680
0.000000 0.000000 0.000000 0.000080 0.000000 0.000000 0.000000 0.000000 0.000000 0.000000 0.000000 0.000000 0.000000 0.000000 0.000000 0.000000 0.000000 0.000000 0.000000 0.000000 0.000000 0.000000 0.000000 0.000000 0.000000 0.000000 0.000000 0.000160 0.000000 0.000000 0.000000 0.000000 0.000000 0.000000 0.000000 0.000160 0.000000 0.000000 0.000000 0.000827 0.000000 0.000000 0.000827 0.000000 0.000533 0.000573 0.000560 0.000000 0.025827 0.000000 0.000000 0.000120 0.000000 0.000067 0.000000 0.000133 0.000000 0.006027 0.000413 0.000173 0.000200 0.000613 0.000000 0.000000 0.000067 0.000120 0.000000 0.002853
0.000000 0.000000 0.000000 0.000093 0.000000 0.000000 0.000000 0.000000 0.000000 0.000000 0.000000 0.000000 0.000000 0.000000 0.000000 0.000000 0.000000 0.000000 0.000000 0.000000 0.000000 0.000000 0.000000 0.000000 0.000000 0.000000 0.000000 0.000120 0.000000 0.000000 0.000000 0.000000 0.000000 0.000000 0.000000 0.000000 0.000107 0.004213 0.000827 0.000000 0.010213 0.071387 0.000467 0.310733 0.000000 0.042240 0.000000 0.002707 0.013027 0.000000 0.000000 0.000000 0.000000 0.006333 0.000000 0.000000 0.000000 0.002013 0.000000 0.000000 0.000000 0.022067 0.000480 0.000000 0.000000 0.000573 0.000000 0.000293
0.000000 0.000000 0.000000 0.000080 0.000000 0.000000 0.000000 0.000000 0.000000 0.000000 0.000000 0.000000 0.000000 0.000000 0.000000 0.000000 0.000000 0.000000 0.000000 0.000000 0.000000 0.000000 0.000000 0.000333 0.000000 0.000000 0.000000 0.000413 0.000000 0.000000 0.000000 0.000000 0.000000 0.000000 0.060653 0.000000 0.012773 0.000547 0.000000 0.010213 0.000000 0.069533 0.000000 0.224600 0.000627 0.000213 0.000093 0.269173 0.000227 0.000000 0.016933 0.001853 0.008787 0.000160 0.010387 0.000000 0.024547 0.005733 0.000000 0.007640 0.000333 0.248627 0.037027 0.049080 0.000000 0.000160 0.000547 0.009853
0.000000 0.000000 0.000000 0.000080 0.000000 0.000000 0.000120 0.000000 0.000000 0.000000 0.000000 0.000000 0.000000 0.000000 0.000000 0.000000 0.000000 0.000000 0.000000 0.000000 0.000000 0.000000 0.000000 0.001147 0.000000 0.000000 0.000000 0.001293 0.000000 0.000000 0.000000 0.000000 0.000000 0.000000 0.000693 0.000000 0.002947 0.003427 0.000000 0.071387 0.069533 0.000000 0.000347 0.131280 0.000480 0.015840 0.000333 0.249333 0.003093 0.000000 0.002000 0.000600 0.000920 0.006933 0.000160 0.000000 0.003027 0.000920 0.000000 0.002627 0.000240 0.014440 0.002560 0.001587 0.000000 0.019547 0.000000 0.000773
0.000000 0.000000 0.000000 0.000173 0.000000 0.000000 0.000080 0.000000 0.000000 0.000000 0.000000 0.000000 0.000000 0.000000 0.000000 0.000000 0.000000 0.000000 0.000000 0.000000 0.000000 0.000000 0.000000 0.000893 0.000000 0.000000 0.000000 0.000813 0.000000 0.000000 0.000000 0.000000 0.000000 0.000000 0.000000 0.004533 0.000000 0.002240 0.000827 0.000467 0.000000 0.000347 0.000000 0.000267 0.000000 0.000240 0.001347 0.000213 0.000987 0.000080 0.000147 0.000000 0.000080 0.000280 0.000000 0.012147 0.000000 0.027040 0.005440 0.000560 0.001853 0.009547 0.000227 0.000000 0.000000 0.000133 0.000000 0.000067
0.000000 0.000000 0.000000 0.000147 0.000000 0.000000 0.000080 0.000000 0.000000 0.000000 0.000000 0.000067 0.000000 0.000000 0.000000 0.000000 0.000000 0.000000 0.000000 0.000000 0.000000 0.000000 0.000000 0.000413 0.000000 0.000000 0.000000 0.001107 0.000000 0.000000 0.000000 0.000000 0.000000 0.000000 0.000267 0.000000 0.001040 0.108293 0.000000 0.310733 0.224600 0.131280 0.000267 0.000000 0.000213 0.099187 0.000067 0.057867 0.000920 0.000000 0.000093 0.000280 0.000120 0.100987 0.000627 0.000000 0.000440 0.003853 0.000000 0.000507 0.000240 0.378213 0.012440 0.000067 0.000067 0.000467 0.000000 0.003667
0.000000 0.000133 0.000000 0.000000 0.000000 0.000000 0.000000 0.000000 0.000000 0.000000 0.001387 0.000000 0.003387 0.000000 0.000000 0.000000 0.000000 0.000227 0.000000 0.000000 0.000000 0.000000 0.000000 0.000067 0.000427 0.001213 0.001480 0.000000 0.000000 0.000000 0.000373 0.000000 0.000000 0.000000 0.000133 0.000000 0.000000 0.000000 0.000533 0.000000 0.000627 0.000480 0.000000 0.000213 0.000000 0.000187 0.028147 0.004467 0.000000 0.000000 0.000293 0.087440 0.010133 0.000000 0.000000 0.000000 0.000000 0.000000 0.002800 0.058840 0.002387 0.000147 0.005880 0.000373 0.026133 0.003880 0.000000 0.028693
0.000000 0.000000 0.000000 0.000000 0.000000 0.000000 0.000000 0.000000 0.000000 0.000000 0.000000 0.000000 0.000000 0.000000 0.000000 0.000000 0.000000 0.000000 0.000000 0.000000 0.000000 0.000000 0.000000 0.000000 0.000000 0.000000 0.000000 0.000000 0.000000 0.000000 0.000000 0.000000 0.000000 0.000000 0.000000 0.000000 0.000000 0.039200 0.000573 0.042240 0.000213 0.015840 0.000240 0.099187 0.000187 0.000000 0.000000 0.008200 0.001213 0.000000 0.000000 0.000280 0.000080 0.084693 0.000000 0.000000 0.000000 0.003040 0.000000 0.000213 0.000107 0.012280 0.003640 0.000000 0.000000 0.000227 0.000000 0.000853
0.000000 0.000080 0.000000 0.000000 0.000000 0.000000 0.000000 0.000000 0.000000 0.000000 0.005440 0.000000 0.010373 0.000000 0.000000 0.000000 0.000000 0.000787 0.000147 0.000000 0.000000 0.000000 0.000000 0.000067 0.001200 0.007747 0.006613 0.000080 0.000000 0.000000 0.001373 0.000000 0.000000 0.000000 0.000000 0.003707 0.000000 0.000000 0.000560 0.000000 0.000093 0.000333 0.001347 0.000067 0.028147 0.000000 0.000000 0.003400 0.000080 0.000520 0.000000 0.001387 0.000240 0.000000 0.000000 0.001000 0.000000 0.001360 0.039480 0.014467 0.082973 0.000000 0.004800 0.000000 0.052533 0.003773 0.000000 0.009587
0.000000 0.000000 0.000000 0.000000 0.000000 0.000000 0.000107 0.000000 0.000000 0.000000 0.000160 0.000000 0.000267 0.000080 0.000000 0.000000 0.000000 0.000000 0.000000 0.000000 0.000093 0.000000 0.000000 0.001013 0.000000 0.000000 0.000000 0.001613 0.000000 0.000000 0.000000 0.000000 0.000000 0.000067 0.070747 0.000000 0.005360 0.002053 0.000000 0.002707 0.269173 0.249333 0.000213 0.057867 0.004467 0.008200 0.003400 0.000000 0.000253 0.000000 0.005933 0.003387 0.004907 0.004947 0.000067 0.000000 0.006640 0.001880 0.000240 0.007333 0.000720 0.013293 0.059440 0.007240 0.000440 0.005013 0.000000 0.007387
0.000000 0.000000 0.000000 0.000000 0.000000 0.000000 0.000000 0.000000 0.000000 0.000000 0.000000 0.000000 0.000000 0.000000 0.000000 0.000000 0.000000 0.000000 0.000000 0.000000 0.000000 0.000000 0.000000 0.000000 0.000000 0.000000 0.000000 0.000000 0.000000 0.000000 0.000000 0.000000 0.000000 0.000000 0.000000 0.000267 0.000000 0.000120 0.025827 0.013027 0.000227 0.003093 0.000987 0.000920 0.000000 0.001213 0.000080 0.000253 0.000000 0.000000 0.000080 0.000000 0.000000 0.000120 0.000000 0.000213 0.000000 0.003133 0.000373 0.000147 0.000267 0.000360 0.000000 0.000000 0.000000 0.000773 0.000000 0.000000
0.000000 0.000000 0.000000 0.000000 0.000000 0.000000 0.000000 0.000000 0.000000 0.000000 0.000000 0.000000 0.000000 0.000000 0.000000 0.009333 0.000000 0.000000 0.000000 0.000000 0.004400 0.002067 0.011027 0.001387 0.000000 0.000000 0.004307 0.001707 0.000000 0.000133 0.000000 0.000000 0.000000 0.000000 0.000000 0.000453 0.000133 0.000000 0.000000 0.000000 0.000000 0.000000 0.000080 0.000000 0.000000 0.000000 0.000520 0.000000 0.000000 0.000000 0.002013 0.000000 0.000307 0.000000 0.057800 0.050787 0.057480 0.012000 0.000280 0.002333 0.016773 0.001880 0.000400 0.004480 0.000280 0.000000 0.000000 0.001293
0.000000 0.000000 0.005547 0.000000 0.000000 0.000000 0.000000 0.000000 0.000000 0.000000 0.000000 0.000000 0.000000 0.000000 0.000000 0.000067 0.001227 0.000000 0.000240 0.000000 0.000067 0.000000 0.001307 0.000000 0.000000 0.002253 0.006453 0.000120 0.000000 0.000000 0.000000 0.000000 0.000000 0.000000 0.001360 0.000373 0.042347 0.000000 0.000000 0.000000 0.016933 0.002000 0.000147 0.000093 0.000293 0.000000 0.000000 0.005933 0.000080 0.002013 0.000000 0.006920 0.064960 0.000000 0.001173 0.000413 0.063373 0.001267 0.000000 0.028707 0.063747 0.001107 0.001547 0.019880 0.000080 0.000000 0.000000 0.010707
0.000000 0.000000 0.000000 0.000000 0.000000 0.000000 0.000000 0.000000 0.000000 0.000000 0.000147 0.000000 0.000360 0.000000 0.000000 0.000000 0.000000 0.000107 0.000000 0.000000 0.000000 0.000000 0.000000 0.000000 0.000080 0.001867 0.001840 0.000000 0.000000 0.000000 0.000133 0.000000 0.000000 0.000000 0.000653 0.000000 0.000200 0.000000 0.000120 0.000000 0.001853 0.000600 0.000000 0.000280 0.087440 0.000280 0.001387 0.003387 0.000000 0.000000 0.006920 0.000000 0.054440 0.000080 0.000000 0.000000 0.000227 0.000067 0.000347 0.045040 0.003307 0.000213 0.004787 0.001987 0.003147 0.000453 0.000000 0.019427
0.000000 0.000107 0.000240 0.000000 0.000000 0.000000 0.000000 0.000000 0.000000 0.000000 0.000000 0.000000 0.000067 0.000000 0.000000 0.000000 0.000347 0.000000 0.000787 0.000000 0.000000 0.000000 0.000000 0.000000 0.000000 0.005733 0.006240 0.000000 0.000000 0.000000 0.000000 0.000000 0.000000 0.000000 0.001760 0.000173 0.006640 0.000000 0.000000 0.000000 0.008787 0.000920 0.000080 0.000120 0.010133 0.000080 0.000240 0.004907 0.000000 0.000307 0.064960 0.054440 0.000000 0.000093 0.000120 0.000147 0.005213 0.000347 0.000000 0.082053 0.015053 0.000400 0.007787 0.007187 0.000440 0.000000 0.000093 0.018613
0.000000 0.000000 0.000000 0.000467 0.000000 0.000000 0.000120 0.000000 0.000000 0.000000 0.000000 0.000000 0.000000 0.000000 0.000000 0.000000 0.000000 0.000000 0.000000 0.000000 0.000000 0.000000 0.000000 0.000253 0.000000 0.000000 0.000000 0.001253 0.000000 0.000000 0.000000 0.000000 0.000000 0.000000 0.000000 0.000000 0.000000 0.152480 0.000067 0.006333 0.000160 0.006933 0.000280 0.100987 0.000000 0.084693 0.000000 0.004947 0.000120 0.000000 0.000000 0.000080 0.000093 0.000000 0.000000 0.000000 0.000000 0.001560 0.000000 0.000120 0.000093 0.019827 0.002680 0.000000 0.000000 0.000120 0.000000 0.000467
0.000000 0.000000 0.000000 0.000000 0.000000 0.000000 0.000000 0.000000 0.000000 0.000000 0.000000 0.000000 0.000000 0.000000 0.000000 0.003293 0.000000 0.000000 0.000000 0.000000 0.005427 0.000720 0.003160 0.001933 0.000000 0.000000 0.000240 0.002240 0.000147 0.000160 0.000000 0.000000 0.000000 0.000000 0.000000 0.000000 0.006560 0.000000 0.000000 0.000000 0.010387 0.000160 0.000000 0.000627 0.000000 0.000000 0.000000 0.000067 0.000000 0.057800 0.001173 0.000000 0.000120 0.000000 0.000000 0.004840 0.188040 0.000787 0.000000 0.000613 0.002853 0.036760 0.001293 0.122853 0.000000 0.000000 0.000520 0.029893
0.000000 0.000000 0.000000 0.000000 0.000000 0.000000 0.000000 0.000000 0.000107 0.000000 0.000000 0.000000 0.000000 0.000000 0.000000 0.001787 0.000000 0.000000 0.000000 0.000000 0.001080 0.000000 0.001333 0.001533 0.000000 0.000000 0.001013 0.000800 0.000000 0.000000 0.000000 0.000000 0.000000 0.000000 0.000000 0.000880 0.000000 0.000000 0.000133 0.000000 0.000000 0.000000 0.012147 0.000000 0.000000 0.000000 0.001000 0.000000 0.000213 0.050787 0.000413 0.000000 0.000147 0.000000 0.004840 0.000000 0.009960 0.012200 0.001693 0.001053 0.011973 0.001747 0.000320 0.000000 0.000173 0.000000 0.000000 0.000213
0.000000 0.000267 0.014173 0.000000 0.000000 0.000000 0.000000 0.000000 0.000000 0.000000 0.000000 0.000000 0.000000 0.000000 0.000000 0.012093 0.001800 0.000000 0.000080 0.000000 0.002373 0.003093 0.053333 0.000093 0.000000 0.000067 0.037653 0.000387 0.000000 0.000000 0.000000 0.000000 0.000000 0.000120 0.000533 0.001893 0.032280 0.000000 0.000000 0.000000 0.024547 0.003027 0.000000 0.000440 0.000000 0.000000 0.000000 0.006640 0.000000 0.057480 0.063373 0.000227 0.005213 0.000000 0.188040 0.009960 0.000000 0.001427 0.000000 0.011667 0.057493 0.016987 0.000307 0.066987 0.000000 0.000000 0.000000 0.017440
0.000000 0.000000 0.000000 0.001373 0.000000 0.000000 0.001667 0.000147 0.001307 0.000347 0.000000 0.000213 0.000000 0.000307 0.000000 0.000120 0.000000 0.000000 0.000000 0.000173 0.000987 0.000280 0.000093 0.013747 0.000000 0.000000 0.000000 0.015507 0.000600 0.000200 0.000000 0.000080 0.000000 0.000347 0.000173 0.003400 0.000133 0.016680 0.006027 0.002013 0.005733 0.000920 0.027040 0.003853 0.000000 0.003040 0.001360 0.001880 0.003133 0.012000 0.001267 0.000067 0.000347 0.001560 0.000787 0.012200 0.001427 0.000000 0.003440 0.002987 0.008933 0.114973 0.004387 0.000600 0.000387 0.000520 0.000240 0.001653
0.000000 0.000000 0.000000 0.000000 0.000000 0.000000 0.000000 0.000000 0.000000 0.000000 0.000173 0.000000 0.000333 0.000000 0.000000 0.000000 0.000000 0.000080 0.000000 0.000000 0.000000 0.000000 0.000000 0.000187 0.000187 0.002120 0.003133 0.000387 0.000000 0.000000 0.000147 0.000000 0.000000 0.000000 0.000000 0.014320 0.000000 0.000000 0.000413 0.000000 0.000000 0.000000 0.005440 0.000000 0.002800 0.000000 0.039480 0.000240 0.000373 0.000280 0.000000 0.000347 0.000000 0.000000 0.000000 0.001693 0.000000 0.003440 0.000000 0.010933 0.039067 0.000000 0.000253 0.000000 0.008333 0.000453 0.000000 0.001013
0.000000 0.000387 0.001933 0.000000 0.000000 0.000000 0.000000 0.000000 0.000107 0.000000 0.001613 0.000000 0.002400 0.000000 0.000000 0.000000 0.002400 0.000880 0.002907 0.000000 0.000080 0.000000 0.000093 0.000547 0.001027 0.034200 0.037947 0.000120 0.000000 0.000000 0.000973 0.000000 0.000000 0.000000 0.001120 0.003973 0.068467 0.000000 0.000173 0.000000 0.007640 0.002627 0.000560 0.000507 0.058840 0.000213 0.014467 0.007333 0.000147 0.002333 0.028707 0.045040 0.082053 0.000120 0.000613 0.001053 0.011667 0.002987 0.010933 0.000000 0.102293 0.002120 0.004307 0.003067 0.023347 0.000667 0.000000 0.008040
0.000000 0.001107 0.006427 0.000000 0.000000 0.000000 0.000080 0.000000 0.000000 0.000000 0.000747 0.000000 0.001627 0.000000 0.000000 0.000173 0.002200 0.000493 0.001853 0.000000 0.000080 0.000893 0.002853 0.000493 0.000693 0.039293 0.058933 0.000400 0.000000 0.000000 0.000573 0.000000 0.000000 0.000160 0.000093 0.067213 0.018960 0.000000 0.000200 0.000000 0.000333 0.000240 0.001853 0.000240 0.002387 0.000107 0.082973 0.000720 0.000267 0.016773 0.063747 0.003307 0.015053 0.000093 0.002853 0.011973 0.057493 0.008933 0.039067 0.102293 0.000000 0.005707 0.001053 0.000093 0.025200 0.000120 0.000000 0.023720
0.000000 0.000000 0.000000 0.004560 0.000067 0.000000 0.002387 0.000253 0.000747 0.000827 0.000080 0.000827 0.000000 0.000547 0.000000 0.000307 0.000000 0.000000 0.000000 0.000627 0.001627 0.000187 0.000173 0.014893 0.000000 0.000000 0.000067 0.022027 0.000787 0.000333 0.000000 0.000147 0.000000 0.000307 0.000813 0.000000 0.007667 0.162560 0.000613 0.022067 0.248627 0.014440 0.009547 0.378213 0.000147 0.012280 0.000000 0.013293 0.000360 0.001880 0.001107 0.000213 0.000400 0.019827 0.036760 0.001747 0.016987 0.114973 0.000000 0.002120 0.005707 0.000000 0.023933 0.052653 0.000067 0.000227 0.001520 0.016840
0.000000 0.000000 0.000000 0.000000 0.000000 0.000000 0.000160 0.000000 0.000000 0.000000 0.000093 0.000000 0.000107 0.000000 0.000000 0.000200 0.000000 0.000000 0.000000 0.000000 0.001267 0.000093 0.000067 0.001800 0.000000 0.000000 0.000067 0.002427 0.000147 0.000120 0.000000 0.000000 0.000000 0.000000 0.070707 0.000000 0.000493 0.001813 0.000000 0.000480 0.037027 0.002560 0.000227 0.012440 0.005880 0.003640 0.004800 0.059440 0.000000 0.000400 0.001547 0.004787 0.007787 0.002680 0.001293 0.000320 0.000307 0.004387 0.000253 0.004307 0.001053 0.023933 0.000000 0.037560 0.000440 0.013573 0.076227 0.026440
0.000000 0.000000 0.000000 0.000000 0.000000 0.000000 0.000000 0.000000 0.000000 0.000000 0.000000 0.000000 0.000000 0.000000 0.000000 0.000440 0.000000 0.000000 0.000000 0.000000 0.000987 0.000000 0.000253 0.000293 0.000000 0.000000 0.000107 0.000307 0.000000 0.000000 0.000000 0.000000 0.000000 0.000000 0.003827 0.000000 0.001653 0.000000 0.000000 0.000000 0.049080 0.001587 0.000000 0.000067 0.000373 0.000000 0.000000 0.007240 0.000000 0.004480 0.019880 0.001987 0.007187 0.000000 0.122853 0.000000 0.066987 0.000600 0.000000 0.003067 0.000093 0.052653 0.037560 0.000000 0.000000 0.000000 0.000387 0.001467
0.000000 0.000000 0.000000 0.000000 0.000000 0.000000 0.000000 0.000000 0.000000 0.000000 0.001173 0.000000 0.002053 0.000000 0.000000 0.000000 0.000000 0.000613 0.000120 0.000000 0.000000 0.000000 0.000000 0.000000 0.000733 0.005347 0.004840 0.000000 0.000000 0.000000 0.000627 0.000000 0.000000 0.000000 0.000000 0.000360 0.000080 0.000000 0.000067 0.000000 0.000000 0.000000 0.000000 0.000067 0.026133 0.000000 0.052533 0.000440 0.000000 0.000280 0.000080 0.003147 0.000440 0.000000 0.000000 0.000173 0.000000 0.000387 0.008333 0.023347 0.025200 0.000067 0.000440 0.000000 0.000000 0.000373 0.000000 0.000667
