0.000000 0.000000 97.630330 0.000000 0.000000 85.736408 33.060150 45.227401 0.000000 86.137766 114.293177 0.000000 106.946119 27.070153 0.000000 0.000000 89.153387 124.602874 111.838576 0.000000 72.831115 0.000000 78.339702 77.969720 0.000000 115.642517 132.324475 77.522359 23.652086 19.801236 0.000000 81.552169 0.000000 63.091524 0.000000 0.000000 0.000000 0.000000 0.000000 0.000000 0.000000 0.000000 0.000000 0.000000 0.000000 0.000000 0.000000 0.000000 0.000000 0.000000 0.000000 0.000000 0.000000 0.000000 0.000000 0.000000 0.000000 120.474105 0.000000 0.000000 0.000000 129.747398 0.000000 0.000000 0.000000 0.000000 0.000000 0.000000
0.000000 0.000000 0.000000 0.000000 0.000000 0.000000 0.000000 107.080381 72.531073 0.000000 54.084145 0.000000 47.030095 0.000000 0.000000 0.000000 0.000000 0.000000 0.000000 0.000000 0.000000 23.080789 0.000000 81.888895 24.835055 51.259769 41.062906 0.000000 0.000000 0.000000 58.307790 104.548217 0.000000 62.749666 0.000000 0.000000 0.000000 0.000000 0.000000 0.000000 0.000000 0.000000 0.000000 0.000000 0.000000 0.000000 0.000000 0.000000 0.000000 0.000000 0.000000 0.000000 0.000000 0.000000 0.000000 0.000000 0.000000 0.000000 0.000000 91.002855 39.058708 0.000000 0.000000 0.000000 0.000000 0.000000 0.000000 0.000000
97.630330 0.000000 0.000000 0.000000 0.000000 117.479150 94.564674 117.240447 0.000000 109.305785 79.962667 158.226088 0.000000 102.455103 137.298800 0.000000 36.465809 76.361217 61.114342 166.735486 65.316462 0.000000 35.650758 114.787116 0.000000 42.102621 38.381408 85.798780 121.589857 81.165512 0.000000 174.660602 0.000000 52.038875 0.000000 57.567796 98.227717 0.000000 0.000000 0.000000 157.637170 0.000000 0.000000 0.000000 0.000000 0.000000 0.000000 0.000000 0.000000 0.000000 105.658792 0.000000 103.724004 0.000000 0.000000 0.000000 106.628953 0.000000 0.000000 95.888839 89.381503 160.027479 0.000000 0.000000 0.000000 0.000000 0.000000 99.904982
0.000000 0.000000 0.000000 0.000000 100.521995 62.975623 45.568464 93.144084 54.237909 26.503177 147.937713 34.848248 142.871596 100.823499 79.920438 0.000000 0.000000 0.000000 0.000000 9.562030 0.000000 0.000000 0.000000 23.854461 0.000000 154.688295 153.452177 21.113660 109.725132 0.000000 0.000000 123.697283 0.000000 95.057159 0.000000 0.000000 0.000000 138.122668 0.000000 53.269812 130.174747 87.404940 68.831769 96.064173 0.000000 41.669874 0.000000 99.186960 0.000000 0.000000 0.000000 0.000000 0.000000 20.836532 0.000000 0.000000 0.000000 114.147120 0.000000 0.000000 0.000000 135.423611 113.903047 0.000000 0.000000 0.000000 0.000000 0.000000
0.000000 0.000000 0.000000 100.521995 0.000000 13.590947 110.377191 0.000000 63.994541 95.955111 0.000000 81.901388 184.188785 0.000000 19.702469 0.000000 0.000000 0.000000 0.000000 89.655743 0.000000 97.811855 0.000000 91.077887 0.000000 174.887970 166.461929 110.928375 0.000000 0.000000 0.000000 11.325021 0.000000 46.177392 0.000000 0.000000 0.000000 0.000000 0.000000 0.000000 0.000000 0.000000 0.000000 0.000000 0.000000 0.000000 0.000000 0.000000 0.000000 0.000000 0.000000 0.000000 0.000000 0.000000 0.000000 0.000000 0.000000 0.000000 0.000000 0.000000 0.000000 0.000000 0.000000 0.000000 0.000000 0.000000 0.000000 0.000000
85.736408 0.000000 117.479150 62.975623 13.590947 0.000000 62.226655 24.052021 64.247604 29.563438 92.455966 43.078818 86.097584 58.273196 24.770185 0.000000 140.239637 111.370678 158.133054 46.259532 101.670539 0.000000 111.031340 77.544093 0.000000 129.950183 134.499433 72.827527 66.068360 86.473962 118.339060 28.769136 0.000000 49.153510 0.000000 0.000000 0.000000 157.725309 0.000000 0.000000 147.303444 0.000000 0.000000 167.739346 0.000000 0.000000 0.000000 0.000000 0.000000 0.000000 0.000000 0.000000 0.000000 0.000000 0.000000 0.000000 0.000000 139.975708 0.000000 0.000000 0.000000 154.721397 0.000000 0.000000 0.000000 0.000000 0.000000 0.000000
33.060150 0.000000 94.564674 45.568464 110.377191 62.226655 0.000000 64.496797 61.268051 31.728371 140.137594 98.729506 137.212409 40.872177 83.915948 0.000000 115.684054 143.382616 125.454229 56.497403 61.021187 0.000000 80.194441 51.245569 0.000000 128.426615 109.996629 37.137148 88.445711 17.278827 0.000000 123.864584 75.726777 80.017945 0.000000 0.000000 0.000000 141.095372 0.000000 0.000000 127.988887 0.000000 80.616600 145.776318 0.000000 119.043194 0.000000 182.524335 0.000000 124.157705 0.000000 0.000000 0.000000 144.386157 130.833259 0.000000 0.000000 118.079548 0.000000 0.000000 191.877814 133.490393 157.500508 140.899726 0.000000 0.000000 0.000000 147.339903
45.227401 107.080381 117.240447 93.144084 0.000000 24.052021 64.496797 0.000000 105.414445 64.324126 86.026831 86.426654 79.652159 24.640840 45.643749 0.000000 124.209618 113.908210 137.208691 80.400688 94.587510 0.000000 104.115071 111.406587 94.080986 112.929273 113.627488 102.288698 48.798128 67.977751 113.559772 30.455807 0.000000 44.287700 0.000000 0.000000 0.000000 0.000000 0.000000 0.000000 163.604892 0.000000 0.000000 0.000000 0.000000 0.000000 0.000000 0.000000 0.000000 0.000000 0.000000 0.000000 0.000000 0.000000 0.000000 0.000000 0.000000 155.691670 0.000000 0.000000 0.000000 174.727306 0.000000 0.000000 0.000000 0.000000 0.000000 0.000000
0.000000 72.531073 0.000000 54.237909 63.994541 64.247604 61.268051 105.414445 0.000000 61.298951 129.337445 39.385126 129.872513 99.295068 26.637071 0.000000 0.000000 0.000000 0.000000 49.636109 0.000000 35.693915 0.000000 36.066215 107.865206 124.020390 111.855613 61.753488 88.029104 69.813895 130.214913 94.779310 0.000000 103.853190 0.000000 0.000000 0.000000 75.983905 0.000000 0.000000 69.678309 0.000000 0.000000 86.109417 0.000000 0.000000 0.000000 0.000000 0.000000 0.000000 0.000000 0.000000 0.000000 68.384093 0.000000 0.000000 0.000000 54.348522 0.000000 0.000000 0.000000 75.155867 116.923436 0.000000 0.000000 0.000000 0.000000 0.000000
86.137766 0.000000 109.305785 26.503177 95.955111 29.563438 31.728371 64.324126 61.298951 0.000000 144.935971 23.044962 137.583158 75.923997 68.937022 0.000000 131.544625 153.680212 155.077173 17.278830 77.393138 0.000000 97.481874 55.143827 0.000000 143.225506 151.123155 39.956698 105.428712 88.869166 168.558350 110.702410 0.000000 91.206824 0.000000 0.000000 0.000000 148.754105 0.000000 0.000000 142.061519 0.000000 78.899386 155.859887 0.000000 127.574098 0.000000 0.000000 0.000000 0.000000 0.000000 0.000000 0.000000 154.792159 0.000000 0.000000 0.000000 128.940597 0.000000 0.000000 0.000000 146.185446 179.244291 0.000000 0.000000 0.000000 0.000000 0.000000
114.293177 54.084145 79.962667 147.937713 0.000000 92.455966 140.137594 86.026831 129.337445 144.935971 0.000000 142.890295 15.706029 94.604948 101.949108 0.000000 54.177458 14.960381 17.657775 145.610316 111.079516 84.588405 110.672062 141.234613 36.473360 20.609972 49.980466 163.941589 89.534845 120.760058 29.142838 72.592572 0.000000 24.919137 0.000000 0.000000 0.000000 0.000000 0.000000 0.000000 0.000000 0.000000 0.000000 0.000000 82.457691 0.000000 75.696965 0.000000 0.000000 0.000000 0.000000 94.042700 0.000000 0.000000 0.000000 0.000000 0.000000 0.000000 72.421441 85.039102 95.731495 0.000000 0.000000 0.000000 88.132754 0.000000 0.000000 74.554325
0.000000 0.000000 158.226088 34.848248 81.901388 43.078818 98.729506 86.426654 39.385126 23.044962 142.890295 0.000000 135.405164 93.999462 40.487525 0.000000 0.000000 154.192224 158.487035 20.202803 0.000000 0.000000 0.000000 37.829605 0.000000 153.738849 166.052579 45.630725 106.614139 131.253821 0.000000 113.156364 0.000000 95.660680 0.000000 0.000000 0.000000 136.186477 0.000000 0.000000 129.773949 0.000000 75.225075 144.187007 0.000000 109.150631 0.000000 0.000000 0.000000 0.000000 0.000000 0.000000 0.000000 0.000000 0.000000 0.000000 0.000000 123.495255 0.000000 0.000000 0.000000 141.733299 0.000000 0.000000 0.000000 0.000000 0.000000 0.000000
106.946119 47.030095 0.000000 142.871596 184.188785 86.097584 137.212409 79.652159 129.872513 137.583158 15.706029 135.405164 0.000000 81.735124 146.635742 0.000000 0.000000 59.599430 83.077392 129.373033 0.000000 79.420663 0.000000 132.764095 20.544872 23.153548 31.584970 147.688446 75.781108 136.116807 18.712590 64.888182 0.000000 22.309140 0.000000 0.000000 0.000000 0.000000 0.000000 0.000000 0.000000 0.000000 0.000000 0.000000 69.385018 0.000000 73.207996 0.000000 0.000000 0.000000 0.000000 86.840303 0.000000 0.000000 0.000000 0.000000 0.000000 0.000000 45.521175 81.153496 88.629079 213.157022 0.000000 0.000000 82.318597 108.687189 0.000000 69.817158
27.070153 0.000000 102.455103 100.823499 0.000000 58.273196 40.872177 24.640840 99.295068 75.923997 94.604948 93.999462 81.735124 0.000000 42.635103 0.000000 113.361803 121.984266 131.869038 89.726604 83.990367 0.000000 94.598799 107.025448 93.425615 117.989166 119.490117 104.955493 28.282933 56.901701 115.347734 20.888869 0.000000 44.425812 0.000000 0.000000 0.000000 0.000000 0.000000 0.000000 167.781096 0.000000 0.000000 186.658308 0.000000 0.000000 0.000000 0.000000 0.000000 0.000000 0.000000 0.000000 0.000000 0.000000 0.000000 0.000000 0.000000 148.852345 0.000000 0.000000 0.000000 163.278311 0.000000 0.000000 0.000000 0.000000 0.000000 0.000000
0.000000 0.000000 137.298800 79.920438 19.702469 24.770185 83.915948 45.643749 26.637071 68.937022 101.949108 40.487525 146.635742 42.635103 0.000000 0.000000 0.000000 0.000000 0.000000 68.912825 0.000000 78.320535 0.000000 64.542159 0.000000 143.076920 146.077472 88.769978 84.432107 0.000000 0.000000 35.872896 0.000000 52.828900 0.000000 0.000000 0.000000 0.000000 0.000000 0.000000 0.000000 0.000000 0.000000 0.000000 0.000000 0.000000 0.000000 0.000000 0.000000 0.000000 0.000000 0.000000 0.000000 0.000000 0.000000 0.000000 0.000000 0.000000 0.000000 0.000000 0.000000 156.971376 0.000000 0.000000 0.000000 0.000000 0.000000 0.000000
0.000000 0.000000 0.000000 0.000000 0.000000 0.000000 0.000000 0.000000 0.000000 0.000000 0.000000 0.000000 0.000000 0.000000 0.000000 0.000000 0.000000 0.000000 0.000000 0.000000 21.286943 18.903035 22.342400 22.767640 0.000000 0.000000 31.823258 27.461306 0.000000 81.693215 0.000000 0.000000 0.000000 74.780957 0.000000 0.000000 0.000000 0.000000 0.000000 0.000000 147.636154 0.000000 0.000000 0.000000 0.000000 0.000000 0.000000 0.000000 0.000000 94.203734 0.000000 0.000000 0.000000 0.000000 118.050226 47.246814 73.213720 115.804559 0.000000 0.000000 87.744137 122.015813 126.005240 121.542740 0.000000 0.000000 0.000000 0.000000
89.153387 0.000000 36.465809 0.000000 0.000000 140.239637 115.684054 124.209618 0.000000 131.544625 54.177458 0.000000 0.000000 113.361803 0.000000 0.000000 0.000000 45.444696 18.894422 0.000000 49.166410 0.000000 32.145670 132.791682 0.000000 28.486995 63.131655 127.093801 95.387813 68.700643 0.000000 156.515048 0.000000 21.651278 0.000000 61.167464 101.751369 0.000000 0.000000 0.000000 0.000000 0.000000 0.000000 0.000000 0.000000 0.000000 0.000000 0.000000 0.000000 0.000000 0.000000 0.000000 0.000000 0.000000 0.000000 0.000000 0.000000 0.000000 0.000000 100.765988 96.488409 0.000000 0.000000 0.000000 0.000000 0.000000 0.000000 0.000000
124.602874 0.000000 76.361217 0.000000 0.000000 111.370678 143.382616 113.908210 0.000000 153.680212 14.960381 154.192224 59.599430 121.984266 0.000000 0.000000 45.444696 0.000000 18.641180 148.198381 105.080645 0.000000 84.200953 165.075784 53.375363 33.532331 58.000168 171.296520 122.058569 117.816239 55.749494 84.876837 0.000000 40.593446 0.000000 0.000000 0.000000 0.000000 0.000000 0.000000 0.000000 0.000000 0.000000 0.000000 85.681021 0.000000 82.689826 0.000000 0.000000 0.000000 0.000000 88.574139 0.000000 0.000000 0.000000 0.000000 0.000000 0.000000 0.000000 88.214948 90.661685 0.000000 0.000000 0.000000 89.476893 0.000000 0.000000 0.000000
111.838576 0.000000 61.114342 0.000000 0.000000 158.133054 125.454229 137.208691 0.000000 155.077173 17.657775 158.487035 83.077392 131.869038 0.000000 0.000000 18.894422 18.641180 0.000000 0.000000 84.191471 0.000000 59.142915 121.486655 0.000000 31.761136 58.362928 143.409493 121.140423 96.518123 0.000000 126.707013 0.000000 39.410423 0.000000 0.000000 0.000000 0.000000 0.000000 0.000000 0.000000 0.000000 0.000000 0.000000 0.000000 0.000000 0.000000 0.000000 0.000000 0.000000 0.000000 101.240314 0.000000 0.000000 0.000000 0.000000 0.000000 0.000000 0.000000 97.449978 99.635431 0.000000 0.000000 0.000000 0.000000 0.000000 0.000000 0.000000
0.000000 0.000000 166.735486 9.562030 89.655743 46.259532 56.497403 80.400688 49.636109 17.278830 145.610316 20.202803 129.373033 89.726604 68.912825 0.000000 0.000000 148.198381 0.000000 0.000000 0.000000 0.000000 0.000000 47.430759 0.000000 158.832306 166.451463 28.363193 107.311483 0.000000 0.000000 114.649573 0.000000 87.260180 0.000000 0.000000 0.000000 139.113778 0.000000 0.000000 129.532346 0.000000 0.000000 142.433206 0.000000 105.151717 0.000000 0.000000 0.000000 0.000000 0.000000 0.000000 0.000000 124.743863 0.000000 0.000000 0.000000 117.614348 0.000000 0.000000 0.000000 139.941096 0.000000 0.000000 0.000000 0.000000 0.000000 0.000000
72.831115 0.000000 65.316462 0.000000 0.000000 101.670539 61.021187 94.587510 0.000000 77.393138 111.079516 0.000000 0.000000 83.990367 0.000000 21.286943 49.166410 105.080645 84.191471 0.000000 0.000000 54.524781 39.023599 12.572342 0.000000 91.123402 68.163922 24.996613 77.583635 32.990989 0.000000 0.000000 0.000000 32.584056 139.646431 0.000000 0.000000 0.000000 0.000000 0.000000 141.219962 0.000000 0.000000 0.000000 0.000000 0.000000 0.000000 0.000000 0.000000 116.187614 0.000000 0.000000 0.000000 0.000000 131.690651 0.000000 130.084431 122.163834 0.000000 0.000000 125.080727 133.574201 142.706855 133.564965 0.000000 0.000000 0.000000 0.000000
0.000000 23.080789 0.000000 0.000000 97.811855 0.000000 0.000000 0.000000 35.693915 0.000000 84.588405 0.000000 79.420663 0.000000 78.320535 18.903035 0.000000 0.000000 0.000000 0.000000 54.524781 0.000000 43.470380 48.858812 56.211994 82.401682 68.600568 59.855998 0.000000 0.000000 88.467024 119.710570 0.000000 93.554102 0.000000 0.000000 0.000000 0.000000 0.000000 0.000000 0.000000 0.000000 0.000000 0.000000 0.000000 0.000000 0.000000 0.000000 0.000000 60.100387 0.000000 0.000000 0.000000 0.000000 94.292470 0.000000 72.746839 83.017249 0.000000 0.000000 60.399594 91.787394 0.000000 93.995523 0.000000 0.000000 0.000000 0.000000
78.339702 0.000000 35.650758 0.000000 0.000000 111.031340 80.194441 104.115071 0.000000 97.481874 110.672062 0.000000 0.000000 94.598799 0.000000 22.342400 32.145670 84.200953 59.142915 0.000000 39.023599 43.470380 0.000000 58.676530 0.000000 73.624804 42.634049 56.065188 49.922733 57.099866 0.000000 163.028140 26.278681 29.416789 0.000000 0.000000 102.888806 0.000000 0.000000 0.000000 0.000000 0.000000 0.000000 0.000000 0.000000 0.000000 0.000000 0.000000 0.000000 109.591437 117.278572 0.000000 0.000000 0.000000 128.566223 64.692555 117.783759 138.397987 0.000000 0.000000 98.478782 143.625855 0.000000 133.309633 0.000000 0.000000 0.000000 0.000000
77.969720 81.888895 114.787116 23.854461 91.077887 77.544093 51.245569 111.406587 36.066215 55.143827 141.234613 37.829605 132.764095 107.025448 64.542159 22.767640 132.791682 165.075784 121.486655 47.430759 12.572342 48.858812 58.676530 0.000000 112.142100 126.225600 92.327977 21.975350 95.741431 78.742933 141.672973 115.208157 82.310247 97.265674 126.827672 0.000000 160.244600 124.310227 0.000000 0.000000 117.876175 159.016662 52.777240 130.286631 203.481528 104.466394 0.000000 150.637529 0.000000 102.319191 0.000000 0.000000 0.000000 122.444973 115.770333 55.712240 131.028887 103.807702 0.000000 163.670359 135.855268 117.163371 138.581736 124.049159 0.000000 171.904922 0.000000 128.849893
0.000000 24.835055 0.000000 0.000000 0.000000 0.000000 0.000000 94.080986 107.865206 0.000000 36.473360 0.000000 20.544872 93.425615 0.000000 0.000000 0.000000 53.375363 0.000000 0.000000 0.000000 56.211994 0.000000 112.142100 0.000000 35.358589 28.876727 0.000000 0.000000 0.000000 41.401327 81.262349 0.000000 47.024918 0.000000 0.000000 0.000000 0.000000 0.000000 0.000000 0.000000 0.000000 0.000000 0.000000 73.207647 0.000000 70.127617 0.000000 0.000000 0.000000 0.000000 79.952338 0.000000 0.000000 0.000000 0.000000 0.000000 0.000000 0.000000 70.793714 68.396756 0.000000 0.000000 0.000000 80.115031 0.000000 0.000000 0.000000
115.642517 51.259769 42.102621 154.688295 174.887970 129.950183 128.426615 112.929273 124.020390 143.225506 20.609972 153.738849 23.153548 117.989166 143.076920 0.000000 28.486995 33.532331 31.761136 158.832306 91.123402 82.401682 73.624804 126.225600 35.358589 0.000000 32.503853 130.437055 115.429914 106.632063 12.729642 93.278312 0.000000 49.712824 0.000000 61.939901 104.734419 0.000000 0.000000 0.000000 197.166704 0.000000 0.000000 0.000000 85.124982 0.000000 81.377131 0.000000 0.000000 0.000000 104.607279 90.392692 98.464040 0.000000 0.000000 0.000000 0.000000 170.008192 63.595522 87.942334 85.062493 0.000000 0.000000 0.000000 89.849233 0.000000 0.000000 101.872827
132.324475 41.062906 38.381408 153.452177 166.461929 134.499433 109.996629 113.627488 111.855613 151.123155 49.980466 166.052579 31.584970 119.490117 146.077472 31.823258 63.131655 58.000168 58.362928 166.451463 68.163922 68.600568 42.634049 92.327977 28.876727 32.503853 0.000000 77.183704 121.132250 140.604894 34.445802 108.165523 0.000000 64.162340 0.000000 46.064139 93.035670 0.000000 0.000000 0.000000 161.679493 179.440083 0.000000 192.758540 89.175468 0.000000 86.859848 162.921310 0.000000 89.538655 104.364179 92.941675 103.155189 0.000000 128.308850 50.501401 103.864150 160.204137 55.567324 89.832693 84.240834 166.238433 0.000000 158.914362 97.351631 0.000000 0.000000 107.529133
77.522359 0.000000 85.798780 21.113660 110.928375 72.827527 37.137148 102.288698 61.753488 39.956698 163.941589 45.630725 147.688446 104.955493 88.769978 27.461306 127.093801 171.296520 143.409493 28.363193 24.996613 59.855998 56.065188 21.975350 0.000000 130.437055 77.183704 0.000000 96.335558 48.824826 0.000000 130.148997 81.715650 75.084016 138.809472 0.000000 0.000000 144.807421 0.000000 154.146556 132.143899 175.629644 74.196538 148.286083 0.000000 122.650774 0.000000 0.000000 0.000000 118.864326 0.000000 0.000000 0.000000 147.243940 130.618617 73.704780 146.971946 119.212703 0.000000 0.000000 150.903956 136.814975 150.428348 133.342130 0.000000 0.000000 0.000000 164.402864
23.652086 0.000000 121.589857 109.725132 0.000000 66.068360 88.445711 48.798128 88.029104 105.428712 89.534845 106.614139 75.781108 28.282933 84.432107 0.000000 95.387813 122.058569 121.140423 107.311483 77.583635 0.000000 49.922733 95.741431 0.000000 115.429914 121.132250 96.335558 0.000000 43.617813 85.044728 21.059787 19.770395 37.432160 0.000000 0.000000 0.000000 0.000000 0.000000 0.000000 158.506455 0.000000 0.000000 174.374982 0.000000 0.000000 0.000000 0.000000 0.000000 132.050228 0.000000 0.000000 0.000000 0.000000 142.335863 0.000000 0.000000 139.166212 0.000000 0.000000 0.000000 148.235435 0.000000 141.808986 0.000000 0.000000 0.000000 0.000000
19.801236 0.000000 81.165512 0.000000 0.000000 86.473962 17.278827 67.977751 69.813895 88.869166 120.760058 131.253821 136.116807 56.901701 0.000000 81.693215 68.700643 117.816239 96.518123 0.000000 32.990989 0.000000 57.099866 78.742933 0.000000 106.632063 140.604894 48.824826 43.617813 0.000000 0.000000 119.066322 16.362009 30.188100 0.000000 0.000000 0.000000 0.000000 0.000000 0.000000 134.484049 0.000000 70.960164 0.000000 0.000000 0.000000 0.000000 0.000000 0.000000 114.418170 0.000000 0.000000 0.000000 0.000000 126.188834 59.341281 123.304483 121.169612 0.000000 0.000000 0.000000 128.035221 141.957951 127.098171 0.000000 0.000000 0.000000 0.000000
0.000000 58.307790 0.000000 0.000000 0.000000 118.339060 0.000000 113.559772 130.214913 168.558350 29.142838 0.000000 18.712590 115.347734 0.000000 0.000000 0.000000 55.749494 0.000000 0.000000 0.000000 88.467024 0.000000 141.672973 41.401327 12.729642 34.445802 0.000000 85.044728 0.000000 0.000000 95.958566 0.000000 60.274757 0.000000 0.000000 0.000000 0.000000 0.000000 0.000000 0.000000 0.000000 0.000000 0.000000 86.139405 0.000000 85.315114 0.000000 0.000000 0.000000 0.000000 91.813028 0.000000 0.000000 0.000000 0.000000 0.000000 0.000000 75.064300 91.548118 95.042313 0.000000 0.000000 0.000000 94.410858 0.000000 0.000000 0.000000
81.552169 104.548217 174.660602 123.697283 11.325021 28.769136 123.864584 30.455807 94.779310 110.702410 72.592572 113.156364 64.888182 20.888869 35.872896 0.000000 156.515048 84.876837 126.707013 114.649573 0.000000 119.710570 163.028140 115.208157 81.262349 93.278312 108.165523 130.148997 21.059787 119.066322 95.958566 0.000000 0.000000 24.958171 0.000000 0.000000 0.000000 0.000000 0.000000 0.000000 0.000000 0.000000 0.000000 0.000000 0.000000 0.000000 0.000000 0.000000 0.000000 0.000000 0.000000 0.000000 0.000000 0.000000 0.000000 0.000000 0.000000 169.016754 0.000000 0.000000 0.000000 0.000000 0.000000 0.000000 0.000000 0.000000 0.000000 0.000000
0.000000 0.000000 0.000000 0.000000 0.000000 0.000000 75.726777 0.000000 0.000000 0.000000 0.000000 0.000000 0.000000 0.000000 0.000000 0.000000 0.000000 0.000000 0.000000 0.000000 0.000000 0.000000 26.278681 82.310247 0.000000 0.000000 0.000000 81.715650 19.770395 16.362009 0.000000 0.000000 0.000000 22.798943 0.000000 0.000000 0.000000 0.000000 0.000000 0.000000 0.000000 0.000000 0.000000 0.000000 0.000000 0.000000 0.000000 0.000000 0.000000 0.000000 0.000000 0.000000 0.000000 0.000000 0.000000 0.000000 0.000000 0.000000 0.000000 0.000000 0.000000 0.000000 0.000000 0.000000 0.000000 0.000000 0.000000 0.000000
63.091524 62.749666 52.038875 95.057159 46.177392 49.153510 80.017945 44.287700 103.853190 91.206824 24.919137 95.660680 22.309140 44.425812 52.828900 74.780957 21.651278 40.593446 39.410423 87.260180 32.584056 93.554102 29.416789 97.265674 47.024918 49.712824 64.162340 75.084016 37.432160 30.188100 60.274757 24.958171 22.798943 0.000000 0.000000 0.000000 0.000000 0.000000 0.000000 0.000000 137.364537 0.000000 0.000000 0.000000 0.000000 0.000000 0.000000 0.000000 0.000000 0.000000 0.000000 0.000000 0.000000 0.000000 0.000000 0.000000 0.000000 136.158543 0.000000 116.471719 102.428912 148.364357 0.000000 0.000000 0.000000 0.000000 0.000000 0.000000
0.000000 0.000000 0.000000 0.000000 0.000000 0.000000 0.000000 0.000000 0.000000 0.000000 0.000000 0.000000 0.000000 0.000000 0.000000 0.000000 0.000000 0.000000 0.000000 0.000000 139.646431 0.000000 0.000000 126.827672 0.000000 0.000000 0.000000 138.809472 0.000000 0.000000 0.000000 0.000000 0.000000 0.000000 0.000000 0.000000 105.819577 100.560143 0.000000 84.524190 23.585563 48.210301 73.046833 93.370883 109.078286 97.945662 0.000000 23.056743 0.000000 91.292192 98.208290 123.441095 117.206475 91.105214 89.703580 0.000000 88.030807 90.872762 0.000000 118.786482 129.961821 95.854659 24.865323 36.389064 0.000000 83.106788 41.444958 74.040152
0.000000 0.000000 57.567796 0.000000 0.000000 0.000000 0.000000 0.000000 0.000000 0.000000 0.000000 0.000000 0.000000 0.000000 0.000000 0.000000 61.167464 0.000000 0.000000 0.000000 0.000000 0.000000 0.000000 0.000000 0.000000 61.939901 46.064139 0.000000 0.000000 0.000000 0.000000 0.000000 0.000000 0.000000 0.000000 0.000000 43.573404 0.000000 123.304504 125.577495 0.000000 0.000000 64.466939 0.000000 0.000000 0.000000 38.941142 0.000000 103.966550 0.000000 47.950201 0.000000 0.000000 0.000000 0.000000 24.898005 0.000000 72.590880 21.987993 48.486361 31.253021 0.000000 0.000000 0.000000 59.859938 0.000000 0.000000 0.000000
0.000000 0.000000 98.227717 0.000000 0.000000 0.000000 0.000000 0.000000 0.000000 0.000000 0.000000 0.000000 0.000000 0.000000 0.000000 0.000000 101.751369 0.000000 0.000000 0.000000 0.000000 0.000000 102.888806 160.244600 0.000000 104.734419 93.035670 0.000000 0.000000 0.000000 0.000000 0.000000 0.000000 0.000000 105.819577 43.573404 0.000000 117.778457 0.000000 141.148732 98.802237 116.670743 0.000000 108.659892 81.990112 0.000000 0.000000 112.084991 0.000000 85.404438 45.967877 78.810507 53.953139 0.000000 69.629927 0.000000 39.755646 100.837324 0.000000 40.398442 37.566175 94.779795 151.668524 91.682566 0.000000 0.000000 0.000000 59.872217
0.000000 0.000000 0.000000 138.122668 0.000000 157.725309 141.095372 0.000000 75.983905 148.754105 0.000000 136.186477 0.000000 0.000000 0.000000 0.000000 0.000000 0.000000 0.000000 139.113778 0.000000 0.000000 0.000000 124.310227 0.000000 0.000000 0.000000 144.807421 0.000000 0.000000 0.000000 0.000000 0.000000 0.000000 100.560143 0.000000 117.778457 0.000000 106.350624 59.686920 49.560118 99.093487 63.202291 24.138030 158.153819 39.269993 0.000000 109.653111 87.307234 0.000000 0.000000 0.000000 0.000000 14.087133 0.000000 0.000000 112.699403 26.331541 0.000000 0.000000 134.742124 18.553677 115.033457 0.000000 0.000000 131.763700 0.000000 99.378650
0.000000 0.000000 0.000000 0.000000 0.000000 0.000000 0.000000 0.000000 0.000000 0.000000 0.000000 0.000000 0.000000 0.000000 0.000000 0.000000 0.000000 0.000000 0.000000 0.000000 0.000000 0.000000 0.000000 0.000000 0.000000 0.000000 0.000000 0.000000 0.000000 0.000000 0.000000 0.000000 0.000000 0.000000 0.000000 123.304504 0.000000 106.350624 0.000000 28.520168 126.608047 76.740079 63.650132 114.344596 50.966378 89.236688 133.243011 0.000000 22.328264 0.000000 0.000000 0.000000 0.000000 98.948892 0.000000 101.097940 0.000000 107.907499 162.125787 160.920844 165.348371 117.405780 146.413678 0.000000 0.000000 10.868415 0.000000 15.527747
0.000000 0.000000 0.000000 53.269812 0.000000 0.000000 0.000000 0.000000 0.000000 0.000000 0.000000 0.000000 0.000000 0.000000 0.000000 0.000000 0.000000 0.000000 0.000000 0.000000 0.000000 0.000000 0.000000 0.000000 0.000000 0.000000 0.000000 154.146556 0.000000 0.000000 0.000000 0.000000 0.000000 0.000000 84.524190 125.577495 141.148732 59.686920 28.520168 0.000000 54.471146 24.631335 58.643534 33.431401 74.554166 45.701832 80.598152 62.289837 30.211086 0.000000 0.000000 118.974340 126.290101 50.987299 0.000000 111.064174 143.565843 102.835766 0.000000 135.508237 149.546684 68.764978 94.883494 104.635152 0.000000 31.842895 0.000000 39.599148
0.000000 0.000000 157.637170 130.174747 0.000000 147.303444 127.988887 163.604892 69.678309 142.061519 0.000000 129.773949 0.000000 167.781096 0.000000 147.636154 0.000000 0.000000 0.000000 129.532346 141.219962 0.000000 0.000000 117.876175 0.000000 197.166704 161.679493 132.143899 158.506455 134.484049 0.000000 0.000000 0.000000 137.364537 23.585563 0.000000 98.802237 49.560118 126.608047 54.471146 0.000000 61.842051 56.654933 23.121471 125.888201 96.204441 0.000000 42.134726 75.230935 0.000000 98.248703 127.709223 118.915860 69.145765 71.550955 0.000000 81.904056 65.082656 0.000000 113.480688 109.485781 38.879524 75.128206 30.997212 0.000000 120.861024 60.834570 83.565611
0.000000 0.000000 0.000000 87.404940 0.000000 0.000000 0.000000 0.000000 0.000000 0.000000 0.000000 0.000000 0.000000 0.000000 0.000000 0.000000 0.000000 0.000000 0.000000 0.000000 0.000000 0.000000 0.000000 159.016662 0.000000 0.000000 179.440083 175.629644 0.000000 0.000000 0.000000 0.000000 0.000000 0.000000 48.210301 0.000000 116.670743 99.093487 76.740079 24.631335 61.842051 0.000000 91.870870 52.906335 78.976611 88.531433 83.932003 28.769772 37.222368 0.000000 126.885031 107.005087 124.322824 89.227030 100.966004 0.000000 107.528470 130.099227 79.439177 121.466554 121.780185 90.493387 58.505191 79.935376 105.249678 35.191946 0.000000 46.892485
0.000000 0.000000 0.000000 68.831769 0.000000 0.000000 80.616600 0.000000 0.000000 78.899386 0.000000 75.225075 0.000000 0.000000 0.000000 0.000000 0.000000 0.000000 0.000000 0.000000 0.000000 0.000000 0.000000 52.777240 0.000000 0.000000 0.000000 74.196538 0.000000 70.960164 0.000000 0.000000 0.000000 0.000000 73.046833 64.466939 0.000000 63.202291 63.650132 58.643534 56.654933 91.870870 0.000000 69.344968 0.000000 37.920770 112.773440 101.473014 47.710026 0.000000 0.000000 0.000000 0.000000 60.279122 0.000000 28.414835 0.000000 40.002161 104.541407 122.299227 108.866417 60.809135 92.029605 70.588205 0.000000 81.406252 0.000000 114.288998
0.000000 0.000000 0.000000 96.064173 0.000000 167.739346 145.776318 0.000000 86.109417 155.859887 0.000000 144.187007 0.000000 186.658308 0.000000 0.000000 0.000000 0.000000 0.000000 142.433206 0.000000 0.000000 0.000000 130.286631 0.000000 0.000000 192.758540 148.286083 174.374982 0.000000 0.000000 0.000000 0.000000 0.000000 93.370883 0.000000 108.659892 24.138030 114.344596 33.431401 23.121471 52.906335 69.344968 0.000000 140.508162 25.027830 144.989831 70.979181 58.973315 0.000000 135.481590 152.438117 142.798597 13.786242 83.821202 0.000000 97.553547 52.916766 0.000000 138.955764 142.485142 38.043522 104.958408 93.629355 0.000000 123.205534 0.000000 98.813761
0.000000 0.000000 0.000000 0.000000 0.000000 0.000000 0.000000 0.000000 0.000000 0.000000 82.457691 0.000000 69.385018 0.000000 0.000000 0.000000 0.000000 85.681021 0.000000 0.000000 0.000000 0.000000 0.000000 203.481528 73.207647 85.124982 89.175468 0.000000 0.000000 0.000000 86.139405 0.000000 0.000000 0.000000 109.078286 0.000000 81.990112 158.153819 50.966378 74.554166 125.888201 78.976611 0.000000 140.508162 0.000000 133.666270 18.841740 75.414222 0.000000 0.000000 47.146883 21.015802 25.940271 139.420634 83.355179 0.000000 106.658687 0.000000 19.488523 31.434818 52.454369 143.076362 64.012365 115.406963 22.671279 59.417868 0.000000 21.001536
0.000000 0.000000 0.000000 41.669874 0.000000 0.000000 119.043194 0.000000 0.000000 127.574098 0.000000 109.150631 0.000000 0.000000 0.000000 0.000000 0.000000 0.000000 0.000000 105.151717 0.000000 0.000000 0.000000 104.466394 0.000000 0.000000 0.000000 122.650774 0.000000 0.000000 0.000000 0.000000 0.000000 0.000000 97.945662 0.000000 0.000000 39.269993 89.236688 45.701832 96.204441 88.531433 37.920770 25.027830 133.666270 0.000000 145.481456 99.537655 56.075006 0.000000 0.000000 143.371449 150.933845 12.449004 0.000000 0.000000 0.000000 31.516599 0.000000 160.954094 162.164472 48.706566 112.660384 0.000000 0.000000 114.860126 0.000000 97.935422
0.000000 0.000000 0.000000 0.000000 0.000000 0.000000 0.000000 0.000000 0.000000 0.000000 75.696965 0.000000 73.207996 0.000000 0.000000 0.000000 0.000000 82.689826 0.000000 0.000000 0.000000 0.000000 0.000000 0.000000 70.127617 81.377131 86.859848 0.000000 0.000000 0.000000 85.315114 0.000000 0.000000 0.000000 0.000000 38.941142 0.000000 0.000000 133.243011 80.598152 0.000000 83.932003 112.773440 144.989831 18.841740 145.481456 0.000000 84.443662 151.692809 0.000000 0.000000 51.329806 76.525009 0.000000 0.000000 69.751332 0.000000 132.310068 21.032719 23.634586 29.400278 0.000000 83.688154 0.000000 15.719119 73.714127 0.000000 36.447857
0.000000 0.000000 0.000000 99.186960 0.000000 0.000000 182.524335 0.000000 0.000000 0.000000 0.000000 0.000000 0.000000 0.000000 0.000000 0.000000 0.000000 0.000000 0.000000 0.000000 0.000000 0.000000 0.000000 150.637529 0.000000 0.000000 162.921310 0.000000 0.000000 0.000000 0.000000 0.000000 0.000000 0.000000 23.056743 0.000000 112.084991 109.653111 0.000000 62.289837 42.134726 28.769772 101.473014 70.979181 75.414222 99.537655 84.443662 0.000000 52.687228 0.000000 115.458479 101.978935 115.979666 102.316689 82.835730 0.000000 97.222316 134.710837 0.000000 110.953756 115.128249 115.761213 35.027251 68.374983 104.557731 21.083315 0.000000 48.494954
0.000000 0.000000 0.000000 0.000000 0.000000 0.000000 0.000000 0.000000 0.000000 0.000000 0.000000 0.000000 0.000000 0.000000 0.000000 0.000000 0.000000 0.000000 0.000000 0.000000 0.000000 0.000000 0.000000 0.000000 0.000000 0.000000 0.000000 0.000000 0.000000 0.000000 0.000000 0.000000 0.000000 0.000000 0.000000 103.966550 0.000000 87.307234 22.328264 30.211086 75.230935 37.222368 47.710026 58.973315 0.000000 56.075006 151.692809 52.687228 0.000000 0.000000 0.000000 0.000000 0.000000 77.144219 0.000000 78.330948 0.000000 85.387748 137.658662 155.631385 143.955410 93.664036 83.222392 0.000000 0.000000 48.467119 0.000000 72.012761
0.000000 0.000000 0.000000 0.000000 0.000000 0.000000 124.157705 0.000000 0.000000 0.000000 0.000000 0.000000 0.000000 0.000000 0.000000 94.203734 0.000000 0.000000 0.000000 0.000000 116.187614 60.100387 109.591437 102.319191 0.000000 0.000000 89.538655 118.864326 132.050228 114.418170 0.000000 0.000000 0.000000 0.000000 91.292192 0.000000 85.404438 0.000000 0.000000 0.000000 0.000000 0.000000 0.000000 0.000000 0.000000 0.000000 0.000000 0.000000 0.000000 0.000000 93.625081 0.000000 117.363659 0.000000 19.380340 30.202543 16.878445 30.143759 0.000000 104.770354 18.587364 24.755920 84.707102 75.902167 0.000000 0.000000 0.000000 85.927107
0.000000 0.000000 105.658792 0.000000 0.000000 0.000000 0.000000 0.000000 0.000000 0.000000 0.000000 0.000000 0.000000 0.000000 0.000000 0.000000 0.000000 0.000000 0.000000 0.000000 0.000000 0.000000 117.278572 0.000000 0.000000 104.607279 104.364179 0.000000 0.000000 0.000000 0.000000 0.000000 0.000000 0.000000 98.208290 47.950201 45.967877 0.000000 0.000000 0.000000 98.248703 126.885031 0.000000 135.481590 47.146883 0.000000 0.000000 115.458479 0.000000 93.625081 0.000000 50.703087 24.761975 0.000000 57.695750 0.000000 28.749036 125.250023 0.000000 44.118973 66.234675 124.876506 107.446023 76.412106 85.229057 0.000000 0.000000 18.268716
0.000000 0.000000 0.000000 0.000000 0.000000 0.000000 0.000000 0.000000 0.000000 0.000000 94.042700 0.000000 86.840303 0.000000 0.000000 0.000000 0.000000 88.574139 101.240314 0.000000 0.000000 0.000000 0.000000 0.000000 79.952338 90.392692 92.941675 0.000000 0.000000 0.000000 91.813028 0.000000 0.000000 0.000000 123.441095 0.000000 78.810507 0.000000 0.000000 118.974340 127.709223 107.005087 0.000000 152.438117 21.015802 143.371449 51.329806 101.978935 0.000000 0.000000 50.703087 0.000000 21.703999 0.000000 97.944871 0.000000 103.312127 161.823779 32.910469 27.447593 60.585458 158.583927 91.899344 119.301240 43.317852 79.949125 0.000000 41.404125
0.000000 0.000000 103.724004 0.000000 0.000000 0.000000 0.000000 0.000000 0.000000 0.000000 0.000000 0.000000 0.000000 0.000000 0.000000 0.000000 0.000000 0.000000 0.000000 0.000000 0.000000 0.000000 0.000000 0.000000 0.000000 98.464040 103.155189 0.000000 0.000000 0.000000 0.000000 0.000000 0.000000 0.000000 117.206475 0.000000 53.953139 0.000000 0.000000 126.290101 118.915860 124.322824 0.000000 142.798597 25.940271 150.933845 76.525009 115.979666 0.000000 117.363659 24.761975 21.703999 0.000000 159.275485 90.709605 0.000000 73.587469 129.090927 0.000000 35.216470 61.005444 129.224526 108.370299 108.061038 63.960323 94.003648 0.000000 36.664728
0.000000 0.000000 0.000000 20.836532 0.000000 0.000000 144.386157 0.000000 68.384093 154.792159 0.000000 0.000000 0.000000 0.000000 0.000000 0.000000 0.000000 0.000000 0.000000 124.743863 0.000000 0.000000 0.000000 122.444973 0.000000 0.000000 0.000000 147.243940 0.000000 0.000000 0.000000 0.000000 0.000000 0.000000 91.105214 0.000000 0.000000 14.087133 98.948892 50.987299 69.145765 89.227030 60.279122 13.786242 139.420634 12.449004 0.000000 102.316689 77.144219 0.000000 0.000000 0.000000 159.275485 0.000000 0.000000 0.000000 0.000000 32.628660 0.000000 0.000000 170.769246 26.989392 114.117649 0.000000 0.000000 129.257399 0.000000 101.075375
0.000000 0.000000 0.000000 0.000000 0.000000 0.000000 130.833259 0.000000 0.000000 0.000000 0.000000 0.000000 0.000000 0.000000 0.000000 118.050226 0.000000 0.000000 0.000000 0.000000 131.690651 94.292470 128.566223 115.770333 0.000000 0.000000 128.308850 130.618617 142.335863 126.188834 0.000000 0.000000 0.000000 0.000000 89.703580 0.000000 69.629927 0.000000 0.000000 0.000000 71.550955 100.966004 0.000000 83.821202 83.355179 0.000000 0.000000 82.835730 0.000000 19.380340 57.695750 97.944871 90.709605 0.000000 0.000000 58.659763 30.153590 11.614328 0.000000 88.560135 72.904606 56.113305 84.750268 38.585146 0.000000 0.000000 0.000000 52.111899
0.000000 0.000000 0.000000 0.000000 0.000000 0.000000 0.000000 0.000000 0.000000 0.000000 0.000000 0.000000 0.000000 0.000000 0.000000 47.246814 0.000000 0.000000 0.000000 0.000000 0.000000 0.000000 64.692555 55.712240 0.000000 0.000000 50.501401 73.704780 0.000000 59.341281 0.000000 0.000000 0.000000 0.000000 0.000000 24.898005 0.000000 0.000000 101.097940 111.064174 0.000000 0.000000 28.414835 0.000000 0.000000 0.000000 69.751332 0.000000 78.330948 30.202543 0.000000 0.000000 0.000000 0.000000 58.659763 0.000000 49.697731 43.022784 57.608130 83.059321 40.833440 60.561639 0.000000 0.000000 93.352201 0.000000 0.000000 110.761986
0.000000 0.000000 106.628953 0.000000 0.000000 0.000000 0.000000 0.000000 0.000000 0.000000 0.000000 0.000000 0.000000 0.000000 0.000000 73.213720 0.000000 0.000000 0.000000 0.000000 130.084431 72.746839 117.783759 131.028887 0.000000 0.000000 103.864150 146.971946 0.000000 123.304483 0.000000 0.000000 0.000000 0.000000 88.030807 0.000000 39.755646 112.699403 0.000000 143.565843 81.904056 107.528470 0.000000 97.553547 106.658687 0.000000 0.000000 97.222316 0.000000 16.878445 28.749036 103.312127 73.587469 0.000000 30.153590 49.697731 0.000000 58.698780 0.000000 58.559330 51.346786 64.729805 50.791918 53.689800 0.000000 0.000000 0.000000 61.214577
120.474105 0.000000 0.000000 114.147120 0.000000 139.975708 118.079548 155.691670 54.348522 128.940597 0.000000 123.495255 0.000000 148.852345 0.000000 115.804559 0.000000 0.000000 0.000000 117.614348 122.163834 83.017249 138.397987 103.807702 0.000000 170.008192 160.204137 119.212703 139.166212 121.169612 0.000000 169.016754 0.000000 136.158543 90.872762 72.590880 100.837324 26.331541 107.907499 102.835766 65.082656 130.099227 40.002161 52.916766 0.000000 31.516599 132.310068 134.710837 85.387748 30.143759 125.250023 161.823779 129.090927 32.628660 11.614328 43.022784 58.698780 0.000000 107.810037 123.061836 86.578730 20.462160 97.524706 85.819707 141.086667 124.896153 84.276007 111.866710
0.000000 0.000000 0.000000 0.000000 0.000000 0.000000 0.000000 0.000000 0.000000 0.000000 72.421441 0.000000 45.521175 0.000000 0.000000 0.000000 0.000000 0.000000 0.000000 0.000000 0.000000 0.000000 0.000000 0.000000 0.000000 63.595522 55.567324 0.000000 0.000000 0.000000 75.064300 0.000000 0.000000 0.000000 0.000000 21.987993 0.000000 0.000000 162.125787 0.000000 0.000000 79.439177 104.541407 0.000000 19.488523 0.000000 21.032719 0.000000 137.658662 0.000000 0.000000 32.910469 0.000000 0.000000 0.000000 57.608130 0.000000 107.810037 0.000000 32.205036 22.671605 0.000000 60.991012 0.000000 35.456154 62.774425 0.000000 31.922150
0.000000 91.002855 95.888839 0.000000 0.000000 0.000000 0.000000 0.000000 0.000000 0.000000 85.039102 0.000000 81.153496 0.000000 0.000000 0.000000 100.765988 88.214948 97.449978 0.000000 0.000000 0.000000 0.000000 163.670359 70.793714 87.942334 89.832693 0.000000 0.000000 0.000000 91.548118 0.000000 0.000000 116.471719 118.786482 48.486361 40.398442 0.000000 160.920844 135.508237 113.480688 121.466554 122.299227 138.955764 31.434818 160.954094 23.634586 110.953756 155.631385 104.770354 44.118973 27.447593 35.216470 0.000000 88.560135 83.059321 58.559330 123.061836 32.205036 0.000000 42.482677 122.964379 97.613826 103.737534 23.400441 92.589828 0.000000 52.555074
0.000000 39.058708 89.381503 0.000000 0.000000 0.000000 191.877814 0.000000 0.000000 0.000000 95.731495 0.000000 88.629079 0.000000 0.000000 87.744137 96.488409 90.661685 99.635431 0.000000 125.080727 60.399594 98.478782 135.855268 68.396756 85.062493 84.240834 150.903956 0.000000 0.000000 95.042313 0.000000 0.000000 102.428912 129.961821 31.253021 37.566175 134.742124 165.348371 149.546684 109.485781 121.780185 108.866417 142.485142 52.454369 162.164472 29.400278 115.128249 143.955410 18.587364 66.234675 60.585458 61.005444 170.769246 72.904606 40.833440 51.346786 86.578730 22.671605 42.482677 0.000000 76.743189 115.732089 131.923675 40.918549 122.209917 0.000000 63.262835
