0.000000 0.000000 0.000773 0.000000 0.000000 0.000133 0.025147 0.013893 0.000000 0.000547 0.000560 0.000000 0.000133 0.075040 0.000000 0.000000 0.001533 0.000867 0.001547 0.000000 0.000400 0.000000 0.001320 0.000893 0.000000 0.001707 0.000760 0.001800 0.088307 0.067787 0.000000 0.000280 0.000000 0.002453 0.000000 0.000000 0.000000 0.000000 0.000000 0.000000 0.000000 0.000000 0.000000 0.000000 0.000000 0.000000 0.000000 0.000000 0.000000 0.000000 0.000000 0.000000 0.000000 0.000000 0.000000 0.000000 0.000000 0.000253 0.000000 0.000000 0.000000 0.000440 0.000000 0.000000 0.000000 0.000000 0.000000 0.000000
0.000000 0.000000 0.000000 0.000000 0.000000 0.000000 0.000000 0.000147 0.000213 0.000000 0.000613 0.000000 0.010467 0.000000 0.000000 0.000000 0.000000 0.000000 0.000000 0.000000 0.000000 0.003320 0.000000 0.002587 0.007867 0.001013 0.011893 0.000000 0.000000 0.000000 0.001120 0.000133 0.000000 0.000960 0.000000 0.000000 0.000000 0.000000 0.000000 0.000000 0.000000 0.000000 0.000000 0.000000 0.000000 0.000000 0.000000 0.000000 0.000000 0.000000 0.000000 0.000000 0.000000 0.000000 0.000000 0.000000 0.000000 0.000000 0.000000 0.000067 0.000373 0.000000 0.000000 0.000000 0.000000 0.000000 0.000000 0.000000
0.000773 0.000000 0.000000 0.000000 0.000000 0.003107 0.020787 0.003587 0.000000 0.009040 0.001080 0.000107 0.000000 0.008867 0.000093 0.000000 0.093653 0.001227 0.007867 0.000067 0.014333 0.000000 0.113173 0.000227 0.000000 0.068493 0.131027 0.006493 0.000880 0.005027 0.000000 0.000120 0.000000 0.003200 0.000000 0.000533 0.008000 0.000000 0.000000 0.000000 0.000160 0.000000 0.000000 0.000000 0.000000 0.000000 0.000000 0.000000 0.000000 0.000000 0.001040 0.000000 0.000160 0.000000 0.000000 0.000000 0.002133 0.000000 0.000000 0.001533 0.015693 0.000160 0.000000 0.000000 0.000000 0.000000 0.000000 0.000147
0.000000 0.000000 0.000000 0.000000 0.000613 0.006107 0.002227 0.002560 0.008067 0.085413 0.000253 0.019213 0.000120 0.001613 0.001733 0.000000 0.000000 0.000000 0.000000 0.088293 0.000000 0.000000 0.000000 0.013747 0.000000 0.000307 0.000547 0.092680 0.001213 0.000000 0.000000 0.000560 0.000000 0.000773 0.000000 0.000000 0.000000 0.000707 0.000000 0.000493 0.000720 0.000267 0.000400 0.002840 0.000000 0.003147 0.000000 0.000293 0.000000 0.000000 0.000000 0.000000 0.000000 0.002693 0.000000 0.000000 0.000000 0.001640 0.000000 0.000000 0.000000 0.002467 0.000320 0.000000 0.000000 0.000000 0.000000 0.000000
0.000000 0.000000 0.000000 0.000613 0.000000 0.004080 0.000227 0.000000 0.000520 0.001240 0.000000 0.001053 0.000187 0.000000 0.025107 0.000000 0.000000 0.000000 0.000000 0.000413 0.000000 0.001280 0.000000 0.004347 0.000000 0.000147 0.001520 0.001800 0.000000 0.000000 0.000000 0.005200 0.000000 0.000147 0.000000 0.000000 0.000000 0.000000 0.000000 0.000000 0.000000 0.000000 0.000000 0.000000 0.000000 0.000000 0.000000 0.000000 0.000000 0.000000 0.000000 0.000000 0.000000 0.000000 0.000000 0.000000 0.000000 0.000000 0.000000 0.000000 0.000000 0.000000 0.000000 0.000000 0.000000 0.000000 0.000000 0.000000
0.000133 0.000000 0.003107 0.006107 0.004080 0.000000 0.014387 0.092253 0.000427 0.289613 0.001813 0.031667 0.001053 0.003973 0.010573 0.000000 0.000360 0.000467 0.000280 0.011280 0.000160 0.000000 0.001467 0.000947 0.000000 0.002027 0.001200 0.010827 0.001787 0.000227 0.000080 0.045600 0.000000 0.002520 0.000000 0.000000 0.000000 0.000093 0.000000 0.000000 0.000133 0.000000 0.000000 0.000120 0.000000 0.000000 0.000000 0.000000 0.000000 0.000000 0.000000 0.000000 0.000000 0.000000 0.000000 0.000000 0.000000 0.000213 0.000000 0.000000 0.000000 0.000227 0.000000 0.000000 0.000000 0.000000 0.000000 0.000000
0.025147 0.000000 0.020787 0.002227 0.000227 0.014387 0.000000 0.039800 0.002320 0.163653 0.000707 0.000360 0.000267 0.140987 0.000747 0.000000 0.001667 0.000747 0.000880 0.000533 0.004080 0.000000 0.025733 0.006040 0.000000 0.007387 0.006613 0.194653 0.025707 0.089520 0.000000 0.000920 0.000227 0.007507 0.000000 0.000000 0.000000 0.000920 0.000000 0.000000 0.002360 0.000000 0.000213 0.002667 0.000000 0.000640 0.000000 0.000067 0.000000 0.000080 0.000000 0.000000 0.000000 0.000493 0.000133 0.000000 0.000000 0.005627 0.000000 0.000000 0.000067 0.007653 0.000253 0.000147 0.000000 0.000000 0.000000 0.000093
0.013893 0.000147 0.003587 0.002560 0.000000 0.092253 0.039800 0.000000 0.000160 0.052227 0.009387 0.011440 0.003933 0.184520 0.001227 0.000000 0.002320 0.003920 0.002960 0.004987 0.000387 0.000000 0.003480 0.000413 0.000213 0.008867 0.006867 0.004133 0.011307 0.013200 0.000427 0.053827 0.000000 0.010627 0.000000 0.000000 0.000000 0.000000 0.000000 0.000000 0.000120 0.000000 0.000000 0.000000 0.000000 0.000000 0.000000 0.000000 0.000000 0.000000 0.000000 0.000000 0.000000 0.000000 0.000000 0.000000 0.000000 0.000293 0.000000 0.000000 0.000000 0.000307 0.000000 0.000000 0.000000 0.000000 0.000000 0.000000
0.000000 0.000213 0.000000 0.008067 0.000520 0.000427 0.002320 0.000160 0.000000 0.004973 0.000160 0.006147 0.001053 0.000240 0.000453 0.000000 0.000000 0.000000 0.000000 0.003320 0.000000 0.011280 0.000000 0.042320 0.000120 0.000853 0.007907 0.015867 0.000867 0.000160 0.000240 0.000173 0.000000 0.000200 0.000000 0.000000 0.000000 0.000200 0.000000 0.000000 0.000173 0.000000 0.000000 0.000333 0.000000 0.000000 0.000000 0.000000 0.000000 0.000000 0.000000 0.000000 0.000000 0.000080 0.000000 0.000000 0.000000 0.001000 0.000000 0.000000 0.000000 0.000933 0.000067 0.000000 0.000000 0.000000 0.000000 0.000000
0.000547 0.000000 0.009040 0.085413 0.001240 0.289613 0.163653 0.052227 0.004973 0.000000 0.001693 0.121947 0.001067 0.022227 0.008093 0.000000 0.000560 0.000747 0.000507 0.126120 0.000560 0.000000 0.005147 0.006467 0.000000 0.005053 0.003560 0.141840 0.010107 0.000427 0.000093 0.003253 0.000000 0.005733 0.000000 0.000000 0.000000 0.000600 0.000000 0.000000 0.000773 0.000000 0.000133 0.001760 0.000000 0.000627 0.000000 0.000000 0.000000 0.000000 0.000000 0.000000 0.000000 0.000280 0.000000 0.000000 0.000000 0.001547 0.000000 0.000000 0.000000 0.002533 0.000080 0.000000 0.000000 0.000000 0.000000 0.000000
0.000560 0.000613 0.001080 0.000253 0.000000 0.001813 0.000707 0.009387 0.000160 0.001693 0.000000 0.001107 0.067427 0.006920 0.000160 0.000000 0.000907 0.099027 0.019960 0.000240 0.000107 0.000520 0.000373 0.000307 0.001253 0.074613 0.016093 0.000413 0.003547 0.001027 0.008067 0.007013 0.000000 0.036053 0.000000 0.000000 0.000000 0.000000 0.000000 0.000000 0.000000 0.000000 0.000000 0.000000 0.000760 0.000000 0.002907 0.000000 0.000000 0.000000 0.000000 0.000400 0.000000 0.000000 0.000000 0.000000 0.000000 0.000000 0.000093 0.001147 0.001027 0.000000 0.000000 0.000000 0.000573 0.000000 0.000000 0.000200
0.000000 0.000000 0.000107 0.019213 0.001053 0.031667 0.000360 0.011440 0.006147 0.121947 0.001107 0.000000 0.000627 0.007227 0.008480 0.000000 0.000000 0.000307 0.000120 0.030707 0.000000 0.000000 0.000000 0.000947 0.000000 0.001267 0.001680 0.019627 0.002960 0.000067 0.000000 0.001907 0.000000 0.001907 0.000000 0.000000 0.000000 0.000093 0.000000 0.000000 0.000067 0.000000 0.000080 0.000200 0.000000 0.000280 0.000000 0.000000 0.000000 0.000000 0.000000 0.000000 0.000000 0.000000 0.000000 0.000000 0.000000 0.000200 0.000000 0.000000 0.000000 0.000293 0.000000 0.000000 0.000000 0.000000 0.000000 0.000000
0.000133 0.010467 0.000000 0.000120 0.000187 0.001053 0.000267 0.003933 0.001053 0.001067 0.067427 0.000627 0.000000 0.002253 0.000200 0.000000 0.000000 0.000947 0.000067 0.000080 0.000000 0.004107 0.000000 0.002627 0.047093 0.013547 0.054560 0.000267 0.000813 0.000093 0.039653 0.003973 0.000000 0.019133 0.000000 0.000000 0.000000 0.000000 0.000000 0.000000 0.000000 0.000000 0.000000 0.000000 0.006947 0.000000 0.008387 0.000000 0.000000 0.000000 0.000000 0.000800 0.000000 0.000000 0.000000 0.000000 0.000000 0.000000 0.001013 0.004507 0.002093 0.000067 0.000000 0.000000 0.002320 0.000093 0.000000 0.000653
0.075040 0.000000 0.008867 0.001613 0.000000 0.003973 0.140987 0.184520 0.000240 0.022227 0.006920 0.007227 0.002253 0.000000 0.000107 0.000000 0.005960 0.005293 0.006493 0.003427 0.000947 0.000000 0.008533 0.000933 0.000080 0.012933 0.007667 0.004360 0.088973 0.041493 0.000293 0.016533 0.000000 0.016187 0.000000 0.000000 0.000000 0.000000 0.000000 0.000000 0.000173 0.000000 0.000000 0.000093 0.000000 0.000000 0.000000 0.000000 0.000000 0.000000 0.000000 0.000000 0.000000 0.000000 0.000000 0.000000 0.000000 0.000293 0.000000 0.000000 0.000000 0.000427 0.000000 0.000000 0.000000 0.000000 0.000000 0.000000
0.000000 0.000000 0.000093 0.001733 0.025107 0.010573 0.000747 0.001227 0.000453 0.008093 0.000160 0.008480 0.000200 0.000107 0.000000 0.000000 0.000000 0.000000 0.000000 0.002027 0.000000 0.001053 0.000000 0.008440 0.000000 0.000240 0.001787 0.003973 0.000187 0.000000 0.000000 0.003693 0.000000 0.000187 0.000000 0.000000 0.000000 0.000000 0.000000 0.000000 0.000000 0.000000 0.000000 0.000000 0.000000 0.000000 0.000000 0.000000 0.000000 0.000000 0.000000 0.000000 0.000000 0.000000 0.000000 0.000000 0.000000 0.000000 0.000000 0.000000 0.000000 0.000067 0.000000 0.000000 0.000000 0.000000 0.000000 0.000000
0.000000 0.000000 0.000000 0.000000 0.000000 0.000000 0.000000 0.000000 0.000000 0.000000 0.000000 0.000000 0.000000 0.000000 0.000000 0.000000 0.000000 0.000000 0.000000 0.000000 0.066453 0.011200 0.073347 0.006507 0.000000 0.000000 0.025867 0.004160 0.000000 0.000160 0.000000 0.000000 0.000000 0.000387 0.000000 0.000000 0.000000 0.000000 0.000000 0.000000 0.000067 0.000000 0.000000 0.000000 0.000000 0.000000 0.000000 0.000000 0.000000 0.029280 0.000000 0.000000 0.000000 0.000000 0.004013 0.000840 0.015880 0.000440 0.000000 0.000000 0.006067 0.000427 0.000080 0.000867 0.000000 0.000000 0.000000 0.000000
0.001533 0.000000 0.093653 0.000000 0.000000 0.000360 0.001667 0.002320 0.000000 0.000560 0.000907 0.000000 0.000000 0.005960 0.000000 0.000000 0.000000 0.003720 0.063707 0.000000 0.018053 0.000000 0.029760 0.000493 0.000000 0.053840 0.044467 0.000453 0.005693 0.021027 0.000000 0.000067 0.000000 0.009400 0.000000 0.000093 0.000533 0.000000 0.000000 0.000000 0.000000 0.000000 0.000000 0.000000 0.000000 0.000000 0.000000 0.000000 0.000000 0.000000 0.000000 0.000000 0.000000 0.000000 0.000000 0.000000 0.000000 0.000000 0.000000 0.000227 0.001147 0.000000 0.000000 0.000000 0.000000 0.000000 0.000000 0.000000
0.000867 0.000000 0.001227 0.000000 0.000000 0.000467 0.000747 0.003920 0.000000 0.000747 0.099027 0.000307 0.000947 0.005293 0.000000 0.000000 0.003720 0.000000 0.073947 0.000133 0.000533 0.000000 0.001080 0.000067 0.000133 0.050067 0.018187 0.000093 0.003800 0.001827 0.000693 0.001653 0.000000 0.019280 0.000000 0.000000 0.000000 0.000000 0.000000 0.000000 0.000000 0.000000 0.000000 0.000000 0.000573 0.000000 0.000867 0.000000 0.000000 0.000000 0.000000 0.000640 0.000000 0.000000 0.000000 0.000000 0.000000 0.000000 0.000000 0.002493 0.001427 0.000000 0.000000 0.000000 0.000307 0.000000 0.000000 0.000000
0.001547 0.000000 0.007867 0.000000 0.000000 0.000280 0.000880 0.002960 0.000000 0.000507 0.019960 0.000120 0.000067 0.006493 0.000000 0.000000 0.063707 0.073947 0.000000 0.000000 0.002880 0.000000 0.006960 0.000373 0.000000 0.065973 0.026307 0.000227 0.006067 0.008480 0.000000 0.000213 0.000000 0.005267 0.000000 0.000000 0.000000 0.000000 0.000000 0.000000 0.000000 0.000000 0.000000 0.000000 0.000000 0.000000 0.000000 0.000000 0.000000 0.000000 0.000000 0.000067 0.000000 0.000000 0.000000 0.000000 0.000000 0.000000 0.000000 0.000667 0.000773 0.000000 0.000000 0.000000 0.000000 0.000000 0.000000 0.000000
0.000000 0.000000 0.000067 0.088293 0.000413 0.011280 0.000533 0.004987 0.003320 0.126120 0.000240 0.030707 0.000080 0.003427 0.002027 0.000000 0.000000 0.000133 0.000000 0.000000 0.000000 0.000000 0.000000 0.001387 0.000000 0.000347 0.000587 0.025707 0.001480 0.000000 0.000000 0.000573 0.000000 0.000320 0.000000 0.000000 0.000000 0.000213 0.000000 0.000000 0.000200 0.000000 0.000000 0.000387 0.000000 0.000307 0.000000 0.000000 0.000000 0.000000 0.000000 0.000000 0.000000 0.000093 0.000000 0.000000 0.000000 0.000360 0.000000 0.000000 0.000000 0.000573 0.000000 0.000000 0.000000 0.000000 0.000000 0.000000
0.000400 0.000000 0.014333 0.000000 0.000000 0.000160 0.004080 0.000387 0.000000 0.000560 0.000107 0.000000 0.000000 0.000947 0.000000 0.066453 0.018053 0.000533 0.002880 0.000000 0.000000 0.000520 0.174187 0.008427 0.000000 0.002440 0.012547 0.033880 0.001813 0.055373 0.000000 0.000000 0.000000 0.042733 0.000187 0.000000 0.000000 0.000000 0.000000 0.000000 0.000400 0.000000 0.000000 0.000000 0.000000 0.000000 0.000000 0.000000 0.000000 0.011680 0.000000 0.000000 0.000000 0.000000 0.009333 0.000000 0.002200 0.003067 0.000000 0.000000 0.000160 0.003960 0.000760 0.004747 0.000000 0.000000 0.000000 0.000000
0.000000 0.003320 0.000000 0.000000 0.001280 0.000000 0.000000 0.000000 0.011280 0.000000 0.000520 0.000000 0.004107 0.000000 0.001053 0.011200 0.000000 0.000000 0.000000 0.000000 0.000520 0.000000 0.000480 0.013880 0.001600 0.001240 0.016707 0.000827 0.000000 0.000000 0.000680 0.000107 0.000000 0.000467 0.000000 0.000000 0.000000 0.000000 0.000000 0.000000 0.000000 0.000000 0.000000 0.000000 0.000000 0.000000 0.000000 0.000000 0.000000 0.000827 0.000000 0.000000 0.000000 0.000000 0.000120 0.000000 0.000067 0.000133 0.000000 0.000000 0.000507 0.000093 0.000000 0.000080 0.000000 0.000000 0.000000 0.000000
0.001320 0.000000 0.113173 0.000000 0.000000 0.001467 0.025733 0.003480 0.000000 0.005147 0.000373 0.000000 0.000000 0.008533 0.000000 0.073347 0.029760 0.001080 0.006960 0.000000 0.174187 0.000480 0.000000 0.003093 0.000000 0.013080 0.140760 0.040653 0.004693 0.045667 0.000000 0.000067 0.000213 0.030653 0.000000 0.000000 0.001547 0.000000 0.000000 0.000000 0.000000 0.000000 0.000000 0.000000 0.000000 0.000000 0.000000 0.000000 0.000000 0.021347 0.000093 0.000000 0.000000 0.000000 0.003733 0.000467 0.013200 0.000320 0.000000 0.000000 0.010973 0.000533 0.000000 0.000520 0.000000 0.000000 0.000000 0.000000
0.000893 0.002587 0.000227 0.013747 0.004347 0.000947 0.006040 0.000413 0.042320 0.006467 0.000307 0.000947 0.002627 0.000933 0.008440 0.006507 0.000493 0.000067 0.000373 0.001387 0.008427 0.013880 0.003093 0.000000 0.000987 0.002280 0.056973 0.073040 0.008853 0.005773 0.000507 0.000707 0.000453 0.001840 0.001120 0.000000 0.000107 0.001467 0.000000 0.000000 0.006360 0.000147 0.001120 0.003360 0.000067 0.000600 0.000000 0.000107 0.000000 0.005133 0.000000 0.000000 0.000000 0.000467 0.004387 0.000867 0.000720 0.030533 0.000000 0.000227 0.000987 0.024333 0.003267 0.005907 0.000000 0.000080 0.000000 0.000173
0.000000 0.007867 0.000000 0.000000 0.000000 0.000000 0.000000 0.000213 0.000120 0.000000 0.001253 0.000000 0.047093 0.000080 0.000000 0.000000 0.000000 0.000133 0.000000 0.000000 0.000000 0.001600 0.000000 0.000987 0.000000 0.002413 0.019640 0.000000 0.000000 0.000000 0.001440 0.000120 0.000000 0.001253 0.000000 0.000000 0.000000 0.000000 0.000000 0.000000 0.000000 0.000000 0.000000 0.000000 0.000373 0.000000 0.000547 0.000000 0.000000 0.000000 0.000000 0.000107 0.000000 0.000000 0.000000 0.000000 0.000000 0.000000 0.000000 0.001027 0.000693 0.000000 0.000000 0.000000 0.000240 0.000000 0.000000 0.000000
0.001707 0.001013 0.068493 0.000307 0.000147 0.002027 0.007387 0.008867 0.000853 0.005053 0.074613 0.001267 0.013547 0.012933 0.000240 0.000000 0.053840 0.050067 0.065973 0.000347 0.002440 0.001240 0.013080 0.002280 0.002413 0.000000 0.208347 0.001853 0.006187 0.005920 0.008773 0.002773 0.000000 0.019933 0.000000 0.000760 0.000640 0.000000 0.000000 0.000000 0.000093 0.000000 0.000000 0.000000 0.001987 0.000000 0.005200 0.000000 0.000000 0.000000 0.000587 0.003773 0.003107 0.000000 0.000000 0.000000 0.000000 0.000200 0.000587 0.025693 0.035200 0.000000 0.000000 0.000000 0.002293 0.000000 0.000000 0.000107
0.000760 0.011893 0.131027 0.000547 0.001520 0.001200 0.006613 0.006867 0.007907 0.003560 0.016093 0.001680 0.054560 0.007667 0.001787 0.025867 0.044467 0.018187 0.026307 0.000587 0.012547 0.016707 0.140760 0.056973 0.019640 0.208347 0.000000 0.042373 0.004160 0.000680 0.016413 0.001920 0.000000 0.034440 0.000000 0.008200 0.022653 0.000000 0.000000 0.000000 0.000307 0.000093 0.000000 0.000080 0.002227 0.000000 0.004187 0.000107 0.000000 0.008640 0.003280 0.003933 0.003933 0.000000 0.000173 0.001533 0.013253 0.000933 0.001067 0.036467 0.157853 0.000747 0.000000 0.000147 0.002173 0.000000 0.000000 0.000480
0.001800 0.000000 0.006493 0.092680 0.001800 0.010827 0.194653 0.004133 0.015867 0.141840 0.000413 0.019627 0.000267 0.004360 0.003973 0.004160 0.000453 0.000093 0.000227 0.025707 0.033880 0.000827 0.040653 0.073040 0.000000 0.001853 0.042373 0.000000 0.032920 0.089040 0.000000 0.000720 0.002547 0.011747 0.000973 0.000000 0.000000 0.003000 0.000000 0.000093 0.007453 0.000080 0.000773 0.006920 0.000000 0.002307 0.000000 0.000000 0.000000 0.002013 0.000000 0.000000 0.000000 0.001000 0.002253 0.000187 0.000253 0.018520 0.000000 0.000000 0.000453 0.020533 0.002653 0.004547 0.000000 0.000000 0.000000 0.000107
0.088307 0.000000 0.000880 0.001213 0.000000 0.001787 0.025707 0.011307 0.000867 0.010107 0.003547 0.002960 0.000813 0.088973 0.000187 0.000000 0.005693 0.003800 0.006067 0.001480 0.001813 0.000000 0.004693 0.008853 0.000000 0.006187 0.004160 0.032920 0.000000 0.054373 0.000093 0.007413 0.024120 0.044893 0.000000 0.000000 0.000000 0.000000 0.000000 0.000000 0.000373 0.000000 0.000000 0.000173 0.000000 0.000000 0.000000 0.000000 0.000000 0.000187 0.000000 0.000000 0.000000 0.000000 0.000280 0.000000 0.000000 0.002533 0.000000 0.000000 0.000000 0.002547 0.000000 0.000213 0.000000 0.000000 0.000000 0.000000
0.067787 0.000000 0.005027 0.000000 0.000000 0.000227 0.089520 0.013200 0.000160 0.000427 0.001027 0.000067 0.000093 0.041493 0.000000 0.000160 0.021027 0.001827 0.008480 0.000000 0.055373 0.000000 0.045667 0.005773 0.000000 0.005920 0.000680 0.089040 0.054373 0.000000 0.000000 0.000067 0.001160 0.019840 0.000000 0.000000 0.000000 0.000000 0.000000 0.000000 0.000320 0.000000 0.000093 0.000000 0.000000 0.000000 0.000000 0.000000 0.000000 0.001640 0.000000 0.000000 0.000000 0.000000 0.002573 0.000067 0.000173 0.002880 0.000000 0.000000 0.000000 0.004533 0.000133 0.001000 0.000000 0.000000 0.000000 0.000000
0.000000 0.001120 0.000000 0.000000 0.000000 0.000080 0.000000 0.000427 0.000240 0.000093 0.008067 0.000000 0.039653 0.000293 0.000000 0.000000 0.000000 0.000693 0.000000 0.000000 0.000000 0.000680 0.000000 0.000507 0.001440 0.008773 0.016413 0.000000 0.000093 0.000000 0.000000 0.000213 0.000000 0.000360 0.000000 0.000000 0.000000 0.000000 0.000000 0.000000 0.000000 0.000000 0.000000 0.000000 0.000667 0.000000 0.001333 0.000000 0.000000 0.000000 0.000000 0.000173 0.000000 0.000000 0.000000 0.000000 0.000000 0.000000 0.000067 0.001187 0.000627 0.000000 0.000000 0.000000 0.000387 0.000000 0.000000 0.000000
0.000280 0.000133 0.000120 0.000560 0.005200 0.045600 0.000920 0.053827 0.000173 0.003253 0.007013 0.001907 0.003973 0.016533 0.003693 0.000000 0.000067 0.001653 0.000213 0.000573 0.000000 0.000107 0.000067 0.000707 0.000120 0.002773 0.001920 0.000720 0.007413 0.000067 0.000213 0.000000 0.000000 0.044827 0.000000 0.000000 0.000000 0.000000 0.000000 0.000000 0.000000 0.000000 0.000000 0.000000 0.000000 0.000000 0.000000 0.000000 0.000000 0.000000 0.000000 0.000000 0.000000 0.000000 0.000000 0.000000 0.000000 0.000067 0.000000 0.000000 0.000000 0.000000 0.000000 0.000000 0.000000 0.000000 0.000000 0.000000
0.000000 0.000000 0.000000 0.000000 0.000000 0.000000 0.000227 0.000000 0.000000 0.000000 0.000000 0.000000 0.000000 0.000000 0.000000 0.000000 0.000000 0.000000 0.000000 0.000000 0.000000 0.000000 0.000213 0.000453 0.000000 0.000000 0.000000 0.002547 0.024120 0.001160 0.000000 0.000000 0.000000 0.003627 0.000000 0.000000 0.000000 0.000000 0.000000 0.000000 0.000000 0.000000 0.000000 0.000000 0.000000 0.000000 0.000000 0.000000 0.000000 0.000000 0.000000 0.000000 0.000000 0.000000 0.000000 0.000000 0.000000 0.000000 0.000000 0.000000 0.000000 0.000000 0.000000 0.000000 0.000000 0.000000 0.000000 0.000000
0.002453 0.000960 0.003200 0.000773 0.000147 0.002520 0.007507 0.010627 0.000200 0.005733 0.036053 0.001907 0.019133 0.016187 0.000187 0.000387 0.009400 0.019280 0.005267 0.000320 0.042733 0.000467 0.030653 0.001840 0.001253 0.019933 0.034440 0.011747 0.044893 0.019840 0.000360 0.044827 0.003627 0.000000 0.000000 0.000000 0.000000 0.000000 0.000000 0.000000 0.000067 0.000000 0.000000 0.000000 0.000000 0.000000 0.000000 0.000000 0.000000 0.000000 0.000000 0.000000 0.000000 0.000000 0.000000 0.000000 0.000000 0.000227 0.000000 0.000120 0.000293 0.000227 0.000000 0.000000 0.000000 0.000000 0.000000 0.000000
0.000000 0.000000 0.000000 0.000000 0.000000 0.000000 0.000000 0.000000 0.000000 0.000000 0.000000 0.000000 0.000000 0.000000 0.000000 0.000000 0.000000 0.000000 0.000000 0.000000 0.000187 0.000000 0.000000 0.001120 0.000000 0.000000 0.000000 0.000973 0.000000 0.000000 0.000000 0.000000 0.000000 0.000000 0.000000 0.000000 0.000107 0.000160 0.000000 0.000173 0.047960 0.014800 0.000187 0.001773 0.000600 0.000280 0.000000 0.127120 0.000000 0.000093 0.000240 0.000693 0.000907 0.000120 0.000373 0.000000 0.000107 0.002720 0.000000 0.000880 0.000627 0.008013 0.153240 0.027413 0.000000 0.000453 0.000693 0.003827
0.000000 0.000000 0.000533 0.000000 0.000000 0.000000 0.000000 0.000000 0.000000 0.000000 0.000000 0.000000 0.000000 0.000000 0.000000 0.000000 0.000093 0.000000 0.000000 0.000000 0.000000 0.000000 0.000000 0.000000 0.000000 0.000760 0.008200 0.000000 0.000000 0.000000 0.000000 0.000000 0.000000 0.000000 0.000000 0.000000 0.000093 0.000000 0.001013 0.000067 0.000000 0.000000 0.001133 0.000000 0.000000 0.000000 0.005800 0.000000 0.000747 0.000000 0.000133 0.000000 0.000000 0.000000 0.000000 0.008600 0.000000 0.007840 0.023347 0.000880 0.019387 0.000000 0.000000 0.000000 0.000160 0.000000 0.000000 0.000000
0.000000 0.000000 0.008000 0.000000 0.000000 0.000000 0.000000 0.000000 0.000000 0.000000 0.000000 0.000000 0.000000 0.000000 0.000000 0.000000 0.000533 0.000000 0.000000 0.000000 0.000000 0.000000 0.001547 0.000107 0.000000 0.000640 0.022653 0.000000 0.000000 0.000000 0.000000 0.000000 0.000000 0.000000 0.000107 0.000093 0.000000 0.000147 0.000000 0.000067 0.022493 0.002600 0.000000 0.003547 0.000120 0.000000 0.000000 0.002307 0.000000 0.000173 0.034853 0.000880 0.012440 0.000000 0.003053 0.000000 0.117387 0.000280 0.000000 0.038733 0.120800 0.008160 0.000267 0.004133 0.000000 0.000000 0.000000 0.001573
0.000000 0.000000 0.000000 0.000707 0.000000 0.000093 0.000920 0.000000 0.000200 0.000600 0.000000 0.000093 0.000000 0.000000 0.000000 0.000000 0.000000 0.000000 0.000000 0.000213 0.000000 0.000000 0.000000 0.001467 0.000000 0.000000 0.000000 0.003000 0.000000 0.000000 0.000000 0.000000 0.000000 0.000000 0.000160 0.000000 0.000147 0.000000 0.000653 0.002533 0.001573 0.000787 0.006293 0.109253 0.000080 0.026360 0.000000 0.000880 0.000573 0.000000 0.000000 0.000000 0.000000 0.190093 0.000000 0.000000 0.000080 0.026520 0.000000 0.000000 0.000360 0.060267 0.003053 0.000000 0.000000 0.000133 0.000000 0.000413
0.000000 0.000000 0.000000 0.000000 0.000000 0.000000 0.000000 0.000000 0.000000 0.000000 0.000000 0.000000 0.000000 0.000000 0.000000 0.000000 0.000000 0.000000 0.000000 0.000000 0.000000 0.000000 0.000000 0.000000 0.000000 0.000000 0.000000 0.000000 0.000000 0.000000 0.000000 0.000000 0.000000 0.000000 0.000000 0.001013 0.000000 0.000653 0.000000 0.001680 0.000187 0.000107 0.001493 0.000133 0.000453 0.001120 0.000173 0.000000 0.017960 0.000000 0.000000 0.000000 0.000000 0.000373 0.000000 0.001653 0.000000 0.002520 0.000160 0.000133 0.001813 0.001627 0.000093 0.000000 0.000000 0.002920 0.000000 0.017360
0.000000 0.000000 0.000000 0.000493 0.000000 0.000000 0.000000 0.000000 0.000000 0.000000 0.000000 0.000000 0.000000 0.000000 0.000000 0.000000 0.000000 0.000000 0.000000 0.000000 0.000000 0.000000 0.000000 0.000000 0.000000 0.000000 0.000000 0.000093 0.000000 0.000000 0.000000 0.000000 0.000000 0.000000 0.000173 0.000067 0.000067 0.002533 0.001680 0.000000 0.027880 0.094627 0.000453 0.242413 0.000640 0.028933 0.000080 0.004880 0.022320 0.000000 0.000000 0.000173 0.000080 0.002760 0.000000 0.000187 0.000107 0.000987 0.000000 0.000200 0.000547 0.010547 0.001827 0.000173 0.000000 0.008280 0.000000 0.003307
0.000000 0.000000 0.000160 0.000720 0.000000 0.000133 0.002360 0.000120 0.000173 0.000773 0.000000 0.000067 0.000000 0.000173 0.000000 0.000067 0.000000 0.000000 0.000000 0.000200 0.000400 0.000000 0.000000 0.006360 0.000000 0.000093 0.000307 0.007453 0.000373 0.000320 0.000000 0.000000 0.000000 0.000067 0.047960 0.000000 0.022493 0.001573 0.000187 0.027880 0.000000 0.093267 0.002227 0.252360 0.001533 0.000373 0.000000 0.196480 0.000453 0.000000 0.010213 0.002640 0.011147 0.000360 0.019227 0.000000 0.025573 0.009120 0.000000 0.015600 0.007267 0.282120 0.049213 0.087507 0.000000 0.000733 0.000240 0.009667
0.000000 0.000000 0.000000 0.000267 0.000000 0.000000 0.000000 0.000000 0.000000 0.000000 0.000000 0.000000 0.000000 0.000000 0.000000 0.000000 0.000000 0.000000 0.000000 0.000000 0.000000 0.000000 0.000000 0.000147 0.000000 0.000000 0.000093 0.000080 0.000000 0.000000 0.000000 0.000000 0.000000 0.000000 0.014800 0.000000 0.002600 0.000787 0.000107 0.094627 0.093267 0.000000 0.000067 0.100240 0.006440 0.012533 0.000493 0.187600 0.004920 0.000000 0.000893 0.002573 0.003147 0.002280 0.001000 0.000000 0.002253 0.000267 0.000080 0.004640 0.002453 0.001973 0.021080 0.005693 0.000320 0.037293 0.000000 0.015013
0.000000 0.000000 0.000000 0.000400 0.000000 0.000000 0.000213 0.000000 0.000000 0.000133 0.000000 0.000080 0.000000 0.000000 0.000000 0.000000 0.000000 0.000000 0.000000 0.000000 0.000000 0.000000 0.000000 0.001120 0.000000 0.000000 0.000000 0.000773 0.000000 0.000093 0.000000 0.000000 0.000000 0.000000 0.000187 0.001133 0.000000 0.006293 0.001493 0.000453 0.002227 0.000067 0.000000 0.005480 0.000000 0.008787 0.000147 0.000107 0.001120 0.000000 0.000000 0.000000 0.000000 0.002040 0.000000 0.008293 0.000000 0.035813 0.000387 0.000373 0.002147 0.016787 0.001320 0.000427 0.000000 0.000093 0.000000 0.000093
0.000000 0.000000 0.000000 0.002840 0.000000 0.000120 0.002667 0.000000 0.000333 0.001760 0.000000 0.000200 0.000000 0.000093 0.000000 0.000000 0.000000 0.000000 0.000000 0.000387 0.000000 0.000000 0.000000 0.003360 0.000000 0.000000 0.000080 0.006920 0.000173 0.000000 0.000000 0.000000 0.000000 0.000000 0.001773 0.000000 0.003547 0.109253 0.000133 0.242413 0.252360 0.100240 0.005480 0.000000 0.001027 0.148413 0.000120 0.048307 0.004000 0.000000 0.000467 0.000507 0.000587 0.183720 0.000787 0.000000 0.001867 0.008320 0.000000 0.001760 0.002613 0.153333 0.040613 0.000907 0.000000 0.001613 0.000000 0.004667
0.000000 0.000000 0.000000 0.000000 0.000000 0.000000 0.000000 0.000000 0.000000 0.000000 0.000760 0.000000 0.006947 0.000000 0.000000 0.000000 0.000000 0.000573 0.000000 0.000000 0.000000 0.000000 0.000000 0.000067 0.000373 0.001987 0.002227 0.000000 0.000000 0.000000 0.000667 0.000000 0.000000 0.000000 0.000600 0.000000 0.000120 0.000080 0.000453 0.000640 0.001533 0.006440 0.000000 0.001027 0.000000 0.000827 0.050840 0.016600 0.000000 0.000000 0.000880 0.061253 0.012827 0.000107 0.000280 0.000000 0.000440 0.000000 0.005773 0.031920 0.005880 0.000093 0.016760 0.000893 0.013427 0.010547 0.000000 0.046053
0.000000 0.000000 0.000000 0.003147 0.000000 0.000000 0.000640 0.000000 0.000000 0.000627 0.000000 0.000280 0.000000 0.000000 0.000000 0.000000 0.000000 0.000000 0.000000 0.000307 0.000000 0.000000 0.000000 0.000600 0.000000 0.000000 0.000000 0.002307 0.000000 0.000000 0.000000 0.000000 0.000000 0.000000 0.000280 0.000000 0.000000 0.026360 0.001120 0.028933 0.000373 0.012533 0.008787 0.148413 0.000827 0.000000 0.000067 0.010280 0.002373 0.000000 0.000000 0.000373 0.000253 0.055880 0.000000 0.000000 0.000000 0.002307 0.000000 0.000360 0.000867 0.014347 0.006813 0.000000 0.000000 0.000947 0.000000 0.001373
0.000000 0.000000 0.000000 0.000000 0.000000 0.000000 0.000000 0.000000 0.000000 0.000000 0.002907 0.000000 0.008387 0.000000 0.000000 0.000000 0.000000 0.000867 0.000000 0.000000 0.000000 0.000000 0.000000 0.000000 0.000547 0.005200 0.004187 0.000000 0.000000 0.000000 0.001333 0.000000 0.000000 0.000000 0.000000 0.005800 0.000000 0.000000 0.000173 0.000080 0.000000 0.000493 0.000147 0.000120 0.050840 0.000067 0.000000 0.000640 0.000200 0.000000 0.000000 0.001040 0.000200 0.000000 0.000000 0.001320 0.000000 0.000547 0.038693 0.005613 0.023587 0.000000 0.000893 0.000000 0.013400 0.000947 0.000000 0.005267
0.000000 0.000000 0.000000 0.000293 0.000000 0.000000 0.000067 0.000000 0.000000 0.000000 0.000000 0.000000 0.000000 0.000000 0.000000 0.000000 0.000000 0.000000 0.000000 0.000000 0.000000 0.000000 0.000000 0.000107 0.000000 0.000000 0.000107 0.000000 0.000000 0.000000 0.000000 0.000000 0.000000 0.000000 0.127120 0.000000 0.002307 0.000880 0.000000 0.004880 0.196480 0.187600 0.000107 0.048307 0.016600 0.010280 0.000640 0.000000 0.000800 0.000000 0.001840 0.007600 0.008027 0.002413 0.000920 0.000000 0.003013 0.000480 0.000000 0.010280 0.007413 0.001533 0.166920 0.019160 0.000693 0.048547 0.000000 0.029000
0.000000 0.000000 0.000000 0.000000 0.000000 0.000000 0.000000 0.000000 0.000000 0.000000 0.000000 0.000000 0.000000 0.000000 0.000000 0.000000 0.000000 0.000000 0.000000 0.000000 0.000000 0.000000 0.000000 0.000000 0.000000 0.000000 0.000000 0.000000 0.000000 0.000000 0.000000 0.000000 0.000000 0.000000 0.000000 0.000747 0.000000 0.000573 0.017960 0.022320 0.000453 0.004920 0.001120 0.004000 0.000000 0.002373 0.000200 0.000800 0.000000 0.000000 0.000000 0.000000 0.000000 0.000307 0.000000 0.002000 0.000000 0.002893 0.000107 0.000240 0.001773 0.001547 0.000320 0.000000 0.000000 0.002040 0.000000 0.000067
0.000000 0.000000 0.000000 0.000000 0.000000 0.000000 0.000080 0.000000 0.000000 0.000000 0.000000 0.000000 0.000000 0.000000 0.000000 0.029280 0.000000 0.000000 0.000000 0.000000 0.011680 0.000827 0.021347 0.005133 0.000000 0.000000 0.008640 0.002013 0.000187 0.001640 0.000000 0.000000 0.000000 0.000000 0.000093 0.000000 0.000173 0.000000 0.000000 0.000000 0.000000 0.000000 0.000000 0.000000 0.000000 0.000000 0.000000 0.000000 0.000000 0.000000 0.000213 0.000000 0.000200 0.000000 0.070760 0.006667 0.091080 0.017987 0.000000 0.000320 0.039400 0.029853 0.000693 0.003147 0.000000 0.000000 0.000000 0.001547
0.000000 0.000000 0.001040 0.000000 0.000000 0.000000 0.000000 0.000000 0.000000 0.000000 0.000000 0.000000 0.000000 0.000000 0.000000 0.000000 0.000000 0.000000 0.000000 0.000000 0.000000 0.000000 0.000093 0.000000 0.000000 0.000587 0.003280 0.000000 0.000000 0.000000 0.000000 0.000000 0.000000 0.000000 0.000240 0.000133 0.034853 0.000000 0.000000 0.000000 0.010213 0.000893 0.000000 0.000467 0.000880 0.000000 0.000000 0.001840 0.000000 0.000213 0.000000 0.006973 0.044280 0.000000 0.016187 0.000000 0.037427 0.002387 0.000000 0.013573 0.076627 0.002573 0.000213 0.020627 0.000067 0.000000 0.000000 0.012600
0.000000 0.000000 0.000000 0.000000 0.000000 0.000000 0.000000 0.000000 0.000000 0.000000 0.000400 0.000000 0.000800 0.000000 0.000000 0.000000 0.000000 0.000640 0.000067 0.000000 0.000000 0.000000 0.000000 0.000000 0.000107 0.003773 0.003933 0.000000 0.000000 0.000000 0.000173 0.000000 0.000000 0.000000 0.000693 0.000000 0.000880 0.000000 0.000000 0.000173 0.002640 0.002573 0.000000 0.000507 0.061253 0.000373 0.001040 0.007600 0.000000 0.000000 0.006973 0.000000 0.135453 0.000000 0.000640 0.000000 0.000533 0.000067 0.000133 0.067693 0.008640 0.000200 0.003413 0.002467 0.002053 0.000907 0.000000 0.017573
0.000000 0.000000 0.000160 0.000000 0.000000 0.000000 0.000000 0.000000 0.000000 0.000000 0.000000 0.000000 0.000000 0.000000 0.000000 0.000000 0.000000 0.000000 0.000000 0.000000 0.000000 0.000000 0.000000 0.000000 0.000000 0.003107 0.003933 0.000000 0.000000 0.000000 0.000000 0.000000 0.000000 0.000000 0.000907 0.000000 0.012440 0.000000 0.000000 0.000080 0.011147 0.003147 0.000000 0.000587 0.012827 0.000253 0.000200 0.008027 0.000000 0.000200 0.044280 0.135453 0.000000 0.000067 0.002280 0.000000 0.004267 0.000600 0.000000 0.068587 0.049213 0.000840 0.001827 0.007840 0.000307 0.000107 0.000000 0.023160
0.000000 0.000000 0.000000 0.002693 0.000000 0.000000 0.000493 0.000000 0.000080 0.000280 0.000000 0.000000 0.000000 0.000000 0.000000 0.000000 0.000000 0.000000 0.000000 0.000093 0.000000 0.000000 0.000000 0.000467 0.000000 0.000000 0.000000 0.001000 0.000000 0.000000 0.000000 0.000000 0.000000 0.000000 0.000120 0.000000 0.000000 0.190093 0.000373 0.002760 0.000360 0.002280 0.002040 0.183720 0.000107 0.055880 0.000000 0.002413 0.000307 0.000000 0.000000 0.000000 0.000067 0.000000 0.000000 0.000000 0.000000 0.002387 0.000000 0.000000 0.000133 0.039213 0.002360 0.000000 0.000000 0.000173 0.000000 0.000320
0.000000 0.000000 0.000000 0.000000 0.000000 0.000000 0.000133 0.000000 0.000000 0.000000 0.000000 0.000000 0.000000 0.000000 0.000000 0.004013 0.000000 0.000000 0.000000 0.000000 0.009333 0.000120 0.003733 0.004387 0.000000 0.000000 0.000173 0.002253 0.000280 0.002573 0.000000 0.000000 0.000000 0.000000 0.000373 0.000000 0.003053 0.000000 0.000000 0.000000 0.019227 0.001000 0.000000 0.000787 0.000280 0.000000 0.000000 0.000920 0.000000 0.070760 0.016187 0.000640 0.002280 0.000000 0.000000 0.000387 0.226453 0.015093 0.000000 0.001613 0.004800 0.028520 0.001747 0.121667 0.000000 0.000000 0.000000 0.025693
0.000000 0.000000 0.000000 0.000000 0.000000 0.000000 0.000000 0.000000 0.000000 0.000000 0.000000 0.000000 0.000000 0.000000 0.000000 0.000840 0.000000 0.000000 0.000000 0.000000 0.000000 0.000000 0.000467 0.000867 0.000000 0.000000 0.001533 0.000187 0.000000 0.000067 0.000000 0.000000 0.000000 0.000000 0.000000 0.008600 0.000000 0.000000 0.001653 0.000187 0.000000 0.000000 0.008293 0.000000 0.000000 0.000000 0.001320 0.000000 0.002000 0.006667 0.000000 0.000000 0.000000 0.000000 0.000387 0.000000 0.000147 0.015040 0.003013 0.000493 0.016453 0.000333 0.000000 0.000000 0.000093 0.000000 0.000000 0.000093
0.000000 0.000000 0.002133 0.000000 0.000000 0.000000 0.000000 0.000000 0.000000 0.000000 0.000000 0.000000 0.000000 0.000000 0.000000 0.015880 0.000000 0.000000 0.000000 0.000000 0.002200 0.000067 0.013200 0.000720 0.000000 0.000000 0.013253 0.000253 0.000000 0.000173 0.000000 0.000000 0.000000 0.000000 0.000107 0.000000 0.117387 0.000080 0.000000 0.000107 0.025573 0.002253 0.000000 0.001867 0.000440 0.000000 0.000000 0.003013 0.000000 0.091080 0.037427 0.000533 0.004267 0.000000 0.226453 0.000147 0.000000 0.004960 0.000000 0.013147 0.153520 0.050107 0.000747 0.047107 0.000000 0.000000 0.000000 0.009453
0.000253 0.000000 0.000000 0.001640 0.000000 0.000213 0.005627 0.000293 0.001000 0.001547 0.000000 0.000200 0.000000 0.000293 0.000000 0.000440 0.000000 0.000000 0.000000 0.000360 0.003067 0.000133 0.000320 0.030533 0.000000 0.000200 0.000933 0.018520 0.002533 0.002880 0.000000 0.000067 0.000000 0.000227 0.002720 0.007840 0.000280 0.026520 0.002520 0.000987 0.009120 0.000267 0.035813 0.008320 0.000000 0.002307 0.000547 0.000480 0.002893 0.017987 0.002387 0.000067 0.000600 0.002387 0.015093 0.015040 0.004960 0.000000 0.002520 0.003307 0.050280 0.157787 0.012093 0.013733 0.000213 0.000200 0.000200 0.002507
0.000000 0.000000 0.000000 0.000000 0.000000 0.000000 0.000000 0.000000 0.000000 0.000000 0.000093 0.000000 0.001013 0.000000 0.000000 0.000000 0.000000 0.000000 0.000000 0.000000 0.000000 0.000000 0.000000 0.000000 0.000000 0.000587 0.001067 0.000000 0.000000 0.000000 0.000067 0.000000 0.000000 0.000000 0.000000 0.023347 0.000000 0.000000 0.000160 0.000000 0.000000 0.000080 0.000387 0.000000 0.005773 0.000000 0.038693 0.000000 0.000107 0.000000 0.000000 0.000133 0.000000 0.000000 0.000000 0.003013 0.000000 0.002520 0.000000 0.002413 0.024467 0.000000 0.000080 0.000000 0.001133 0.000187 0.000000 0.002440
0.000000 0.000067 0.001533 0.000000 0.000000 0.000000 0.000000 0.000000 0.000000 0.000000 0.001147 0.000000 0.004507 0.000000 0.000000 0.000000 0.000227 0.002493 0.000667 0.000000 0.000000 0.000000 0.000000 0.000227 0.001027 0.025693 0.036467 0.000000 0.000000 0.000000 0.001187 0.000000 0.000000 0.000120 0.000880 0.000880 0.038733 0.000000 0.000133 0.000200 0.015600 0.004640 0.000373 0.001760 0.031920 0.000360 0.005613 0.010280 0.000240 0.000320 0.013573 0.067693 0.068587 0.000000 0.001613 0.000493 0.013147 0.003307 0.002413 0.000000 0.113787 0.001787 0.003293 0.006053 0.006520 0.001147 0.000000 0.010947
0.000000 0.000373 0.015693 0.000000 0.000000 0.000000 0.000067 0.000000 0.000000 0.000000 0.001027 0.000000 0.002093 0.000000 0.000000 0.006067 0.001147 0.001427 0.000773 0.000000 0.000160 0.000507 0.010973 0.000987 0.000693 0.035200 0.157853 0.000453 0.000000 0.000000 0.000627 0.000000 0.000000 0.000293 0.000627 0.019387 0.120800 0.000360 0.001813 0.000547 0.007267 0.002453 0.002147 0.002613 0.005880 0.000867 0.023587 0.007413 0.001773 0.039400 0.076627 0.008640 0.049213 0.000133 0.004800 0.016453 0.153520 0.050280 0.024467 0.113787 0.000000 0.059067 0.002067 0.001213 0.005867 0.000320 0.000000 0.041720
0.000440 0.000000 0.000160 0.002467 0.000000 0.000227 0.007653 0.000307 0.000933 0.002533 0.000000 0.000293 0.000067 0.000427 0.000067 0.000427 0.000000 0.000000 0.000000 0.000573 0.003960 0.000093 0.000533 0.024333 0.000000 0.000000 0.000747 0.020533 0.002547 0.004533 0.000000 0.000000 0.000000 0.000227 0.008013 0.000000 0.008160 0.060267 0.001627 0.010547 0.282120 0.001973 0.016787 0.153333 0.000093 0.014347 0.000000 0.001533 0.001547 0.029853 0.002573 0.000200 0.000840 0.039213 0.028520 0.000333 0.050107 0.157787 0.000000 0.001787 0.059067 0.000000 0.056613 0.058973 0.000000 0.000307 0.001360 0.015613
0.000000 0.000000 0.000000 0.000320 0.000000 0.000000 0.000253 0.000000 0.000067 0.000080 0.000000 0.000000 0.000000 0.000000 0.000000 0.000080 0.000000 0.000000 0.000000 0.000000 0.000760 0.000000 0.000000 0.003267 0.000000 0.000000 0.000000 0.002653 0.000000 0.000133 0.000000 0.000000 0.000000 0.000000 0.153240 0.000000 0.000267 0.003053 0.000093 0.001827 0.049213 0.021080 0.001320 0.040613 0.016760 0.006813 0.000893 0.166920 0.000320 0.000693 0.000213 0.003413 0.001827 0.002360 0.001747 0.000000 0.000747 0.012093 0.000080 0.003293 0.002067 0.056613 0.000000 0.068653 0.000640 0.015027 0.045827 0.085560
0.000000 0.000000 0.000000 0.000000 0.000000 0.000000 0.000147 0.000000 0.000000 0.000000 0.000000 0.000000 0.000000 0.000000 0.000000 0.000867 0.000000 0.000000 0.000000 0.000000 0.004747 0.000080 0.000520 0.005907 0.000000 0.000000 0.000147 0.004547 0.000213 0.001000 0.000000 0.000000 0.000000 0.000000 0.027413 0.000000 0.004133 0.000000 0.000000 0.000173 0.087507 0.005693 0.000427 0.000907 0.000893 0.000000 0.000000 0.019160 0.000000 0.003147 0.020627 0.002467 0.007840 0.000000 0.121667 0.000000 0.047107 0.013733 0.000000 0.006053 0.001213 0.058973 0.068653 0.000000 0.000000 0.000120 0.000333 0.013600
0.000000 0.000000 0.000000 0.000000 0.000000 0.000000 0.000000 0.000000 0.000000 0.000000 0.000573 0.000000 0.002320 0.000000 0.000000 0.000000 0.000000 0.000307 0.000000 0.000000 0.000000 0.000000 0.000000 0.000000 0.000240 0.002293 0.002173 0.000000 0.000000 0.000000 0.000387 0.000000 0.000000 0.000000 0.000000 0.000160 0.000000 0.000000 0.000000 0.000000 0.000000 0.000320 0.000000 0.000000 0.013427 0.000000 0.013400 0.000693 0.000000 0.000000 0.000067 0.002053 0.000307 0.000000 0.000000 0.000093 0.000000 0.000213 0.001133 0.006520 0.005867 0.000000 0.000640 0.000000 0.000000 0.000200 0.000000 0.000760
