0.000000 0.000000 82.800932 85.905085 0.000000 0.000000 29.392079 45.976022 62.749695 80.763825 107.800600 0.000000 103.869160 18.504665 0.000000 0.000000 91.245498 123.127912 113.231350 0.000000 70.848214 0.000000 78.992372 136.577818 0.000000 108.512916 124.741628 87.387341 28.843508 41.436980 0.000000 0.000000 28.465958 41.315233 0.000000 0.000000 0.000000 0.000000 0.000000 0.000000 0.000000 0.000000 0.000000 0.000000 0.000000 0.000000 0.000000 147.678802 0.000000 0.000000 0.000000 0.000000 0.000000 0.000000 0.000000 0.000000 0.000000 113.854405 0.000000 0.000000 0.000000 124.585530 0.000000 0.000000 0.000000 0.000000 0.000000 0.000000
0.000000 0.000000 47.038655 0.000000 129.635370 144.113117 149.617994 127.029112 76.004916 152.735311 53.362196 0.000000 43.371561 98.252310 112.451532 0.000000 48.846533 66.776011 53.084527 0.000000 0.000000 26.569704 121.522367 78.627827 24.455088 42.536232 43.656730 156.609416 94.732797 0.000000 54.608747 110.373889 0.000000 55.406113 0.000000 0.000000 58.585198 0.000000 0.000000 0.000000 0.000000 0.000000 0.000000 0.000000 78.268564 0.000000 80.159279 0.000000 0.000000 0.000000 59.580810 0.000000 0.000000 0.000000 0.000000 0.000000 0.000000 0.000000 0.000000 59.185844 50.902270 212.237987 0.000000 0.000000 0.000000 0.000000 0.000000 54.619001
82.800932 47.038655 0.000000 123.225520 0.000000 113.624116 91.904576 105.108213 0.000000 104.801265 72.953597 0.000000 136.473363 96.159690 0.000000 0.000000 38.000133 80.155818 71.990353 0.000000 63.676049 0.000000 33.320027 91.565145 0.000000 32.324532 34.770870 96.240329 102.016322 77.202322 86.983933 0.000000 0.000000 75.697190 0.000000 56.989556 90.805983 0.000000 0.000000 0.000000 0.000000 0.000000 0.000000 193.495526 0.000000 0.000000 0.000000 0.000000 0.000000 143.520765 103.457035 145.349063 111.116255 0.000000 161.829571 97.703573 99.648456 179.001827 0.000000 101.527633 89.331116 168.726668 0.000000 0.000000 0.000000 0.000000 0.000000 94.284146
85.905085 0.000000 123.225520 0.000000 99.552697 77.142615 53.570312 97.583836 52.458026 27.541579 165.595380 33.403798 0.000000 102.458742 65.402139 0.000000 0.000000 0.000000 0.000000 22.107566 0.000000 0.000000 101.658299 27.242328 0.000000 140.498355 132.858328 24.492770 101.568994 0.000000 0.000000 120.759062 91.867842 91.281883 0.000000 0.000000 0.000000 100.362952 0.000000 129.153716 129.747619 133.877760 72.823345 139.860475 0.000000 99.466949 0.000000 145.245633 0.000000 0.000000 0.000000 0.000000 0.000000 85.825564 0.000000 0.000000 0.000000 115.099049 0.000000 0.000000 0.000000 129.355394 161.842638 0.000000 0.000000 0.000000 0.000000 0.000000
0.000000 129.635370 0.000000 99.552697 0.000000 32.282997 100.804020 35.837623 66.596960 94.771576 67.643095 78.373798 109.988588 101.333945 21.271445 0.000000 0.000000 0.000000 0.000000 84.415248 0.000000 95.194274 0.000000 75.930732 145.704246 158.244823 168.519387 106.079774 126.679965 0.000000 184.792978 18.503776 0.000000 18.226129 0.000000 0.000000 0.000000 0.000000 0.000000 0.000000 0.000000 0.000000 0.000000 0.000000 0.000000 0.000000 0.000000 0.000000 0.000000 0.000000 0.000000 0.000000 0.000000 0.000000 0.000000 0.000000 0.000000 0.000000 0.000000 0.000000 0.000000 0.000000 0.000000 0.000000 0.000000 0.000000 0.000000 0.000000
0.000000 144.113117 113.624116 77.142615 32.282997 0.000000 53.864395 34.604694 54.894726 34.140739 105.041376 49.013196 78.603356 64.940296 32.911693 0.000000 135.876726 134.011350 143.600571 61.122263 96.943476 0.000000 103.085920 68.037911 0.000000 137.727988 146.364428 66.765271 81.856439 88.942245 0.000000 25.281713 0.000000 72.099593 0.000000 0.000000 0.000000 135.589303 0.000000 129.502245 132.161549 150.465496 0.000000 139.398816 0.000000 129.597822 0.000000 180.550596 0.000000 0.000000 0.000000 0.000000 0.000000 0.000000 0.000000 0.000000 0.000000 127.572726 0.000000 0.000000 0.000000 136.613543 159.471480 0.000000 0.000000 0.000000 0.000000 0.000000
29.392079 149.617994 91.904576 53.570312 100.804020 53.864395 0.000000 59.554971 50.646204 32.537438 142.796439 95.394391 138.346371 47.799045 112.698538 142.089900 93.726196 146.499885 119.835023 95.826114 68.390141 85.347010 76.158734 60.213271 0.000000 121.654016 117.516210 44.901242 64.214481 30.251376 162.759209 117.760560 74.669165 81.426636 134.544886 0.000000 181.072774 135.460490 0.000000 144.016138 124.652368 138.203829 69.747459 137.816651 0.000000 134.404470 0.000000 139.993842 0.000000 138.651469 0.000000 0.000000 0.000000 137.892044 138.829412 0.000000 174.947021 110.936108 0.000000 207.046003 182.687026 125.574872 144.489667 123.601673 0.000000 170.639755 0.000000 137.208167
45.976022 127.029112 105.108213 97.583836 35.837623 34.604694 59.554971 0.000000 76.012122 50.612793 90.952633 82.210459 72.750813 26.196961 48.647920 0.000000 118.769472 121.545108 130.382849 86.258272 92.291606 0.000000 98.388742 92.079184 101.143950 127.590373 122.654036 96.541040 45.808855 70.128890 125.216627 35.814955 0.000000 42.902356 161.267527 0.000000 0.000000 164.132697 0.000000 0.000000 145.724732 163.304241 0.000000 156.819254 0.000000 0.000000 0.000000 173.302823 0.000000 0.000000 0.000000 0.000000 0.000000 0.000000 0.000000 0.000000 0.000000 135.201067 0.000000 0.000000 173.715147 143.240179 165.150593 147.579755 0.000000 0.000000 0.000000 148.997923
62.749695 76.004916 0.000000 52.458026 66.596960 54.894726 50.646204 76.012122 0.000000 60.624112 130.929049 42.581453 124.288773 85.789813 48.049580 0.000000 0.000000 153.989694 136.988903 51.513389 0.000000 38.294197 94.242230 33.413419 102.276464 127.944097 122.785639 55.783980 75.742865 55.790648 135.520032 108.514875 67.809279 79.694546 76.036504 0.000000 0.000000 77.674497 0.000000 0.000000 77.468468 86.936432 0.000000 85.206096 0.000000 78.309821 0.000000 92.973971 0.000000 0.000000 0.000000 0.000000 0.000000 0.000000 0.000000 0.000000 0.000000 60.840338 0.000000 0.000000 0.000000 77.045064 91.514401 74.676665 0.000000 0.000000 0.000000 0.000000
80.763825 152.735311 104.801265 27.541579 94.771576 34.140739 32.537438 50.612793 60.624112 0.000000 152.211834 32.528880 145.687699 71.749853 78.052604 0.000000 131.388824 166.928831 153.628481 17.172765 83.981594 121.200592 90.642967 65.550550 0.000000 137.564360 152.610543 43.993443 100.706023 64.953508 172.378436 120.294509 91.845206 89.105570 160.862796 0.000000 196.560672 148.642038 0.000000 148.146951 139.134375 152.289905 80.621294 150.295841 0.000000 141.600096 0.000000 165.968419 0.000000 0.000000 0.000000 0.000000 0.000000 151.228871 0.000000 0.000000 0.000000 128.768974 0.000000 214.261647 211.387703 143.912145 171.301366 0.000000 0.000000 0.000000 0.000000 149.900706
107.800600 53.362196 72.953597 165.595380 67.643095 105.041376 142.796439 90.952633 130.929049 152.211834 0.000000 146.504806 33.558021 86.187148 131.650112 109.551411 45.496961 26.516120 30.342698 148.062691 101.058863 89.681268 103.059770 142.500041 31.388797 36.903896 54.710025 154.619607 89.372877 88.514639 44.422192 64.287673 103.437688 30.863063 0.000000 96.331729 0.000000 0.000000 0.000000 137.325232 0.000000 147.225032 0.000000 0.000000 72.859445 0.000000 68.600422 123.615811 0.000000 142.861545 0.000000 90.034710 99.461631 0.000000 148.627475 0.000000 149.111913 191.797525 48.605873 87.288534 93.930015 192.138431 133.296706 208.876225 89.251376 98.779961 0.000000 74.666217
0.000000 0.000000 0.000000 33.403798 78.373798 49.013196 95.394391 82.210459 42.581453 32.528880 146.504806 0.000000 135.293647 97.862508 50.409852 0.000000 0.000000 156.021082 172.761427 23.269617 0.000000 0.000000 0.000000 68.875429 0.000000 166.507444 169.466804 45.122616 110.633302 0.000000 0.000000 108.785143 0.000000 96.741466 0.000000 0.000000 0.000000 126.638646 0.000000 146.047037 138.500286 153.487558 73.054592 142.902673 0.000000 111.575138 0.000000 172.999427 0.000000 0.000000 0.000000 0.000000 0.000000 139.509540 0.000000 0.000000 0.000000 130.584387 0.000000 0.000000 199.096741 142.386160 178.447658 0.000000 0.000000 0.000000 0.000000 0.000000
103.869160 43.371561 136.473363 0.000000 109.988588 78.603356 138.346371 72.750813 124.288773 145.687699 33.558021 135.293647 0.000000 84.145618 156.071139 0.000000 118.249442 49.119765 57.525240 0.000000 0.000000 87.615517 124.665616 133.664898 25.013683 32.714432 34.730796 151.205326 72.821662 0.000000 20.858275 56.356459 0.000000 26.901386 0.000000 98.457218 0.000000 0.000000 0.000000 0.000000 0.000000 149.728762 0.000000 0.000000 74.351136 0.000000 72.033392 153.304301 0.000000 0.000000 0.000000 93.796539 103.066403 0.000000 0.000000 0.000000 0.000000 188.976851 45.084007 91.032261 99.338354 200.541557 174.423251 0.000000 92.424688 97.108178 0.000000 71.104403
18.504665 98.252310 96.159690 102.458742 101.333945 64.940296 47.799045 26.196961 85.789813 71.749853 86.187148 97.862508 84.145618 0.000000 125.292519 108.645477 106.493276 110.134106 118.471096 103.250774 90.128542 100.586702 92.561468 111.275420 94.853041 118.872211 109.010891 102.010036 30.994848 61.480555 107.910490 20.674226 48.650356 37.438665 160.787546 116.915169 143.142105 0.000000 0.000000 0.000000 153.268178 176.322765 0.000000 180.698973 0.000000 0.000000 0.000000 178.803737 0.000000 0.000000 0.000000 184.336393 186.282107 0.000000 151.203000 0.000000 136.970248 144.104252 0.000000 157.935331 155.123144 150.157466 175.738206 152.520263 0.000000 0.000000 0.000000 159.918045
0.000000 112.451532 0.000000 65.402139 21.271445 32.911693 112.698538 48.647920 48.049580 78.052604 131.650112 50.409852 156.071139 125.292519 0.000000 0.000000 0.000000 0.000000 0.000000 72.951341 0.000000 78.726698 0.000000 49.534633 138.452321 154.740188 156.976560 73.507792 115.610807 0.000000 164.367959 51.588996 0.000000 59.147703 0.000000 0.000000 0.000000 0.000000 0.000000 0.000000 0.000000 0.000000 0.000000 0.000000 0.000000 0.000000 0.000000 0.000000 0.000000 0.000000 0.000000 0.000000 0.000000 0.000000 0.000000 0.000000 0.000000 0.000000 0.000000 0.000000 0.000000 0.000000 0.000000 0.000000 0.000000 0.000000 0.000000 0.000000
0.000000 0.000000 0.000000 0.000000 0.000000 0.000000 142.089900 0.000000 0.000000 0.000000 109.551411 0.000000 0.000000 108.645477 0.000000 0.000000 96.704580 119.179063 116.717534 0.000000 19.552662 34.496207 15.921648 24.966206 0.000000 108.159599 29.940785 28.989726 105.894286 76.261900 0.000000 0.000000 0.000000 78.026623 0.000000 0.000000 101.166768 0.000000 0.000000 0.000000 0.000000 0.000000 0.000000 0.000000 0.000000 0.000000 0.000000 0.000000 0.000000 88.271693 0.000000 0.000000 0.000000 0.000000 109.949346 45.040199 97.318844 113.219432 0.000000 0.000000 86.730882 119.411883 0.000000 126.218592 0.000000 0.000000 0.000000 0.000000
91.245498 48.846533 38.000133 0.000000 0.000000 135.876726 93.726196 118.769472 0.000000 131.388824 45.496961 0.000000 118.249442 106.493276 0.000000 96.704580 0.000000 47.026902 24.590880 0.000000 49.660042 78.569422 28.953433 128.300968 74.459404 39.571882 66.965007 103.804721 91.834083 65.278667 94.437177 105.263340 94.293430 26.074359 0.000000 74.636193 101.325673 0.000000 0.000000 0.000000 0.000000 0.000000 0.000000 200.029321 0.000000 0.000000 130.765517 0.000000 0.000000 123.420638 113.381988 139.541531 119.254783 0.000000 157.293566 82.634905 120.525463 170.033597 0.000000 108.879516 103.746848 171.455975 0.000000 154.382573 0.000000 0.000000 0.000000 104.712351
123.127912 66.776011 80.155818 0.000000 0.000000 134.011350 146.499885 121.545108 153.989694 166.928831 26.516120 156.021082 49.119765 110.134106 0.000000 119.179063 47.026902 0.000000 21.705207 0.000000 107.588740 0.000000 104.021964 155.852082 41.392410 24.315318 60.400185 153.840149 114.913333 101.317166 50.618417 84.589905 120.735939 55.015293 0.000000 101.656750 0.000000 0.000000 0.000000 0.000000 0.000000 0.000000 0.000000 0.000000 87.004105 0.000000 82.373579 203.369389 0.000000 163.698610 0.000000 98.248608 105.873293 0.000000 161.304749 0.000000 0.000000 193.450713 50.786152 95.444506 99.244328 212.740866 0.000000 0.000000 101.374389 0.000000 0.000000 134.110220
113.231350 53.084527 71.990353 0.000000 0.000000 143.600571 119.835023 130.382849 136.988903 153.628481 30.342698 172.761427 57.525240 118.471096 0.000000 116.717534 24.590880 21.705207 0.000000 0.000000 91.217952 109.026585 89.869588 154.670141 48.104232 27.375265 66.694504 132.558979 113.961061 90.505258 58.798273 88.039680 110.694837 48.051014 0.000000 67.928169 107.857991 0.000000 0.000000 0.000000 0.000000 0.000000 0.000000 0.000000 95.350202 0.000000 100.292033 200.212527 0.000000 147.360061 115.901675 109.493911 110.562369 0.000000 169.537028 0.000000 164.362786 203.458023 65.574034 103.573355 104.120282 204.645938 0.000000 171.705238 110.981120 0.000000 0.000000 115.515484
0.000000 0.000000 0.000000 22.107566 84.415248 61.122263 95.826114 86.258272 51.513389 17.172765 148.062691 23.269617 0.000000 103.250774 72.951341 0.000000 0.000000 0.000000 0.000000 0.000000 0.000000 0.000000 0.000000 60.539545 0.000000 157.665515 168.074083 38.018269 109.466113 0.000000 0.000000 114.469174 0.000000 97.779555 0.000000 0.000000 0.000000 103.446559 0.000000 145.679176 138.605189 151.657279 0.000000 147.319275 0.000000 103.275406 0.000000 0.000000 0.000000 0.000000 0.000000 0.000000 0.000000 143.432470 0.000000 0.000000 0.000000 130.620986 0.000000 0.000000 0.000000 143.546361 0.000000 0.000000 0.000000 0.000000 0.000000 0.000000
70.848214 0.000000 63.676049 0.000000 0.000000 96.943476 68.390141 92.291606 0.000000 83.981594 101.058863 0.000000 0.000000 90.128542 0.000000 19.552662 49.660042 107.588740 91.217952 0.000000 0.000000 53.671738 33.793625 19.089273 0.000000 99.161791 59.637897 22.209102 66.791799 30.893578 0.000000 0.000000 62.732908 57.235068 140.159018 0.000000 158.982680 0.000000 0.000000 0.000000 138.270461 0.000000 0.000000 0.000000 0.000000 0.000000 0.000000 145.626665 0.000000 111.862080 149.311490 0.000000 0.000000 0.000000 120.758236 67.559495 119.861667 118.192833 0.000000 153.752821 149.285206 124.004237 134.947350 120.700197 0.000000 0.000000 0.000000 0.000000
0.000000 26.569704 0.000000 0.000000 95.194274 0.000000 85.347010 0.000000 38.294197 121.200592 89.681268 0.000000 87.615517 100.586702 78.726698 34.496207 78.569422 0.000000 109.026585 0.000000 53.671738 0.000000 47.760839 38.267268 65.745424 76.803794 65.668485 52.889536 66.594704 56.252512 87.383469 0.000000 0.000000 99.595684 0.000000 0.000000 0.000000 0.000000 0.000000 0.000000 0.000000 0.000000 0.000000 0.000000 0.000000 0.000000 0.000000 0.000000 0.000000 48.451346 0.000000 0.000000 0.000000 0.000000 63.969215 0.000000 65.163846 62.261011 0.000000 0.000000 0.000000 70.694019 81.025200 83.657154 0.000000 0.000000 0.000000 0.000000
78.992372 121.522367 33.320027 101.658299 0.000000 103.085920 76.158734 98.388742 94.242230 90.642967 103.059770 0.000000 124.665616 92.561468 0.000000 15.921648 28.953433 104.021964 89.869588 0.000000 33.793625 47.760839 0.000000 68.961340 0.000000 72.498942 44.886887 64.598982 79.161629 53.478856 121.437039 135.174656 85.175678 33.462258 0.000000 0.000000 98.392103 0.000000 0.000000 0.000000 0.000000 0.000000 0.000000 0.000000 0.000000 0.000000 0.000000 0.000000 0.000000 100.711882 119.357587 0.000000 0.000000 0.000000 122.184951 59.745271 108.133293 155.136303 0.000000 156.406670 96.946333 139.268639 0.000000 144.987919 0.000000 0.000000 0.000000 0.000000
136.577818 78.627827 91.565145 27.242328 75.930732 68.037911 60.213271 92.079184 33.413419 65.550550 142.500041 68.875429 133.664898 111.275420 49.534633 24.966206 128.300968 155.852082 154.670141 60.539545 19.089273 38.267268 68.961340 0.000000 113.990367 118.428058 95.968679 19.677111 94.836974 74.603395 137.613627 109.297018 81.401595 99.792846 119.420835 0.000000 148.001639 117.306601 0.000000 126.412188 114.689512 136.333656 55.887822 130.949366 185.249419 115.891704 181.125381 135.593735 0.000000 122.395029 0.000000 201.296384 199.748754 0.000000 115.417643 56.357282 165.796912 104.478291 0.000000 180.541360 164.584410 112.824775 132.365589 116.136688 0.000000 168.252386 0.000000 123.160449
0.000000 24.455088 0.000000 0.000000 145.704246 0.000000 0.000000 101.143950 102.276464 0.000000 31.388797 0.000000 25.013683 94.853041 138.452321 0.000000 74.459404 41.392410 48.104232 0.000000 0.000000 65.745424 0.000000 113.990367 0.000000 37.334382 30.168864 164.858483 89.721910 0.000000 36.349622 78.269067 0.000000 47.988929 0.000000 0.000000 0.000000 0.000000 0.000000 0.000000 0.000000 0.000000 0.000000 0.000000 65.442984 0.000000 56.753819 0.000000 0.000000 0.000000 0.000000 62.419703 69.921026 0.000000 0.000000 0.000000 0.000000 178.028524 12.564949 58.233847 59.995728 0.000000 0.000000 0.000000 70.964916 0.000000 0.000000 65.045306
108.512916 42.536232 32.324532 140.498355 158.244823 137.727988 121.654016 127.590373 127.944097 137.564360 36.903896 166.507444 32.714432 118.872211 154.740188 108.159599 39.571882 24.315318 27.375265 157.665515 99.161791 76.803794 72.498942 118.428058 37.334382 0.000000 38.584619 134.398387 114.052915 94.819389 28.755419 101.506245 116.000248 60.255285 174.707893 68.299146 102.925039 0.000000 0.000000 0.000000 207.856189 192.795953 0.000000 202.521117 88.837199 217.524774 86.388031 174.260235 0.000000 164.805435 106.007693 98.033898 103.955808 0.000000 180.939726 153.063640 160.737724 201.537766 62.743884 95.756998 96.550759 201.471202 191.037179 166.934157 100.323519 0.000000 0.000000 103.984786
124.741628 43.656730 34.770870 132.858328 168.519387 146.364428 117.516210 122.654036 122.785639 152.610543 54.710025 169.466804 34.730796 109.010891 156.976560 29.940785 66.965007 60.400185 66.694504 168.074083 59.637897 65.668485 44.886887 95.968679 30.168864 38.584619 0.000000 86.326164 103.678871 136.301367 36.436884 100.960535 98.373496 63.335029 221.424223 60.571455 87.245542 0.000000 0.000000 192.186487 204.825129 201.863911 0.000000 191.380556 94.862143 190.058901 91.844890 190.954771 0.000000 94.088488 99.274340 101.327404 105.122960 0.000000 160.391738 49.040671 101.870297 204.531220 52.844458 96.299519 90.311869 206.342952 203.993284 193.153142 104.324056 0.000000 0.000000 96.993772
87.387341 156.609416 96.240329 24.492770 106.079774 66.765271 44.901242 96.541040 55.783980 43.993443 154.619607 45.122616 151.205326 102.010036 73.507792 28.989726 103.804721 153.840149 132.558979 38.018269 22.209102 52.889536 64.598982 19.677111 164.858483 134.398387 86.326164 0.000000 97.794943 48.249222 165.353526 125.959452 85.548291 84.863149 128.598305 0.000000 165.992945 144.397374 0.000000 147.938325 126.989035 144.308858 76.159074 145.078648 190.376269 128.350770 0.000000 144.416982 0.000000 113.698402 155.387158 210.339915 205.188317 147.896696 120.163008 58.834788 153.253968 114.743965 0.000000 206.402482 171.631074 127.858039 138.205230 123.306176 0.000000 172.880405 0.000000 131.745629
28.843508 94.732797 102.016322 101.568994 126.679965 81.856439 64.214481 45.808855 75.742865 100.706023 89.372877 110.633302 72.821662 30.994848 115.610807 105.894286 91.834083 114.913333 113.961061 109.466113 66.791799 66.594704 79.161629 94.836974 89.721910 114.052915 103.678871 97.794943 0.000000 43.070386 108.241366 8.620275 20.481597 31.312565 157.651609 0.000000 146.020326 0.000000 0.000000 0.000000 147.902043 173.730960 98.535062 176.477176 0.000000 170.724281 0.000000 167.199507 0.000000 140.583106 0.000000 0.000000 0.000000 0.000000 133.444451 74.559202 0.000000 137.407018 0.000000 162.653543 163.997721 142.227509 164.485755 140.577003 0.000000 0.000000 0.000000 151.181221
41.436980 0.000000 77.202322 0.000000 0.000000 88.942245 30.251376 70.128890 55.790648 64.953508 88.514639 0.000000 0.000000 61.480555 0.000000 76.261900 65.278667 101.317166 90.505258 0.000000 30.893578 56.252512 53.478856 74.603395 0.000000 94.819389 136.301367 48.249222 43.070386 0.000000 0.000000 0.000000 42.508417 51.389434 135.471508 0.000000 0.000000 0.000000 0.000000 0.000000 120.477019 153.078787 69.709063 0.000000 0.000000 0.000000 0.000000 142.616175 0.000000 113.536427 0.000000 0.000000 0.000000 0.000000 122.293482 65.837425 127.116998 117.344337 0.000000 200.539978 178.047410 124.068251 137.181303 123.265885 0.000000 0.000000 0.000000 130.289386
0.000000 54.608747 86.983933 0.000000 184.792978 0.000000 162.759209 125.216627 135.520032 172.378436 44.422192 0.000000 20.858275 107.910490 164.367959 0.000000 94.437177 50.618417 58.798273 0.000000 0.000000 87.383469 121.437039 137.613627 36.349622 28.755419 36.436884 165.353526 108.241366 0.000000 0.000000 96.608392 0.000000 63.793052 0.000000 103.803919 0.000000 0.000000 0.000000 0.000000 0.000000 0.000000 0.000000 0.000000 87.505512 0.000000 82.803936 0.000000 0.000000 0.000000 0.000000 96.834521 109.596788 0.000000 0.000000 0.000000 0.000000 0.000000 53.179463 94.611370 102.297789 0.000000 0.000000 0.000000 99.213886 0.000000 0.000000 0.000000
0.000000 110.373889 0.000000 120.759062 18.503776 25.281713 117.760560 35.814955 108.514875 120.294509 64.287673 108.785143 56.356459 20.674226 51.588996 0.000000 105.263340 84.589905 88.039680 114.469174 0.000000 0.000000 135.174656 109.297018 78.269067 101.506245 100.960535 125.959452 8.620275 0.000000 96.608392 0.000000 0.000000 17.142190 0.000000 0.000000 0.000000 0.000000 0.000000 0.000000 187.162506 194.086169 0.000000 0.000000 0.000000 0.000000 0.000000 197.276262 0.000000 0.000000 0.000000 0.000000 0.000000 0.000000 0.000000 0.000000 0.000000 167.141235 0.000000 0.000000 141.304469 171.599586 194.899175 172.977547 0.000000 0.000000 0.000000 0.000000
28.465958 0.000000 0.000000 91.867842 0.000000 0.000000 74.669165 0.000000 67.809279 91.845206 103.437688 0.000000 0.000000 48.650356 0.000000 0.000000 94.293430 120.735939 110.694837 0.000000 62.732908 0.000000 85.175678 81.401595 0.000000 116.000248 98.373496 85.548291 20.481597 42.508417 0.000000 0.000000 0.000000 24.840991 0.000000 0.000000 0.000000 0.000000 0.000000 0.000000 125.623262 0.000000 0.000000 0.000000 0.000000 0.000000 0.000000 160.414808 0.000000 0.000000 0.000000 0.000000 0.000000 0.000000 123.631538 0.000000 0.000000 123.676877 0.000000 0.000000 0.000000 134.148282 152.696256 131.358499 0.000000 0.000000 0.000000 0.000000
41.315233 55.406113 75.697190 91.281883 18.226129 72.099593 81.426636 42.902356 79.694546 89.105570 30.863063 96.741466 26.901386 37.438665 59.147703 78.026623 26.074359 55.015293 48.051014 97.779555 57.235068 99.595684 33.462258 99.792846 47.988929 60.255285 63.335029 84.863149 31.312565 51.389434 63.793052 17.142190 24.840991 0.000000 150.782773 0.000000 97.267893 0.000000 0.000000 0.000000 134.764696 170.727776 0.000000 0.000000 101.581837 0.000000 98.362338 158.608771 0.000000 103.510399 110.058691 139.430166 126.051705 0.000000 149.455799 0.000000 107.998685 130.197786 0.000000 104.423616 104.486831 134.445070 153.685735 139.572782 0.000000 0.000000 0.000000 105.619705
0.000000 0.000000 0.000000 0.000000 0.000000 0.000000 134.544886 161.267527 76.036504 160.862796 0.000000 0.000000 0.000000 160.787546 0.000000 0.000000 0.000000 0.000000 0.000000 0.000000 140.159018 0.000000 0.000000 119.420835 0.000000 174.707893 221.424223 128.598305 157.651609 135.471508 0.000000 0.000000 0.000000 150.782773 0.000000 0.000000 97.302263 97.931681 0.000000 86.358993 47.948677 66.738851 68.964654 82.194890 108.226650 111.019854 0.000000 27.878649 0.000000 0.000000 103.633257 120.314550 112.613366 97.719905 67.004062 0.000000 98.544780 93.480517 0.000000 113.941665 134.975298 91.251225 28.257601 38.721458 0.000000 82.687996 45.771064 54.972782
0.000000 0.000000 56.989556 0.000000 0.000000 0.000000 0.000000 0.000000 0.000000 0.000000 96.331729 0.000000 98.457218 116.915169 0.000000 0.000000 74.636193 101.656750 67.928169 0.000000 0.000000 0.000000 0.000000 0.000000 0.000000 68.299146 60.571455 0.000000 0.000000 0.000000 103.803919 0.000000 0.000000 0.000000 0.000000 0.000000 40.683306 0.000000 121.205589 136.694213 137.524567 0.000000 77.667187 148.315345 54.227164 134.093457 40.802430 108.333021 100.299738 0.000000 51.343261 70.662477 53.385271 0.000000 122.429655 28.453971 117.513939 80.270448 33.085159 46.091658 36.986047 117.749042 0.000000 109.327801 56.763833 139.729664 0.000000 47.358765
0.000000 58.585198 90.805983 0.000000 0.000000 0.000000 181.072774 0.000000 0.000000 196.560672 0.000000 0.000000 0.000000 143.142105 0.000000 101.166768 101.325673 0.000000 107.857991 0.000000 158.982680 0.000000 98.392103 148.001639 0.000000 102.925039 87.245542 165.992945 146.020326 0.000000 0.000000 0.000000 0.000000 97.267893 97.302263 40.683306 0.000000 0.000000 0.000000 126.916613 92.134263 116.914986 0.000000 112.207791 185.645824 0.000000 0.000000 108.877274 0.000000 0.000000 42.820556 75.965314 53.304084 0.000000 67.812336 89.716307 36.894254 137.182520 0.000000 25.832030 35.504659 87.989636 132.023731 72.682265 0.000000 0.000000 0.000000 64.678810
0.000000 0.000000 0.000000 100.362952 0.000000 135.589303 135.460490 164.132697 77.674497 148.642038 0.000000 126.638646 0.000000 0.000000 0.000000 0.000000 0.000000 0.000000 0.000000 103.446559 0.000000 0.000000 0.000000 117.306601 0.000000 0.000000 0.000000 144.397374 0.000000 0.000000 0.000000 0.000000 0.000000 0.000000 97.931681 0.000000 0.000000 0.000000 0.000000 60.894851 80.269714 96.258940 58.858969 25.127184 143.946735 35.009468 0.000000 105.305570 0.000000 0.000000 0.000000 0.000000 0.000000 21.277979 0.000000 0.000000 0.000000 26.739540 0.000000 153.505491 147.898708 25.546809 106.184015 0.000000 0.000000 124.757640 0.000000 102.368359
0.000000 0.000000 0.000000 0.000000 0.000000 0.000000 0.000000 0.000000 0.000000 0.000000 0.000000 0.000000 0.000000 0.000000 0.000000 0.000000 0.000000 0.000000 0.000000 0.000000 0.000000 0.000000 0.000000 0.000000 0.000000 0.000000 0.000000 0.000000 0.000000 0.000000 0.000000 0.000000 0.000000 0.000000 0.000000 121.205589 0.000000 0.000000 0.000000 17.278279 0.000000 28.990843 52.920065 0.000000 37.796694 0.000000 120.108186 0.000000 16.587247 0.000000 0.000000 0.000000 0.000000 0.000000 0.000000 99.166141 0.000000 0.000000 159.721570 162.850485 169.020488 0.000000 0.000000 0.000000 0.000000 15.847850 0.000000 16.513628
0.000000 0.000000 0.000000 129.153716 0.000000 129.502245 144.016138 0.000000 0.000000 148.146951 137.325232 146.047037 0.000000 0.000000 0.000000 0.000000 0.000000 0.000000 0.000000 145.679176 0.000000 0.000000 0.000000 126.412188 0.000000 0.000000 192.186487 147.938325 0.000000 0.000000 0.000000 0.000000 0.000000 0.000000 86.358993 136.694213 126.916613 60.894851 17.278279 0.000000 60.554919 26.876905 67.260582 37.396591 72.733092 30.634001 115.624134 65.952881 32.951946 0.000000 143.521909 132.949868 152.305274 44.166154 0.000000 117.706364 108.827405 68.628042 150.258733 148.721451 156.582770 59.186149 86.126571 97.008668 147.422997 29.236745 0.000000 50.116934
0.000000 0.000000 0.000000 129.747619 0.000000 132.161549 124.652368 145.724732 77.468468 139.134375 0.000000 138.500286 0.000000 153.268178 0.000000 0.000000 0.000000 0.000000 0.000000 138.605189 138.270461 0.000000 0.000000 114.689512 0.000000 207.856189 204.825129 126.989035 147.902043 120.477019 0.000000 187.162506 125.623262 134.764696 47.948677 137.524567 92.134263 80.269714 0.000000 60.554919 0.000000 61.709465 54.038705 37.119882 120.929999 115.265916 0.000000 50.544994 65.744223 0.000000 90.261291 125.263294 106.856136 73.670642 64.920960 0.000000 79.845517 64.544012 0.000000 113.986277 104.588717 43.927113 83.237335 26.514341 0.000000 113.225367 0.000000 81.223961
0.000000 0.000000 0.000000 133.877760 0.000000 150.465496 138.203829 163.304241 86.936432 152.289905 147.225032 153.487558 149.728762 176.322765 0.000000 0.000000 0.000000 0.000000 0.000000 151.657279 0.000000 0.000000 0.000000 136.333656 0.000000 192.795953 201.863911 144.308858 173.730960 153.078787 0.000000 194.086169 0.000000 170.727776 66.738851 0.000000 116.914986 96.258940 28.990843 26.876905 61.709465 0.000000 71.448069 38.475794 71.980298 83.347380 85.148614 28.458982 40.563423 0.000000 136.598949 122.129866 136.094743 91.898694 0.000000 0.000000 105.843808 75.604954 71.652711 132.387162 131.386660 72.983388 49.110193 73.780382 117.658068 27.628006 0.000000 41.269610
0.000000 0.000000 0.000000 72.823345 0.000000 0.000000 69.747459 0.000000 0.000000 80.621294 0.000000 73.054592 0.000000 0.000000 0.000000 0.000000 0.000000 0.000000 0.000000 0.000000 0.000000 0.000000 0.000000 55.887822 0.000000 0.000000 0.000000 76.159074 98.535062 69.709063 0.000000 0.000000 0.000000 0.000000 68.964654 77.667187 0.000000 58.858969 52.920065 67.260582 54.038705 71.448069 0.000000 62.306432 125.462358 47.692127 130.388747 78.133881 33.727779 0.000000 0.000000 135.963556 142.055336 53.428666 0.000000 44.508449 0.000000 35.570752 120.349817 131.512150 125.983178 59.610181 76.185676 61.274345 0.000000 71.995367 0.000000 69.049991
0.000000 0.000000 193.495526 139.860475 0.000000 139.398816 137.816651 156.819254 85.206096 150.295841 0.000000 142.902673 0.000000 180.698973 0.000000 0.000000 200.029321 0.000000 0.000000 147.319275 0.000000 0.000000 0.000000 130.949366 0.000000 202.521117 191.380556 145.078648 176.477176 0.000000 0.000000 0.000000 0.000000 0.000000 82.194890 148.315345 112.207791 25.127184 0.000000 37.396591 37.119882 38.475794 62.306432 0.000000 131.867119 28.855407 150.963089 47.919055 59.197284 0.000000 132.980905 152.701110 148.807686 18.480729 138.102145 190.566310 96.355991 62.276152 151.393134 145.330377 130.676146 41.132664 94.805294 71.657037 165.350104 117.915045 0.000000 89.858648
0.000000 78.268564 0.000000 0.000000 0.000000 0.000000 0.000000 0.000000 0.000000 0.000000 72.859445 0.000000 74.351136 0.000000 0.000000 0.000000 0.000000 87.004105 95.350202 0.000000 0.000000 0.000000 0.000000 185.249419 65.442984 88.837199 94.862143 190.376269 0.000000 0.000000 87.505512 0.000000 0.000000 101.581837 108.226650 54.227164 185.645824 143.946735 37.796694 72.733092 120.929999 71.980298 125.462358 131.867119 0.000000 130.895096 25.793338 77.361840 0.000000 0.000000 62.497697 26.886179 32.051648 136.600561 80.900170 81.346096 62.470979 138.232865 33.940846 28.770458 58.820356 130.798978 78.465457 96.832235 34.115168 40.876068 0.000000 22.040920
0.000000 0.000000 0.000000 99.466949 0.000000 129.597822 134.404470 0.000000 78.309821 141.600096 0.000000 111.575138 0.000000 0.000000 0.000000 0.000000 0.000000 0.000000 0.000000 103.275406 0.000000 0.000000 0.000000 115.891704 0.000000 217.524774 190.058901 128.350770 170.724281 0.000000 0.000000 0.000000 0.000000 0.000000 111.019854 134.093457 0.000000 35.009468 0.000000 30.634001 115.265916 83.347380 47.692127 28.855407 130.895096 0.000000 148.337813 95.371873 57.886364 0.000000 0.000000 159.469798 154.551530 16.285001 0.000000 0.000000 0.000000 35.935481 0.000000 163.016980 166.576408 44.271999 107.334729 0.000000 161.800446 111.407176 0.000000 96.389373
0.000000 80.159279 0.000000 0.000000 0.000000 0.000000 0.000000 0.000000 0.000000 0.000000 68.600422 0.000000 72.033392 0.000000 0.000000 0.000000 130.765517 82.373579 100.292033 0.000000 0.000000 0.000000 0.000000 181.125381 56.753819 86.388031 91.844890 0.000000 0.000000 0.000000 82.803936 0.000000 0.000000 98.362338 0.000000 40.802430 0.000000 0.000000 120.108186 115.624134 0.000000 85.148614 130.388747 150.963089 25.793338 148.337813 0.000000 85.462739 154.655431 0.000000 0.000000 76.810050 0.000000 0.000000 0.000000 66.695516 0.000000 124.625451 22.276239 36.131192 37.764816 151.167274 68.780135 0.000000 27.839160 67.996568 0.000000 42.636312
147.678802 0.000000 0.000000 145.245633 0.000000 180.550596 139.993842 173.302823 92.973971 165.968419 123.615811 172.999427 153.304301 178.803737 0.000000 0.000000 0.000000 203.369389 200.212527 0.000000 145.626665 0.000000 0.000000 135.593735 0.000000 174.260235 190.954771 144.416982 167.199507 142.616175 0.000000 197.276262 160.414808 158.608771 27.878649 108.333021 108.877274 105.305570 0.000000 65.952881 50.544994 28.458982 78.133881 47.919055 77.361840 95.371873 85.462739 0.000000 0.000000 0.000000 123.040629 115.690414 124.478542 101.229298 94.268243 0.000000 98.768108 109.762341 88.345089 122.302143 120.130126 101.772295 42.795637 65.073081 109.860157 23.414404 0.000000 43.862229
0.000000 0.000000 0.000000 0.000000 0.000000 0.000000 0.000000 0.000000 0.000000 0.000000 0.000000 0.000000 0.000000 0.000000 0.000000 0.000000 0.000000 0.000000 0.000000 0.000000 0.000000 0.000000 0.000000 0.000000 0.000000 0.000000 0.000000 0.000000 0.000000 0.000000 0.000000 0.000000 0.000000 0.000000 0.000000 100.299738 0.000000 0.000000 16.587247 32.951946 65.744223 40.563423 33.727779 59.197284 0.000000 57.886364 154.655431 0.000000 0.000000 0.000000 0.000000 0.000000 0.000000 0.000000 0.000000 77.071528 0.000000 82.249350 145.359701 150.715287 148.304600 72.082149 0.000000 0.000000 0.000000 40.892577 0.000000 0.000000
0.000000 0.000000 143.520765 0.000000 0.000000 0.000000 138.651469 0.000000 0.000000 0.000000 142.861545 0.000000 0.000000 0.000000 0.000000 88.271693 123.420638 163.698610 147.360061 0.000000 111.862080 48.451346 100.711882 122.395029 0.000000 164.805435 94.088488 113.698402 140.583106 113.536427 0.000000 0.000000 0.000000 103.510399 0.000000 0.000000 0.000000 0.000000 0.000000 0.000000 0.000000 0.000000 0.000000 0.000000 0.000000 0.000000 0.000000 0.000000 0.000000 0.000000 0.000000 0.000000 0.000000 0.000000 20.929808 31.942777 18.851164 32.150481 0.000000 107.236444 35.269705 28.577556 82.824574 71.246769 0.000000 0.000000 0.000000 103.555568
0.000000 59.580810 103.457035 0.000000 0.000000 0.000000 0.000000 0.000000 0.000000 0.000000 0.000000 0.000000 0.000000 0.000000 0.000000 0.000000 113.381988 0.000000 115.901675 0.000000 149.311490 0.000000 119.357587 0.000000 0.000000 106.007693 99.274340 155.387158 0.000000 0.000000 0.000000 0.000000 0.000000 110.058691 103.633257 51.343261 42.820556 0.000000 0.000000 143.521909 90.261291 136.598949 0.000000 132.980905 62.497697 0.000000 0.000000 123.040629 0.000000 0.000000 0.000000 44.914848 20.082721 0.000000 56.564088 81.229654 26.227942 133.417289 0.000000 34.507960 66.788585 94.404098 105.046134 75.301340 0.000000 0.000000 0.000000 24.276399
0.000000 0.000000 145.349063 0.000000 0.000000 0.000000 0.000000 0.000000 0.000000 0.000000 90.034710 0.000000 93.796539 184.336393 0.000000 0.000000 139.541531 98.248608 109.493911 0.000000 0.000000 0.000000 0.000000 201.296384 62.419703 98.033898 101.327404 210.339915 0.000000 0.000000 96.834521 0.000000 0.000000 139.430166 120.314550 70.662477 75.965314 0.000000 0.000000 132.949868 125.263294 122.129866 135.963556 152.701110 26.886179 159.469798 76.810050 115.690414 0.000000 0.000000 44.914848 0.000000 19.026138 163.222827 98.887941 0.000000 82.113913 152.350353 39.996738 26.179830 57.051057 158.644072 118.186010 113.198662 50.292392 86.041290 0.000000 51.258967
0.000000 0.000000 111.116255 0.000000 0.000000 0.000000 0.000000 0.000000 0.000000 0.000000 99.461631 0.000000 103.066403 186.282107 0.000000 0.000000 119.254783 105.873293 110.562369 0.000000 0.000000 0.000000 0.000000 199.748754 69.921026 103.955808 105.122960 205.188317 0.000000 0.000000 109.596788 0.000000 0.000000 126.051705 112.613366 53.385271 53.304084 0.000000 0.000000 152.305274 106.856136 136.094743 142.055336 148.807686 32.051648 154.551530 0.000000 124.478542 0.000000 0.000000 20.082721 19.026138 0.000000 153.756891 87.035557 0.000000 69.643533 140.382901 51.889188 28.204704 64.502334 143.385131 114.469827 100.826953 62.510035 87.814987 0.000000 37.538205
0.000000 0.000000 0.000000 85.825564 0.000000 0.000000 137.892044 0.000000 0.000000 151.228871 0.000000 139.509540 0.000000 0.000000 0.000000 0.000000 0.000000 0.000000 0.000000 143.432470 0.000000 0.000000 0.000000 0.000000 0.000000 0.000000 0.000000 147.896696 0.000000 0.000000 0.000000 0.000000 0.000000 0.000000 97.719905 0.000000 0.000000 21.277979 0.000000 44.166154 73.670642 91.898694 53.428666 18.480729 136.600561 16.285001 0.000000 101.229298 0.000000 0.000000 0.000000 163.222827 153.756891 0.000000 0.000000 0.000000 0.000000 23.097481 0.000000 163.907089 166.885018 34.943622 109.591732 0.000000 0.000000 121.292332 0.000000 101.772881
0.000000 0.000000 161.829571 0.000000 0.000000 0.000000 138.829412 0.000000 0.000000 0.000000 148.627475 0.000000 0.000000 151.203000 0.000000 109.949346 157.293566 161.304749 169.537028 0.000000 120.758236 63.969215 122.184951 115.417643 0.000000 180.939726 160.391738 120.163008 133.444451 122.293482 0.000000 0.000000 123.631538 149.455799 67.004062 122.429655 67.812336 0.000000 0.000000 0.000000 64.920960 0.000000 0.000000 138.102145 80.900170 0.000000 0.000000 94.268243 0.000000 20.929808 56.564088 98.887941 87.035557 0.000000 0.000000 53.793548 27.673290 22.251494 0.000000 104.960697 68.869058 30.774630 76.680429 36.879407 0.000000 0.000000 0.000000 50.675351
0.000000 0.000000 97.703573 0.000000 0.000000 0.000000 0.000000 0.000000 0.000000 0.000000 0.000000 0.000000 0.000000 0.000000 0.000000 45.040199 82.634905 0.000000 0.000000 0.000000 67.559495 0.000000 59.745271 56.357282 0.000000 153.063640 49.040671 58.834788 74.559202 65.837425 0.000000 0.000000 0.000000 0.000000 0.000000 28.453971 89.716307 0.000000 99.166141 117.706364 0.000000 0.000000 44.508449 190.566310 81.346096 0.000000 66.695516 0.000000 77.071528 31.942777 81.229654 0.000000 0.000000 0.000000 53.793548 0.000000 48.994284 48.755731 54.903020 86.559740 44.091299 57.984899 0.000000 88.602590 89.019343 119.588429 0.000000 91.139856
0.000000 0.000000 99.648456 0.000000 0.000000 0.000000 174.947021 0.000000 0.000000 0.000000 149.111913 0.000000 0.000000 136.970248 0.000000 97.318844 120.525463 0.000000 164.362786 0.000000 119.861667 65.163846 108.133293 165.796912 0.000000 160.737724 101.870297 153.253968 0.000000 127.116998 0.000000 0.000000 0.000000 107.998685 98.544780 117.513939 36.894254 0.000000 0.000000 108.827405 79.845517 105.843808 0.000000 96.355991 62.470979 0.000000 0.000000 98.768108 0.000000 18.851164 26.227942 82.113913 69.643533 0.000000 27.673290 48.994284 0.000000 68.190553 0.000000 65.748714 35.698882 61.053837 84.163293 53.558836 0.000000 0.000000 0.000000 29.814967
113.854405 0.000000 179.001827 115.099049 0.000000 127.572726 110.936108 135.201067 60.840338 128.768974 191.797525 130.584387 188.976851 144.104252 0.000000 113.219432 170.033597 193.450713 203.458023 130.620986 118.192833 62.261011 155.136303 104.478291 178.028524 201.537766 204.531220 114.743965 137.407018 117.344337 0.000000 167.141235 123.676877 130.197786 93.480517 80.270448 137.182520 26.739540 0.000000 68.628042 64.544012 75.604954 35.570752 62.276152 138.232865 35.935481 124.625451 109.762341 82.249350 32.150481 133.417289 152.350353 140.382901 23.097481 22.251494 48.755731 68.190553 0.000000 112.342495 123.824132 98.034906 19.501374 93.172347 84.391771 141.079623 84.393273 0.000000 99.971693
0.000000 0.000000 0.000000 0.000000 0.000000 0.000000 0.000000 0.000000 0.000000 0.000000 48.605873 0.000000 45.084007 0.000000 0.000000 0.000000 0.000000 50.786152 65.574034 0.000000 0.000000 0.000000 0.000000 0.000000 12.564949 62.743884 52.844458 0.000000 0.000000 0.000000 53.179463 0.000000 0.000000 0.000000 0.000000 33.085159 0.000000 0.000000 159.721570 150.258733 0.000000 71.652711 120.349817 151.393134 33.940846 0.000000 22.276239 88.345089 145.359701 0.000000 0.000000 39.996738 51.889188 0.000000 0.000000 54.903020 0.000000 112.342495 0.000000 34.955450 32.675693 137.051209 74.403199 0.000000 41.269111 106.250066 0.000000 47.457259
