0.000000 0.000000 0.000880 0.000147 0.000000 0.000000 0.010667 0.001773 0.000307 0.000653 0.000467 0.000000 0.000067 0.124080 0.000000 0.000000 0.003880 0.000627 0.003360 0.000000 0.000973 0.000000 0.002227 0.000107 0.000000 0.003680 0.000533 0.001267 0.121813 0.014960 0.000000 0.000000 0.000400 0.002080 0.000000 0.000000 0.000000 0.000000 0.000000 0.000000 0.000000 0.000000 0.000000 0.000000 0.000000 0.000000 0.000000 0.000080 0.000000 0.000000 0.000000 0.000000 0.000000 0.000000 0.000000 0.000000 0.000000 0.000120 0.000000 0.000000 0.000000 0.000213 0.000000 0.000000 0.000000 0.000000 0.000000 0.000000
0.000000 0.000000 0.000360 0.000000 0.000333 0.000080 0.000173 0.000093 0.000280 0.000200 0.000800 0.000000 0.008627 0.000907 0.000493 0.000000 0.002800 0.000173 0.001680 0.000000 0.000000 0.002613 0.000160 0.003560 0.011533 0.009840 0.020187 0.000093 0.000213 0.000000 0.000880 0.000133 0.000000 0.000747 0.000000 0.000000 0.000080 0.000000 0.000000 0.000000 0.000000 0.000000 0.000000 0.000000 0.000107 0.000000 0.000213 0.000000 0.000000 0.000000 0.000387 0.000000 0.000000 0.000000 0.000000 0.000000 0.000000 0.000000 0.000000 0.000693 0.001893 0.000093 0.000000 0.000000 0.000000 0.000000 0.000000 0.000160
0.000880 0.000360 0.000000 0.000213 0.000000 0.003107 0.033200 0.013613 0.000000 0.007267 0.000160 0.000000 0.000067 0.014027 0.000000 0.000000 0.102653 0.000147 0.000760 0.000000 0.002293 0.000000 0.085773 0.000960 0.000000 0.156960 0.103280 0.010240 0.001893 0.000640 0.000320 0.000000 0.000000 0.000627 0.000000 0.000280 0.021187 0.000000 0.000000 0.000000 0.000000 0.000000 0.000000 0.000067 0.000000 0.000000 0.000000 0.000000 0.000000 0.000080 0.005480 0.000067 0.001253 0.000000 0.000267 0.000067 0.003373 0.000107 0.000000 0.003373 0.030840 0.000227 0.000000 0.000000 0.000000 0.000000 0.000000 0.000787
0.000147 0.000000 0.000213 0.000000 0.000107 0.001600 0.000387 0.001960 0.011453 0.045667 0.000080 0.046827 0.000000 0.001147 0.000507 0.000000 0.000000 0.000000 0.000000 0.046187 0.000000 0.000000 0.000093 0.015520 0.000000 0.000733 0.001253 0.116240 0.003053 0.000000 0.000000 0.000307 0.000120 0.000360 0.000000 0.000000 0.000000 0.001253 0.000000 0.000507 0.001467 0.000693 0.000733 0.003773 0.000000 0.001453 0.000000 0.000160 0.000000 0.000000 0.000000 0.000000 0.000000 0.000573 0.000000 0.000000 0.000000 0.000653 0.000000 0.000000 0.000000 0.006840 0.000067 0.000000 0.000000 0.000000 0.000000 0.000000
0.000000 0.000333 0.000000 0.000107 0.000000 0.002720 0.000120 0.001973 0.001160 0.000320 0.000320 0.001427 0.000520 0.000067 0.008240 0.000000 0.000000 0.000000 0.000000 0.000080 0.000000 0.002013 0.000000 0.003093 0.000147 0.000493 0.002347 0.000320 0.000067 0.000000 0.000133 0.002773 0.000000 0.007253 0.000000 0.000000 0.000000 0.000000 0.000000 0.000000 0.000000 0.000000 0.000000 0.000000 0.000000 0.000000 0.000000 0.000000 0.000000 0.000000 0.000000 0.000000 0.000000 0.000000 0.000000 0.000000 0.000000 0.000000 0.000000 0.000000 0.000000 0.000000 0.000000 0.000000 0.000000 0.000000 0.000000 0.000000
0.000000 0.000080 0.003107 0.001600 0.002720 0.000000 0.050760 0.092440 0.000653 0.373640 0.000413 0.026760 0.000293 0.004480 0.004480 0.000000 0.000360 0.000173 0.000293 0.003573 0.001413 0.000000 0.002413 0.001853 0.000000 0.003387 0.001067 0.011160 0.002653 0.000107 0.000000 0.021827 0.000000 0.000667 0.000000 0.000000 0.000000 0.000280 0.000000 0.000133 0.000613 0.000307 0.000000 0.000920 0.000000 0.000427 0.000000 0.000160 0.000000 0.000000 0.000000 0.000000 0.000000 0.000000 0.000000 0.000000 0.000000 0.000707 0.000000 0.000000 0.000000 0.002680 0.000120 0.000000 0.000000 0.000000 0.000000 0.000000
0.010667 0.000173 0.033200 0.000387 0.000120 0.050760 0.000000 0.107747 0.004347 0.242773 0.000880 0.000427 0.000587 0.107200 0.000067 0.000067 0.007707 0.000507 0.003000 0.000320 0.033480 0.000173 0.085800 0.006373 0.000000 0.015507 0.010067 0.188640 0.053413 0.188453 0.000240 0.001280 0.001000 0.006787 0.000133 0.000000 0.000080 0.000560 0.000000 0.000613 0.003187 0.002733 0.000387 0.004293 0.000000 0.000800 0.000000 0.001027 0.000000 0.000080 0.000000 0.000000 0.000000 0.000413 0.000213 0.000000 0.000213 0.005027 0.000000 0.000160 0.000347 0.013280 0.000667 0.000333 0.000000 0.000080 0.000000 0.000240
0.001773 0.000093 0.013613 0.001960 0.001973 0.092440 0.107747 0.000000 0.002213 0.191720 0.004707 0.023227 0.003133 0.194320 0.001520 0.000000 0.004787 0.001947 0.004920 0.004200 0.003787 0.000000 0.016960 0.002893 0.000160 0.016107 0.002293 0.008333 0.017987 0.010813 0.000507 0.042933 0.000000 0.003307 0.000107 0.000000 0.000000 0.000067 0.000000 0.000000 0.000720 0.001093 0.000000 0.000320 0.000000 0.000000 0.000000 0.000787 0.000000 0.000000 0.000000 0.000000 0.000000 0.000000 0.000000 0.000000 0.000000 0.002880 0.000000 0.000000 0.000187 0.002920 0.000733 0.000213 0.000000 0.000000 0.000000 0.000200
0.000307 0.000280 0.000000 0.011453 0.001160 0.000653 0.004347 0.002213 0.000000 0.013080 0.000147 0.004267 0.000480 0.002947 0.001800 0.000000 0.000000 0.000067 0.000080 0.002280 0.000000 0.003307 0.000067 0.043160 0.000360 0.000467 0.002907 0.028627 0.009867 0.007747 0.000120 0.000200 0.000787 0.000573 0.000160 0.000000 0.000000 0.000253 0.000000 0.000000 0.000133 0.000160 0.000000 0.000440 0.000000 0.000227 0.000000 0.000227 0.000000 0.000000 0.000000 0.000000 0.000000 0.000000 0.000000 0.000000 0.000000 0.000467 0.000000 0.000000 0.000000 0.001067 0.000453 0.000120 0.000000 0.000000 0.000000 0.000000
0.000653 0.000200 0.007267 0.045667 0.000320 0.373640 0.242773 0.191720 0.013080 0.000000 0.001067 0.060747 0.000640 0.027760 0.000400 0.000000 0.000413 0.000373 0.000760 0.135707 0.003560 0.000067 0.010307 0.008920 0.000000 0.005813 0.004933 0.218800 0.022733 0.001093 0.000147 0.001893 0.000213 0.005773 0.000080 0.000000 0.000067 0.002747 0.000000 0.001493 0.006013 0.003867 0.001173 0.012253 0.000000 0.002893 0.000000 0.000680 0.000000 0.000000 0.000000 0.000000 0.000000 0.001040 0.000000 0.000000 0.000000 0.004680 0.000000 0.000093 0.000133 0.021747 0.000240 0.000000 0.000000 0.000000 0.000000 0.000093
0.000467 0.000800 0.000160 0.000080 0.000320 0.000413 0.000880 0.004707 0.000147 0.001067 0.000000 0.000480 0.027520 0.013907 0.000107 0.001213 0.006587 0.100320 0.043040 0.000080 0.003680 0.000133 0.002547 0.000547 0.006400 0.032907 0.016320 0.000707 0.013640 0.000987 0.016067 0.006960 0.000440 0.030520 0.000000 0.000147 0.000000 0.000000 0.000000 0.000080 0.000000 0.000187 0.000000 0.000000 0.002773 0.000000 0.008027 0.000267 0.000000 0.000133 0.000000 0.002053 0.000267 0.000000 0.000200 0.000000 0.000080 0.000307 0.000333 0.007213 0.004293 0.000187 0.000147 0.000093 0.001773 0.000307 0.000000 0.000467
0.000000 0.000000 0.000000 0.046827 0.001427 0.026760 0.000427 0.023227 0.004267 0.060747 0.000480 0.000000 0.000360 0.005947 0.002373 0.000000 0.000000 0.000213 0.000200 0.010040 0.000000 0.000000 0.000000 0.001827 0.000000 0.000240 0.000360 0.054080 0.003187 0.000000 0.000000 0.002107 0.000000 0.000307 0.000000 0.000000 0.000000 0.001413 0.000000 0.000347 0.001800 0.000587 0.000280 0.003493 0.000000 0.001507 0.000000 0.000093 0.000000 0.000000 0.000000 0.000000 0.000000 0.000293 0.000000 0.000000 0.000000 0.000640 0.000000 0.000000 0.000067 0.006747 0.000093 0.000000 0.000000 0.000000 0.000000 0.000000
0.000067 0.008627 0.000067 0.000000 0.000520 0.000293 0.000587 0.003133 0.000480 0.000640 0.027520 0.000360 0.000000 0.004640 0.000373 0.000000 0.000107 0.002853 0.000493 0.000000 0.000000 0.001427 0.000067 0.002827 0.052547 0.006493 0.066093 0.000373 0.003027 0.000000 0.012533 0.003693 0.000000 0.015400 0.000000 0.000160 0.000000 0.000000 0.000000 0.000000 0.000000 0.000187 0.000000 0.000000 0.002360 0.000000 0.005813 0.000227 0.000000 0.000000 0.000000 0.001813 0.000227 0.000000 0.000000 0.000000 0.000000 0.000147 0.000333 0.006040 0.002827 0.000160 0.000067 0.000000 0.001773 0.000253 0.000000 0.000400
0.124080 0.000907 0.014027 0.001147 0.000067 0.004480 0.107200 0.194320 0.002947 0.027760 0.013907 0.005947 0.004640 0.000000 0.000147 0.000160 0.015707 0.005573 0.016560 0.001120 0.003547 0.000240 0.018267 0.002520 0.000640 0.023400 0.011960 0.008787 0.201013 0.042480 0.001107 0.020640 0.000120 0.017227 0.000173 0.000067 0.000160 0.000000 0.000000 0.000000 0.000573 0.000787 0.000000 0.000107 0.000000 0.000000 0.000000 0.000907 0.000000 0.000000 0.000000 0.000093 0.000093 0.000000 0.000173 0.000000 0.000067 0.002973 0.000000 0.000347 0.000640 0.003467 0.000813 0.000333 0.000000 0.000000 0.000000 0.000333
0.000000 0.000493 0.000000 0.000507 0.008240 0.004480 0.000067 0.001520 0.001800 0.000400 0.000107 0.002373 0.000373 0.000147 0.000000 0.000000 0.000000 0.000000 0.000000 0.000173 0.000000 0.003133 0.000000 0.007093 0.000307 0.000707 0.002653 0.001107 0.000213 0.000000 0.000093 0.000880 0.000000 0.000293 0.000000 0.000000 0.000000 0.000000 0.000000 0.000000 0.000000 0.000000 0.000000 0.000000 0.000000 0.000000 0.000000 0.000000 0.000000 0.000000 0.000000 0.000000 0.000000 0.000000 0.000000 0.000000 0.000000 0.000000 0.000000 0.000000 0.000000 0.000000 0.000000 0.000000 0.000000 0.000000 0.000000 0.000000
0.000000 0.000000 0.000000 0.000000 0.000000 0.000000 0.000067 0.000000 0.000000 0.000000 0.001213 0.000000 0.000000 0.000160 0.000000 0.000000 0.000733 0.000827 0.000773 0.000000 0.096360 0.036787 0.074733 0.016093 0.000000 0.000333 0.012933 0.010120 0.000067 0.000640 0.000000 0.000000 0.000000 0.001573 0.000000 0.000000 0.000107 0.000000 0.000000 0.000000 0.000000 0.000000 0.000000 0.000000 0.000000 0.000000 0.000000 0.000000 0.000000 0.014880 0.000000 0.000000 0.000000 0.000000 0.003307 0.000547 0.008733 0.000173 0.000000 0.000000 0.003133 0.000453 0.000000 0.000200 0.000000 0.000000 0.000000 0.000000
0.003880 0.002800 0.102653 0.000000 0.000000 0.000360 0.007707 0.004787 0.000000 0.000413 0.006587 0.000000 0.000107 0.015707 0.000000 0.000733 0.000000 0.013800 0.128467 0.000000 0.038653 0.000160 0.061587 0.000933 0.000067 0.041427 0.149440 0.003533 0.023187 0.031227 0.000200 0.000080 0.000333 0.025587 0.000000 0.000480 0.008987 0.000000 0.000000 0.000000 0.000000 0.000000 0.000000 0.000067 0.000000 0.000000 0.000067 0.000000 0.000000 0.000667 0.001747 0.000093 0.001013 0.000000 0.000453 0.000080 0.001707 0.000147 0.000000 0.004240 0.011480 0.000227 0.000000 0.000080 0.000000 0.000000 0.000000 0.000387
0.000627 0.000173 0.000147 0.000000 0.000000 0.000173 0.000507 0.001947 0.000067 0.000373 0.100320 0.000213 0.002853 0.005573 0.000000 0.000827 0.013800 0.000000 0.120907 0.000000 0.002013 0.000000 0.002133 0.000213 0.002613 0.080267 0.010453 0.000293 0.007293 0.001387 0.003813 0.000907 0.000120 0.009160 0.000000 0.000133 0.000000 0.000000 0.000000 0.000000 0.000000 0.000000 0.000000 0.000000 0.002133 0.000000 0.003040 0.000133 0.000000 0.000107 0.000000 0.004173 0.001000 0.000000 0.000093 0.000000 0.000000 0.000133 0.000293 0.012907 0.006467 0.000147 0.000000 0.000000 0.002240 0.000000 0.000000 0.000133
0.003360 0.001680 0.000760 0.000000 0.000000 0.000293 0.003000 0.004920 0.000080 0.000760 0.043040 0.000200 0.000493 0.016560 0.000000 0.000773 0.128467 0.120907 0.000000 0.000000 0.004560 0.000067 0.005280 0.000173 0.001040 0.124507 0.014227 0.000587 0.025480 0.007747 0.001307 0.001200 0.000560 0.036987 0.000000 0.000360 0.000960 0.000000 0.000000 0.000000 0.000000 0.000000 0.000000 0.000000 0.000693 0.000000 0.000680 0.000080 0.000000 0.000213 0.000280 0.001973 0.002107 0.000000 0.000173 0.000000 0.000267 0.000120 0.000120 0.011573 0.010587 0.000213 0.000000 0.000107 0.000493 0.000000 0.000000 0.000267
0.000000 0.000000 0.000000 0.046187 0.000080 0.003573 0.000320 0.004200 0.002280 0.135707 0.000080 0.010040 0.000000 0.001120 0.000173 0.000000 0.000000 0.000000 0.000000 0.000000 0.000000 0.000000 0.000000 0.000987 0.000000 0.000067 0.000160 0.046640 0.001347 0.000000 0.000000 0.000200 0.000000 0.000267 0.000000 0.000000 0.000000 0.000867 0.000000 0.000147 0.000827 0.000267 0.000000 0.001653 0.000000 0.000653 0.000000 0.000000 0.000000 0.000000 0.000000 0.000000 0.000000 0.000080 0.000000 0.000000 0.000000 0.000493 0.000000 0.000000 0.000000 0.002987 0.000000 0.000000 0.000000 0.000000 0.000000 0.000000
0.000973 0.000000 0.002293 0.000000 0.000000 0.001413 0.033480 0.003787 0.000000 0.003560 0.003680 0.000000 0.000000 0.003547 0.000000 0.096360 0.038653 0.002013 0.004560 0.000000 0.000000 0.010267 0.251347 0.037227 0.000000 0.001933 0.016773 0.121227 0.016720 0.191453 0.000000 0.000000 0.000840 0.029413 0.000160 0.000000 0.000107 0.000000 0.000000 0.000000 0.000160 0.000000 0.000000 0.000000 0.000000 0.000000 0.000000 0.000387 0.000000 0.016853 0.000227 0.000000 0.000000 0.000000 0.025640 0.000560 0.009587 0.003627 0.000000 0.000133 0.000213 0.006627 0.000747 0.005613 0.000000 0.000000 0.000000 0.000000
0.000000 0.002613 0.000000 0.000000 0.002013 0.000000 0.000173 0.000000 0.003307 0.000067 0.000133 0.000000 0.001427 0.000240 0.003133 0.036787 0.000160 0.000000 0.000067 0.000000 0.010267 0.000000 0.004960 0.018453 0.000707 0.000947 0.009827 0.002533 0.000773 0.009040 0.000347 0.000000 0.000000 0.000213 0.000000 0.000000 0.000000 0.000000 0.000000 0.000000 0.000000 0.000000 0.000000 0.000000 0.000000 0.000000 0.000000 0.000000 0.000000 0.000667 0.000000 0.000000 0.000000 0.000000 0.000600 0.000000 0.000160 0.000787 0.000000 0.000000 0.000000 0.000667 0.000093 0.000107 0.000000 0.000000 0.000000 0.000000
0.002227 0.000160 0.085773 0.000093 0.000000 0.002413 0.085800 0.016960 0.000067 0.010307 0.002547 0.000000 0.000067 0.018267 0.000000 0.074733 0.061587 0.002133 0.005280 0.000000 0.251347 0.004960 0.000000 0.004933 0.000000 0.063053 0.104680 0.062907 0.008200 0.045400 0.000267 0.000080 0.000160 0.053880 0.000000 0.000000 0.006173 0.000000 0.000000 0.000000 0.000000 0.000000 0.000000 0.000000 0.000000 0.000000 0.000000 0.000000 0.000000 0.030520 0.000360 0.000000 0.000000 0.000000 0.003093 0.000813 0.050253 0.000213 0.000000 0.000293 0.028160 0.000493 0.000000 0.000200 0.000000 0.000000 0.000000 0.000000
0.000107 0.003560 0.000960 0.015520 0.003093 0.001853 0.006373 0.002893 0.043160 0.008920 0.000547 0.001827 0.002827 0.002520 0.007093 0.016093 0.000933 0.000213 0.000173 0.000987 0.037227 0.018453 0.004933 0.000000 0.001627 0.010973 0.080560 0.170067 0.008533 0.004227 0.001027 0.000547 0.000867 0.003133 0.001360 0.000000 0.000240 0.000133 0.000000 0.000253 0.002120 0.003533 0.000440 0.000680 0.000213 0.000147 0.000080 0.004773 0.000000 0.000147 0.000000 0.000067 0.000120 0.000000 0.001480 0.000267 0.000133 0.012307 0.000000 0.000533 0.000613 0.013267 0.004427 0.003467 0.000000 0.000067 0.000000 0.000947
0.000000 0.011533 0.000000 0.000000 0.000147 0.000000 0.000000 0.000160 0.000360 0.000000 0.006400 0.000000 0.052547 0.000640 0.000307 0.000000 0.000067 0.002613 0.001040 0.000000 0.000000 0.000707 0.000000 0.001627 0.000000 0.011653 0.051973 0.000093 0.000387 0.000000 0.005507 0.000120 0.000000 0.000827 0.000000 0.000000 0.000000 0.000000 0.000000 0.000000 0.000000 0.000000 0.000000 0.000000 0.000280 0.000000 0.000320 0.000000 0.000000 0.000000 0.000000 0.000893 0.000160 0.000000 0.000000 0.000000 0.000000 0.000080 0.000067 0.001800 0.001093 0.000000 0.000000 0.000000 0.000253 0.000000 0.000000 0.000107
0.003680 0.009840 0.156960 0.000733 0.000493 0.003387 0.015507 0.016107 0.000467 0.005813 0.032907 0.000240 0.006493 0.023400 0.000707 0.000333 0.041427 0.080267 0.124507 0.000067 0.001933 0.000947 0.063053 0.010973 0.011653 0.000000 0.198653 0.009613 0.021467 0.005480 0.010693 0.001013 0.000253 0.012333 0.000080 0.001133 0.002427 0.000000 0.000000 0.000000 0.000147 0.000093 0.000000 0.000213 0.002787 0.000067 0.004600 0.000253 0.000000 0.000253 0.001587 0.010533 0.008893 0.000000 0.000133 0.000067 0.000373 0.000267 0.000640 0.053627 0.047773 0.000453 0.000173 0.000120 0.003213 0.000000 0.000000 0.000973
0.000533 0.020187 0.103280 0.001253 0.002347 0.001067 0.010067 0.002293 0.002907 0.004933 0.016320 0.000360 0.066093 0.011960 0.002653 0.012933 0.149440 0.010453 0.014227 0.000160 0.016773 0.009827 0.104680 0.080560 0.051973 0.198653 0.000000 0.052533 0.005533 0.000240 0.013480 0.001760 0.000080 0.048267 0.000107 0.001093 0.017000 0.000000 0.000000 0.000067 0.000307 0.000093 0.000000 0.000280 0.002533 0.000080 0.002827 0.000427 0.000000 0.004347 0.005573 0.006427 0.006787 0.000000 0.000253 0.000693 0.008427 0.000693 0.000773 0.042867 0.068573 0.000947 0.000240 0.000173 0.002040 0.000000 0.000000 0.001653
0.001267 0.000093 0.010240 0.116240 0.000320 0.011160 0.188640 0.008333 0.028627 0.218800 0.000707 0.054080 0.000373 0.008787 0.001107 0.010120 0.003533 0.000293 0.000587 0.046640 0.121227 0.002533 0.062907 0.170067 0.000093 0.009613 0.052533 0.000000 0.040720 0.175400 0.000133 0.000813 0.003733 0.010827 0.001947 0.000000 0.000213 0.001787 0.000000 0.001173 0.007000 0.006440 0.001280 0.007787 0.000253 0.002667 0.000000 0.007347 0.000000 0.000267 0.000067 0.000133 0.000093 0.000947 0.002907 0.000147 0.000173 0.017493 0.000000 0.000360 0.000573 0.036267 0.006013 0.007813 0.000000 0.000133 0.000000 0.001080
0.121813 0.000213 0.001893 0.003053 0.000067 0.002653 0.053413 0.017987 0.009867 0.022733 0.013640 0.003187 0.003027 0.201013 0.000213 0.000067 0.023187 0.007293 0.025480 0.001347 0.016720 0.000773 0.008200 0.008533 0.000387 0.021467 0.005533 0.040720 0.000000 0.036640 0.000640 0.009253 0.043267 0.031600 0.000360 0.000000 0.000080 0.000000 0.000000 0.000000 0.001160 0.000800 0.000307 0.000147 0.000000 0.000080 0.000000 0.001773 0.000000 0.000093 0.000000 0.000000 0.000000 0.000000 0.001413 0.000160 0.000000 0.005667 0.000000 0.000360 0.000360 0.007973 0.001760 0.002320 0.000000 0.000000 0.000000 0.000493
0.014960 0.000000 0.000640 0.000000 0.000000 0.000107 0.188453 0.010813 0.007747 0.001093 0.000987 0.000000 0.000000 0.042480 0.000000 0.000640 0.031227 0.001387 0.007747 0.000000 0.191453 0.009040 0.045400 0.004227 0.000000 0.005480 0.000240 0.175400 0.036640 0.000000 0.000000 0.000000 0.000880 0.005040 0.000267 0.000000 0.000000 0.000000 0.000000 0.000000 0.000667 0.000227 0.000560 0.000000 0.000000 0.000000 0.000000 0.000760 0.000000 0.002560 0.000000 0.000000 0.000000 0.000000 0.010333 0.001040 0.000480 0.010040 0.000000 0.000067 0.000147 0.014627 0.001427 0.005240 0.000000 0.000000 0.000000 0.000387
0.000000 0.000880 0.000320 0.000000 0.000133 0.000000 0.000240 0.000507 0.000120 0.000147 0.016067 0.000000 0.012533 0.001107 0.000093 0.000000 0.000200 0.003813 0.001307 0.000000 0.000000 0.000347 0.000267 0.001027 0.005507 0.010693 0.013480 0.000133 0.000640 0.000000 0.000000 0.000320 0.000000 0.001027 0.000000 0.000080 0.000000 0.000000 0.000000 0.000000 0.000000 0.000000 0.000000 0.000000 0.000840 0.000000 0.001880 0.000000 0.000000 0.000000 0.000000 0.001387 0.000240 0.000000 0.000000 0.000000 0.000000 0.000000 0.000173 0.003667 0.002227 0.000000 0.000000 0.000000 0.000760 0.000000 0.000000 0.000000
0.000000 0.000133 0.000000 0.000307 0.002773 0.021827 0.001280 0.042933 0.000200 0.001893 0.006960 0.002107 0.003693 0.020640 0.000880 0.000000 0.000080 0.000907 0.001200 0.000200 0.000000 0.000000 0.000080 0.000547 0.000120 0.001013 0.001760 0.000813 0.009253 0.000000 0.000320 0.000000 0.000000 0.025347 0.000000 0.000000 0.000000 0.000000 0.000000 0.000000 0.000067 0.000133 0.000000 0.000000 0.000000 0.000000 0.000000 0.000107 0.000000 0.000000 0.000000 0.000000 0.000000 0.000000 0.000000 0.000000 0.000000 0.000253 0.000000 0.000000 0.000080 0.000253 0.000080 0.000080 0.000000 0.000000 0.000000 0.000000
0.000400 0.000000 0.000000 0.000120 0.000000 0.000000 0.001000 0.000000 0.000787 0.000213 0.000440 0.000000 0.000000 0.000120 0.000000 0.000000 0.000333 0.000120 0.000560 0.000000 0.000840 0.000000 0.000160 0.000867 0.000000 0.000253 0.000080 0.003733 0.043267 0.000880 0.000000 0.000000 0.000000 0.001907 0.000000 0.000000 0.000000 0.000000 0.000000 0.000000 0.000067 0.000000 0.000000 0.000000 0.000000 0.000000 0.000000 0.000120 0.000000 0.000000 0.000000 0.000000 0.000000 0.000000 0.000067 0.000000 0.000000 0.000120 0.000000 0.000000 0.000000 0.000400 0.000080 0.000200 0.000000 0.000000 0.000000 0.000000
0.002080 0.000747 0.000627 0.000360 0.007253 0.000667 0.006787 0.003307 0.000573 0.005773 0.030520 0.000307 0.015400 0.017227 0.000293 0.001573 0.025587 0.009160 0.036987 0.000267 0.029413 0.000213 0.053880 0.003133 0.000827 0.012333 0.048267 0.010827 0.031600 0.005040 0.001027 0.025347 0.001907 0.000000 0.000133 0.000000 0.000813 0.000000 0.000000 0.000000 0.000360 0.000187 0.000000 0.000000 0.000067 0.000000 0.000067 0.000547 0.000000 0.000347 0.000187 0.000120 0.000200 0.000000 0.000147 0.000000 0.000720 0.000947 0.000000 0.000653 0.001733 0.001227 0.000560 0.000453 0.000000 0.000000 0.000000 0.000093
0.000000 0.000000 0.000000 0.000000 0.000000 0.000000 0.000133 0.000107 0.000160 0.000080 0.000000 0.000000 0.000000 0.000173 0.000000 0.000000 0.000000 0.000000 0.000000 0.000000 0.000160 0.000000 0.000000 0.001360 0.000000 0.000080 0.000107 0.001947 0.000360 0.000267 0.000000 0.000000 0.000000 0.000133 0.000000 0.000000 0.000360 0.000187 0.000000 0.000320 0.030320 0.003293 0.001960 0.005427 0.003253 0.000120 0.000000 0.106440 0.000000 0.000000 0.000600 0.003800 0.004853 0.000093 0.000320 0.000000 0.000093 0.000747 0.000000 0.003467 0.000480 0.009347 0.127120 0.014573 0.000000 0.000107 0.000093 0.002773
0.000000 0.000000 0.000280 0.000000 0.000000 0.000000 0.000000 0.000000 0.000000 0.000000 0.000147 0.000000 0.000160 0.000067 0.000000 0.000000 0.000480 0.000133 0.000360 0.000000 0.000000 0.000000 0.000000 0.000000 0.000000 0.001133 0.001093 0.000000 0.000000 0.000000 0.000080 0.000000 0.000000 0.000000 0.000000 0.000000 0.000853 0.000000 0.000400 0.000293 0.000213 0.000000 0.000653 0.000427 0.000800 0.000133 0.013773 0.000187 0.000373 0.000000 0.004453 0.000107 0.000573 0.000000 0.000360 0.000973 0.000160 0.003920 0.014093 0.007000 0.040293 0.000507 0.000000 0.000133 0.000520 0.000160 0.000000 0.001667
0.000000 0.000080 0.021187 0.000000 0.000000 0.000000 0.000080 0.000000 0.000000 0.000067 0.000000 0.000000 0.000000 0.000160 0.000000 0.000107 0.008987 0.000000 0.000960 0.000000 0.000107 0.000000 0.006173 0.000240 0.000000 0.002427 0.017000 0.000213 0.000080 0.000000 0.000000 0.000000 0.000000 0.000813 0.000360 0.000853 0.000000 0.000000 0.000000 0.001547 0.034293 0.010000 0.000000 0.003773 0.000093 0.000000 0.000000 0.013600 0.000000 0.000000 0.049173 0.000387 0.006307 0.000000 0.003947 0.000067 0.053120 0.000333 0.000000 0.099493 0.101133 0.005933 0.001000 0.005027 0.000000 0.000000 0.000000 0.000573
0.000000 0.000000 0.000000 0.001253 0.000000 0.000280 0.000560 0.000067 0.000253 0.002747 0.000000 0.001413 0.000000 0.000000 0.000000 0.000000 0.000000 0.000000 0.000000 0.000867 0.000000 0.000000 0.000000 0.000133 0.000000 0.000000 0.000000 0.001787 0.000000 0.000000 0.000000 0.000000 0.000000 0.000000 0.000187 0.000000 0.000000 0.000000 0.000000 0.002893 0.000093 0.001053 0.008733 0.109107 0.000173 0.089893 0.000000 0.000493 0.000000 0.000000 0.000000 0.000000 0.000000 0.070307 0.000000 0.000000 0.000000 0.016773 0.000000 0.000320 0.000400 0.170467 0.001613 0.000000 0.000000 0.000173 0.000000 0.000213
0.000000 0.000000 0.000000 0.000000 0.000000 0.000000 0.000000 0.000000 0.000000 0.000000 0.000000 0.000000 0.000000 0.000000 0.000000 0.000000 0.000000 0.000000 0.000000 0.000000 0.000000 0.000000 0.000000 0.000000 0.000000 0.000000 0.000000 0.000000 0.000000 0.000000 0.000000 0.000000 0.000000 0.000000 0.000000 0.000400 0.000000 0.000000 0.000000 0.013173 0.000000 0.000827 0.004347 0.000000 0.001173 0.000000 0.000360 0.000000 0.016067 0.000000 0.000000 0.000000 0.000000 0.000000 0.000000 0.001067 0.000000 0.000000 0.000160 0.000387 0.001387 0.000000 0.000000 0.000000 0.000000 0.011293 0.000000 0.001560
0.000000 0.000000 0.000000 0.000507 0.000000 0.000133 0.000613 0.000000 0.000000 0.001493 0.000080 0.000347 0.000000 0.000000 0.000000 0.000000 0.000000 0.000000 0.000000 0.000147 0.000000 0.000000 0.000000 0.000253 0.000000 0.000000 0.000067 0.001173 0.000000 0.000000 0.000000 0.000000 0.000000 0.000000 0.000320 0.000293 0.001547 0.002893 0.013173 0.000000 0.024493 0.217280 0.003040 0.245880 0.002573 0.086693 0.000520 0.011467 0.015600 0.000000 0.000080 0.000760 0.000413 0.003653 0.000000 0.000560 0.000760 0.000400 0.000107 0.002613 0.001907 0.047573 0.006853 0.000173 0.000120 0.028867 0.000000 0.003213
0.000000 0.000000 0.000000 0.001467 0.000000 0.000613 0.003187 0.000720 0.000133 0.006013 0.000000 0.001800 0.000000 0.000573 0.000000 0.000000 0.000000 0.000000 0.000000 0.000827 0.000160 0.000000 0.000000 0.002120 0.000000 0.000147 0.000307 0.007000 0.001160 0.000667 0.000000 0.000067 0.000067 0.000360 0.030320 0.000213 0.034293 0.000093 0.000000 0.024493 0.000000 0.112560 0.002707 0.108987 0.000933 0.000240 0.000000 0.202547 0.000253 0.000000 0.009467 0.002253 0.014347 0.000067 0.006827 0.000000 0.043013 0.004267 0.000000 0.029000 0.016560 0.243573 0.036173 0.049853 0.000000 0.000253 0.000000 0.004280
0.000000 0.000000 0.000000 0.000693 0.000000 0.000307 0.002733 0.001093 0.000160 0.003867 0.000187 0.000587 0.000187 0.000787 0.000000 0.000000 0.000000 0.000000 0.000000 0.000267 0.000000 0.000000 0.000000 0.003533 0.000000 0.000093 0.000093 0.006440 0.000800 0.000227 0.000000 0.000133 0.000000 0.000187 0.003293 0.000000 0.010000 0.001053 0.000827 0.217280 0.112560 0.000000 0.001947 0.189707 0.008013 0.014907 0.001387 0.271493 0.003320 0.000000 0.001347 0.002293 0.002373 0.001480 0.000000 0.000000 0.003560 0.000773 0.000080 0.013160 0.001520 0.013520 0.037213 0.006640 0.000320 0.110133 0.000000 0.007573
0.000000 0.000000 0.000000 0.000733 0.000000 0.000000 0.000387 0.000000 0.000000 0.001173 0.000000 0.000280 0.000000 0.000000 0.000000 0.000000 0.000000 0.000000 0.000000 0.000000 0.000000 0.000000 0.000000 0.000440 0.000000 0.000000 0.000000 0.001280 0.000307 0.000560 0.000000 0.000000 0.000000 0.000000 0.001960 0.000653 0.000000 0.008733 0.004347 0.003040 0.002707 0.001947 0.000000 0.012213 0.000200 0.005027 0.000440 0.002973 0.004440 0.000000 0.000000 0.000067 0.000093 0.001520 0.000000 0.006600 0.000000 0.013360 0.000240 0.000347 0.001693 0.039560 0.009760 0.002333 0.000000 0.001453 0.000000 0.000760
0.000000 0.000000 0.000067 0.003773 0.000000 0.000920 0.004293 0.000320 0.000440 0.012253 0.000000 0.003493 0.000000 0.000107 0.000000 0.000000 0.000067 0.000000 0.000000 0.001653 0.000000 0.000000 0.000000 0.000680 0.000000 0.000213 0.000280 0.007787 0.000147 0.000000 0.000000 0.000000 0.000000 0.000000 0.005427 0.000427 0.003773 0.109107 0.000000 0.245880 0.108987 0.189707 0.012213 0.000000 0.002027 0.115120 0.000093 0.047960 0.000800 0.000000 0.000227 0.001920 0.002080 0.077387 0.000067 0.000093 0.002773 0.002920 0.000067 0.007640 0.009613 0.436813 0.054613 0.000387 0.000133 0.000867 0.000000 0.005160
0.000000 0.000107 0.000000 0.000000 0.000000 0.000000 0.000000 0.000000 0.000000 0.000000 0.002773 0.000000 0.002360 0.000000 0.000000 0.000000 0.000000 0.002133 0.000693 0.000000 0.000000 0.000000 0.000000 0.000213 0.000280 0.002787 0.002533 0.000253 0.000000 0.000000 0.000840 0.000000 0.000000 0.000067 0.003253 0.000800 0.000093 0.000173 0.001173 0.002573 0.000933 0.008013 0.000200 0.002027 0.000000 0.000947 0.036333 0.023440 0.000000 0.000000 0.000093 0.087720 0.009920 0.000120 0.000307 0.000133 0.000547 0.000307 0.001360 0.112533 0.008733 0.000973 0.023093 0.002653 0.014533 0.014547 0.000000 0.042453
0.000000 0.000000 0.000000 0.001453 0.000000 0.000427 0.000800 0.000000 0.000227 0.002893 0.000000 0.001507 0.000000 0.000000 0.000000 0.000000 0.000000 0.000000 0.000000 0.000653 0.000000 0.000000 0.000000 0.000147 0.000000 0.000067 0.000080 0.002667 0.000080 0.000000 0.000000 0.000000 0.000000 0.000000 0.000120 0.000133 0.000000 0.089893 0.000000 0.086693 0.000240 0.014907 0.005027 0.115120 0.000947 0.000000 0.000133 0.009480 0.000307 0.000000 0.000000 0.000760 0.000347 0.029427 0.000000 0.000000 0.000000 0.000880 0.000000 0.000893 0.000720 0.063040 0.008107 0.000000 0.000080 0.001173 0.000000 0.001027
0.000000 0.000213 0.000000 0.000000 0.000000 0.000000 0.000000 0.000000 0.000000 0.000000 0.008027 0.000000 0.005813 0.000000 0.000000 0.000000 0.000067 0.003040 0.000680 0.000000 0.000000 0.000000 0.000000 0.000080 0.000320 0.004600 0.002827 0.000000 0.000000 0.000000 0.001880 0.000000 0.000000 0.000067 0.000000 0.013773 0.000000 0.000000 0.000360 0.000520 0.000000 0.001387 0.000440 0.000093 0.036333 0.000133 0.000000 0.002627 0.000200 0.000000 0.000000 0.000120 0.000000 0.000000 0.000000 0.002013 0.000000 0.002760 0.031693 0.005867 0.039707 0.000133 0.002373 0.000000 0.041547 0.002747 0.000000 0.003013
0.000080 0.000000 0.000000 0.000160 0.000000 0.000160 0.001027 0.000787 0.000227 0.000680 0.000267 0.000093 0.000227 0.000907 0.000000 0.000000 0.000000 0.000133 0.000080 0.000000 0.000387 0.000000 0.000000 0.004773 0.000000 0.000253 0.000427 0.007347 0.001773 0.000760 0.000000 0.000107 0.000120 0.000547 0.106440 0.000187 0.013600 0.000493 0.000000 0.011467 0.202547 0.271493 0.002973 0.047960 0.023440 0.009480 0.002627 0.000000 0.000000 0.000000 0.002827 0.010280 0.010373 0.001080 0.000347 0.000000 0.003987 0.001053 0.000240 0.028613 0.004547 0.005307 0.186160 0.039653 0.001000 0.064200 0.000000 0.021747
0.000000 0.000000 0.000000 0.000000 0.000000 0.000000 0.000000 0.000000 0.000000 0.000000 0.000000 0.000000 0.000000 0.000000 0.000000 0.000000 0.000000 0.000000 0.000000 0.000000 0.000000 0.000000 0.000000 0.000000 0.000000 0.000000 0.000000 0.000000 0.000000 0.000000 0.000000 0.000000 0.000000 0.000000 0.000000 0.000373 0.000000 0.000000 0.016067 0.015600 0.000253 0.003320 0.004440 0.000800 0.000000 0.000307 0.000200 0.000000 0.000000 0.000000 0.000000 0.000000 0.000000 0.000000 0.000000 0.001120 0.000000 0.000107 0.000173 0.000400 0.001467 0.000120 0.000000 0.000000 0.000000 0.003533 0.000000 0.000000
0.000000 0.000000 0.000080 0.000000 0.000000 0.000000 0.000080 0.000000 0.000000 0.000000 0.000133 0.000000 0.000000 0.000000 0.000000 0.014880 0.000667 0.000107 0.000213 0.000000 0.016853 0.000667 0.030520 0.000147 0.000000 0.000253 0.004347 0.000267 0.000093 0.002560 0.000000 0.000000 0.000000 0.000347 0.000000 0.000000 0.000000 0.000000 0.000000 0.000000 0.000000 0.000000 0.000000 0.000000 0.000000 0.000000 0.000000 0.000000 0.000000 0.000000 0.000000 0.000000 0.000000 0.000000 0.052587 0.017587 0.024080 0.018027 0.000000 0.000560 0.014733 0.040720 0.000093 0.000080 0.000000 0.000000 0.000000 0.000107
0.000000 0.000387 0.005480 0.000000 0.000000 0.000000 0.000000 0.000000 0.000000 0.000000 0.000000 0.000000 0.000000 0.000000 0.000000 0.000000 0.001747 0.000000 0.000280 0.000000 0.000227 0.000000 0.000360 0.000000 0.000000 0.001587 0.005573 0.000067 0.000000 0.000000 0.000000 0.000000 0.000000 0.000187 0.000600 0.004453 0.049173 0.000000 0.000000 0.000080 0.009467 0.001347 0.000000 0.000227 0.000093 0.000000 0.000000 0.002827 0.000000 0.000000 0.000000 0.002400 0.074347 0.000000 0.004533 0.000067 0.026707 0.000307 0.000000 0.016680 0.069560 0.001280 0.001427 0.023613 0.000000 0.000000 0.000000 0.011867
0.000000 0.000000 0.000067 0.000000 0.000000 0.000000 0.000000 0.000000 0.000000 0.000000 0.002053 0.000000 0.001813 0.000093 0.000000 0.000000 0.000093 0.004173 0.001973 0.000000 0.000000 0.000000 0.000000 0.000067 0.000893 0.010533 0.006427 0.000133 0.000000 0.000000 0.001387 0.000000 0.000000 0.000120 0.003800 0.000107 0.000387 0.000000 0.000000 0.000760 0.002253 0.002293 0.000067 0.001920 0.087720 0.000760 0.000120 0.010280 0.000000 0.000000 0.002400 0.000000 0.098907 0.000067 0.000173 0.000000 0.000520 0.000240 0.001227 0.129067 0.006693 0.000680 0.010707 0.005987 0.001707 0.000347 0.000000 0.013840
0.000000 0.000000 0.001253 0.000000 0.000000 0.000000 0.000000 0.000000 0.000000 0.000000 0.000267 0.000000 0.000227 0.000093 0.000000 0.000000 0.001013 0.001000 0.002107 0.000000 0.000000 0.000000 0.000000 0.000120 0.000160 0.008893 0.006787 0.000093 0.000000 0.000000 0.000240 0.000000 0.000000 0.000200 0.004853 0.000573 0.006307 0.000000 0.000000 0.000413 0.014347 0.002373 0.000093 0.002080 0.009920 0.000347 0.000000 0.010373 0.000000 0.000000 0.074347 0.098907 0.000000 0.000160 0.001240 0.000000 0.003627 0.000173 0.000093 0.123173 0.014667 0.001067 0.012880 0.025813 0.000160 0.000107 0.000000 0.050333
0.000000 0.000000 0.000000 0.000573 0.000000 0.000000 0.000413 0.000000 0.000000 0.001040 0.000000 0.000293 0.000000 0.000000 0.000000 0.000000 0.000000 0.000000 0.000000 0.000080 0.000000 0.000000 0.000000 0.000000 0.000000 0.000000 0.000000 0.000947 0.000000 0.000000 0.000000 0.000000 0.000000 0.000000 0.000093 0.000000 0.000000 0.070307 0.000000 0.003653 0.000067 0.001480 0.001520 0.077387 0.000120 0.029427 0.000000 0.001080 0.000000 0.000000 0.000000 0.000067 0.000160 0.000000 0.000000 0.000000 0.000000 0.000813 0.000000 0.000133 0.000120 0.045813 0.001947 0.000000 0.000000 0.000133 0.000000 0.000307
0.000000 0.000000 0.000267 0.000000 0.000000 0.000000 0.000213 0.000000 0.000000 0.000000 0.000200 0.000000 0.000000 0.000173 0.000000 0.003307 0.000453 0.000093 0.000173 0.000000 0.025640 0.000600 0.003093 0.001480 0.000000 0.000133 0.000253 0.002907 0.001413 0.010333 0.000000 0.000000 0.000067 0.000147 0.000320 0.000360 0.003947 0.000000 0.000000 0.000000 0.006827 0.000000 0.000000 0.000067 0.000307 0.000000 0.000000 0.000347 0.000000 0.052587 0.004533 0.000173 0.001240 0.000000 0.000000 0.001867 0.173840 0.003600 0.000000 0.001813 0.014627 0.037307 0.002120 0.108160 0.000000 0.000000 0.000000 0.020413
0.000000 0.000000 0.000067 0.000000 0.000000 0.000000 0.000000 0.000000 0.000000 0.000000 0.000000 0.000000 0.000000 0.000000 0.000000 0.000547 0.000080 0.000000 0.000000 0.000000 0.000560 0.000000 0.000813 0.000267 0.000000 0.000067 0.000693 0.000147 0.000160 0.001040 0.000000 0.000000 0.000000 0.000000 0.000000 0.000973 0.000067 0.000000 0.001067 0.000560 0.000000 0.000000 0.006600 0.000093 0.000133 0.000000 0.002013 0.000000 0.001120 0.017587 0.000067 0.000000 0.000000 0.000000 0.001867 0.000000 0.000920 0.015987 0.001573 0.002200 0.024253 0.001880 0.000000 0.000093 0.000187 0.000427 0.000000 0.000107
0.000000 0.000000 0.003373 0.000000 0.000000 0.000000 0.000213 0.000000 0.000000 0.000000 0.000080 0.000000 0.000000 0.000067 0.000000 0.008733 0.001707 0.000000 0.000267 0.000000 0.009587 0.000160 0.050253 0.000133 0.000000 0.000373 0.008427 0.000173 0.000000 0.000480 0.000000 0.000000 0.000000 0.000720 0.000093 0.000160 0.053120 0.000000 0.000000 0.000760 0.043013 0.003560 0.000000 0.002773 0.000547 0.000000 0.000000 0.003987 0.000000 0.024080 0.026707 0.000520 0.003627 0.000000 0.173840 0.000920 0.000000 0.001947 0.000000 0.037933 0.078707 0.079160 0.000320 0.039560 0.000000 0.000000 0.000000 0.013133
0.000120 0.000000 0.000107 0.000653 0.000000 0.000707 0.005027 0.002880 0.000467 0.004680 0.000307 0.000640 0.000147 0.002973 0.000000 0.000173 0.000147 0.000133 0.000120 0.000493 0.003627 0.000787 0.000213 0.012307 0.000080 0.000267 0.000693 0.017493 0.005667 0.010040 0.000000 0.000253 0.000120 0.000947 0.000747 0.003920 0.000333 0.016773 0.000000 0.000400 0.004267 0.000773 0.013360 0.002920 0.000307 0.000880 0.002760 0.001053 0.000107 0.018027 0.000307 0.000240 0.000173 0.000813 0.003600 0.015987 0.001947 0.000000 0.001693 0.011373 0.052013 0.290467 0.005733 0.000813 0.000507 0.000120 0.000000 0.002187
0.000000 0.000000 0.000000 0.000000 0.000000 0.000000 0.000000 0.000000 0.000000 0.000000 0.000333 0.000000 0.000333 0.000000 0.000000 0.000000 0.000000 0.000293 0.000120 0.000000 0.000000 0.000000 0.000000 0.000000 0.000067 0.000640 0.000773 0.000000 0.000000 0.000000 0.000173 0.000000 0.000000 0.000000 0.000000 0.014093 0.000000 0.000000 0.000160 0.000107 0.000000 0.000080 0.000240 0.000067 0.001360 0.000000 0.031693 0.000240 0.000173 0.000000 0.000000 0.001227 0.000093 0.000000 0.000000 0.001573 0.000000 0.001693 0.000000 0.012693 0.025307 0.000133 0.000080 0.000000 0.005320 0.000200 0.000000 0.000227
0.000000 0.000693 0.003373 0.000000 0.000000 0.000000 0.000160 0.000000 0.000000 0.000093 0.007213 0.000000 0.006040 0.000347 0.000000 0.000000 0.004240 0.012907 0.011573 0.000000 0.000133 0.000000 0.000293 0.000533 0.001800 0.053627 0.042867 0.000360 0.000360 0.000067 0.003667 0.000000 0.000000 0.000653 0.003467 0.007000 0.099493 0.000320 0.000387 0.002613 0.029000 0.013160 0.000347 0.007640 0.112533 0.000893 0.005867 0.028613 0.000400 0.000560 0.016680 0.129067 0.123173 0.000133 0.001813 0.002200 0.037933 0.011373 0.012693 0.000000 0.187133 0.011640 0.010760 0.018000 0.002680 0.000893 0.000000 0.009520
0.000000 0.001893 0.030840 0.000000 0.000000 0.000000 0.000347 0.000187 0.000000 0.000133 0.004293 0.000067 0.002827 0.000640 0.000000 0.003133 0.011480 0.006467 0.010587 0.000000 0.000213 0.000000 0.028160 0.000613 0.001093 0.047773 0.068573 0.000573 0.000360 0.000147 0.002227 0.000080 0.000000 0.001733 0.000480 0.040293 0.101133 0.000400 0.001387 0.001907 0.016560 0.001520 0.001693 0.009613 0.008733 0.000720 0.039707 0.004547 0.001467 0.014733 0.069560 0.006693 0.014667 0.000120 0.014627 0.024253 0.078707 0.052013 0.025307 0.187133 0.000000 0.070413 0.001840 0.001200 0.015307 0.000760 0.000000 0.023893
0.000213 0.000093 0.000227 0.006840 0.000000 0.002680 0.013280 0.002920 0.001067 0.021747 0.000187 0.006747 0.000160 0.003467 0.000000 0.000453 0.000227 0.000147 0.000213 0.002987 0.006627 0.000667 0.000493 0.013267 0.000000 0.000453 0.000947 0.036267 0.007973 0.014627 0.000000 0.000253 0.000400 0.001227 0.009347 0.000507 0.005933 0.170467 0.000000 0.047573 0.243573 0.013520 0.039560 0.436813 0.000973 0.063040 0.000133 0.005307 0.000120 0.040720 0.001280 0.000680 0.001067 0.045813 0.037307 0.001880 0.079160 0.290467 0.000133 0.011640 0.070413 0.000000 0.056133 0.099973 0.000173 0.000107 0.000133 0.012907
0.000000 0.000000 0.000000 0.000067 0.000000 0.000120 0.000667 0.000733 0.000453 0.000240 0.000147 0.000093 0.000067 0.000813 0.000000 0.000000 0.000000 0.000000 0.000000 0.000000 0.000747 0.000093 0.000000 0.004427 0.000000 0.000173 0.000240 0.006013 0.001760 0.001427 0.000000 0.000080 0.000080 0.000560 0.127120 0.000000 0.001000 0.001613 0.000000 0.006853 0.036173 0.037213 0.009760 0.054613 0.023093 0.008107 0.002373 0.186160 0.000000 0.000093 0.001427 0.010707 0.012880 0.001947 0.002120 0.000000 0.000320 0.005733 0.000080 0.010760 0.001840 0.056133 0.000000 0.059387 0.000467 0.002960 0.026293 0.046493
0.000000 0.000000 0.000000 0.000000 0.000000 0.000000 0.000333 0.000213 0.000120 0.000000 0.000093 0.000000 0.000000 0.000333 0.000000 0.000200 0.000080 0.000000 0.000107 0.000000 0.005613 0.000107 0.000200 0.003467 0.000000 0.000120 0.000173 0.007813 0.002320 0.005240 0.000000 0.000080 0.000200 0.000453 0.014573 0.000133 0.005027 0.000000 0.000000 0.000173 0.049853 0.006640 0.002333 0.000387 0.002653 0.000000 0.000000 0.039653 0.000000 0.000080 0.023613 0.005987 0.025813 0.000000 0.108160 0.000093 0.039560 0.000813 0.000000 0.018000 0.001200 0.099973 0.059387 0.000000 0.000000 0.000107 0.000000 0.014507
0.000000 0.000000 0.000000 0.000000 0.000000 0.000000 0.000000 0.000000 0.000000 0.000000 0.001773 0.000000 0.001773 0.000000 0.000000 0.000000 0.000000 0.002240 0.000493 0.000000 0.000000 0.000000 0.000000 0.000000 0.000253 0.003213 0.002040 0.000000 0.000000 0.000000 0.000760 0.000000 0.000000 0.000000 0.000000 0.000520 0.000000 0.000000 0.000000 0.000120 0.000000 0.000320 0.000000 0.000133 0.014533 0.000080 0.041547 0.001000 0.000000 0.000000 0.000000 0.001707 0.000160 0.000000 0.000000 0.000187 0.000000 0.000507 0.005320 0.002680 0.015307 0.000173 0.000467 0.000000 0.000000 0.000120 0.000000 0.000467
