0.000000 0.000000 88.656005 91.535453 0.000000 91.053846 25.235974 52.966577 0.000000 83.080998 106.607164 113.970320 0.000000 19.948408 0.000000 0.000000 100.173850 125.070272 111.732810 0.000000 0.000000 0.000000 80.526501 79.449874 0.000000 114.151885 138.100388 85.211254 28.183657 27.687453 0.000000 0.000000 0.000000 69.895321 0.000000 0.000000 0.000000 0.000000 0.000000 0.000000 0.000000 0.000000 0.000000 0.000000 0.000000 0.000000 0.000000 0.000000 0.000000 0.000000 0.000000 0.000000 0.000000 0.000000 0.000000 0.000000 0.000000 0.000000 0.000000 0.000000 0.000000 0.000000 0.000000 0.000000 0.000000 0.000000 0.000000 0.000000
0.000000 0.000000 41.663734 0.000000 138.284867 0.000000 0.000000 120.403716 69.020424 152.584308 91.871268 162.632392 40.586601 142.886169 121.883370 0.000000 51.692557 78.244916 48.387517 0.000000 109.535217 28.783764 57.348930 87.502900 24.806207 42.279648 34.042598 148.206698 91.418033 0.000000 60.150299 102.825470 0.000000 55.974802 0.000000 0.000000 50.416023 0.000000 0.000000 0.000000 0.000000 0.000000 0.000000 0.000000 97.813675 0.000000 115.458243 0.000000 0.000000 0.000000 66.395794 0.000000 60.263502 0.000000 0.000000 0.000000 62.214287 0.000000 0.000000 63.803708 53.027555 0.000000 0.000000 0.000000 124.889906 0.000000 0.000000 59.383814
88.656005 41.663734 0.000000 133.312885 0.000000 146.135901 92.962212 109.085562 0.000000 121.201720 164.091336 192.091143 103.174060 104.773413 0.000000 67.939668 29.410704 0.000000 113.443732 0.000000 59.825314 43.666938 40.849311 93.742450 0.000000 34.187544 37.330313 91.694810 107.727630 71.620177 108.480568 172.307663 0.000000 80.425596 0.000000 51.602092 93.283063 0.000000 0.000000 0.000000 0.000000 0.000000 0.000000 0.000000 0.000000 0.000000 0.000000 0.000000 0.000000 0.000000 106.016008 0.000000 0.000000 0.000000 121.157021 55.568621 101.958011 0.000000 0.000000 121.904141 94.609252 146.439753 0.000000 0.000000 0.000000 0.000000 0.000000 101.516008
91.535453 0.000000 133.312885 0.000000 0.000000 77.690483 49.160858 94.432662 60.184312 26.185282 163.587471 42.300823 167.078957 109.747909 71.064271 0.000000 0.000000 166.270663 174.246420 13.807481 0.000000 0.000000 125.473626 29.366608 0.000000 170.681833 188.447770 21.638242 114.838003 0.000000 186.136147 126.907964 99.127345 96.298659 0.000000 0.000000 0.000000 144.605518 0.000000 144.255934 169.102936 171.178830 76.559991 151.029992 0.000000 147.732730 0.000000 181.108549 0.000000 0.000000 0.000000 0.000000 0.000000 140.826180 0.000000 0.000000 0.000000 125.093794 0.000000 0.000000 0.000000 143.093197 182.612350 0.000000 0.000000 0.000000 0.000000 172.986997
0.000000 138.284867 0.000000 0.000000 0.000000 11.399971 0.000000 121.956257 73.589267 0.000000 0.000000 0.000000 181.740501 139.445006 25.731190 0.000000 176.262126 0.000000 0.000000 0.000000 0.000000 102.869610 0.000000 0.000000 173.119622 185.818832 169.826754 0.000000 141.224459 0.000000 195.711897 13.770344 0.000000 141.815601 0.000000 0.000000 0.000000 0.000000 0.000000 0.000000 0.000000 0.000000 0.000000 0.000000 232.772585 0.000000 240.694858 0.000000 0.000000 0.000000 0.000000 0.000000 0.000000 0.000000 0.000000 0.000000 0.000000 0.000000 0.000000 0.000000 0.000000 0.000000 0.000000 0.000000 0.000000 0.000000 0.000000 0.000000
91.053846 0.000000 146.135901 77.690483 11.399971 0.000000 56.750009 36.264728 79.992019 42.787869 79.964970 57.096669 103.698873 68.477214 26.788082 0.000000 152.361998 93.202154 164.522500 64.561301 0.000000 130.823030 0.000000 120.439620 184.097260 146.417871 172.809402 65.602955 104.780025 93.302257 164.927545 30.613044 98.034678 48.693061 0.000000 0.000000 0.000000 165.008702 0.000000 0.000000 0.000000 0.000000 0.000000 168.971157 0.000000 158.008010 0.000000 197.752747 0.000000 0.000000 0.000000 0.000000 0.000000 157.257453 0.000000 0.000000 0.000000 140.529004 0.000000 0.000000 0.000000 168.267284 191.855359 0.000000 0.000000 0.000000 0.000000 190.080804
25.235974 0.000000 92.962212 49.160858 0.000000 56.750009 0.000000 51.711758 57.270810 26.772982 144.179460 111.959246 146.202128 39.890583 0.000000 0.000000 98.259965 135.750572 116.177017 46.643262 70.129500 0.000000 77.782212 46.796696 0.000000 115.317405 132.302146 34.747078 83.974809 31.531082 0.000000 110.359530 74.747905 73.184870 0.000000 0.000000 0.000000 136.141664 0.000000 0.000000 0.000000 0.000000 80.803802 0.000000 0.000000 0.000000 0.000000 0.000000 0.000000 0.000000 0.000000 0.000000 0.000000 144.901818 0.000000 0.000000 0.000000 110.385223 0.000000 0.000000 0.000000 125.777420 0.000000 0.000000 0.000000 0.000000 0.000000 0.000000
52.966577 120.403716 109.085562 94.432662 121.956257 36.264728 51.711758 0.000000 70.563954 44.909274 101.601460 91.448468 112.009779 26.877759 66.380555 0.000000 118.966642 131.288466 128.634428 90.261481 97.325412 0.000000 101.538490 80.798717 126.376162 128.246748 143.565155 84.684698 60.986474 56.405508 126.334807 40.026457 89.334726 75.331530 0.000000 0.000000 0.000000 156.030065 0.000000 0.000000 0.000000 182.130038 95.420351 154.785927 174.873294 0.000000 0.000000 166.737786 0.000000 0.000000 0.000000 0.000000 0.000000 146.708405 0.000000 0.000000 0.000000 125.813778 0.000000 0.000000 0.000000 139.189413 175.772170 0.000000 0.000000 0.000000 0.000000 170.180345
0.000000 69.020424 0.000000 60.184312 73.589267 79.992019 57.270810 70.563954 0.000000 65.238018 140.423367 60.283625 115.983685 81.029448 47.112594 0.000000 0.000000 0.000000 0.000000 52.488650 0.000000 25.062866 0.000000 31.531125 108.494081 130.376247 111.523337 57.938901 83.291180 54.466500 143.927269 96.368387 64.234736 63.490629 0.000000 0.000000 0.000000 0.000000 0.000000 0.000000 0.000000 0.000000 10.879603 0.000000 164.674026 0.000000 170.788085 89.227473 0.000000 0.000000 0.000000 0.000000 0.000000 0.000000 0.000000 0.000000 0.000000 53.079007 0.000000 0.000000 0.000000 0.000000 85.602113 0.000000 0.000000 0.000000 0.000000 72.036065
83.080998 152.584308 121.201720 26.185282 0.000000 42.787869 26.772982 44.909274 65.238018 0.000000 157.100101 33.729224 157.917448 94.686769 0.000000 0.000000 155.030355 169.169509 170.812558 20.938015 0.000000 0.000000 105.708143 48.325382 168.510257 160.667648 177.304719 36.363144 104.311950 118.864956 177.719642 124.724207 92.123972 88.466530 0.000000 0.000000 0.000000 148.380170 0.000000 142.272685 0.000000 182.639850 80.602684 152.797350 0.000000 159.581655 0.000000 181.090717 0.000000 0.000000 0.000000 0.000000 0.000000 141.687256 0.000000 0.000000 0.000000 126.595871 0.000000 213.932324 224.374649 143.156819 179.041630 0.000000 0.000000 0.000000 0.000000 170.495877
106.607164 91.871268 164.091336 163.587471 0.000000 79.964970 144.179460 101.601460 140.423367 157.100101 0.000000 153.970932 23.254738 99.912844 0.000000 0.000000 93.919815 21.241495 21.550801 164.708576 0.000000 0.000000 0.000000 159.686926 36.550020 28.708546 52.941317 161.440710 75.291615 78.256225 29.430678 73.108902 109.002375 30.088028 0.000000 111.954725 0.000000 0.000000 0.000000 0.000000 0.000000 0.000000 164.872495 0.000000 81.200812 0.000000 80.255819 214.113380 0.000000 0.000000 0.000000 101.655822 107.411838 0.000000 0.000000 0.000000 0.000000 194.618838 89.662195 91.393497 106.653292 0.000000 229.058858 0.000000 92.019297 0.000000 0.000000 170.658312
113.970320 162.632392 192.091143 42.300823 0.000000 57.096669 111.959246 91.448468 60.283625 33.729224 153.970932 0.000000 159.538483 108.128140 64.982300 0.000000 176.485644 163.229285 170.051581 14.036789 0.000000 0.000000 0.000000 0.000000 165.436131 174.796832 178.694241 87.638838 109.681636 0.000000 172.094904 119.540016 0.000000 97.570804 0.000000 0.000000 0.000000 144.873017 0.000000 154.405067 149.798038 0.000000 80.118792 147.409238 0.000000 149.740435 0.000000 0.000000 0.000000 0.000000 0.000000 0.000000 0.000000 136.311253 0.000000 0.000000 0.000000 126.334141 0.000000 218.432939 213.372489 150.315278 204.232777 0.000000 0.000000 0.000000 0.000000 0.000000
0.000000 40.586601 103.174060 167.078957 181.740501 103.698873 146.202128 112.009779 115.983685 157.917448 23.254738 159.538483 0.000000 99.628312 154.020085 0.000000 105.630204 81.756496 119.305992 0.000000 0.000000 76.454913 0.000000 132.457237 23.694084 39.409154 34.509301 154.646097 74.174293 0.000000 21.734678 87.114943 0.000000 47.852835 0.000000 76.809817 0.000000 0.000000 0.000000 0.000000 0.000000 0.000000 0.000000 0.000000 72.260328 0.000000 75.708883 218.293911 0.000000 0.000000 148.044627 83.383028 113.988254 0.000000 0.000000 0.000000 0.000000 196.998787 64.100639 86.058026 100.537670 0.000000 0.000000 0.000000 85.225291 0.000000 0.000000 152.985926
19.948408 142.886169 104.773413 109.747909 139.445006 68.477214 39.890583 26.877759 81.029448 94.686769 99.912844 108.128140 99.628312 0.000000 123.588339 0.000000 117.159635 132.053903 127.028345 105.258922 89.030809 0.000000 97.898082 95.726412 127.768030 126.234512 143.489227 97.793865 42.643496 51.778370 133.872036 56.792736 0.000000 72.951974 0.000000 143.370188 0.000000 176.443804 0.000000 0.000000 0.000000 184.608324 93.952864 168.974518 0.000000 0.000000 0.000000 187.907581 0.000000 0.000000 0.000000 0.000000 0.000000 0.000000 0.000000 0.000000 0.000000 136.454997 0.000000 181.281860 191.589352 145.633309 177.907868 0.000000 0.000000 206.918549 0.000000 180.108090
0.000000 121.883370 0.000000 71.064271 25.731190 26.788082 0.000000 66.380555 47.112594 0.000000 0.000000 64.982300 154.020085 123.588339 0.000000 0.000000 0.000000 0.000000 0.000000 0.000000 0.000000 88.329579 0.000000 0.000000 150.295538 0.000000 146.895778 0.000000 108.143119 0.000000 0.000000 35.406612 0.000000 0.000000 0.000000 0.000000 0.000000 0.000000 0.000000 0.000000 0.000000 0.000000 0.000000 0.000000 0.000000 0.000000 0.000000 0.000000 0.000000 0.000000 0.000000 0.000000 0.000000 0.000000 0.000000 0.000000 0.000000 0.000000 0.000000 0.000000 0.000000 0.000000 0.000000 0.000000 0.000000 0.000000 0.000000 0.000000
0.000000 0.000000 67.939668 0.000000 0.000000 0.000000 0.000000 0.000000 0.000000 0.000000 0.000000 0.000000 0.000000 0.000000 0.000000 0.000000 121.797379 0.000000 0.000000 0.000000 40.764551 35.672655 32.600716 36.336056 0.000000 89.128591 41.762698 49.135778 93.843575 74.499460 0.000000 0.000000 77.827890 66.668565 0.000000 0.000000 0.000000 0.000000 0.000000 0.000000 0.000000 0.000000 53.343734 0.000000 0.000000 0.000000 0.000000 0.000000 0.000000 92.986719 0.000000 0.000000 0.000000 0.000000 105.176452 49.531438 96.352698 0.000000 0.000000 0.000000 85.721066 0.000000 132.341322 112.260054 0.000000 0.000000 0.000000 107.354314
100.173850 51.692557 29.410704 0.000000 176.262126 152.361998 98.259965 118.966642 0.000000 155.030355 93.919815 176.485644 105.630204 117.159635 0.000000 121.797379 0.000000 50.848834 25.215303 0.000000 60.984400 62.488737 35.084943 127.684295 0.000000 35.987727 64.687534 118.851720 103.484429 76.388255 123.170698 136.884015 109.274228 35.749404 0.000000 60.935222 102.500777 0.000000 0.000000 0.000000 0.000000 0.000000 0.000000 0.000000 0.000000 0.000000 0.000000 165.207387 0.000000 148.849269 114.055860 0.000000 111.594102 0.000000 156.316493 78.304724 113.771604 176.518061 0.000000 107.544192 102.027260 157.340328 159.161739 0.000000 0.000000 0.000000 0.000000 110.857126
125.070272 78.244916 0.000000 166.270663 0.000000 93.202154 135.750572 131.288466 0.000000 169.169509 21.241495 163.229285 81.756496 132.053903 0.000000 0.000000 50.848834 0.000000 32.019117 0.000000 0.000000 0.000000 84.590284 0.000000 36.867324 28.262471 75.672388 173.175707 99.296298 106.902616 50.598786 86.383636 117.205006 58.348856 0.000000 82.886288 126.173295 0.000000 0.000000 0.000000 0.000000 0.000000 0.000000 0.000000 84.243941 0.000000 81.446169 0.000000 0.000000 0.000000 137.607000 95.776695 105.416472 0.000000 0.000000 0.000000 0.000000 0.000000 49.013742 87.902677 93.711960 0.000000 0.000000 0.000000 90.075586 0.000000 0.000000 0.000000
111.732810 48.387517 113.443732 174.246420 0.000000 164.522500 116.177017 128.634428 0.000000 170.812558 21.550801 170.051581 119.305992 127.028345 0.000000 0.000000 25.215303 32.019117 0.000000 0.000000 92.733297 0.000000 69.678942 0.000000 47.039386 32.087183 65.210813 157.028193 111.495590 91.385114 95.183459 93.073153 103.066935 43.634426 0.000000 59.373812 98.483907 0.000000 0.000000 0.000000 0.000000 0.000000 0.000000 0.000000 125.245636 218.056363 0.000000 172.832898 0.000000 0.000000 113.185808 99.132317 107.224692 0.000000 0.000000 0.000000 124.636536 0.000000 56.904332 98.191147 99.793922 0.000000 0.000000 0.000000 119.339255 0.000000 0.000000 118.750801
0.000000 0.000000 0.000000 13.807481 0.000000 64.561301 46.643262 90.261481 52.488650 20.938015 164.708576 14.036789 0.000000 105.258922 0.000000 0.000000 0.000000 0.000000 0.000000 0.000000 0.000000 0.000000 0.000000 48.810382 0.000000 182.456858 0.000000 28.882547 110.213638 0.000000 0.000000 116.836937 0.000000 95.870392 0.000000 0.000000 0.000000 141.524602 0.000000 0.000000 0.000000 0.000000 63.770460 154.903502 0.000000 141.232748 0.000000 0.000000 0.000000 0.000000 0.000000 0.000000 0.000000 129.966372 0.000000 0.000000 0.000000 130.157840 0.000000 0.000000 0.000000 147.002604 0.000000 0.000000 0.000000 0.000000 0.000000 0.000000
0.000000 109.535217 59.825314 0.000000 0.000000 0.000000 70.129500 97.325412 0.000000 0.000000 0.000000 0.000000 0.000000 89.030809 0.000000 40.764551 60.984400 0.000000 92.733297 0.000000 0.000000 59.050478 46.140702 31.059842 0.000000 80.766458 93.503805 32.094511 84.784275 47.461724 0.000000 0.000000 81.235117 37.411745 0.000000 0.000000 0.000000 0.000000 0.000000 0.000000 0.000000 0.000000 64.791630 0.000000 0.000000 0.000000 0.000000 0.000000 0.000000 111.735439 0.000000 0.000000 0.000000 0.000000 0.000000 65.741082 121.481883 0.000000 0.000000 0.000000 0.000000 0.000000 138.746762 125.645689 0.000000 0.000000 0.000000 121.450194
0.000000 28.783764 43.666938 0.000000 102.869610 130.823030 0.000000 0.000000 25.062866 0.000000 0.000000 0.000000 76.454913 0.000000 88.329579 35.672655 62.488737 0.000000 0.000000 0.000000 59.050478 0.000000 53.616959 38.799279 67.008133 88.644924 38.814850 48.978900 0.000000 56.789284 98.412630 119.004165 0.000000 52.962633 0.000000 0.000000 0.000000 0.000000 0.000000 0.000000 0.000000 0.000000 0.000000 0.000000 132.531701 0.000000 148.216904 0.000000 0.000000 46.623592 0.000000 0.000000 0.000000 0.000000 67.098092 0.000000 55.707124 0.000000 0.000000 0.000000 37.918901 0.000000 0.000000 66.758495 145.964455 0.000000 0.000000 0.000000
80.526501 57.348930 40.849311 125.473626 0.000000 0.000000 77.782212 101.538490 0.000000 105.708143 0.000000 0.000000 0.000000 97.898082 0.000000 32.600716 35.084943 84.590284 69.678942 0.000000 46.140702 53.616959 0.000000 73.236309 0.000000 69.061608 55.391772 66.413923 85.601577 58.160327 0.000000 0.000000 0.000000 23.817149 0.000000 65.632802 106.973172 0.000000 0.000000 0.000000 0.000000 0.000000 0.000000 0.000000 0.000000 0.000000 0.000000 0.000000 0.000000 102.666111 131.636128 0.000000 0.000000 0.000000 123.659149 60.955461 108.497574 143.217907 0.000000 169.967929 96.989302 140.989571 0.000000 0.000000 0.000000 0.000000 0.000000 0.000000
79.449874 87.502900 93.742450 29.366608 0.000000 120.439620 46.796696 80.798717 31.531125 48.325382 159.686926 0.000000 132.457237 95.726412 0.000000 36.336056 127.684295 0.000000 0.000000 48.810382 31.059842 38.799279 73.236309 0.000000 122.671805 126.124786 101.039278 25.561771 92.480790 65.428948 147.803819 127.685507 78.562004 80.881291 0.000000 0.000000 0.000000 131.894596 0.000000 0.000000 0.000000 133.742555 53.411686 168.858722 180.987203 0.000000 194.560961 130.039020 0.000000 0.000000 0.000000 0.000000 0.000000 0.000000 0.000000 60.611762 0.000000 89.786947 0.000000 203.615810 214.550877 96.342490 131.119796 0.000000 205.381761 157.211939 0.000000 121.527733
0.000000 24.806207 0.000000 0.000000 173.119622 184.097260 0.000000 126.376162 108.494081 168.510257 36.550020 165.436131 23.694084 127.768030 150.295538 0.000000 0.000000 36.867324 47.039386 0.000000 0.000000 67.008133 0.000000 122.671805 0.000000 36.510872 34.350982 147.026767 107.108150 96.868289 38.360192 145.657674 0.000000 58.514342 0.000000 37.358350 0.000000 0.000000 0.000000 0.000000 0.000000 0.000000 0.000000 0.000000 75.950470 0.000000 28.367472 0.000000 0.000000 0.000000 59.294380 58.275234 67.502878 0.000000 0.000000 0.000000 0.000000 175.255670 9.936813 53.471257 60.508401 0.000000 0.000000 0.000000 53.751432 0.000000 0.000000 102.479687
114.151885 42.279648 34.187544 170.681833 185.818832 146.417871 115.317405 128.246748 130.376247 160.667648 28.708546 174.796832 39.409154 126.234512 0.000000 89.128591 35.987727 28.262471 32.087183 182.456858 80.766458 88.644924 69.061608 126.124786 36.510872 0.000000 42.957747 119.287306 109.940434 93.209421 29.876398 97.750410 121.621162 61.922416 0.000000 52.088819 93.446101 225.631847 0.000000 0.000000 0.000000 171.643513 0.000000 209.820265 87.831908 214.600891 83.989011 166.008037 0.000000 0.000000 105.903991 94.812587 97.649145 0.000000 147.433100 0.000000 109.238548 214.667054 52.599891 89.148471 92.689807 185.753679 164.321342 151.123390 90.768549 175.970117 0.000000 107.768076
138.100388 34.042598 37.330313 188.447770 169.826754 172.809402 132.302146 143.565155 111.523337 177.304719 52.941317 178.694241 34.509301 143.489227 146.895778 41.762698 64.687534 75.672388 65.210813 0.000000 93.503805 38.814850 55.391772 101.039278 34.350982 42.957747 0.000000 89.178268 111.806378 113.726583 43.282027 120.171465 129.242272 66.997535 0.000000 47.609153 94.022670 0.000000 0.000000 0.000000 0.000000 166.968061 0.000000 214.680891 107.492908 212.739818 98.555978 163.588841 0.000000 88.887079 103.739807 95.961095 99.002516 0.000000 120.347025 42.617444 91.379801 210.476364 53.966165 91.525350 91.553758 163.644597 147.225564 157.607987 101.685796 0.000000 0.000000 103.745614
85.211254 148.206698 91.694810 21.638242 0.000000 65.602955 34.747078 84.684698 57.938901 36.363144 161.440710 87.638838 154.646097 97.793865 0.000000 49.135778 118.851720 173.175707 157.028193 28.882547 32.094511 48.978900 66.413923 25.561771 147.026767 119.287306 89.178268 0.000000 94.315447 52.039535 166.026182 131.428356 77.132362 75.738433 0.000000 0.000000 0.000000 141.869878 0.000000 0.000000 0.000000 156.918043 72.038165 145.692709 166.987750 148.810486 0.000000 154.409338 0.000000 0.000000 0.000000 0.000000 0.000000 133.041914 0.000000 67.536126 0.000000 120.888482 0.000000 219.581772 0.000000 139.393235 153.190352 0.000000 0.000000 0.000000 0.000000 154.714306
28.183657 91.418033 107.727630 114.838003 141.224459 104.780025 83.974809 60.986474 83.291180 104.311950 75.291615 109.681636 74.174293 42.643496 108.143119 93.843575 103.484429 99.296298 111.495590 110.213638 84.784275 0.000000 85.601577 92.480790 107.108150 109.940434 111.806378 94.315447 0.000000 45.403716 105.116387 28.505960 25.173032 37.135035 178.343060 130.023461 0.000000 178.913394 0.000000 0.000000 0.000000 191.128526 95.536016 186.038140 195.055548 0.000000 0.000000 187.000633 0.000000 0.000000 0.000000 158.519229 149.389008 177.030986 0.000000 0.000000 0.000000 148.692796 0.000000 150.330122 147.571383 168.365596 182.825267 0.000000 0.000000 213.166380 0.000000 175.450653
27.687453 0.000000 71.620177 0.000000 0.000000 93.302257 31.531082 56.405508 54.466500 118.864956 78.256225 0.000000 0.000000 51.778370 0.000000 74.499460 76.388255 106.902616 91.385114 0.000000 47.461724 56.789284 58.160327 65.428948 96.868289 93.209421 113.726583 52.039535 45.403716 0.000000 0.000000 113.383142 0.000000 39.677317 0.000000 0.000000 0.000000 0.000000 0.000000 0.000000 0.000000 0.000000 62.287628 0.000000 0.000000 0.000000 0.000000 0.000000 0.000000 113.540143 0.000000 0.000000 0.000000 0.000000 0.000000 66.754806 0.000000 0.000000 0.000000 0.000000 0.000000 0.000000 0.000000 126.195969 0.000000 0.000000 0.000000 127.826853
0.000000 60.150299 108.480568 186.136147 195.711897 164.927545 0.000000 126.334807 143.927269 177.719642 29.430678 172.094904 21.734678 133.872036 0.000000 0.000000 123.170698 50.598786 95.183459 0.000000 0.000000 98.412630 0.000000 147.803819 38.360192 29.876398 43.282027 166.026182 105.116387 0.000000 0.000000 102.251476 0.000000 81.846159 0.000000 80.049864 0.000000 0.000000 0.000000 0.000000 0.000000 0.000000 0.000000 0.000000 81.568124 0.000000 84.520464 0.000000 0.000000 0.000000 121.231608 98.746302 108.491656 0.000000 0.000000 0.000000 0.000000 219.376219 84.799535 91.311880 106.220932 0.000000 0.000000 0.000000 93.554383 0.000000 0.000000 129.854587
0.000000 102.825470 172.307663 126.907964 13.770344 30.613044 110.359530 40.026457 96.368387 124.724207 73.108902 119.540016 87.114943 56.792736 35.406612 0.000000 136.884015 86.383636 93.073153 116.836937 0.000000 119.004165 0.000000 127.685507 145.657674 97.750410 120.171465 131.428356 28.505960 113.383142 102.251476 0.000000 0.000000 19.024844 0.000000 0.000000 0.000000 193.316938 0.000000 0.000000 0.000000 0.000000 139.904047 0.000000 0.000000 0.000000 169.172473 198.665488 0.000000 0.000000 0.000000 0.000000 0.000000 0.000000 0.000000 0.000000 0.000000 172.235718 0.000000 148.592672 134.411643 188.856783 204.510308 0.000000 0.000000 0.000000 0.000000 194.108665
0.000000 0.000000 0.000000 99.127345 0.000000 98.034678 74.747905 89.334726 64.234736 92.123972 109.002375 0.000000 0.000000 0.000000 0.000000 77.827890 109.274228 117.205006 103.066935 0.000000 81.235117 0.000000 0.000000 78.562004 0.000000 121.621162 129.242272 77.132362 25.173032 0.000000 0.000000 0.000000 0.000000 26.039188 0.000000 0.000000 0.000000 0.000000 0.000000 0.000000 0.000000 0.000000 76.862024 0.000000 0.000000 0.000000 0.000000 0.000000 0.000000 0.000000 0.000000 0.000000 0.000000 0.000000 0.000000 0.000000 0.000000 0.000000 0.000000 0.000000 0.000000 0.000000 159.625442 0.000000 0.000000 0.000000 0.000000 0.000000
69.895321 55.974802 80.425596 96.298659 141.815601 48.693061 73.184870 75.331530 63.490629 88.466530 30.088028 97.570804 47.852835 72.951974 0.000000 66.668565 35.749404 58.348856 43.634426 95.870392 37.411745 52.962633 23.817149 80.881291 58.514342 61.922416 66.997535 75.738433 37.135035 39.677317 81.846159 19.024844 26.039188 0.000000 0.000000 69.455407 104.795791 163.296962 0.000000 0.000000 0.000000 171.899050 100.966058 179.279970 0.000000 0.000000 160.964088 176.930933 0.000000 0.000000 122.154777 122.230455 121.114383 0.000000 0.000000 0.000000 120.351755 131.239453 64.781745 118.609568 115.915845 150.997168 157.198730 138.294974 134.924791 0.000000 0.000000 140.208890
0.000000 0.000000 0.000000 0.000000 0.000000 0.000000 0.000000 0.000000 0.000000 0.000000 0.000000 0.000000 0.000000 0.000000 0.000000 0.000000 0.000000 0.000000 0.000000 0.000000 0.000000 0.000000 0.000000 0.000000 0.000000 0.000000 0.000000 0.000000 178.343060 0.000000 0.000000 0.000000 0.000000 0.000000 0.000000 0.000000 0.000000 96.447113 0.000000 0.000000 21.493584 30.060023 70.470064 0.000000 96.854873 0.000000 0.000000 21.610234 0.000000 0.000000 0.000000 0.000000 103.181277 0.000000 0.000000 0.000000 0.000000 82.183784 0.000000 123.362873 138.779074 82.953248 20.227351 21.018507 0.000000 0.000000 35.214847 50.647640
0.000000 0.000000 51.602092 0.000000 0.000000 0.000000 0.000000 0.000000 0.000000 0.000000 111.954725 0.000000 76.809817 143.370188 0.000000 0.000000 60.935222 82.886288 59.373812 0.000000 0.000000 0.000000 65.632802 0.000000 37.358350 52.088819 47.609153 0.000000 130.023461 0.000000 80.049864 0.000000 0.000000 69.455407 0.000000 0.000000 40.466067 150.729184 134.064160 133.822264 0.000000 150.215019 64.907428 147.970459 0.000000 133.718959 45.067195 104.080965 106.218935 0.000000 52.673965 49.779334 48.427490 0.000000 0.000000 20.404283 52.099438 83.546011 25.466408 40.958035 37.304708 148.235198 139.173505 104.862519 0.000000 150.387825 0.000000 50.597487
0.000000 50.416023 93.283063 0.000000 0.000000 0.000000 0.000000 0.000000 0.000000 0.000000 0.000000 0.000000 0.000000 0.000000 0.000000 0.000000 102.500777 126.173295 98.483907 0.000000 0.000000 0.000000 106.973172 0.000000 0.000000 93.446101 94.022670 0.000000 0.000000 0.000000 0.000000 0.000000 0.000000 104.795791 0.000000 40.466067 0.000000 0.000000 0.000000 0.000000 58.464290 0.000000 0.000000 0.000000 0.000000 0.000000 108.773047 0.000000 0.000000 69.602380 33.685909 87.786179 56.589395 0.000000 67.120650 37.222106 35.107111 96.280740 0.000000 35.643340 33.779585 85.736086 0.000000 54.169915 0.000000 0.000000 0.000000 58.707366
0.000000 0.000000 0.000000 144.605518 0.000000 165.008702 136.141664 156.030065 0.000000 148.380170 0.000000 144.873017 0.000000 176.443804 0.000000 0.000000 0.000000 0.000000 0.000000 141.524602 0.000000 0.000000 0.000000 131.894596 0.000000 225.631847 0.000000 141.869878 178.913394 0.000000 0.000000 193.316938 0.000000 163.296962 96.447113 150.729184 0.000000 0.000000 119.079030 73.344791 46.335227 98.375090 59.914657 27.861016 132.222443 45.063220 184.838361 108.155086 77.938865 0.000000 0.000000 169.873268 163.677345 16.542284 0.000000 125.465476 0.000000 24.919200 0.000000 184.007229 192.749300 28.429855 108.954159 0.000000 180.502369 125.788839 88.024478 103.216396
0.000000 0.000000 0.000000 0.000000 0.000000 0.000000 0.000000 0.000000 0.000000 0.000000 0.000000 0.000000 0.000000 0.000000 0.000000 0.000000 0.000000 0.000000 0.000000 0.000000 0.000000 0.000000 0.000000 0.000000 0.000000 0.000000 0.000000 0.000000 0.000000 0.000000 0.000000 0.000000 0.000000 0.000000 0.000000 134.064160 0.000000 119.079030 0.000000 47.323386 93.328293 34.533308 62.138166 103.056031 0.000000 72.463845 186.205932 51.462950 25.188371 0.000000 0.000000 0.000000 0.000000 0.000000 0.000000 105.069860 0.000000 98.856438 172.366835 192.125300 182.632276 120.371166 0.000000 0.000000 0.000000 20.880684 0.000000 9.886993
0.000000 0.000000 0.000000 144.255934 0.000000 0.000000 0.000000 0.000000 0.000000 142.272685 0.000000 154.405067 0.000000 0.000000 0.000000 0.000000 0.000000 0.000000 0.000000 0.000000 0.000000 0.000000 0.000000 0.000000 0.000000 0.000000 0.000000 0.000000 0.000000 0.000000 0.000000 0.000000 0.000000 0.000000 0.000000 133.822264 0.000000 73.344791 47.323386 0.000000 46.303961 35.837027 54.100050 43.636864 94.840173 51.651248 182.338688 64.691158 18.395889 0.000000 0.000000 0.000000 155.087727 60.201115 0.000000 106.392239 0.000000 90.122795 174.115004 179.984332 183.873038 70.939715 80.484382 0.000000 0.000000 56.654833 0.000000 82.058062
0.000000 0.000000 0.000000 169.102936 0.000000 0.000000 0.000000 0.000000 0.000000 0.000000 0.000000 149.798038 0.000000 0.000000 0.000000 0.000000 0.000000 0.000000 0.000000 0.000000 0.000000 0.000000 0.000000 0.000000 0.000000 0.000000 0.000000 0.000000 0.000000 0.000000 0.000000 0.000000 0.000000 0.000000 21.493584 0.000000 58.464290 46.335227 93.328293 46.303961 0.000000 38.986881 79.246327 24.740749 115.845182 72.633371 0.000000 30.166091 59.056941 0.000000 66.036102 105.592567 101.346942 49.040418 43.311245 0.000000 52.648216 49.410515 0.000000 93.543232 138.259807 28.009368 47.870065 19.279075 0.000000 96.276125 0.000000 81.617589
0.000000 0.000000 0.000000 171.178830 0.000000 0.000000 0.000000 182.130038 0.000000 182.639850 0.000000 0.000000 0.000000 184.608324 0.000000 0.000000 0.000000 0.000000 0.000000 0.000000 0.000000 0.000000 0.000000 133.742555 0.000000 171.643513 166.968061 156.918043 191.128526 0.000000 0.000000 0.000000 0.000000 171.899050 30.060023 150.215019 0.000000 98.375090 34.533308 35.837027 38.986881 0.000000 82.300706 55.918685 74.860606 87.575861 110.675159 26.627287 34.287092 0.000000 0.000000 102.879750 119.128133 83.917130 0.000000 136.205937 0.000000 102.536899 128.348233 117.719297 136.733588 87.153496 53.450841 63.545333 113.842037 32.500242 0.000000 49.890324
0.000000 0.000000 0.000000 76.559991 0.000000 0.000000 80.803802 95.420351 10.879603 80.602684 164.872495 80.118792 0.000000 93.952864 0.000000 53.343734 0.000000 0.000000 0.000000 63.770460 64.791630 0.000000 0.000000 53.411686 0.000000 0.000000 0.000000 72.038165 95.536016 62.287628 0.000000 139.904047 76.862024 100.966058 70.470064 64.907428 0.000000 59.914657 62.138166 54.100050 79.246327 82.300706 0.000000 65.436423 109.067691 51.459015 121.457118 96.734645 26.947817 0.000000 0.000000 0.000000 0.000000 54.278318 0.000000 29.665595 0.000000 38.866962 106.040271 136.374205 120.616868 55.437758 81.446498 65.793655 0.000000 74.713286 65.801210 87.799745
0.000000 0.000000 0.000000 151.029992 0.000000 168.971157 0.000000 154.785927 0.000000 152.797350 0.000000 147.409238 0.000000 168.974518 0.000000 0.000000 0.000000 0.000000 0.000000 154.903502 0.000000 0.000000 0.000000 168.858722 0.000000 209.820265 214.680891 145.692709 186.038140 0.000000 0.000000 0.000000 0.000000 179.279970 0.000000 147.970459 0.000000 27.861016 103.056031 43.636864 24.740749 55.918685 65.436423 0.000000 123.573223 34.669779 166.570162 49.314033 64.793284 0.000000 152.170972 160.527199 153.909089 18.371785 0.000000 0.000000 0.000000 61.375615 157.447540 166.504774 174.028221 42.476435 98.629980 0.000000 173.422246 115.000820 0.000000 93.064391
0.000000 97.813675 0.000000 0.000000 232.772585 0.000000 0.000000 174.873294 164.674026 0.000000 81.200812 0.000000 72.260328 0.000000 0.000000 0.000000 0.000000 84.243941 125.245636 0.000000 0.000000 132.531701 0.000000 180.987203 75.950470 87.831908 107.492908 166.987750 195.055548 0.000000 81.568124 0.000000 0.000000 0.000000 96.854873 0.000000 0.000000 132.222443 0.000000 94.840173 115.845182 74.860606 109.067691 123.573223 0.000000 135.224876 23.346180 74.067636 0.000000 0.000000 38.800071 20.576171 28.310202 137.749671 0.000000 0.000000 65.593035 168.166113 51.394648 33.336574 60.280207 147.176006 50.461588 75.911658 28.492029 49.545247 0.000000 19.691887
0.000000 0.000000 0.000000 147.732730 0.000000 158.008010 0.000000 0.000000 0.000000 159.581655 0.000000 149.740435 0.000000 0.000000 0.000000 0.000000 0.000000 0.000000 218.056363 141.232748 0.000000 0.000000 0.000000 0.000000 0.000000 214.600891 212.739818 148.810486 0.000000 0.000000 0.000000 0.000000 0.000000 0.000000 0.000000 133.718959 0.000000 45.063220 72.463845 51.651248 72.633371 87.575861 51.459015 34.669779 135.224876 0.000000 160.975228 104.245144 69.022113 0.000000 0.000000 158.863299 156.711607 21.297984 0.000000 113.071658 0.000000 43.016125 159.351983 166.862739 178.726470 53.544570 108.680233 0.000000 171.615076 116.404004 0.000000 99.946748
0.000000 115.458243 0.000000 0.000000 240.694858 0.000000 0.000000 0.000000 170.788085 0.000000 80.255819 0.000000 75.708883 0.000000 0.000000 0.000000 0.000000 81.446169 0.000000 0.000000 0.000000 148.216904 0.000000 194.560961 28.367472 83.989011 98.555978 0.000000 0.000000 0.000000 84.520464 169.172473 0.000000 160.964088 0.000000 45.067195 108.773047 184.838361 186.205932 182.338688 0.000000 110.675159 121.457118 166.570162 23.346180 160.975228 0.000000 98.312857 156.653139 0.000000 114.234901 61.302262 98.412077 157.587930 0.000000 73.127678 0.000000 133.368340 17.025643 33.536901 34.007441 201.713718 77.353690 146.472009 24.405780 109.581245 0.000000 41.343324
0.000000 0.000000 0.000000 181.108549 0.000000 197.752747 0.000000 166.737786 89.227473 181.090717 214.113380 0.000000 218.293911 187.907581 0.000000 0.000000 165.207387 0.000000 172.832898 0.000000 0.000000 0.000000 0.000000 130.039020 0.000000 166.008037 163.588841 154.409338 187.000633 0.000000 0.000000 198.665488 0.000000 176.930933 21.610234 104.080965 0.000000 108.155086 51.462950 64.691158 30.166091 26.627287 96.734645 49.314033 74.067636 104.245144 98.312857 0.000000 41.899906 0.000000 104.314133 105.617758 105.035698 102.280388 0.000000 0.000000 0.000000 96.524215 106.768135 116.830783 130.685664 99.338644 44.449270 54.977229 114.010558 17.770057 35.695991 47.909266
0.000000 0.000000 0.000000 0.000000 0.000000 0.000000 0.000000 0.000000 0.000000 0.000000 0.000000 0.000000 0.000000 0.000000 0.000000 0.000000 0.000000 0.000000 0.000000 0.000000 0.000000 0.000000 0.000000 0.000000 0.000000 0.000000 0.000000 0.000000 0.000000 0.000000 0.000000 0.000000 0.000000 0.000000 0.000000 106.218935 0.000000 77.938865 25.188371 18.395889 59.056941 34.287092 26.947817 64.793284 0.000000 69.022113 156.653139 41.899906 0.000000 0.000000 0.000000 0.000000 0.000000 74.224556 0.000000 77.004757 0.000000 66.828171 147.711497 166.640395 152.375537 92.038130 0.000000 0.000000 0.000000 39.918877 0.000000 0.000000
0.000000 0.000000 0.000000 0.000000 0.000000 0.000000 0.000000 0.000000 0.000000 0.000000 0.000000 0.000000 0.000000 0.000000 0.000000 92.986719 148.849269 0.000000 0.000000 0.000000 111.735439 46.623592 102.666111 0.000000 0.000000 0.000000 88.887079 0.000000 0.000000 113.540143 0.000000 0.000000 0.000000 0.000000 0.000000 0.000000 69.602380 0.000000 0.000000 0.000000 0.000000 0.000000 0.000000 0.000000 0.000000 0.000000 0.000000 0.000000 0.000000 0.000000 87.752806 123.280692 117.254689 0.000000 48.338672 33.292385 33.365826 52.809381 0.000000 102.556970 34.940599 45.849928 83.911024 70.662837 0.000000 0.000000 0.000000 64.791735
0.000000 66.395794 106.016008 0.000000 0.000000 0.000000 0.000000 0.000000 0.000000 0.000000 0.000000 0.000000 148.044627 0.000000 0.000000 0.000000 114.055860 137.607000 113.185808 0.000000 0.000000 0.000000 131.636128 0.000000 59.294380 105.903991 103.739807 0.000000 0.000000 0.000000 121.231608 0.000000 0.000000 122.154777 0.000000 52.673965 33.685909 0.000000 0.000000 0.000000 66.036102 0.000000 0.000000 152.170972 38.800071 0.000000 114.234901 104.314133 0.000000 87.752806 0.000000 51.219563 31.013742 0.000000 58.082455 68.467389 34.719494 129.031590 0.000000 33.217124 62.994813 101.755764 106.295193 65.663929 106.953281 0.000000 0.000000 31.111523
0.000000 0.000000 0.000000 0.000000 0.000000 0.000000 0.000000 0.000000 0.000000 0.000000 101.655822 0.000000 83.383028 0.000000 0.000000 0.000000 0.000000 95.776695 99.132317 0.000000 0.000000 0.000000 0.000000 0.000000 58.275234 94.812587 95.961095 0.000000 158.519229 0.000000 98.746302 0.000000 0.000000 122.230455 0.000000 49.779334 87.786179 169.873268 0.000000 0.000000 105.592567 102.879750 0.000000 160.527199 20.576171 158.863299 61.302262 105.617758 0.000000 123.280692 51.219563 0.000000 22.684999 157.976763 95.063749 0.000000 89.042180 0.000000 42.623154 32.182779 66.129865 156.541479 88.911722 101.860068 60.251969 84.387680 0.000000 50.803402
0.000000 60.263502 0.000000 0.000000 0.000000 0.000000 0.000000 0.000000 0.000000 0.000000 107.411838 0.000000 113.988254 0.000000 0.000000 0.000000 111.594102 105.416472 107.224692 0.000000 0.000000 0.000000 0.000000 0.000000 67.502878 97.649145 99.002516 0.000000 149.389008 0.000000 108.491656 0.000000 0.000000 121.114383 103.181277 48.427490 56.589395 163.677345 0.000000 155.087727 101.346942 119.128133 0.000000 153.909089 28.310202 156.711607 98.412077 105.035698 0.000000 117.254689 31.013742 22.684999 0.000000 154.602097 84.082258 0.000000 70.775543 141.897578 44.464275 36.773583 63.570359 133.151392 106.415316 88.418438 79.213785 96.214612 0.000000 30.607216
0.000000 0.000000 0.000000 140.826180 0.000000 157.257453 144.901818 146.708405 0.000000 141.687256 0.000000 136.311253 0.000000 0.000000 0.000000 0.000000 0.000000 0.000000 0.000000 129.966372 0.000000 0.000000 0.000000 0.000000 0.000000 0.000000 0.000000 133.041914 177.030986 0.000000 0.000000 0.000000 0.000000 0.000000 0.000000 0.000000 0.000000 16.542284 0.000000 60.201115 49.040418 83.917130 54.278318 18.371785 137.749671 21.297984 157.587930 102.280388 74.224556 0.000000 0.000000 157.976763 154.602097 0.000000 0.000000 0.000000 0.000000 20.013352 0.000000 174.603564 175.118948 37.200476 104.940107 0.000000 0.000000 122.293086 0.000000 98.109335
0.000000 0.000000 121.157021 0.000000 0.000000 0.000000 0.000000 0.000000 0.000000 0.000000 0.000000 0.000000 0.000000 0.000000 0.000000 105.176452 156.316493 0.000000 0.000000 0.000000 0.000000 67.098092 123.659149 0.000000 0.000000 147.433100 120.347025 0.000000 0.000000 0.000000 0.000000 0.000000 0.000000 0.000000 0.000000 0.000000 67.120650 0.000000 0.000000 0.000000 43.311245 0.000000 0.000000 0.000000 0.000000 0.000000 0.000000 0.000000 0.000000 48.338672 58.082455 95.063749 84.082258 0.000000 0.000000 57.375657 40.421498 12.488288 0.000000 102.297160 78.923542 28.221128 93.256699 42.453882 0.000000 0.000000 0.000000 58.359836
0.000000 0.000000 55.568621 0.000000 0.000000 0.000000 0.000000 0.000000 0.000000 0.000000 0.000000 0.000000 0.000000 0.000000 0.000000 49.531438 78.304724 0.000000 0.000000 0.000000 65.741082 0.000000 60.955461 60.611762 0.000000 0.000000 42.617444 67.536126 0.000000 66.754806 0.000000 0.000000 0.000000 0.000000 0.000000 20.404283 37.222106 125.465476 105.069860 106.392239 0.000000 136.205937 29.665595 0.000000 0.000000 113.071658 73.127678 0.000000 77.004757 33.292385 68.467389 0.000000 0.000000 0.000000 57.375657 0.000000 49.000867 46.515632 57.041966 87.474048 50.515141 68.071813 66.703781 55.330320 0.000000 119.179669 0.000000 60.850902
0.000000 62.214287 101.958011 0.000000 0.000000 0.000000 0.000000 0.000000 0.000000 0.000000 0.000000 0.000000 0.000000 0.000000 0.000000 96.352698 113.771604 0.000000 124.636536 0.000000 121.481883 55.707124 108.497574 0.000000 0.000000 109.238548 91.379801 0.000000 0.000000 0.000000 0.000000 0.000000 0.000000 120.351755 0.000000 52.099438 35.107111 0.000000 0.000000 0.000000 52.648216 0.000000 0.000000 0.000000 65.593035 0.000000 0.000000 0.000000 0.000000 33.365826 34.719494 89.042180 70.775543 0.000000 40.421498 49.000867 0.000000 77.493008 0.000000 67.876747 49.371062 56.569908 105.237067 47.026992 0.000000 0.000000 0.000000 49.301957
0.000000 0.000000 0.000000 125.093794 0.000000 140.529004 110.385223 125.813778 53.079007 126.595871 194.618838 126.334141 196.998787 136.454997 0.000000 0.000000 176.518061 0.000000 0.000000 130.157840 0.000000 0.000000 143.217907 89.786947 175.255670 214.667054 210.476364 120.888482 148.692796 0.000000 219.376219 172.235718 0.000000 131.239453 82.183784 83.546011 96.280740 24.919200 98.856438 90.122795 49.410515 102.536899 38.866962 61.375615 168.166113 43.016125 133.368340 96.524215 66.828171 52.809381 129.031590 0.000000 141.897578 20.013352 12.488288 46.515632 77.493008 0.000000 117.658436 135.190775 102.682567 20.571965 91.593048 77.980701 151.441670 113.433014 81.420208 81.509771
0.000000 0.000000 0.000000 0.000000 0.000000 0.000000 0.000000 0.000000 0.000000 0.000000 89.662195 0.000000 64.100639 0.000000 0.000000 0.000000 0.000000 49.013742 56.904332 0.000000 0.000000 0.000000 0.000000 0.000000 9.936813 52.599891 53.966165 0.000000 0.000000 0.000000 84.799535 0.000000 0.000000 64.781745 0.000000 25.466408 0.000000 0.000000 172.366835 174.115004 0.000000 128.348233 106.040271 157.447540 51.394648 159.351983 17.025643 106.768135 147.711497 0.000000 0.000000 42.623154 44.464275 0.000000 0.000000 57.041966 0.000000 117.658436 0.000000 34.994760 30.095075 0.000000 108.478790 0.000000 35.178302 177.286536 0.000000 53.103711
0.000000 63.803708 121.904141 0.000000 0.000000 0.000000 0.000000 0.000000 0.000000 213.932324 91.393497 218.432939 86.058026 181.281860 0.000000 0.000000 107.544192 87.902677 98.191147 0.000000 0.000000 0.000000 169.967929 203.615810 53.471257 89.148471 91.525350 219.581772 150.330122 0.000000 91.311880 148.592672 0.000000 118.609568 123.362873 40.958035 35.643340 184.007229 192.125300 179.984332 93.543232 117.719297 136.374205 166.504774 33.336574 166.862739 33.536901 116.830783 166.640395 102.556970 33.217124 32.182779 36.773583 174.603564 102.297160 87.474048 67.876747 135.190775 34.994760 0.000000 51.498220 121.010323 107.843499 95.857306 22.636762 120.222934 0.000000 61.038663
