0.000000 0.000000 0.000507 0.000120 0.000000 0.000133 0.007160 0.003187 0.000000 0.000373 0.000080 0.000080 0.000000 0.093093 0.000000 0.000000 0.004227 0.000373 0.002107 0.000000 0.000000 0.000000 0.000160 0.000160 0.000000 0.001227 0.000200 0.000173 0.111067 0.016507 0.000000 0.000000 0.000000 0.000693 0.000000 0.000000 0.000000 0.000000 0.000000 0.000000 0.000000 0.000000 0.000000 0.000000 0.000000 0.000000 0.000000 0.000000 0.000000 0.000000 0.000000 0.000000 0.000000 0.000000 0.000000 0.000000 0.000000 0.000000 0.000000 0.000000 0.000000 0.000000 0.000000 0.000000 0.000000 0.000000 0.000000 0.000000
0.000000 0.000000 0.013600 0.000000 0.000707 0.000000 0.000000 0.000093 0.001280 0.000067 0.000120 0.000160 0.021520 0.000080 0.000160 0.000000 0.020213 0.000200 0.005147 0.000000 0.000067 0.004467 0.000787 0.003307 0.024107 0.017173 0.036520 0.000107 0.000600 0.000000 0.001000 0.000520 0.000000 0.002547 0.000000 0.000000 0.003333 0.000000 0.000000 0.000000 0.000000 0.000000 0.000000 0.000000 0.000320 0.000000 0.000347 0.000000 0.000000 0.000000 0.001747 0.000000 0.000533 0.000000 0.000000 0.000000 0.001507 0.000000 0.000000 0.001333 0.001280 0.000000 0.000000 0.000000 0.000213 0.000000 0.000000 0.000160
0.000507 0.013600 0.000000 0.000587 0.000000 0.000173 0.041520 0.008253 0.000000 0.001187 0.000120 0.000093 0.000067 0.011453 0.000000 0.000507 0.004893 0.000000 0.000067 0.000000 0.002267 0.001573 0.076200 0.004560 0.000000 0.068093 0.114013 0.018293 0.001693 0.005347 0.000213 0.000067 0.000000 0.000387 0.000000 0.002987 0.006200 0.000000 0.000000 0.000000 0.000000 0.000000 0.000000 0.000000 0.000000 0.000000 0.000000 0.000000 0.000000 0.000000 0.007493 0.000000 0.000000 0.000000 0.000067 0.000453 0.010880 0.000000 0.000000 0.000107 0.000947 0.000120 0.000000 0.000000 0.000000 0.000000 0.000000 0.000760
0.000120 0.000000 0.000587 0.000000 0.000000 0.012827 0.005213 0.006707 0.012040 0.093027 0.000533 0.009493 0.000173 0.005453 0.000147 0.000000 0.000000 0.000067 0.000107 0.112813 0.000000 0.000000 0.000120 0.067053 0.000000 0.000480 0.000467 0.100907 0.011347 0.000000 0.000080 0.001547 0.000147 0.002293 0.000000 0.000000 0.000000 0.015693 0.000000 0.000107 0.000120 0.000147 0.003387 0.003560 0.000000 0.001813 0.000000 0.000267 0.000000 0.000000 0.000000 0.000000 0.000000 0.002187 0.000000 0.000000 0.000000 0.005827 0.000000 0.000000 0.000000 0.008453 0.000587 0.000000 0.000000 0.000000 0.000000 0.000360
0.000000 0.000707 0.000000 0.000000 0.000000 0.003293 0.000000 0.000093 0.001960 0.000000 0.000000 0.000000 0.001493 0.000067 0.028960 0.000000 0.000093 0.000000 0.000000 0.000000 0.000000 0.002213 0.000000 0.000000 0.002200 0.000320 0.005333 0.000000 0.000147 0.000000 0.000267 0.011893 0.000000 0.000107 0.000000 0.000000 0.000000 0.000000 0.000000 0.000000 0.000000 0.000000 0.000000 0.000000 0.000093 0.000000 0.000067 0.000000 0.000000 0.000000 0.000000 0.000000 0.000000 0.000000 0.000000 0.000000 0.000000 0.000000 0.000000 0.000000 0.000000 0.000000 0.000000 0.000000 0.000000 0.000000 0.000000 0.000000
0.000133 0.000000 0.000173 0.012827 0.003293 0.000000 0.009227 0.090960 0.000467 0.308907 0.000533 0.085307 0.000333 0.002813 0.022400 0.000000 0.000160 0.000107 0.000093 0.004680 0.000000 0.000120 0.000000 0.000093 0.000133 0.000320 0.000387 0.005413 0.001373 0.000067 0.000067 0.008773 0.000080 0.001080 0.000000 0.000000 0.000000 0.000600 0.000000 0.000000 0.000000 0.000000 0.000000 0.000107 0.000000 0.000160 0.000000 0.000080 0.000000 0.000000 0.000000 0.000000 0.000000 0.000093 0.000000 0.000000 0.000000 0.000427 0.000000 0.000000 0.000000 0.000293 0.000200 0.000000 0.000000 0.000000 0.000000 0.000067
0.007160 0.000000 0.041520 0.005213 0.000000 0.009227 0.000000 0.066027 0.000933 0.279827 0.000280 0.000200 0.000147 0.102320 0.000000 0.000000 0.012827 0.000187 0.001133 0.000267 0.003480 0.000000 0.035107 0.013733 0.000000 0.016800 0.001373 0.346280 0.011640 0.039707 0.000000 0.000747 0.000493 0.002040 0.000000 0.000000 0.000000 0.000293 0.000000 0.000000 0.000000 0.000000 0.000093 0.000000 0.000000 0.000000 0.000000 0.000000 0.000000 0.000000 0.000000 0.000000 0.000000 0.000093 0.000000 0.000000 0.000000 0.000547 0.000000 0.000000 0.000000 0.000200 0.000000 0.000000 0.000000 0.000000 0.000000 0.000000
0.003187 0.000093 0.008253 0.006707 0.000093 0.090960 0.066027 0.000000 0.001947 0.148640 0.001907 0.026413 0.000613 0.173840 0.000320 0.000000 0.009120 0.000893 0.005107 0.001587 0.000147 0.000000 0.002453 0.001760 0.000133 0.012120 0.001267 0.012173 0.022520 0.009587 0.000200 0.061387 0.000080 0.001267 0.000000 0.000000 0.000000 0.000387 0.000000 0.000000 0.000000 0.000080 0.000173 0.000147 0.000067 0.000000 0.000000 0.000253 0.000000 0.000000 0.000000 0.000000 0.000000 0.000067 0.000000 0.000000 0.000000 0.001587 0.000000 0.000000 0.000000 0.000453 0.000453 0.000000 0.000000 0.000000 0.000000 0.000333
0.000000 0.001280 0.000000 0.012040 0.001960 0.000467 0.000933 0.001947 0.000000 0.003933 0.000240 0.003933 0.002453 0.001653 0.000213 0.000000 0.000000 0.000000 0.000000 0.001613 0.000000 0.011960 0.000000 0.010427 0.002947 0.000320 0.002587 0.004387 0.003627 0.001107 0.000200 0.000747 0.000560 0.000387 0.000000 0.000000 0.000000 0.000000 0.000000 0.000000 0.000000 0.000000 0.000067 0.000000 0.000147 0.000000 0.000160 0.000293 0.000000 0.000000 0.000000 0.000000 0.000000 0.000000 0.000000 0.000000 0.000000 0.000493 0.000000 0.000000 0.000000 0.000000 0.001067 0.000000 0.000000 0.000000 0.000000 0.000080
0.000373 0.000067 0.001187 0.093027 0.000000 0.308907 0.279827 0.148640 0.003933 0.000000 0.002040 0.066240 0.000680 0.023400 0.000000 0.000000 0.000147 0.000453 0.000360 0.042560 0.000000 0.000000 0.000840 0.007733 0.000200 0.002160 0.001907 0.094760 0.041507 0.000107 0.000213 0.003280 0.000333 0.010187 0.000000 0.000000 0.000000 0.004867 0.000000 0.000080 0.000000 0.000067 0.000560 0.001307 0.000000 0.000347 0.000000 0.000333 0.000000 0.000000 0.000000 0.000000 0.000000 0.000667 0.000000 0.000000 0.000000 0.004893 0.000000 0.000120 0.000067 0.003040 0.000467 0.000000 0.000000 0.000000 0.000000 0.000227
0.000080 0.000120 0.000120 0.000533 0.000000 0.000533 0.000280 0.001907 0.000240 0.002040 0.000000 0.002640 0.034480 0.002307 0.000000 0.000000 0.000333 0.096800 0.008627 0.000107 0.000000 0.000000 0.000000 0.000413 0.005013 0.079560 0.011747 0.000307 0.011240 0.000120 0.011093 0.011707 0.000080 0.029213 0.000000 0.000200 0.000000 0.000000 0.000000 0.000000 0.000000 0.000000 0.000067 0.000000 0.001307 0.000000 0.006987 0.000080 0.000000 0.000000 0.000000 0.000093 0.000093 0.000000 0.000000 0.000000 0.000000 0.000213 0.000147 0.003067 0.002467 0.000000 0.000173 0.000000 0.003107 0.000000 0.000000 0.000093
0.000080 0.000160 0.000093 0.009493 0.000000 0.085307 0.000200 0.026413 0.003933 0.066240 0.002640 0.000000 0.001173 0.016360 0.000080 0.000000 0.000173 0.000960 0.000400 0.022067 0.000000 0.000000 0.000000 0.000000 0.000293 0.001480 0.001933 0.000333 0.019173 0.000000 0.000280 0.008747 0.000000 0.003213 0.000000 0.000000 0.000000 0.003933 0.000000 0.000067 0.000067 0.000000 0.000840 0.000533 0.000000 0.000760 0.000000 0.000000 0.000000 0.000000 0.000000 0.000000 0.000000 0.000733 0.000000 0.000000 0.000000 0.000227 0.000000 0.000133 0.000093 0.002507 0.000093 0.000000 0.000000 0.000000 0.000000 0.000000
0.000000 0.021520 0.000067 0.000173 0.001493 0.000333 0.000147 0.000613 0.002453 0.000680 0.034480 0.001173 0.000000 0.000640 0.000200 0.000000 0.000120 0.000147 0.000173 0.000000 0.000000 0.005333 0.000000 0.005000 0.044307 0.005933 0.063427 0.000173 0.002920 0.000000 0.029293 0.004907 0.000000 0.010027 0.000000 0.000253 0.000000 0.000000 0.000000 0.000000 0.000000 0.000000 0.000000 0.000000 0.005027 0.000000 0.011387 0.000107 0.000000 0.000000 0.000080 0.000093 0.000067 0.000000 0.000000 0.000000 0.000000 0.000133 0.000280 0.006773 0.003547 0.000000 0.000000 0.000000 0.007227 0.000000 0.000000 0.000360
0.093093 0.000080 0.011453 0.005453 0.000067 0.002813 0.102320 0.173840 0.001653 0.023400 0.002307 0.016360 0.000640 0.000000 0.000080 0.000000 0.022000 0.002267 0.011133 0.001093 0.000080 0.000000 0.002800 0.002027 0.000333 0.016773 0.002173 0.009147 0.093240 0.031480 0.000240 0.009067 0.000000 0.003933 0.000000 0.000080 0.000000 0.000093 0.000000 0.000000 0.000000 0.000093 0.000147 0.000080 0.000000 0.000000 0.000000 0.000307 0.000000 0.000000 0.000000 0.000000 0.000000 0.000000 0.000000 0.000000 0.000000 0.000693 0.000000 0.000107 0.000107 0.000187 0.000480 0.000000 0.000000 0.000067 0.000000 0.000293
0.000000 0.000160 0.000000 0.000147 0.028960 0.022400 0.000000 0.000320 0.000213 0.000000 0.000000 0.000080 0.000200 0.000080 0.000000 0.000000 0.000000 0.000000 0.000000 0.000000 0.000000 0.000280 0.000000 0.000000 0.000347 0.000000 0.000533 0.000000 0.000200 0.000000 0.000000 0.013667 0.000000 0.000000 0.000000 0.000000 0.000000 0.000000 0.000000 0.000000 0.000000 0.000000 0.000000 0.000000 0.000000 0.000000 0.000000 0.000000 0.000000 0.000000 0.000000 0.000000 0.000000 0.000000 0.000000 0.000000 0.000000 0.000000 0.000000 0.000000 0.000000 0.000000 0.000000 0.000000 0.000000 0.000000 0.000000 0.000000
0.000000 0.000000 0.000507 0.000000 0.000000 0.000000 0.000000 0.000000 0.000000 0.000000 0.000000 0.000000 0.000000 0.000000 0.000000 0.000000 0.000400 0.000000 0.000000 0.000000 0.025627 0.025853 0.068173 0.010587 0.000000 0.000227 0.003613 0.006360 0.000200 0.032400 0.000000 0.000000 0.000093 0.000773 0.000000 0.000000 0.000000 0.000000 0.000000 0.000000 0.000000 0.000000 0.000067 0.000000 0.000000 0.000000 0.000000 0.000000 0.000000 0.002933 0.000000 0.000000 0.000000 0.000000 0.000227 0.003413 0.002160 0.000000 0.000000 0.000000 0.000200 0.000000 0.000160 0.000293 0.000000 0.000000 0.000000 0.000160
0.004227 0.020213 0.004893 0.000000 0.000093 0.000160 0.012827 0.009120 0.000000 0.000147 0.000333 0.000173 0.000120 0.022000 0.000000 0.000400 0.000000 0.013907 0.048680 0.000000 0.006040 0.001253 0.039147 0.000627 0.000000 0.025747 0.072347 0.000800 0.026960 0.049747 0.000187 0.000320 0.000173 0.012373 0.000000 0.003733 0.019307 0.000000 0.000000 0.000000 0.000000 0.000000 0.000000 0.000000 0.000000 0.000000 0.000000 0.000080 0.000000 0.000067 0.018813 0.000000 0.000800 0.000000 0.000093 0.000267 0.012653 0.000080 0.000000 0.002920 0.007720 0.000227 0.000067 0.000000 0.000000 0.000000 0.000000 0.002333
0.000373 0.000200 0.000000 0.000067 0.000000 0.000107 0.000187 0.000893 0.000000 0.000453 0.096800 0.000960 0.000147 0.002267 0.000000 0.000000 0.013907 0.000000 0.095027 0.000000 0.000000 0.000000 0.000160 0.000000 0.000653 0.030080 0.001173 0.000080 0.007907 0.000787 0.000960 0.002400 0.000147 0.009333 0.000000 0.000080 0.000080 0.000000 0.000000 0.000000 0.000000 0.000000 0.000000 0.000000 0.000533 0.000000 0.001813 0.000000 0.000000 0.000000 0.000373 0.000240 0.000120 0.000000 0.000000 0.000000 0.000000 0.000000 0.000200 0.006413 0.002667 0.000000 0.000000 0.000000 0.002413 0.000000 0.000000 0.000000
0.002107 0.005147 0.000067 0.000107 0.000000 0.000093 0.001133 0.005107 0.000000 0.000360 0.008627 0.000400 0.000173 0.011133 0.000000 0.000000 0.048680 0.095027 0.000000 0.000000 0.000080 0.000000 0.002040 0.000000 0.000347 0.061013 0.008253 0.000160 0.016827 0.003267 0.000080 0.000973 0.000667 0.034880 0.000000 0.001427 0.001347 0.000000 0.000000 0.000000 0.000000 0.000000 0.000000 0.000000 0.000067 0.000080 0.000000 0.000120 0.000000 0.000000 0.002467 0.000107 0.001213 0.000000 0.000000 0.000000 0.000080 0.000000 0.000067 0.005600 0.003680 0.000000 0.000000 0.000000 0.000093 0.000000 0.000000 0.000933
0.000000 0.000000 0.000000 0.112813 0.000000 0.004680 0.000267 0.001587 0.001613 0.042560 0.000107 0.022067 0.000000 0.001093 0.000000 0.000000 0.000000 0.000000 0.000000 0.000000 0.000000 0.000000 0.000000 0.000067 0.000000 0.000080 0.000000 0.001787 0.000813 0.000000 0.000000 0.000387 0.000000 0.000093 0.000000 0.000000 0.000000 0.001227 0.000000 0.000000 0.000000 0.000000 0.000120 0.000120 0.000000 0.000227 0.000000 0.000000 0.000000 0.000000 0.000000 0.000000 0.000000 0.000267 0.000000 0.000000 0.000000 0.000147 0.000000 0.000000 0.000000 0.000533 0.000000 0.000000 0.000000 0.000000 0.000000 0.000000
0.000000 0.000067 0.002267 0.000000 0.000000 0.000000 0.003480 0.000147 0.000000 0.000000 0.000000 0.000000 0.000000 0.000080 0.000000 0.025627 0.006040 0.000000 0.000080 0.000000 0.000000 0.003373 0.128947 0.000440 0.000000 0.000427 0.001427 0.007600 0.000453 0.106827 0.000000 0.000000 0.000120 0.024760 0.000000 0.000000 0.000000 0.000000 0.000000 0.000000 0.000000 0.000000 0.000120 0.000000 0.000000 0.000000 0.000000 0.000000 0.000000 0.000093 0.000000 0.000000 0.000000 0.000000 0.000000 0.000453 0.000120 0.000000 0.000000 0.000000 0.000000 0.000000 0.000067 0.000120 0.000000 0.000000 0.000000 0.000200
0.000000 0.004467 0.001573 0.000000 0.002213 0.000120 0.000000 0.000000 0.011960 0.000000 0.000000 0.000000 0.005333 0.000000 0.000280 0.025853 0.001253 0.000000 0.000000 0.000000 0.003373 0.000000 0.036413 0.058080 0.006613 0.000373 0.021960 0.003000 0.000000 0.006867 0.000280 0.000533 0.000000 0.000147 0.000000 0.000000 0.000000 0.000000 0.000000 0.000000 0.000000 0.000000 0.000000 0.000000 0.000200 0.000000 0.000147 0.000000 0.000000 0.001347 0.000000 0.000000 0.000000 0.000000 0.000347 0.000000 0.001987 0.000000 0.000000 0.000000 0.000720 0.000000 0.000000 0.000227 0.000120 0.000000 0.000000 0.000000
0.000160 0.000787 0.076200 0.000120 0.000000 0.000000 0.035107 0.002453 0.000000 0.000840 0.000000 0.000000 0.000000 0.002800 0.000000 0.068173 0.039147 0.000160 0.002040 0.000000 0.128947 0.036413 0.000000 0.003907 0.000000 0.057347 0.134947 0.033947 0.001693 0.062547 0.000000 0.000000 0.000000 0.030547 0.000000 0.000107 0.002373 0.000000 0.000000 0.000000 0.000000 0.000000 0.000000 0.000000 0.000000 0.000000 0.000000 0.000000 0.000000 0.007480 0.002133 0.000000 0.000000 0.000000 0.000600 0.003613 0.047747 0.000200 0.000000 0.000080 0.010627 0.000293 0.000000 0.000000 0.000000 0.000000 0.000000 0.000000
0.000160 0.003307 0.004560 0.067053 0.000000 0.000093 0.013733 0.001760 0.010427 0.007733 0.000413 0.000000 0.005000 0.002027 0.000000 0.010587 0.000627 0.000000 0.000000 0.000067 0.000440 0.058080 0.003907 0.000000 0.007413 0.005800 0.073853 0.160253 0.018013 0.016933 0.001187 0.000240 0.005173 0.004307 0.000000 0.000000 0.000000 0.000080 0.000000 0.000000 0.000000 0.000173 0.000440 0.000067 0.000347 0.000000 0.000373 0.000520 0.000000 0.000000 0.000000 0.000000 0.000000 0.000000 0.000000 0.000267 0.000000 0.002093 0.000000 0.000267 0.000147 0.000467 0.001093 0.000000 0.000240 0.000107 0.000000 0.000627
0.000000 0.024107 0.000000 0.000000 0.002200 0.000133 0.000000 0.000133 0.002947 0.000200 0.005013 0.000293 0.044307 0.000333 0.000347 0.000000 0.000000 0.000653 0.000347 0.000000 0.000000 0.006613 0.000000 0.007413 0.000000 0.013200 0.039267 0.000067 0.001240 0.000067 0.006080 0.001107 0.000000 0.002040 0.000000 0.000187 0.000000 0.000000 0.000000 0.000000 0.000000 0.000000 0.000000 0.000000 0.000120 0.000000 0.001093 0.000000 0.000000 0.000000 0.000067 0.000133 0.000187 0.000000 0.000000 0.000000 0.000000 0.000067 0.000747 0.001453 0.000760 0.000000 0.000000 0.000000 0.000427 0.000000 0.000000 0.000080
0.001227 0.017173 0.068093 0.000480 0.000320 0.000320 0.016800 0.012120 0.000320 0.002160 0.079560 0.001480 0.005933 0.016773 0.000000 0.000227 0.025747 0.030080 0.061013 0.000080 0.000427 0.000373 0.057347 0.005800 0.013200 0.000000 0.125853 0.007027 0.012813 0.004413 0.007520 0.004187 0.000227 0.024507 0.000000 0.007373 0.006213 0.000093 0.000000 0.000000 0.000000 0.000187 0.000000 0.000107 0.003213 0.000187 0.013680 0.000720 0.000000 0.000000 0.008640 0.003027 0.008280 0.000000 0.000080 0.000000 0.002013 0.000307 0.002093 0.068920 0.041973 0.000120 0.000387 0.000347 0.013587 0.000067 0.000000 0.005840
0.000200 0.036520 0.114013 0.000467 0.005333 0.000387 0.001373 0.001267 0.002587 0.001907 0.011747 0.001933 0.063427 0.002173 0.000533 0.003613 0.072347 0.001173 0.008253 0.000000 0.001427 0.021960 0.134947 0.073853 0.039267 0.125853 0.000000 0.026973 0.010787 0.000920 0.025840 0.005613 0.000413 0.060267 0.000000 0.004840 0.001040 0.000000 0.000000 0.000000 0.000000 0.000093 0.000000 0.000107 0.001867 0.000093 0.004933 0.000440 0.000000 0.001307 0.003413 0.001387 0.004493 0.000000 0.000200 0.000547 0.009027 0.000200 0.001413 0.036960 0.020427 0.000200 0.000227 0.000200 0.005773 0.000000 0.000000 0.003360
0.000173 0.000107 0.018293 0.100907 0.000000 0.005413 0.346280 0.012173 0.004387 0.094760 0.000307 0.000333 0.000173 0.009147 0.000000 0.006360 0.000800 0.000080 0.000160 0.001787 0.007600 0.003000 0.033947 0.160253 0.000067 0.007027 0.026973 0.000000 0.036333 0.086200 0.000120 0.000627 0.008093 0.007133 0.000000 0.000000 0.000000 0.003627 0.000000 0.000000 0.000000 0.000107 0.000987 0.000573 0.000080 0.000493 0.000000 0.000173 0.000000 0.000000 0.000000 0.000000 0.000000 0.000720 0.000000 0.000227 0.000000 0.002213 0.000000 0.000093 0.000000 0.001840 0.000413 0.000000 0.000000 0.000000 0.000000 0.000200
0.111067 0.000600 0.001693 0.011347 0.000147 0.001373 0.011640 0.022520 0.003627 0.041507 0.011240 0.019173 0.002920 0.093240 0.000200 0.000200 0.026960 0.007907 0.016827 0.000813 0.000453 0.000000 0.001693 0.018013 0.001240 0.012813 0.010787 0.036333 0.000000 0.025867 0.000867 0.004080 0.026240 0.030080 0.000067 0.000133 0.000000 0.000613 0.000000 0.000000 0.000000 0.000333 0.000440 0.000267 0.000147 0.000000 0.000000 0.001067 0.000000 0.000000 0.000000 0.000067 0.000120 0.000080 0.000000 0.000000 0.000000 0.002373 0.000000 0.000387 0.000360 0.000547 0.001667 0.000000 0.000000 0.000120 0.000000 0.000733
0.016507 0.000000 0.005347 0.000000 0.000000 0.000067 0.039707 0.009587 0.001107 0.000107 0.000120 0.000000 0.000000 0.031480 0.000000 0.032400 0.049747 0.000787 0.003267 0.000000 0.106827 0.006867 0.062547 0.016933 0.000067 0.004413 0.000920 0.086200 0.025867 0.000000 0.000000 0.000107 0.000000 0.005520 0.000000 0.000000 0.000000 0.000000 0.000000 0.000000 0.000000 0.000000 0.000160 0.000000 0.000000 0.000000 0.000000 0.000000 0.000000 0.000293 0.000000 0.000000 0.000000 0.000000 0.000000 0.000853 0.000000 0.000000 0.000000 0.000000 0.000000 0.000000 0.000000 0.000240 0.000000 0.000000 0.000000 0.000120
0.000000 0.001000 0.000213 0.000080 0.000267 0.000067 0.000000 0.000200 0.000200 0.000213 0.011093 0.000280 0.029293 0.000240 0.000000 0.000000 0.000187 0.000960 0.000080 0.000000 0.000000 0.000280 0.000000 0.001187 0.006080 0.007520 0.025840 0.000120 0.000867 0.000000 0.000000 0.000827 0.000000 0.001680 0.000000 0.000093 0.000000 0.000000 0.000000 0.000000 0.000000 0.000000 0.000000 0.000000 0.001160 0.000000 0.005587 0.000000 0.000000 0.000000 0.000093 0.000160 0.000080 0.000000 0.000000 0.000000 0.000000 0.000133 0.000280 0.005627 0.002933 0.000000 0.000000 0.000000 0.004267 0.000000 0.000000 0.000173
0.000000 0.000520 0.000067 0.001547 0.011893 0.008773 0.000747 0.061387 0.000747 0.003280 0.011707 0.008747 0.004907 0.009067 0.013667 0.000000 0.000320 0.002400 0.000973 0.000387 0.000000 0.000533 0.000000 0.000240 0.001107 0.004187 0.005613 0.000627 0.004080 0.000107 0.000827 0.000000 0.000000 0.039520 0.000000 0.000000 0.000000 0.000080 0.000000 0.000000 0.000000 0.000000 0.000067 0.000000 0.000000 0.000000 0.000067 0.000067 0.000000 0.000000 0.000000 0.000000 0.000000 0.000000 0.000000 0.000000 0.000000 0.000213 0.000000 0.000307 0.000120 0.000107 0.000187 0.000000 0.000000 0.000000 0.000000 0.000120
0.000000 0.000000 0.000000 0.000147 0.000000 0.000080 0.000493 0.000080 0.000560 0.000333 0.000080 0.000000 0.000000 0.000000 0.000000 0.000093 0.000173 0.000147 0.000667 0.000000 0.000120 0.000000 0.000000 0.005173 0.000000 0.000227 0.000413 0.008093 0.026240 0.000000 0.000000 0.000000 0.000000 0.003480 0.000000 0.000000 0.000000 0.000000 0.000000 0.000000 0.000000 0.000000 0.000080 0.000000 0.000000 0.000000 0.000000 0.000000 0.000000 0.000000 0.000000 0.000000 0.000000 0.000000 0.000000 0.000000 0.000000 0.000000 0.000000 0.000000 0.000000 0.000000 0.000093 0.000000 0.000000 0.000000 0.000000 0.000000
0.000693 0.002547 0.000387 0.002293 0.000107 0.001080 0.002040 0.001267 0.000387 0.010187 0.029213 0.003213 0.010027 0.003933 0.000000 0.000773 0.012373 0.009333 0.034880 0.000093 0.024760 0.000147 0.030547 0.004307 0.002040 0.024507 0.060267 0.007133 0.030080 0.005520 0.001680 0.039520 0.003480 0.000000 0.000000 0.000160 0.001053 0.000227 0.000000 0.000000 0.000000 0.000173 0.000080 0.000093 0.000000 0.000000 0.000133 0.000333 0.000000 0.000000 0.000653 0.000120 0.000373 0.000000 0.000000 0.000000 0.000333 0.000733 0.000080 0.001573 0.001320 0.000213 0.000627 0.000067 0.000107 0.000000 0.000000 0.000373
0.000000 0.000000 0.000000 0.000000 0.000000 0.000000 0.000000 0.000000 0.000000 0.000000 0.000000 0.000000 0.000000 0.000000 0.000000 0.000000 0.000000 0.000000 0.000000 0.000000 0.000000 0.000000 0.000000 0.000000 0.000000 0.000000 0.000000 0.000000 0.000067 0.000000 0.000000 0.000000 0.000000 0.000000 0.000000 0.000000 0.000000 0.000093 0.000000 0.000000 0.018853 0.010760 0.000120 0.000000 0.000093 0.000000 0.000000 0.048333 0.000000 0.000000 0.000000 0.000000 0.000213 0.000000 0.000000 0.000000 0.000000 0.000213 0.000000 0.000320 0.000453 0.000920 0.106027 0.022507 0.000000 0.000000 0.000160 0.000387
0.000000 0.000000 0.002987 0.000000 0.000000 0.000000 0.000000 0.000000 0.000000 0.000000 0.000200 0.000000 0.000253 0.000080 0.000000 0.000000 0.003733 0.000080 0.001427 0.000000 0.000000 0.000000 0.000107 0.000000 0.000187 0.007373 0.004840 0.000000 0.000133 0.000000 0.000093 0.000000 0.000000 0.000160 0.000000 0.000000 0.013307 0.000120 0.001093 0.000347 0.000000 0.000133 0.001453 0.000067 0.000000 0.000067 0.019480 0.000067 0.000253 0.000000 0.019587 0.000160 0.004133 0.000000 0.000000 0.001600 0.009307 0.003107 0.021440 0.004493 0.007547 0.000093 0.000080 0.000107 0.000000 0.000533 0.000000 0.000907
0.000000 0.003333 0.006200 0.000000 0.000000 0.000000 0.000000 0.000000 0.000000 0.000000 0.000000 0.000000 0.000000 0.000000 0.000000 0.000000 0.019307 0.000080 0.001347 0.000000 0.000000 0.000000 0.002373 0.000000 0.000000 0.006213 0.001040 0.000000 0.000000 0.000000 0.000000 0.000000 0.000000 0.001053 0.000000 0.013307 0.000000 0.000000 0.000000 0.000000 0.001413 0.000000 0.000000 0.000000 0.000000 0.000000 0.000080 0.000000 0.000000 0.000613 0.080107 0.000320 0.001507 0.000000 0.013573 0.000333 0.055200 0.002240 0.000000 0.139920 0.074813 0.011253 0.000000 0.000853 0.000000 0.000000 0.000000 0.000547
0.000000 0.000000 0.000000 0.015693 0.000000 0.000600 0.000293 0.000387 0.000000 0.004867 0.000000 0.003933 0.000000 0.000093 0.000000 0.000000 0.000000 0.000000 0.000000 0.001227 0.000000 0.000000 0.000000 0.000080 0.000000 0.000093 0.000000 0.003627 0.000613 0.000000 0.000000 0.000080 0.000000 0.000227 0.000093 0.000120 0.000000 0.000000 0.000187 0.007120 0.013893 0.008507 0.015987 0.178480 0.000467 0.017373 0.000493 0.008360 0.000093 0.000000 0.000000 0.000107 0.000133 0.083453 0.000000 0.000187 0.000000 0.018907 0.000000 0.000440 0.000587 0.132507 0.009933 0.000000 0.000107 0.000907 0.000120 0.002107
0.000000 0.000000 0.000000 0.000000 0.000000 0.000000 0.000000 0.000000 0.000000 0.000000 0.000000 0.000000 0.000000 0.000000 0.000000 0.000000 0.000000 0.000000 0.000000 0.000000 0.000000 0.000000 0.000000 0.000000 0.000000 0.000000 0.000000 0.000000 0.000000 0.000000 0.000000 0.000000 0.000000 0.000000 0.000000 0.001093 0.000000 0.000187 0.000000 0.001493 0.000133 0.003147 0.001693 0.000360 0.000000 0.000293 0.001587 0.000080 0.018480 0.000000 0.000000 0.000000 0.000000 0.000000 0.000000 0.003440 0.000000 0.001467 0.000627 0.000627 0.001867 0.000147 0.000000 0.000000 0.000000 0.000160 0.000000 0.001613
0.000000 0.000000 0.000000 0.000107 0.000000 0.000000 0.000000 0.000000 0.000000 0.000080 0.000000 0.000067 0.000000 0.000000 0.000000 0.000000 0.000000 0.000000 0.000000 0.000000 0.000000 0.000000 0.000000 0.000000 0.000000 0.000000 0.000000 0.000000 0.000000 0.000000 0.000000 0.000000 0.000000 0.000000 0.000000 0.000347 0.000000 0.007120 0.001493 0.000000 0.022827 0.042893 0.001853 0.253600 0.000373 0.022213 0.000960 0.005107 0.035027 0.000000 0.000000 0.000000 0.000080 0.011053 0.000000 0.000680 0.000000 0.002080 0.000400 0.000280 0.000960 0.014200 0.002920 0.000000 0.000000 0.005040 0.000000 0.000800
0.000000 0.000000 0.000000 0.000120 0.000000 0.000000 0.000000 0.000000 0.000000 0.000000 0.000000 0.000067 0.000000 0.000000 0.000000 0.000000 0.000000 0.000000 0.000000 0.000000 0.000000 0.000000 0.000000 0.000000 0.000000 0.000000 0.000000 0.000000 0.000000 0.000000 0.000000 0.000000 0.000000 0.000000 0.018853 0.000000 0.001413 0.013893 0.000133 0.022827 0.000000 0.064760 0.000147 0.446773 0.000147 0.000720 0.000000 0.085307 0.000133 0.000000 0.001880 0.000160 0.000373 0.002933 0.003627 0.000000 0.004453 0.002573 0.000000 0.001187 0.000253 0.241320 0.033773 0.030787 0.000000 0.000240 0.000000 0.000773
0.000000 0.000000 0.000000 0.000147 0.000000 0.000000 0.000000 0.000080 0.000000 0.000067 0.000000 0.000000 0.000000 0.000093 0.000000 0.000000 0.000000 0.000000 0.000000 0.000000 0.000000 0.000000 0.000000 0.000173 0.000000 0.000187 0.000093 0.000107 0.000333 0.000000 0.000000 0.000000 0.000000 0.000173 0.010760 0.000133 0.000000 0.008507 0.003147 0.042893 0.064760 0.000000 0.000400 0.085653 0.003667 0.018560 0.001120 0.267773 0.003147 0.000000 0.000000 0.001147 0.000320 0.006800 0.000000 0.000147 0.000000 0.000507 0.000160 0.001920 0.001440 0.010907 0.032067 0.004120 0.000627 0.039987 0.000000 0.007773
0.000000 0.000000 0.000000 0.003387 0.000000 0.000000 0.000093 0.000173 0.000067 0.000560 0.000067 0.000840 0.000000 0.000147 0.000000 0.000067 0.000000 0.000000 0.000000 0.000120 0.000120 0.000000 0.000000 0.000440 0.000000 0.000000 0.000000 0.000987 0.000440 0.000160 0.000000 0.000067 0.000080 0.000080 0.000120 0.001453 0.000000 0.015987 0.001693 0.001853 0.000147 0.000400 0.000000 0.002013 0.000120 0.000800 0.002693 0.000973 0.000853 0.000000 0.000000 0.000000 0.000000 0.001693 0.000000 0.009920 0.000000 0.030120 0.001387 0.000440 0.002307 0.020960 0.002707 0.000160 0.000000 0.001560 0.000133 0.000347
0.000000 0.000000 0.000000 0.003560 0.000000 0.000107 0.000000 0.000147 0.000000 0.001307 0.000000 0.000533 0.000000 0.000080 0.000000 0.000000 0.000000 0.000000 0.000000 0.000120 0.000000 0.000000 0.000000 0.000067 0.000000 0.000107 0.000107 0.000573 0.000267 0.000000 0.000000 0.000000 0.000000 0.000093 0.000000 0.000067 0.000000 0.178480 0.000360 0.253600 0.446773 0.085653 0.002013 0.000000 0.000947 0.032200 0.000333 0.022093 0.001000 0.000000 0.000067 0.000373 0.000227 0.273747 0.000000 0.000000 0.000000 0.002307 0.000133 0.000787 0.000973 0.245000 0.023387 0.000000 0.000280 0.002173 0.000000 0.004827
0.000000 0.000320 0.000000 0.000000 0.000093 0.000000 0.000000 0.000067 0.000147 0.000000 0.001307 0.000000 0.005027 0.000000 0.000000 0.000000 0.000000 0.000533 0.000067 0.000000 0.000000 0.000200 0.000000 0.000347 0.000120 0.003213 0.001867 0.000080 0.000147 0.000000 0.001160 0.000000 0.000000 0.000000 0.000093 0.000000 0.000000 0.000467 0.000000 0.000373 0.000147 0.003667 0.000120 0.000947 0.000000 0.001133 0.037147 0.009933 0.000000 0.000000 0.000347 0.138987 0.014080 0.000267 0.000000 0.000000 0.000147 0.000120 0.000400 0.083493 0.005813 0.000360 0.015373 0.000920 0.027120 0.010227 0.000000 0.031600
0.000000 0.000000 0.000000 0.001813 0.000000 0.000160 0.000000 0.000000 0.000000 0.000347 0.000000 0.000760 0.000000 0.000000 0.000000 0.000000 0.000000 0.000000 0.000080 0.000227 0.000000 0.000000 0.000000 0.000000 0.000000 0.000187 0.000093 0.000493 0.000000 0.000000 0.000000 0.000000 0.000000 0.000000 0.000000 0.000067 0.000000 0.017373 0.000293 0.022213 0.000720 0.018560 0.000800 0.032200 0.001133 0.000000 0.000427 0.009653 0.000320 0.000000 0.000000 0.000627 0.000333 0.012893 0.000000 0.000080 0.000000 0.000853 0.000093 0.001107 0.000947 0.009067 0.014400 0.000000 0.000240 0.001533 0.000000 0.001987
0.000000 0.000347 0.000000 0.000000 0.000067 0.000000 0.000000 0.000000 0.000160 0.000000 0.006987 0.000000 0.011387 0.000000 0.000000 0.000000 0.000000 0.001813 0.000000 0.000000 0.000000 0.000147 0.000000 0.000373 0.001093 0.013680 0.004933 0.000000 0.000000 0.000000 0.005587 0.000067 0.000000 0.000133 0.000000 0.019480 0.000080 0.000493 0.001587 0.000960 0.000000 0.001120 0.002693 0.000333 0.037147 0.000427 0.000000 0.002440 0.000293 0.000000 0.000067 0.000427 0.000173 0.000093 0.000000 0.004360 0.000000 0.008227 0.040853 0.009507 0.037720 0.000240 0.003227 0.000067 0.019333 0.002907 0.000000 0.007733
0.000000 0.000000 0.000000 0.000267 0.000000 0.000080 0.000000 0.000253 0.000293 0.000333 0.000080 0.000000 0.000107 0.000307 0.000000 0.000000 0.000080 0.000000 0.000120 0.000000 0.000000 0.000000 0.000000 0.000520 0.000000 0.000720 0.000440 0.000173 0.001067 0.000000 0.000000 0.000067 0.000000 0.000333 0.048333 0.000067 0.000000 0.008360 0.000080 0.005107 0.085307 0.267773 0.000973 0.022093 0.009933 0.009653 0.002440 0.000000 0.000107 0.000000 0.000307 0.002973 0.002387 0.003640 0.000000 0.000000 0.000000 0.001107 0.000400 0.007547 0.008173 0.008693 0.223880 0.023507 0.001827 0.027067 0.000187 0.027920
0.000000 0.000000 0.000000 0.000000 0.000000 0.000000 0.000000 0.000000 0.000000 0.000000 0.000000 0.000000 0.000000 0.000000 0.000000 0.000000 0.000000 0.000000 0.000000 0.000000 0.000000 0.000000 0.000000 0.000000 0.000000 0.000000 0.000000 0.000000 0.000000 0.000000 0.000000 0.000000 0.000000 0.000000 0.000000 0.000253 0.000000 0.000093 0.018480 0.035027 0.000133 0.003147 0.000853 0.001000 0.000000 0.000320 0.000293 0.000107 0.000000 0.000000 0.000000 0.000000 0.000000 0.000067 0.000000 0.000933 0.000000 0.000493 0.000213 0.000147 0.000440 0.000080 0.000000 0.000000 0.000000 0.015667 0.000000 0.000000
0.000000 0.000000 0.000000 0.000000 0.000000 0.000000 0.000000 0.000000 0.000000 0.000000 0.000000 0.000000 0.000000 0.000000 0.000000 0.002933 0.000067 0.000000 0.000000 0.000000 0.000093 0.001347 0.007480 0.000000 0.000000 0.000000 0.001307 0.000000 0.000000 0.000293 0.000000 0.000000 0.000000 0.000000 0.000000 0.000000 0.000613 0.000000 0.000000 0.000000 0.000000 0.000000 0.000000 0.000000 0.000000 0.000000 0.000000 0.000000 0.000000 0.000000 0.002040 0.000067 0.000120 0.000000 0.073347 0.027307 0.059347 0.028973 0.000000 0.000187 0.002053 0.032693 0.000213 0.016640 0.000000 0.000000 0.000000 0.002253
0.000000 0.001747 0.007493 0.000000 0.000000 0.000000 0.000000 0.000000 0.000000 0.000000 0.000000 0.000000 0.000080 0.000000 0.000000 0.000000 0.018813 0.000373 0.002467 0.000000 0.000000 0.000000 0.002133 0.000000 0.000067 0.008640 0.003413 0.000000 0.000000 0.000000 0.000093 0.000000 0.000000 0.000653 0.000000 0.019587 0.080107 0.000000 0.000000 0.000000 0.001880 0.000000 0.000000 0.000067 0.000347 0.000000 0.000067 0.000307 0.000000 0.002040 0.000000 0.006507 0.036813 0.000000 0.004933 0.001440 0.053907 0.000787 0.000000 0.026787 0.073653 0.002080 0.000067 0.035347 0.000107 0.000000 0.000000 0.003040
0.000000 0.000000 0.000000 0.000000 0.000000 0.000000 0.000000 0.000000 0.000000 0.000000 0.000093 0.000000 0.000093 0.000000 0.000000 0.000000 0.000000 0.000240 0.000107 0.000000 0.000000 0.000000 0.000000 0.000000 0.000133 0.003027 0.001387 0.000000 0.000067 0.000000 0.000160 0.000000 0.000000 0.000120 0.000000 0.000160 0.000320 0.000107 0.000000 0.000000 0.000160 0.001147 0.000000 0.000373 0.138987 0.000627 0.000427 0.002973 0.000000 0.000067 0.006507 0.000000 0.116600 0.000267 0.000227 0.000000 0.000827 0.000000 0.001600 0.032720 0.002827 0.000227 0.001680 0.004907 0.001107 0.000427 0.000000 0.012893
0.000000 0.000533 0.000000 0.000000 0.000000 0.000000 0.000000 0.000000 0.000000 0.000000 0.000093 0.000000 0.000067 0.000000 0.000000 0.000000 0.000800 0.000120 0.001213 0.000000 0.000000 0.000000 0.000000 0.000000 0.000187 0.008280 0.004493 0.000000 0.000120 0.000000 0.000080 0.000000 0.000000 0.000373 0.000213 0.004133 0.001507 0.000133 0.000000 0.000080 0.000373 0.000320 0.000000 0.000227 0.014080 0.000333 0.000173 0.002387 0.000000 0.000120 0.036813 0.116600 0.000000 0.000133 0.000320 0.000000 0.002173 0.000067 0.000840 0.037373 0.036827 0.000213 0.001253 0.010840 0.000240 0.000147 0.000000 0.039720
0.000000 0.000000 0.000000 0.002187 0.000000 0.000093 0.000093 0.000067 0.000000 0.000667 0.000000 0.000733 0.000000 0.000000 0.000000 0.000000 0.000000 0.000000 0.000000 0.000267 0.000000 0.000000 0.000000 0.000000 0.000000 0.000000 0.000000 0.000720 0.000080 0.000000 0.000000 0.000000 0.000000 0.000000 0.000000 0.000000 0.000000 0.083453 0.000000 0.011053 0.002933 0.006800 0.001693 0.273747 0.000267 0.012893 0.000093 0.003640 0.000067 0.000000 0.000000 0.000267 0.000133 0.000000 0.000000 0.000000 0.000000 0.003480 0.000000 0.000267 0.000253 0.017813 0.005973 0.000000 0.000000 0.000427 0.000000 0.000787
0.000000 0.000000 0.000067 0.000000 0.000000 0.000000 0.000000 0.000000 0.000000 0.000000 0.000000 0.000000 0.000000 0.000000 0.000000 0.000227 0.000093 0.000000 0.000000 0.000000 0.000000 0.000347 0.000600 0.000000 0.000000 0.000080 0.000200 0.000000 0.000000 0.000000 0.000000 0.000000 0.000000 0.000000 0.000000 0.000000 0.013573 0.000000 0.000000 0.000000 0.003627 0.000000 0.000000 0.000000 0.000000 0.000000 0.000000 0.000000 0.000000 0.073347 0.004933 0.000227 0.000320 0.000000 0.000000 0.007760 0.182653 0.001173 0.000000 0.003400 0.005320 0.023467 0.000200 0.130107 0.000000 0.000000 0.000000 0.007320
0.000000 0.000000 0.000453 0.000000 0.000000 0.000000 0.000000 0.000000 0.000000 0.000000 0.000000 0.000000 0.000000 0.000000 0.000000 0.003413 0.000267 0.000000 0.000000 0.000000 0.000453 0.000000 0.003613 0.000267 0.000000 0.000000 0.000547 0.000227 0.000000 0.000853 0.000000 0.000000 0.000000 0.000000 0.000000 0.001600 0.000333 0.000187 0.003440 0.000680 0.000000 0.000147 0.009920 0.000000 0.000000 0.000080 0.004360 0.000000 0.000933 0.027307 0.001440 0.000000 0.000000 0.000000 0.007760 0.000000 0.018733 0.031493 0.003053 0.000533 0.007747 0.000493 0.000093 0.003173 0.000000 0.001787 0.000000 0.000093
0.000000 0.001507 0.010880 0.000000 0.000000 0.000000 0.000000 0.000000 0.000000 0.000000 0.000000 0.000000 0.000000 0.000000 0.000000 0.002160 0.012653 0.000000 0.000080 0.000000 0.000120 0.001987 0.047747 0.000000 0.000000 0.002013 0.009027 0.000000 0.000000 0.000000 0.000000 0.000000 0.000000 0.000333 0.000000 0.009307 0.055200 0.000000 0.000000 0.000000 0.004453 0.000000 0.000000 0.000000 0.000147 0.000000 0.000000 0.000000 0.000000 0.059347 0.053907 0.000827 0.002173 0.000000 0.182653 0.018733 0.000000 0.003200 0.000000 0.035693 0.071760 0.057187 0.000093 0.079400 0.000000 0.000000 0.000000 0.010400
0.000000 0.000000 0.000000 0.005827 0.000000 0.000427 0.000547 0.001587 0.000493 0.004893 0.000213 0.000227 0.000133 0.000693 0.000000 0.000000 0.000080 0.000000 0.000000 0.000147 0.000000 0.000000 0.000200 0.002093 0.000067 0.000307 0.000200 0.002213 0.002373 0.000000 0.000133 0.000213 0.000000 0.000733 0.000213 0.003107 0.002240 0.018907 0.001467 0.002080 0.002573 0.000507 0.030120 0.002307 0.000120 0.000853 0.008227 0.001107 0.000493 0.028973 0.000787 0.000000 0.000067 0.003480 0.001173 0.031493 0.003200 0.000000 0.005987 0.008040 0.047693 0.122080 0.006933 0.001320 0.000253 0.001427 0.000200 0.001320
0.000000 0.000000 0.000000 0.000000 0.000000 0.000000 0.000000 0.000000 0.000000 0.000000 0.000147 0.000000 0.000280 0.000000 0.000000 0.000000 0.000000 0.000200 0.000067 0.000000 0.000000 0.000000 0.000000 0.000000 0.000747 0.002093 0.001413 0.000000 0.000000 0.000000 0.000280 0.000000 0.000000 0.000080 0.000000 0.021440 0.000000 0.000000 0.000627 0.000400 0.000000 0.000160 0.001387 0.000133 0.000400 0.000093 0.040853 0.000400 0.000213 0.000000 0.000000 0.001600 0.000840 0.000000 0.000000 0.003053 0.000000 0.005987 0.000000 0.016733 0.026320 0.000000 0.000267 0.000000 0.005413 0.000493 0.000000 0.001333
0.000000 0.001333 0.000107 0.000000 0.000000 0.000000 0.000000 0.000000 0.000000 0.000120 0.003067 0.000133 0.006773 0.000107 0.000000 0.000000 0.002920 0.006413 0.005600 0.000000 0.000000 0.000000 0.000080 0.000267 0.001453 0.068920 0.036960 0.000093 0.000387 0.000000 0.005627 0.000307 0.000000 0.001573 0.000320 0.004493 0.139920 0.000440 0.000627 0.000280 0.001187 0.001920 0.000440 0.000787 0.083493 0.001107 0.009507 0.007547 0.000147 0.000187 0.026787 0.032720 0.037373 0.000267 0.003400 0.000533 0.035693 0.008040 0.016733 0.000000 0.109280 0.004040 0.004440 0.007680 0.025973 0.001253 0.000000 0.020707
0.000000 0.001280 0.000947 0.000000 0.000000 0.000000 0.000000 0.000000 0.000000 0.000067 0.002467 0.000093 0.003547 0.000107 0.000000 0.000200 0.007720 0.002667 0.003680 0.000000 0.000000 0.000720 0.010627 0.000147 0.000760 0.041973 0.020427 0.000000 0.000360 0.000000 0.002933 0.000120 0.000000 0.001320 0.000453 0.007547 0.074813 0.000587 0.001867 0.000960 0.000253 0.001440 0.002307 0.000973 0.005813 0.000947 0.037720 0.008173 0.000440 0.002053 0.073653 0.002827 0.036827 0.000253 0.005320 0.007747 0.071760 0.047693 0.026320 0.109280 0.000000 0.009053 0.004987 0.006187 0.010667 0.001640 0.000000 0.027827
0.000000 0.000000 0.000120 0.008453 0.000000 0.000293 0.000200 0.000453 0.000000 0.003040 0.000000 0.002507 0.000000 0.000187 0.000000 0.000000 0.000227 0.000000 0.000000 0.000533 0.000000 0.000000 0.000293 0.000467 0.000000 0.000120 0.000200 0.001840 0.000547 0.000000 0.000000 0.000107 0.000000 0.000213 0.000920 0.000093 0.011253 0.132507 0.000147 0.014200 0.241320 0.010907 0.020960 0.245000 0.000360 0.009067 0.000240 0.008693 0.000080 0.032693 0.002080 0.000227 0.000213 0.017813 0.023467 0.000493 0.057187 0.122080 0.000000 0.004040 0.009053 0.000000 0.026560 0.055493 0.000000 0.000467 0.000507 0.007680
0.000000 0.000000 0.000000 0.000587 0.000000 0.000200 0.000000 0.000453 0.001067 0.000467 0.000173 0.000093 0.000000 0.000480 0.000000 0.000160 0.000067 0.000000 0.000000 0.000000 0.000067 0.000000 0.000000 0.001093 0.000000 0.000387 0.000227 0.000413 0.001667 0.000000 0.000000 0.000187 0.000093 0.000627 0.106027 0.000080 0.000000 0.009933 0.000000 0.002920 0.033773 0.032067 0.002707 0.023387 0.015373 0.014400 0.003227 0.223880 0.000000 0.000213 0.000067 0.001680 0.001253 0.005973 0.000200 0.000093 0.000093 0.006933 0.000267 0.004440 0.004987 0.026560 0.000000 0.073267 0.001427 0.031467 0.113973 0.082987
0.000000 0.000000 0.000000 0.000000 0.000000 0.000000 0.000000 0.000000 0.000000 0.000000 0.000000 0.000000 0.000000 0.000000 0.000000 0.000293 0.000000 0.000000 0.000000 0.000000 0.000120 0.000227 0.000000 0.000000 0.000000 0.000347 0.000200 0.000000 0.000000 0.000240 0.000000 0.000000 0.000000 0.000067 0.022507 0.000107 0.000853 0.000000 0.000000 0.000000 0.030787 0.004120 0.000160 0.000000 0.000920 0.000000 0.000067 0.023507 0.000000 0.016640 0.035347 0.004907 0.010840 0.000000 0.130107 0.003173 0.079400 0.001320 0.000000 0.007680 0.006187 0.055493 0.073267 0.000000 0.000107 0.000000 0.000000 0.007320
0.000000 0.000213 0.000000 0.000000 0.000000 0.000000 0.000000 0.000000 0.000000 0.000000 0.003107 0.000000 0.007227 0.000000 0.000000 0.000000 0.000000 0.002413 0.000093 0.000000 0.000000 0.000120 0.000000 0.000240 0.000427 0.013587 0.005773 0.000000 0.000000 0.000000 0.004267 0.000000 0.000000 0.000107 0.000000 0.000000 0.000000 0.000107 0.000000 0.000000 0.000000 0.000627 0.000000 0.000280 0.027120 0.000240 0.019333 0.001827 0.000000 0.000000 0.000107 0.001107 0.000240 0.000000 0.000000 0.000000 0.000000 0.000253 0.005413 0.025973 0.010667 0.000000 0.001427 0.000107 0.000000 0.000680 0.000000 0.001880
