0.000000 0.000067 0.004320 0.000147 0.000000 0.000147 0.027813 0.004187 0.000707 0.000373 0.000307 0.000080 0.000067 0.055320 0.000000 0.000000 0.003387 0.000187 0.001413 0.000213 0.001840 0.000067 0.006840 0.000853 0.000000 0.001880 0.000667 0.001600 0.029960 0.019560 0.000000 0.000480 0.000080 0.001893 0.000000 0.000000 0.000000 0.000000 0.000000 0.000000 0.000000 0.000107 0.000000 0.000080 0.000000 0.000000 0.000000 0.000120 0.000000 0.000000 0.000000 0.000000 0.000000 0.000000 0.000000 0.000000 0.000000 0.000093 0.000000 0.000000 0.000000 0.000147 0.000120 0.000000 0.000000 0.000000 0.000000 0.000000
0.000067 0.000000 0.009307 0.000000 0.000387 0.000187 0.000080 0.000000 0.004880 0.000000 0.001747 0.000000 0.002360 0.000240 0.000240 0.000213 0.009293 0.000773 0.009253 0.000093 0.000000 0.011440 0.001440 0.007267 0.014400 0.016347 0.058400 0.000133 0.000440 0.000160 0.000920 0.000293 0.000000 0.002147 0.000000 0.000133 0.002213 0.000000 0.000000 0.000000 0.000000 0.000000 0.000000 0.000000 0.000373 0.000000 0.001080 0.000000 0.000000 0.000000 0.000573 0.000000 0.000333 0.000000 0.000000 0.000000 0.000427 0.000467 0.000000 0.002480 0.005520 0.000000 0.000000 0.000000 0.000267 0.000000 0.000000 0.000147
0.004320 0.009307 0.000000 0.000067 0.000000 0.000573 0.063693 0.011960 0.000000 0.004627 0.000093 0.000000 0.000000 0.013747 0.000000 0.000160 0.089147 0.000413 0.008107 0.000000 0.002920 0.005067 0.156693 0.000800 0.000000 0.078040 0.137347 0.007480 0.005293 0.013733 0.000000 0.000160 0.000120 0.005107 0.000000 0.002853 0.026053 0.000000 0.000000 0.000000 0.000173 0.000000 0.000000 0.000000 0.000000 0.000000 0.000000 0.000093 0.000000 0.000000 0.003707 0.000000 0.000467 0.000000 0.000133 0.000693 0.011333 0.000840 0.000000 0.004627 0.028400 0.000267 0.000080 0.000133 0.000000 0.000000 0.000000 0.000547
0.000147 0.000000 0.000067 0.000000 0.000707 0.005867 0.003600 0.001787 0.005373 0.086720 0.000000 0.010707 0.000000 0.002347 0.000387 0.000000 0.000000 0.000000 0.000000 0.150173 0.000000 0.000000 0.000000 0.038027 0.000000 0.000000 0.000107 0.155853 0.002373 0.000000 0.000000 0.000253 0.000173 0.002507 0.000000 0.000000 0.000000 0.022467 0.000000 0.001240 0.000213 0.001853 0.000280 0.006747 0.000080 0.001907 0.000000 0.000973 0.000000 0.000000 0.000000 0.000000 0.000000 0.004293 0.000000 0.000000 0.000000 0.002080 0.000000 0.000000 0.000213 0.008600 0.000533 0.000000 0.000000 0.000173 0.000000 0.000120
0.000000 0.000387 0.000000 0.000707 0.000000 0.035933 0.000573 0.001173 0.000627 0.000733 0.000000 0.000133 0.000000 0.000067 0.007667 0.000000 0.000000 0.000000 0.000000 0.000213 0.000000 0.000573 0.000000 0.001373 0.000000 0.000080 0.000440 0.000360 0.000267 0.000000 0.000000 0.015253 0.000000 0.000707 0.000000 0.000000 0.000000 0.000253 0.000000 0.000000 0.000000 0.000000 0.000000 0.000120 0.000000 0.000120 0.000000 0.000000 0.000000 0.000000 0.000000 0.000000 0.000000 0.000120 0.000000 0.000000 0.000000 0.000000 0.000000 0.000000 0.000000 0.000133 0.000000 0.000000 0.000000 0.000000 0.000000 0.000000
0.000147 0.000187 0.000573 0.005867 0.035933 0.000000 0.018587 0.147253 0.005707 0.135387 0.000787 0.037520 0.000160 0.007173 0.013040 0.000000 0.000000 0.000067 0.000000 0.014107 0.000000 0.000147 0.000413 0.005947 0.000160 0.000253 0.000467 0.019707 0.003760 0.000080 0.000000 0.066027 0.000000 0.001693 0.000000 0.000000 0.000000 0.003213 0.000000 0.000427 0.000133 0.000733 0.000067 0.003987 0.000000 0.000400 0.000000 0.000347 0.000000 0.000000 0.000000 0.000000 0.000000 0.000827 0.000000 0.000000 0.000000 0.000893 0.000000 0.000000 0.000093 0.003693 0.000160 0.000000 0.000000 0.000080 0.000000 0.000000
0.027813 0.000080 0.063693 0.003600 0.000573 0.018587 0.000000 0.038027 0.003200 0.218373 0.000067 0.001560 0.000000 0.067747 0.000480 0.000067 0.001467 0.000000 0.000347 0.002133 0.001813 0.000080 0.036440 0.019827 0.000000 0.005733 0.006720 0.208333 0.005547 0.057547 0.000000 0.000413 0.000347 0.003133 0.000000 0.000000 0.000080 0.000960 0.000000 0.000147 0.000067 0.000387 0.000000 0.001133 0.000000 0.000000 0.000000 0.000120 0.000000 0.000000 0.000000 0.000000 0.000000 0.000107 0.000000 0.000000 0.000133 0.000400 0.000000 0.000000 0.000173 0.001107 0.000000 0.000000 0.000000 0.000000 0.000000 0.000107
0.004187 0.000000 0.011960 0.001787 0.001173 0.147253 0.038027 0.000000 0.007973 0.033760 0.000720 0.018307 0.000253 0.153160 0.000400 0.000000 0.002533 0.000200 0.001440 0.017413 0.001507 0.000000 0.005907 0.012413 0.000093 0.003013 0.001280 0.015733 0.010400 0.007880 0.000000 0.079707 0.000000 0.000747 0.000000 0.000000 0.000000 0.001347 0.000000 0.000227 0.000520 0.003813 0.000000 0.003627 0.000147 0.000160 0.000067 0.002053 0.000000 0.000000 0.000000 0.000000 0.000000 0.000187 0.000000 0.000000 0.000000 0.003000 0.000000 0.000000 0.000133 0.005320 0.001627 0.000173 0.000000 0.000147 0.000000 0.000480
0.000707 0.004880 0.000000 0.005373 0.000627 0.005707 0.003200 0.007973 0.000000 0.011693 0.000200 0.001973 0.000173 0.005760 0.000373 0.000093 0.000000 0.000107 0.000200 0.002627 0.000280 0.015800 0.000307 0.051347 0.000787 0.001147 0.006773 0.015200 0.009520 0.004747 0.000253 0.000440 0.001467 0.000733 0.000120 0.000000 0.000000 0.001173 0.000000 0.000213 0.000307 0.000867 0.000000 0.001293 0.000000 0.000000 0.000120 0.000760 0.000000 0.000000 0.000000 0.000000 0.000000 0.000080 0.000000 0.000000 0.000000 0.004600 0.000000 0.000000 0.000093 0.002293 0.002360 0.000987 0.000000 0.000000 0.000000 0.000000
0.000373 0.000000 0.004627 0.086720 0.000733 0.135387 0.218373 0.033760 0.011693 0.000000 0.000373 0.064693 0.000093 0.011987 0.000813 0.000000 0.000147 0.000120 0.000067 0.192480 0.000080 0.000000 0.001747 0.019627 0.000000 0.001133 0.000893 0.137853 0.008413 0.000187 0.000000 0.001693 0.000200 0.008840 0.000000 0.000000 0.000000 0.009187 0.000000 0.001133 0.000693 0.002947 0.000147 0.010213 0.000067 0.000813 0.000000 0.000920 0.000000 0.000000 0.000000 0.000000 0.000000 0.001680 0.000000 0.000000 0.000000 0.002587 0.000000 0.000080 0.000173 0.009227 0.000680 0.000000 0.000000 0.000227 0.000000 0.000293
0.000307 0.001747 0.000093 0.000000 0.000000 0.000787 0.000067 0.000720 0.000200 0.000373 0.000000 0.000680 0.104280 0.002933 0.000000 0.000000 0.000573 0.060640 0.005640 0.000440 0.000133 0.000320 0.001053 0.000333 0.009480 0.050267 0.012320 0.000267 0.011987 0.000160 0.010973 0.009093 0.000440 0.025427 0.000000 0.000000 0.000000 0.000000 0.000000 0.000000 0.000000 0.000107 0.000000 0.000080 0.001987 0.000000 0.010013 0.000000 0.000000 0.000000 0.000000 0.000227 0.000000 0.000000 0.000000 0.000000 0.000000 0.000107 0.000947 0.003880 0.002133 0.000107 0.000000 0.000000 0.001213 0.000000 0.000000 0.000000
0.000080 0.000000 0.000000 0.010707 0.000133 0.037520 0.001560 0.018307 0.001973 0.064693 0.000680 0.000000 0.000307 0.008080 0.000000 0.000000 0.000000 0.000200 0.000000 0.146053 0.000000 0.000000 0.000000 0.001280 0.000000 0.000133 0.000213 0.007280 0.004467 0.000000 0.000000 0.002773 0.000000 0.002587 0.000000 0.000000 0.000000 0.004960 0.000000 0.000360 0.000000 0.000080 0.000000 0.002120 0.000000 0.000520 0.000000 0.000067 0.000000 0.000000 0.000000 0.000000 0.000000 0.000747 0.000000 0.000000 0.000000 0.000453 0.000000 0.000000 0.000067 0.003067 0.000000 0.000000 0.000000 0.000120 0.000000 0.000000
0.000067 0.002360 0.000000 0.000000 0.000000 0.000160 0.000000 0.000253 0.000173 0.000093 0.104280 0.000307 0.000000 0.000933 0.000000 0.000000 0.000000 0.001613 0.000107 0.000160 0.000000 0.000707 0.000067 0.000200 0.039133 0.004840 0.028040 0.000000 0.002027 0.000000 0.009933 0.001853 0.000000 0.002947 0.000000 0.000000 0.000000 0.000000 0.000000 0.000000 0.000000 0.000000 0.000000 0.000000 0.004773 0.000000 0.025067 0.000000 0.000000 0.000000 0.000000 0.000547 0.000000 0.000000 0.000000 0.000000 0.000000 0.000067 0.002600 0.009107 0.004787 0.000000 0.000000 0.000000 0.003587 0.000000 0.000000 0.000000
0.055320 0.000240 0.013747 0.002347 0.000067 0.007173 0.067747 0.153160 0.005760 0.011987 0.002933 0.008080 0.000933 0.000000 0.000240 0.000000 0.005267 0.001320 0.002213 0.013133 0.002453 0.000200 0.012160 0.004760 0.000560 0.004987 0.002280 0.011080 0.110947 0.019360 0.000000 0.055920 0.000067 0.005960 0.000000 0.000000 0.000093 0.000427 0.000000 0.000080 0.000080 0.001760 0.000120 0.000800 0.000107 0.000000 0.000093 0.000987 0.000000 0.000000 0.000000 0.000000 0.000000 0.000093 0.000000 0.000000 0.000000 0.001627 0.000000 0.000080 0.000120 0.001640 0.001280 0.000200 0.000000 0.000067 0.000000 0.000227
0.000000 0.000240 0.000000 0.000387 0.007667 0.013040 0.000480 0.000400 0.000373 0.000813 0.000000 0.000000 0.000000 0.000240 0.000000 0.000000 0.000000 0.000000 0.000000 0.000173 0.000000 0.000587 0.000000 0.001627 0.000000 0.000120 0.000520 0.000400 0.000373 0.000000 0.000000 0.002320 0.000067 0.000093 0.000000 0.000000 0.000000 0.000067 0.000000 0.000000 0.000000 0.000000 0.000000 0.000000 0.000000 0.000000 0.000000 0.000000 0.000000 0.000000 0.000000 0.000000 0.000000 0.000000 0.000000 0.000000 0.000000 0.000000 0.000000 0.000000 0.000000 0.000120 0.000000 0.000000 0.000000 0.000000 0.000000 0.000000
0.000000 0.000213 0.000160 0.000000 0.000000 0.000000 0.000067 0.000000 0.000093 0.000000 0.000000 0.000000 0.000000 0.000000 0.000000 0.000000 0.000507 0.000067 0.000000 0.000000 0.032600 0.048373 0.205453 0.009000 0.000000 0.000827 0.034280 0.002813 0.000093 0.003387 0.000000 0.000000 0.000000 0.000640 0.000000 0.000000 0.000253 0.000000 0.000000 0.000000 0.000000 0.000000 0.000000 0.000000 0.000000 0.000000 0.000000 0.000000 0.000000 0.001267 0.000080 0.000000 0.000000 0.000000 0.001053 0.000573 0.010267 0.000227 0.000000 0.000227 0.001533 0.000000 0.000173 0.000480 0.000000 0.000000 0.000000 0.000080
0.003387 0.009293 0.089147 0.000000 0.000000 0.000000 0.001467 0.002533 0.000000 0.000147 0.000573 0.000000 0.000000 0.005267 0.000000 0.000507 0.000000 0.004400 0.100733 0.000000 0.000480 0.000787 0.022200 0.000840 0.000000 0.035120 0.096613 0.000787 0.017533 0.020827 0.000000 0.000000 0.000507 0.002600 0.000000 0.000533 0.001480 0.000000 0.000000 0.000000 0.000000 0.000000 0.000000 0.000000 0.000000 0.000000 0.000000 0.000000 0.000000 0.000000 0.000480 0.000000 0.000627 0.000000 0.000000 0.000000 0.000400 0.000107 0.000000 0.003120 0.003000 0.000000 0.000000 0.000000 0.000000 0.000000 0.000000 0.000000
0.000187 0.000773 0.000413 0.000000 0.000000 0.000067 0.000000 0.000200 0.000107 0.000120 0.060640 0.000200 0.001613 0.001320 0.000000 0.000067 0.004400 0.000000 0.023333 0.000253 0.000173 0.000293 0.001827 0.000093 0.000800 0.029733 0.013840 0.000080 0.003413 0.000320 0.002947 0.000347 0.000507 0.011453 0.000000 0.000000 0.000000 0.000000 0.000000 0.000000 0.000000 0.000000 0.000000 0.000000 0.000160 0.000000 0.000467 0.000000 0.000000 0.000000 0.000000 0.000440 0.000107 0.000000 0.000000 0.000000 0.000000 0.000000 0.000773 0.005733 0.002813 0.000000 0.000000 0.000000 0.000280 0.000000 0.000000 0.000000
0.001413 0.009253 0.008107 0.000000 0.000000 0.000000 0.000347 0.001440 0.000200 0.000067 0.005640 0.000000 0.000107 0.002213 0.000000 0.000000 0.100733 0.023333 0.000000 0.000067 0.000187 0.000427 0.003027 0.000320 0.000333 0.027173 0.041133 0.000213 0.011387 0.005067 0.000000 0.000000 0.001520 0.018613 0.000000 0.000240 0.000173 0.000000 0.000000 0.000000 0.000000 0.000000 0.000000 0.000000 0.000000 0.000000 0.000107 0.000000 0.000000 0.000000 0.000227 0.000173 0.001133 0.000000 0.000000 0.000000 0.000080 0.000000 0.000133 0.007347 0.003120 0.000000 0.000000 0.000000 0.000093 0.000000 0.000000 0.000000
0.000213 0.000093 0.000000 0.150173 0.000213 0.014107 0.002133 0.017413 0.002627 0.192480 0.000440 0.146053 0.000160 0.013133 0.000173 0.000000 0.000000 0.000253 0.000067 0.000000 0.000000 0.000000 0.000000 0.005947 0.000000 0.000000 0.000160 0.018493 0.006133 0.000000 0.000000 0.002013 0.000000 0.003307 0.000000 0.000000 0.000000 0.012133 0.000000 0.000720 0.000227 0.000520 0.000093 0.006587 0.000000 0.000560 0.000000 0.000320 0.000000 0.000000 0.000000 0.000000 0.000000 0.000920 0.000000 0.000000 0.000000 0.001507 0.000000 0.000000 0.000293 0.008987 0.000080 0.000000 0.000000 0.000080 0.000000 0.000000
0.001840 0.000000 0.002920 0.000000 0.000000 0.000000 0.001813 0.001507 0.000280 0.000080 0.000133 0.000000 0.000000 0.002453 0.000000 0.032600 0.000480 0.000173 0.000187 0.000000 0.000000 0.011853 0.196293 0.004747 0.000000 0.000320 0.004413 0.019893 0.003973 0.078653 0.000000 0.000000 0.000000 0.020520 0.000000 0.000000 0.000000 0.000000 0.000000 0.000000 0.000000 0.000000 0.000067 0.000000 0.000000 0.000000 0.000000 0.000000 0.000000 0.001307 0.000000 0.000000 0.000000 0.000000 0.002413 0.000360 0.006493 0.000520 0.000000 0.000000 0.000307 0.000507 0.001133 0.001413 0.000000 0.000000 0.000133 0.000080
0.000067 0.011440 0.005067 0.000000 0.000573 0.000147 0.000080 0.000000 0.015800 0.000000 0.000320 0.000000 0.000707 0.000200 0.000587 0.048373 0.000787 0.000293 0.000427 0.000000 0.011853 0.000000 0.073027 0.050147 0.001547 0.002467 0.030720 0.002613 0.001360 0.003373 0.000387 0.000200 0.000293 0.000493 0.000000 0.000000 0.003587 0.000000 0.000000 0.000000 0.000080 0.000000 0.000000 0.000000 0.000067 0.000000 0.000293 0.000080 0.000000 0.005160 0.000000 0.000000 0.000000 0.000000 0.002813 0.000147 0.020400 0.002640 0.000000 0.000147 0.010747 0.000400 0.001200 0.002320 0.000000 0.000000 0.000000 0.000133
0.006840 0.001440 0.156693 0.000000 0.000000 0.000413 0.036440 0.005907 0.000307 0.001747 0.001053 0.000000 0.000067 0.012160 0.000000 0.205453 0.022200 0.001827 0.003027 0.000000 0.196293 0.073027 0.000000 0.009773 0.000000 0.029133 0.170147 0.060147 0.025333 0.108680 0.000000 0.000120 0.000413 0.020053 0.000000 0.000160 0.011387 0.000000 0.000000 0.000000 0.000000 0.000000 0.000000 0.000000 0.000000 0.000000 0.000000 0.000000 0.000000 0.004240 0.000227 0.000000 0.000000 0.000000 0.001760 0.001827 0.079027 0.000133 0.000000 0.000427 0.022920 0.000120 0.000187 0.000467 0.000000 0.000000 0.000000 0.000133
0.000853 0.007267 0.000800 0.038027 0.001373 0.005947 0.019827 0.012413 0.051347 0.019627 0.000333 0.001280 0.000200 0.004760 0.001627 0.009000 0.000840 0.000093 0.000320 0.005947 0.004747 0.050147 0.009773 0.000000 0.000720 0.006173 0.046853 0.099360 0.011040 0.006547 0.000253 0.000560 0.001427 0.003800 0.000160 0.000000 0.000000 0.002693 0.000000 0.000453 0.000400 0.001667 0.000427 0.003440 0.000080 0.000120 0.000147 0.000947 0.000000 0.000173 0.000000 0.000000 0.000093 0.000280 0.000387 0.000093 0.000147 0.008320 0.000000 0.000280 0.000267 0.005040 0.002400 0.000787 0.000000 0.000120 0.000067 0.000347
0.000000 0.014400 0.000000 0.000000 0.000000 0.000160 0.000000 0.000093 0.000787 0.000000 0.009480 0.000000 0.039133 0.000560 0.000000 0.000000 0.000000 0.000800 0.000333 0.000000 0.000000 0.001547 0.000000 0.000720 0.000000 0.004440 0.012613 0.000000 0.000613 0.000000 0.002253 0.000947 0.000000 0.001507 0.000000 0.000000 0.000000 0.000000 0.000000 0.000000 0.000000 0.000000 0.000000 0.000000 0.001920 0.000000 0.006187 0.000000 0.000000 0.000000 0.000000 0.000213 0.000000 0.000000 0.000000 0.000000 0.000000 0.000000 0.000267 0.002760 0.001067 0.000000 0.000000 0.000000 0.001467 0.000000 0.000000 0.000000
0.001880 0.016347 0.078040 0.000000 0.000080 0.000253 0.005733 0.003013 0.001147 0.001133 0.050267 0.000133 0.004840 0.004987 0.000120 0.000827 0.035120 0.029733 0.027173 0.000000 0.000320 0.002467 0.029133 0.006173 0.004440 0.000000 0.157333 0.001440 0.007653 0.006333 0.008973 0.000253 0.000640 0.007867 0.000000 0.000947 0.000507 0.000000 0.000000 0.000000 0.000093 0.000000 0.000000 0.000000 0.000707 0.000000 0.003707 0.000000 0.000000 0.000000 0.001547 0.001280 0.003733 0.000000 0.000000 0.000093 0.000253 0.000400 0.002467 0.030413 0.018493 0.000120 0.000000 0.000080 0.001760 0.000000 0.000000 0.000453
0.000667 0.058400 0.137347 0.000107 0.000440 0.000467 0.006720 0.001280 0.006773 0.000893 0.012320 0.000213 0.028040 0.002280 0.000520 0.034280 0.096613 0.013840 0.041133 0.000160 0.004413 0.030720 0.170147 0.046853 0.012613 0.157333 0.000000 0.024640 0.004733 0.002893 0.001240 0.000240 0.000693 0.020387 0.000000 0.003293 0.023693 0.000000 0.000000 0.000000 0.000107 0.000067 0.000000 0.000080 0.000773 0.000000 0.002413 0.000120 0.000000 0.000307 0.005253 0.001213 0.003240 0.000000 0.000187 0.001507 0.015187 0.001987 0.001813 0.029573 0.050280 0.000413 0.000133 0.000213 0.000947 0.000000 0.000000 0.001173
0.001600 0.000133 0.007480 0.155853 0.000360 0.019707 0.208333 0.015733 0.015200 0.137853 0.000267 0.007280 0.000000 0.011080 0.000400 0.002813 0.000787 0.000080 0.000213 0.018493 0.019893 0.002613 0.060147 0.099360 0.000000 0.001440 0.024640 0.000000 0.019693 0.109440 0.000000 0.000507 0.002347 0.009653 0.000213 0.000000 0.000000 0.033253 0.000000 0.000307 0.000267 0.001880 0.000347 0.004093 0.000067 0.000520 0.000000 0.001520 0.000000 0.000133 0.000000 0.000000 0.000000 0.000933 0.000387 0.000067 0.000160 0.004480 0.000000 0.000107 0.000267 0.006307 0.004147 0.001373 0.000000 0.000173 0.000000 0.000453
0.029960 0.000440 0.005293 0.002373 0.000267 0.003760 0.005547 0.010400 0.009520 0.008413 0.011987 0.004467 0.002027 0.110947 0.000373 0.000093 0.017533 0.003413 0.011387 0.006133 0.003973 0.001360 0.025333 0.011040 0.000613 0.007653 0.004733 0.019693 0.000000 0.036400 0.000000 0.034987 0.077307 0.014027 0.000080 0.000000 0.000000 0.000533 0.000000 0.000093 0.000000 0.001027 0.000253 0.000613 0.000067 0.000000 0.000067 0.000907 0.000000 0.000120 0.000000 0.000000 0.000000 0.000000 0.000427 0.000000 0.000000 0.002733 0.000000 0.000160 0.000120 0.001800 0.002493 0.001307 0.000000 0.000067 0.000067 0.000240
0.019560 0.000160 0.013733 0.000000 0.000000 0.000080 0.057547 0.007880 0.004747 0.000187 0.000160 0.000000 0.000000 0.019360 0.000000 0.003387 0.020827 0.000320 0.005067 0.000000 0.078653 0.003373 0.108680 0.006547 0.000000 0.006333 0.002893 0.109440 0.036400 0.000000 0.000000 0.000067 0.000000 0.000720 0.000000 0.000000 0.000133 0.000000 0.000000 0.000000 0.000000 0.000000 0.000173 0.000000 0.000000 0.000000 0.000000 0.000067 0.000000 0.000280 0.000000 0.000000 0.000000 0.000000 0.000867 0.000093 0.000293 0.000693 0.000000 0.000107 0.000000 0.000573 0.001320 0.000973 0.000000 0.000000 0.000067 0.000080
0.000000 0.000920 0.000000 0.000000 0.000000 0.000000 0.000000 0.000000 0.000253 0.000000 0.010973 0.000000 0.009933 0.000000 0.000000 0.000000 0.000000 0.002947 0.000000 0.000000 0.000000 0.000387 0.000000 0.000253 0.002253 0.008973 0.001240 0.000000 0.000000 0.000000 0.000000 0.000000 0.000000 0.000160 0.000000 0.000000 0.000000 0.000000 0.000000 0.000000 0.000000 0.000000 0.000000 0.000000 0.000453 0.000000 0.002507 0.000000 0.000000 0.000000 0.000000 0.000213 0.000000 0.000000 0.000000 0.000000 0.000000 0.000000 0.000613 0.003147 0.001560 0.000000 0.000000 0.000000 0.000947 0.000000 0.000000 0.000000
0.000480 0.000293 0.000160 0.000253 0.015253 0.066027 0.000413 0.079707 0.000440 0.001693 0.009093 0.002773 0.001853 0.055920 0.002320 0.000000 0.000000 0.000347 0.000000 0.002013 0.000000 0.000200 0.000120 0.000560 0.000947 0.000253 0.000240 0.000507 0.034987 0.000067 0.000000 0.000000 0.000000 0.019787 0.000000 0.000000 0.000000 0.000120 0.000000 0.000000 0.000000 0.000240 0.000000 0.000120 0.000000 0.000067 0.000187 0.000267 0.000000 0.000000 0.000000 0.000000 0.000000 0.000000 0.000000 0.000000 0.000000 0.000347 0.000000 0.000000 0.000000 0.000507 0.000200 0.000080 0.000000 0.000000 0.000000 0.000000
0.000080 0.000000 0.000120 0.000173 0.000000 0.000000 0.000347 0.000000 0.001467 0.000200 0.000440 0.000000 0.000000 0.000067 0.000067 0.000000 0.000507 0.000507 0.001520 0.000000 0.000000 0.000293 0.000413 0.001427 0.000000 0.000640 0.000693 0.002347 0.077307 0.000000 0.000000 0.000000 0.000000 0.009213 0.000000 0.000000 0.000000 0.000000 0.000000 0.000000 0.000067 0.000147 0.000000 0.000080 0.000000 0.000000 0.000000 0.000000 0.000000 0.000000 0.000000 0.000000 0.000000 0.000000 0.000120 0.000000 0.000000 0.000360 0.000000 0.000000 0.000000 0.000373 0.000493 0.000240 0.000000 0.000000 0.000000 0.000000
0.001893 0.002147 0.005107 0.002507 0.000707 0.001693 0.003133 0.000747 0.000733 0.008840 0.025427 0.002587 0.002947 0.005960 0.000093 0.000640 0.002600 0.011453 0.018613 0.003307 0.020520 0.000493 0.020053 0.003800 0.001507 0.007867 0.020387 0.009653 0.014027 0.000720 0.000160 0.019787 0.009213 0.000000 0.000000 0.000080 0.000907 0.000413 0.000000 0.000000 0.000160 0.000933 0.000000 0.000547 0.000000 0.000000 0.000173 0.000747 0.000000 0.000000 0.000120 0.000120 0.000333 0.000000 0.000000 0.000000 0.000133 0.001627 0.000000 0.001893 0.002280 0.001560 0.000987 0.000293 0.000000 0.000000 0.000000 0.000067
0.000000 0.000000 0.000000 0.000000 0.000000 0.000000 0.000000 0.000000 0.000120 0.000000 0.000000 0.000000 0.000000 0.000000 0.000000 0.000000 0.000000 0.000000 0.000000 0.000000 0.000000 0.000000 0.000000 0.000160 0.000000 0.000000 0.000000 0.000213 0.000080 0.000000 0.000000 0.000000 0.000000 0.000000 0.000000 0.000000 0.001813 0.000080 0.000000 0.000120 0.019493 0.002000 0.000440 0.000507 0.001267 0.000000 0.000000 0.099960 0.000000 0.000000 0.003947 0.001813 0.002933 0.000000 0.000400 0.000000 0.001413 0.000600 0.000000 0.002320 0.000573 0.001960 0.033093 0.025627 0.000000 0.000200 0.000000 0.001240
0.000000 0.000133 0.002853 0.000000 0.000000 0.000000 0.000000 0.000000 0.000000 0.000000 0.000000 0.000000 0.000000 0.000000 0.000000 0.000000 0.000533 0.000000 0.000240 0.000000 0.000000 0.000000 0.000160 0.000000 0.000000 0.000947 0.003293 0.000000 0.000000 0.000000 0.000000 0.000000 0.000000 0.000080 0.000000 0.000000 0.005067 0.000000 0.000147 0.000000 0.000373 0.000093 0.006533 0.000000 0.000227 0.000000 0.005360 0.000120 0.000067 0.000253 0.009573 0.000400 0.011880 0.000000 0.000120 0.012733 0.001080 0.011867 0.016360 0.027600 0.073187 0.001013 0.000160 0.000493 0.000160 0.000120 0.000000 0.002413
0.000000 0.002213 0.026053 0.000000 0.000000 0.000000 0.000080 0.000000 0.000000 0.000000 0.000000 0.000000 0.000000 0.000093 0.000000 0.000253 0.001480 0.000000 0.000173 0.000000 0.000000 0.003587 0.011387 0.000000 0.000000 0.000507 0.023693 0.000000 0.000000 0.000133 0.000000 0.000000 0.000000 0.000907 0.001813 0.005067 0.000000 0.000000 0.000000 0.000000 0.036787 0.005400 0.000000 0.000467 0.000133 0.000000 0.000000 0.007213 0.000000 0.000000 0.068573 0.001053 0.006773 0.000000 0.000560 0.001533 0.109333 0.000147 0.000000 0.071933 0.059053 0.002160 0.001613 0.008520 0.000080 0.000120 0.000000 0.005533
0.000000 0.000000 0.000000 0.022467 0.000253 0.003213 0.000960 0.001347 0.001173 0.009187 0.000000 0.004960 0.000000 0.000427 0.000067 0.000000 0.000000 0.000000 0.000000 0.012133 0.000000 0.000000 0.000000 0.002693 0.000000 0.000000 0.000000 0.033253 0.000533 0.000000 0.000000 0.000120 0.000000 0.000413 0.000080 0.000000 0.000000 0.000000 0.000573 0.002667 0.003707 0.003653 0.002107 0.351200 0.000160 0.011947 0.000000 0.004987 0.000227 0.000000 0.000133 0.000120 0.000000 0.329667 0.000000 0.000107 0.000187 0.019147 0.000000 0.000307 0.001507 0.130507 0.004173 0.000067 0.000000 0.000813 0.000000 0.000973
0.000000 0.000000 0.000000 0.000000 0.000000 0.000000 0.000000 0.000000 0.000000 0.000000 0.000000 0.000000 0.000000 0.000000 0.000000 0.000000 0.000000 0.000000 0.000000 0.000000 0.000000 0.000000 0.000000 0.000000 0.000000 0.000000 0.000000 0.000000 0.000000 0.000000 0.000000 0.000000 0.000000 0.000000 0.000000 0.000147 0.000000 0.000573 0.000000 0.025773 0.000293 0.000733 0.000000 0.000707 0.000000 0.000000 0.000000 0.000067 0.004613 0.000000 0.000000 0.000000 0.000000 0.000067 0.000000 0.000120 0.000000 0.003200 0.000000 0.000000 0.000147 0.003027 0.000107 0.000000 0.000000 0.024520 0.000000 0.000120
0.000000 0.000000 0.000000 0.001240 0.000000 0.000427 0.000147 0.000227 0.000213 0.001133 0.000000 0.000360 0.000000 0.000080 0.000000 0.000000 0.000000 0.000000 0.000000 0.000720 0.000000 0.000000 0.000000 0.000453 0.000000 0.000000 0.000000 0.000307 0.000093 0.000000 0.000000 0.000000 0.000000 0.000000 0.000120 0.000000 0.000000 0.002667 0.025773 0.000000 0.007240 0.160427 0.000547 0.118013 0.000413 0.032387 0.000187 0.011307 0.009213 0.000000 0.000000 0.000160 0.000000 0.010413 0.000173 0.000000 0.000120 0.003280 0.000000 0.000173 0.000533 0.020560 0.003293 0.000120 0.000000 0.060427 0.000000 0.003053
0.000000 0.000000 0.000173 0.000213 0.000000 0.000133 0.000067 0.000520 0.000307 0.000693 0.000000 0.000000 0.000000 0.000080 0.000000 0.000000 0.000000 0.000000 0.000000 0.000227 0.000000 0.000080 0.000000 0.000400 0.000000 0.000093 0.000107 0.000267 0.000000 0.000000 0.000000 0.000000 0.000067 0.000160 0.019493 0.000373 0.036787 0.003707 0.000293 0.007240 0.000000 0.086373 0.005613 0.272880 0.001347 0.001387 0.000213 0.128147 0.000093 0.000160 0.023800 0.003227 0.008560 0.001307 0.034080 0.000000 0.067133 0.009667 0.000000 0.016880 0.018533 0.278733 0.016907 0.107160 0.000067 0.001187 0.000000 0.003333
0.000107 0.000000 0.000000 0.001853 0.000000 0.000733 0.000387 0.003813 0.000867 0.002947 0.000107 0.000080 0.000000 0.001760 0.000000 0.000000 0.000000 0.000000 0.000000 0.000520 0.000000 0.000000 0.000000 0.001667 0.000000 0.000000 0.000067 0.001880 0.001027 0.000000 0.000000 0.000240 0.000147 0.000933 0.002000 0.000093 0.005400 0.003653 0.000733 0.160427 0.086373 0.000000 0.004920 0.128187 0.002867 0.020067 0.000880 0.281133 0.001200 0.000000 0.000653 0.001280 0.000693 0.013747 0.005000 0.000000 0.004600 0.004173 0.000000 0.002093 0.001427 0.021960 0.013013 0.014027 0.000173 0.142213 0.000000 0.006373
0.000000 0.000000 0.000000 0.000280 0.000000 0.000067 0.000000 0.000000 0.000000 0.000147 0.000000 0.000000 0.000000 0.000120 0.000000 0.000000 0.000000 0.000000 0.000000 0.000093 0.000067 0.000000 0.000000 0.000427 0.000000 0.000000 0.000000 0.000347 0.000253 0.000173 0.000000 0.000000 0.000000 0.000000 0.000440 0.006533 0.000000 0.002107 0.000000 0.000547 0.005613 0.004920 0.000000 0.004133 0.000120 0.000093 0.003867 0.005293 0.000000 0.000200 0.000093 0.000107 0.000067 0.000307 0.000440 0.005560 0.000000 0.032987 0.001760 0.000520 0.006333 0.013640 0.012387 0.009120 0.000107 0.000240 0.000107 0.000587
0.000080 0.000000 0.000000 0.006747 0.000120 0.003987 0.001133 0.003627 0.001293 0.010213 0.000080 0.002120 0.000000 0.000800 0.000000 0.000000 0.000000 0.000000 0.000000 0.006587 0.000000 0.000000 0.000000 0.003440 0.000000 0.000000 0.000080 0.004093 0.000613 0.000000 0.000000 0.000120 0.000080 0.000547 0.000507 0.000000 0.000467 0.351200 0.000707 0.118013 0.272880 0.128187 0.004133 0.000000 0.000867 0.137173 0.000320 0.033440 0.000427 0.000067 0.000080 0.000613 0.000120 0.271440 0.001293 0.000000 0.001667 0.007880 0.000000 0.000840 0.002653 0.265747 0.021053 0.000093 0.000120 0.004120 0.000000 0.006827
0.000000 0.000373 0.000000 0.000080 0.000000 0.000000 0.000000 0.000147 0.000000 0.000067 0.001987 0.000000 0.004773 0.000107 0.000000 0.000000 0.000000 0.000160 0.000000 0.000000 0.000000 0.000067 0.000000 0.000080 0.001920 0.000707 0.000773 0.000067 0.000067 0.000000 0.000453 0.000000 0.000000 0.000000 0.001267 0.000227 0.000133 0.000160 0.000000 0.000413 0.001347 0.002867 0.000120 0.000867 0.000000 0.000560 0.033907 0.007053 0.000000 0.000120 0.001347 0.164733 0.010933 0.000280 0.001107 0.000080 0.001160 0.000227 0.001187 0.082853 0.008867 0.000480 0.014640 0.005267 0.019640 0.004720 0.000000 0.042973
0.000000 0.000000 0.000000 0.001907 0.000120 0.000400 0.000000 0.000160 0.000000 0.000813 0.000000 0.000520 0.000000 0.000000 0.000000 0.000000 0.000000 0.000000 0.000000 0.000560 0.000000 0.000000 0.000000 0.000120 0.000000 0.000000 0.000000 0.000520 0.000000 0.000000 0.000000 0.000067 0.000000 0.000000 0.000000 0.000000 0.000000 0.011947 0.000000 0.032387 0.001387 0.020067 0.000093 0.137173 0.000560 0.000000 0.000147 0.010453 0.000173 0.000000 0.000000 0.000453 0.000107 0.062347 0.000000 0.000000 0.000000 0.002413 0.000000 0.000213 0.000320 0.004640 0.004707 0.000000 0.000120 0.001840 0.000000 0.001667
0.000000 0.001080 0.000000 0.000000 0.000000 0.000000 0.000000 0.000067 0.000120 0.000000 0.010013 0.000000 0.025067 0.000093 0.000000 0.000000 0.000000 0.000467 0.000107 0.000000 0.000000 0.000293 0.000000 0.000147 0.006187 0.003707 0.002413 0.000000 0.000067 0.000000 0.002507 0.000187 0.000000 0.000173 0.000000 0.005360 0.000000 0.000000 0.000000 0.000187 0.000213 0.000880 0.003867 0.000320 0.033907 0.000147 0.000000 0.002880 0.000000 0.000067 0.000000 0.001587 0.000440 0.000093 0.000000 0.002053 0.000067 0.003280 0.028973 0.006053 0.049587 0.000373 0.009320 0.000000 0.014293 0.003747 0.000000 0.017320
0.000120 0.000000 0.000093 0.000973 0.000000 0.000347 0.000120 0.002053 0.000760 0.000920 0.000000 0.000067 0.000000 0.000987 0.000000 0.000000 0.000000 0.000000 0.000000 0.000320 0.000000 0.000080 0.000000 0.000947 0.000000 0.000000 0.000120 0.001520 0.000907 0.000067 0.000000 0.000267 0.000000 0.000747 0.099960 0.000120 0.007213 0.004987 0.000067 0.011307 0.128147 0.281133 0.005293 0.033440 0.007053 0.010453 0.002880 0.000000 0.000000 0.000000 0.002400 0.004227 0.002533 0.009493 0.004253 0.000000 0.004960 0.002387 0.000107 0.005840 0.003267 0.020027 0.132453 0.029347 0.000427 0.207160 0.000000 0.013587
0.000000 0.000000 0.000000 0.000000 0.000000 0.000000 0.000000 0.000000 0.000000 0.000000 0.000000 0.000000 0.000000 0.000000 0.000000 0.000000 0.000000 0.000000 0.000000 0.000000 0.000000 0.000000 0.000000 0.000000 0.000000 0.000000 0.000000 0.000000 0.000000 0.000000 0.000000 0.000000 0.000000 0.000000 0.000000 0.000067 0.000000 0.000227 0.004613 0.009213 0.000093 0.001200 0.000000 0.000427 0.000000 0.000173 0.000000 0.000000 0.000000 0.000000 0.000000 0.000000 0.000000 0.000000 0.000000 0.000000 0.000000 0.001053 0.000000 0.000000 0.000080 0.000853 0.000000 0.000000 0.000000 0.004333 0.000000 0.000000
0.000000 0.000000 0.000000 0.000000 0.000000 0.000000 0.000000 0.000000 0.000000 0.000000 0.000000 0.000000 0.000000 0.000000 0.000000 0.001267 0.000000 0.000000 0.000000 0.000000 0.001307 0.005160 0.004240 0.000173 0.000000 0.000000 0.000307 0.000133 0.000120 0.000280 0.000000 0.000000 0.000000 0.000000 0.000000 0.000253 0.000000 0.000000 0.000000 0.000000 0.000160 0.000000 0.000200 0.000067 0.000120 0.000000 0.000067 0.000000 0.000000 0.000000 0.000280 0.000093 0.000000 0.000000 0.039693 0.031787 0.041000 0.004640 0.000000 0.000280 0.007773 0.008133 0.000227 0.002600 0.000000 0.000000 0.000000 0.000653
0.000000 0.000573 0.003707 0.000000 0.000000 0.000000 0.000000 0.000000 0.000000 0.000000 0.000000 0.000000 0.000000 0.000000 0.000000 0.000080 0.000480 0.000000 0.000227 0.000000 0.000000 0.000000 0.000227 0.000000 0.000000 0.001547 0.005253 0.000000 0.000000 0.000000 0.000000 0.000000 0.000000 0.000120 0.003947 0.009573 0.068573 0.000133 0.000000 0.000000 0.023800 0.000653 0.000093 0.000080 0.001347 0.000000 0.000000 0.002400 0.000000 0.000280 0.000000 0.010880 0.071227 0.000000 0.007520 0.000253 0.018840 0.002360 0.000000 0.039667 0.101360 0.002133 0.008613 0.050160 0.000000 0.000000 0.000000 0.029187
0.000000 0.000000 0.000000 0.000000 0.000000 0.000000 0.000000 0.000000 0.000000 0.000000 0.000227 0.000000 0.000547 0.000000 0.000000 0.000000 0.000000 0.000440 0.000173 0.000000 0.000000 0.000000 0.000000 0.000000 0.000213 0.001280 0.001213 0.000000 0.000000 0.000000 0.000213 0.000000 0.000000 0.000120 0.001813 0.000400 0.001053 0.000120 0.000000 0.000160 0.003227 0.001280 0.000107 0.000613 0.164733 0.000453 0.001587 0.004227 0.000000 0.000093 0.010880 0.000000 0.067880 0.000227 0.000560 0.000093 0.001147 0.000133 0.002093 0.079880 0.017240 0.000373 0.006720 0.006693 0.006360 0.000613 0.000000 0.021573
0.000000 0.000333 0.000467 0.000000 0.000000 0.000000 0.000000 0.000000 0.000000 0.000000 0.000000 0.000000 0.000000 0.000000 0.000000 0.000000 0.000627 0.000107 0.001133 0.000000 0.000000 0.000000 0.000000 0.000093 0.000000 0.003733 0.003240 0.000000 0.000000 0.000000 0.000000 0.000000 0.000000 0.000333 0.002933 0.011880 0.006773 0.000000 0.000000 0.000000 0.008560 0.000693 0.000067 0.000120 0.010933 0.000107 0.000440 0.002533 0.000000 0.000000 0.071227 0.067880 0.000000 0.000000 0.000587 0.000160 0.002360 0.000827 0.000680 0.055387 0.039987 0.000467 0.006480 0.013480 0.000600 0.000000 0.000000 0.028760
0.000000 0.000000 0.000000 0.004293 0.000120 0.000827 0.000107 0.000187 0.000080 0.001680 0.000000 0.000747 0.000000 0.000093 0.000000 0.000000 0.000000 0.000000 0.000000 0.000920 0.000000 0.000000 0.000000 0.000280 0.000000 0.000000 0.000000 0.000933 0.000000 0.000000 0.000000 0.000000 0.000000 0.000000 0.000000 0.000000 0.000000 0.329667 0.000067 0.010413 0.001307 0.013747 0.000307 0.271440 0.000280 0.062347 0.000093 0.009493 0.000000 0.000000 0.000000 0.000227 0.000000 0.000000 0.000000 0.000000 0.000000 0.000827 0.000000 0.000133 0.000373 0.029307 0.004787 0.000000 0.000000 0.001347 0.000000 0.000813
0.000000 0.000000 0.000133 0.000000 0.000000 0.000000 0.000000 0.000000 0.000000 0.000000 0.000000 0.000000 0.000000 0.000000 0.000000 0.001053 0.000000 0.000000 0.000000 0.000000 0.002413 0.002813 0.001760 0.000387 0.000000 0.000000 0.000187 0.000387 0.000427 0.000867 0.000000 0.000000 0.000120 0.000000 0.000400 0.000120 0.000560 0.000000 0.000000 0.000173 0.034080 0.005000 0.000440 0.001293 0.001107 0.000000 0.000000 0.004253 0.000000 0.039693 0.007520 0.000560 0.000587 0.000000 0.000000 0.005933 0.311867 0.005493 0.000000 0.001000 0.010320 0.043933 0.001360 0.167467 0.000000 0.000000 0.000253 0.030413
0.000000 0.000000 0.000693 0.000000 0.000000 0.000000 0.000000 0.000000 0.000000 0.000000 0.000000 0.000000 0.000000 0.000000 0.000000 0.000573 0.000000 0.000000 0.000000 0.000000 0.000360 0.000147 0.001827 0.000093 0.000000 0.000093 0.001507 0.000067 0.000000 0.000093 0.000000 0.000000 0.000000 0.000000 0.000000 0.012733 0.001533 0.000107 0.000120 0.000000 0.000000 0.000000 0.005560 0.000000 0.000080 0.000000 0.002053 0.000000 0.000000 0.031787 0.000253 0.000093 0.000160 0.000000 0.005933 0.000000 0.023467 0.031120 0.001640 0.000653 0.030987 0.004987 0.000840 0.004507 0.000000 0.000093 0.000093 0.000387
0.000000 0.000427 0.011333 0.000000 0.000000 0.000000 0.000133 0.000000 0.000000 0.000000 0.000000 0.000000 0.000000 0.000000 0.000000 0.010267 0.000400 0.000000 0.000080 0.000000 0.006493 0.020400 0.079027 0.000147 0.000000 0.000253 0.015187 0.000160 0.000000 0.000293 0.000000 0.000000 0.000000 0.000133 0.001413 0.001080 0.109333 0.000187 0.000000 0.000120 0.067133 0.004600 0.000000 0.001667 0.001160 0.000000 0.000067 0.004960 0.000000 0.041000 0.018840 0.001147 0.002360 0.000000 0.311867 0.023467 0.000000 0.002547 0.000120 0.020800 0.203853 0.050787 0.003213 0.114667 0.000107 0.000000 0.000000 0.033560
0.000093 0.000467 0.000840 0.002080 0.000000 0.000893 0.000400 0.003000 0.004600 0.002587 0.000107 0.000453 0.000067 0.001627 0.000000 0.000227 0.000107 0.000000 0.000000 0.001507 0.000520 0.002640 0.000133 0.008320 0.000000 0.000400 0.001987 0.004480 0.002733 0.000693 0.000000 0.000347 0.000360 0.001627 0.000600 0.011867 0.000147 0.019147 0.003200 0.003280 0.009667 0.004173 0.032987 0.007880 0.000227 0.002413 0.003280 0.002387 0.001053 0.004640 0.002360 0.000133 0.000827 0.000827 0.005493 0.031120 0.002547 0.000000 0.001320 0.003227 0.047000 0.079747 0.010320 0.017907 0.000213 0.002987 0.000173 0.001880
0.000000 0.000000 0.000000 0.000000 0.000000 0.000000 0.000000 0.000000 0.000000 0.000000 0.000947 0.000000 0.002600 0.000000 0.000000 0.000000 0.000000 0.000773 0.000133 0.000000 0.000000 0.000000 0.000000 0.000000 0.000267 0.002467 0.001813 0.000000 0.000000 0.000000 0.000613 0.000000 0.000000 0.000000 0.000000 0.016360 0.000000 0.000000 0.000000 0.000000 0.000000 0.000000 0.001760 0.000000 0.001187 0.000000 0.028973 0.000107 0.000000 0.000000 0.000000 0.002093 0.000680 0.000000 0.000000 0.001640 0.000120 0.001320 0.000000 0.031627 0.044227 0.000200 0.000307 0.000120 0.004133 0.000000 0.000000 0.001200
0.000000 0.002480 0.004627 0.000000 0.000000 0.000000 0.000000 0.000000 0.000000 0.000080 0.003880 0.000000 0.009107 0.000080 0.000000 0.000227 0.003120 0.005733 0.007347 0.000000 0.000000 0.000147 0.000427 0.000280 0.002760 0.030413 0.029573 0.000107 0.000160 0.000107 0.003147 0.000000 0.000000 0.001893 0.002320 0.027600 0.071933 0.000307 0.000000 0.000173 0.016880 0.002093 0.000520 0.000840 0.082853 0.000213 0.006053 0.005840 0.000000 0.000280 0.039667 0.079880 0.055387 0.000133 0.001000 0.000653 0.020800 0.003227 0.031627 0.000000 0.150707 0.002373 0.005973 0.010987 0.015347 0.000600 0.000000 0.013107
0.000000 0.005520 0.028400 0.000213 0.000000 0.000093 0.000173 0.000133 0.000093 0.000173 0.002133 0.000067 0.004787 0.000120 0.000000 0.001533 0.003000 0.002813 0.003120 0.000293 0.000307 0.010747 0.022920 0.000267 0.001067 0.018493 0.050280 0.000267 0.000120 0.000000 0.001560 0.000000 0.000000 0.002280 0.000573 0.073187 0.059053 0.001507 0.000147 0.000533 0.018533 0.001427 0.006333 0.002653 0.008867 0.000320 0.049587 0.003267 0.000080 0.007773 0.101360 0.017240 0.039987 0.000373 0.010320 0.030987 0.203853 0.047000 0.044227 0.150707 0.000000 0.059400 0.003013 0.004173 0.009933 0.000413 0.000000 0.046893
0.000147 0.000000 0.000267 0.008600 0.000133 0.003693 0.001107 0.005320 0.002293 0.009227 0.000107 0.003067 0.000000 0.001640 0.000120 0.000000 0.000000 0.000000 0.000000 0.008987 0.000507 0.000400 0.000120 0.005040 0.000000 0.000120 0.000413 0.006307 0.001800 0.000573 0.000000 0.000507 0.000373 0.001560 0.001960 0.001013 0.002160 0.130507 0.003027 0.020560 0.278733 0.021960 0.013640 0.265747 0.000480 0.004640 0.000373 0.020027 0.000853 0.008133 0.002133 0.000373 0.000467 0.029307 0.043933 0.004987 0.050787 0.079747 0.000200 0.002373 0.059400 0.000000 0.045333 0.097240 0.000133 0.003373 0.000920 0.010120
0.000120 0.000000 0.000080 0.000533 0.000000 0.000160 0.000000 0.001627 0.002360 0.000680 0.000000 0.000000 0.000000 0.001280 0.000000 0.000173 0.000000 0.000000 0.000000 0.000080 0.001133 0.001200 0.000187 0.002400 0.000000 0.000000 0.000133 0.004147 0.002493 0.001320 0.000000 0.000200 0.000493 0.000987 0.033093 0.000160 0.001613 0.004173 0.000107 0.003293 0.016907 0.013013 0.012387 0.021053 0.014640 0.004707 0.009320 0.132453 0.000000 0.000227 0.008613 0.006720 0.006480 0.004787 0.001360 0.000840 0.003213 0.010320 0.000307 0.005973 0.003013 0.045333 0.000000 0.084920 0.000400 0.034827 0.058827 0.095707
0.000000 0.000000 0.000133 0.000000 0.000000 0.000000 0.000000 0.000173 0.000987 0.000000 0.000000 0.000000 0.000000 0.000200 0.000000 0.000480 0.000000 0.000000 0.000000 0.000000 0.001413 0.002320 0.000467 0.000787 0.000000 0.000080 0.000213 0.001373 0.001307 0.000973 0.000000 0.000080 0.000240 0.000293 0.025627 0.000493 0.008520 0.000067 0.000000 0.000120 0.107160 0.014027 0.009120 0.000093 0.005267 0.000000 0.000000 0.029347 0.000000 0.002600 0.050160 0.006693 0.013480 0.000000 0.167467 0.004507 0.114667 0.017907 0.000120 0.010987 0.004173 0.097240 0.084920 0.000000 0.000000 0.000133 0.000240 0.019187
0.000000 0.000267 0.000000 0.000000 0.000000 0.000000 0.000000 0.000000 0.000000 0.000000 0.001213 0.000000 0.003587 0.000000 0.000000 0.000000 0.000000 0.000280 0.000093 0.000000 0.000000 0.000000 0.000000 0.000000 0.001467 0.001760 0.000947 0.000000 0.000000 0.000000 0.000947 0.000000 0.000000 0.000000 0.000000 0.000160 0.000080 0.000000 0.000000 0.000000 0.000067 0.000173 0.000107 0.000120 0.019640 0.000120 0.014293 0.000427 0.000000 0.000000 0.000000 0.006360 0.000600 0.000000 0.000000 0.000000 0.000107 0.000213 0.004133 0.015347 0.009933 0.000133 0.000400 0.000000 0.000000 0.000200 0.000000 0.000947
