0.000000 0.000000 97.363347 86.830582 0.000000 75.430949 27.861721 52.322006 76.908910 83.609127 80.949256 101.606650 0.000000 26.180816 0.000000 0.000000 102.381235 137.392037 122.541555 0.000000 79.922529 89.846799 88.423833 87.623851 0.000000 108.517403 134.241474 89.155466 19.440144 38.477017 0.000000 82.210368 44.842854 52.164004 0.000000 0.000000 0.000000 0.000000 0.000000 0.000000 0.000000 0.000000 84.346254 0.000000 0.000000 0.000000 0.000000 192.303568 0.000000 0.000000 0.000000 0.000000 0.000000 0.000000 0.000000 0.000000 0.000000 139.113071 0.000000 0.000000 0.000000 150.500424 184.136661 155.067297 0.000000 0.000000 0.000000 0.000000
0.000000 0.000000 39.421033 0.000000 152.518050 157.649567 0.000000 0.000000 71.630776 0.000000 49.736820 0.000000 46.858061 0.000000 129.355965 0.000000 60.221215 73.133583 65.016454 0.000000 0.000000 24.256900 55.186871 72.191099 29.738141 48.566927 33.383922 77.836992 120.201414 0.000000 65.863231 172.176120 0.000000 51.877621 0.000000 0.000000 0.000000 0.000000 0.000000 0.000000 0.000000 0.000000 0.000000 0.000000 68.180155 0.000000 0.000000 0.000000 0.000000 0.000000 70.419000 91.079766 71.340230 0.000000 0.000000 0.000000 0.000000 0.000000 0.000000 64.711141 50.629429 0.000000 0.000000 0.000000 0.000000 0.000000 0.000000 82.097758
97.363347 39.421033 0.000000 0.000000 0.000000 140.770501 92.342511 124.340568 0.000000 119.371074 0.000000 0.000000 0.000000 112.826176 0.000000 0.000000 36.016388 80.680776 59.717202 0.000000 59.511304 0.000000 33.334111 107.989363 0.000000 28.212043 31.171231 64.849860 99.473413 76.576982 0.000000 0.000000 0.000000 64.611966 0.000000 57.663429 97.953717 0.000000 0.000000 0.000000 165.920154 0.000000 0.000000 0.000000 0.000000 0.000000 0.000000 170.579637 0.000000 134.172106 117.329846 0.000000 112.854020 0.000000 135.526078 0.000000 110.153186 136.573612 0.000000 107.759232 92.626436 149.653197 157.968518 150.199008 0.000000 0.000000 0.000000 115.778635
86.830582 0.000000 0.000000 0.000000 0.000000 74.580457 43.632563 105.262874 51.029784 19.058893 150.572123 40.694038 0.000000 101.866681 78.057064 0.000000 0.000000 0.000000 0.000000 19.040395 0.000000 0.000000 0.000000 19.865231 0.000000 0.000000 98.704321 21.223082 94.994876 0.000000 0.000000 135.074612 0.000000 83.264611 0.000000 0.000000 0.000000 132.947887 0.000000 145.648852 0.000000 169.074278 0.000000 136.850161 0.000000 113.607626 0.000000 188.089465 0.000000 0.000000 0.000000 0.000000 0.000000 132.761605 0.000000 0.000000 0.000000 107.968590 0.000000 0.000000 0.000000 131.419355 0.000000 0.000000 0.000000 0.000000 0.000000 0.000000
0.000000 152.518050 0.000000 0.000000 0.000000 11.556109 0.000000 40.212129 94.969423 116.042221 24.624027 82.044025 0.000000 0.000000 31.560549 0.000000 0.000000 0.000000 0.000000 111.035272 0.000000 120.034269 0.000000 112.877975 173.338331 0.000000 176.995285 127.601569 0.000000 0.000000 0.000000 12.468415 0.000000 17.909844 0.000000 0.000000 0.000000 0.000000 0.000000 0.000000 0.000000 0.000000 0.000000 0.000000 0.000000 0.000000 0.000000 0.000000 0.000000 0.000000 0.000000 0.000000 0.000000 0.000000 0.000000 0.000000 0.000000 0.000000 0.000000 0.000000 0.000000 0.000000 0.000000 0.000000 0.000000 0.000000 0.000000 0.000000
75.430949 157.649567 140.770501 74.580457 11.556109 0.000000 48.000185 30.902798 78.691378 36.643768 68.755420 38.820061 0.000000 64.033191 28.879817 0.000000 168.461123 0.000000 0.000000 51.719697 126.672381 123.176565 137.016382 77.382654 171.983178 164.789311 161.970041 73.176400 96.880492 109.611648 0.000000 20.819257 0.000000 73.837779 0.000000 0.000000 0.000000 159.190168 0.000000 180.182843 160.626508 190.455417 114.886121 157.743180 0.000000 0.000000 0.000000 195.523302 0.000000 0.000000 0.000000 0.000000 0.000000 148.731798 0.000000 0.000000 0.000000 152.617666 0.000000 0.000000 0.000000 156.966807 183.875631 172.575884 0.000000 0.000000 0.000000 0.000000
27.861721 0.000000 92.342511 43.632563 0.000000 48.000185 0.000000 59.769697 54.994506 27.218566 131.399367 51.952941 0.000000 47.986489 0.000000 0.000000 105.687341 0.000000 122.738792 65.633834 70.635204 0.000000 75.513571 51.793265 0.000000 119.167740 103.744088 40.563666 75.777118 18.606986 0.000000 130.519501 0.000000 84.708442 0.000000 0.000000 0.000000 131.429152 0.000000 140.456206 0.000000 170.497282 72.664106 138.769445 0.000000 137.135708 0.000000 170.960919 0.000000 0.000000 0.000000 0.000000 0.000000 125.739931 0.000000 0.000000 176.688564 114.789732 0.000000 0.000000 156.811833 136.112519 169.406657 0.000000 0.000000 0.000000 0.000000 0.000000
52.322006 0.000000 124.340568 105.262874 40.212129 30.902798 59.769697 0.000000 76.907601 37.592859 58.818368 88.700452 0.000000 24.022073 130.828586 0.000000 139.831965 157.217629 151.103516 90.293935 107.671456 0.000000 112.977304 92.198601 0.000000 143.241109 134.939809 94.829291 67.520896 82.819007 0.000000 24.723928 0.000000 47.720947 170.898556 0.000000 0.000000 169.085686 0.000000 190.282829 155.490114 187.851830 98.777655 164.491467 202.331788 0.000000 0.000000 194.640316 0.000000 0.000000 0.000000 0.000000 0.000000 0.000000 0.000000 0.000000 0.000000 150.503099 0.000000 184.046445 177.768365 159.718133 188.832459 164.111277 0.000000 214.040371 0.000000 181.084362
76.908910 71.630776 0.000000 51.029784 94.969423 78.691378 54.994506 76.907601 0.000000 57.812004 116.126261 39.588508 122.226797 93.249203 70.477045 0.000000 128.609536 0.000000 0.000000 51.177932 87.737424 30.938000 0.000000 33.987693 100.347545 137.228456 98.622973 55.654078 81.890567 59.489377 140.455217 113.330353 61.525239 63.710522 0.000000 0.000000 0.000000 0.000000 0.000000 0.000000 80.768241 108.458318 0.000000 99.627074 0.000000 0.000000 0.000000 107.853803 0.000000 0.000000 0.000000 0.000000 0.000000 0.000000 0.000000 0.000000 0.000000 67.798548 0.000000 0.000000 0.000000 81.448842 104.008150 81.626914 0.000000 0.000000 0.000000 0.000000
83.609127 0.000000 119.371074 19.058893 116.042221 36.643768 27.218566 37.592859 57.812004 0.000000 125.526672 30.880206 0.000000 73.598889 105.701245 0.000000 0.000000 0.000000 0.000000 21.815874 98.676495 0.000000 102.727767 39.059824 0.000000 146.460765 148.589061 23.059578 100.715735 0.000000 0.000000 131.401293 0.000000 90.427552 156.144119 0.000000 0.000000 138.191772 0.000000 154.225672 134.437718 167.185485 82.885869 143.292311 186.619978 124.110776 0.000000 176.079279 0.000000 0.000000 0.000000 0.000000 0.000000 136.217469 0.000000 0.000000 0.000000 120.590163 0.000000 0.000000 211.751076 137.633003 171.254807 146.973581 0.000000 204.710019 0.000000 174.617198
80.949256 49.736820 0.000000 150.572123 24.624027 68.755420 131.399367 58.818368 116.126261 125.526672 0.000000 119.263490 22.827439 57.730549 0.000000 0.000000 43.330931 19.325246 25.087812 117.123076 0.000000 76.939940 0.000000 126.948157 25.474845 25.080715 42.123877 142.290860 50.791993 0.000000 36.298804 43.771349 0.000000 13.721820 0.000000 66.692528 0.000000 0.000000 0.000000 0.000000 176.193186 210.715873 0.000000 0.000000 61.874521 0.000000 50.158610 219.919963 0.000000 0.000000 0.000000 92.256843 100.842779 0.000000 0.000000 0.000000 0.000000 179.766737 38.644651 68.455883 82.933383 183.143021 213.192032 181.713534 65.517910 0.000000 0.000000 0.000000
101.606650 0.000000 0.000000 40.694038 82.044025 38.820061 51.952941 88.700452 39.588508 30.880206 119.263490 0.000000 0.000000 94.845826 51.298332 0.000000 0.000000 0.000000 0.000000 17.238588 0.000000 0.000000 0.000000 41.483290 0.000000 0.000000 165.543139 51.430947 108.248998 0.000000 0.000000 107.661449 0.000000 91.045571 0.000000 0.000000 0.000000 120.888136 0.000000 145.881033 0.000000 172.956733 0.000000 130.585956 0.000000 107.113581 0.000000 177.851389 96.787247 0.000000 0.000000 0.000000 0.000000 119.009397 0.000000 0.000000 0.000000 110.756132 0.000000 0.000000 0.000000 119.676158 0.000000 0.000000 0.000000 0.000000 0.000000 0.000000
0.000000 46.858061 0.000000 0.000000 0.000000 0.000000 0.000000 0.000000 122.226797 0.000000 22.827439 0.000000 0.000000 0.000000 183.424474 0.000000 0.000000 77.537679 94.733805 0.000000 0.000000 78.895274 0.000000 124.065488 18.167882 54.159834 22.108151 0.000000 0.000000 0.000000 12.965176 33.681347 0.000000 17.558049 0.000000 60.335916 0.000000 0.000000 0.000000 0.000000 0.000000 0.000000 0.000000 0.000000 66.744163 0.000000 46.971884 0.000000 0.000000 0.000000 0.000000 110.135674 114.825977 0.000000 0.000000 0.000000 0.000000 0.000000 31.873322 74.105179 100.106285 0.000000 0.000000 0.000000 67.875906 0.000000 0.000000 0.000000
26.180816 0.000000 112.826176 101.866681 0.000000 64.033191 47.986489 24.022073 93.249203 73.598889 57.730549 94.845826 0.000000 0.000000 145.389728 0.000000 120.610279 150.461512 138.935670 96.506256 100.700603 101.563793 101.281422 107.488752 0.000000 127.709883 130.375209 102.020696 33.194543 66.837743 0.000000 28.617697 0.000000 37.836422 190.492001 0.000000 0.000000 0.000000 0.000000 202.160815 167.990247 197.349333 106.851702 186.379917 201.146579 0.000000 0.000000 204.517450 0.000000 0.000000 178.409510 0.000000 0.000000 0.000000 165.193952 108.345909 0.000000 156.861018 0.000000 168.337394 174.360808 164.265614 196.431105 166.909906 0.000000 232.840851 0.000000 169.692701
0.000000 129.355965 0.000000 78.057064 31.560549 28.879817 0.000000 130.828586 70.477045 105.701245 0.000000 51.298332 183.424474 145.389728 0.000000 0.000000 0.000000 0.000000 0.000000 75.124754 0.000000 91.375408 0.000000 78.102457 158.487398 0.000000 152.016028 92.158493 136.067921 0.000000 0.000000 42.712311 0.000000 0.000000 0.000000 0.000000 0.000000 0.000000 0.000000 0.000000 0.000000 0.000000 0.000000 0.000000 0.000000 0.000000 0.000000 0.000000 0.000000 0.000000 0.000000 0.000000 0.000000 0.000000 0.000000 0.000000 0.000000 0.000000 0.000000 0.000000 0.000000 0.000000 0.000000 0.000000 0.000000 0.000000 0.000000 0.000000
0.000000 0.000000 0.000000 0.000000 0.000000 0.000000 0.000000 0.000000 0.000000 0.000000 0.000000 0.000000 0.000000 0.000000 0.000000 0.000000 94.299775 0.000000 0.000000 0.000000 18.255211 34.891807 19.177609 21.742316 0.000000 113.301095 21.503952 32.507207 0.000000 75.286088 0.000000 0.000000 0.000000 74.032524 0.000000 0.000000 0.000000 0.000000 0.000000 0.000000 0.000000 0.000000 0.000000 0.000000 0.000000 0.000000 0.000000 0.000000 0.000000 102.764936 0.000000 0.000000 0.000000 0.000000 120.041447 54.547993 110.007434 109.098776 0.000000 0.000000 105.891060 123.032658 153.473634 121.718382 0.000000 0.000000 0.000000 0.000000
102.381235 60.221215 36.016388 0.000000 0.000000 168.461123 105.687341 139.831965 128.609536 0.000000 43.330931 0.000000 0.000000 120.610279 0.000000 94.299775 0.000000 61.639515 20.980639 0.000000 66.463566 82.412261 32.749397 132.629892 0.000000 37.238577 74.832664 117.437008 96.199574 73.618863 124.520341 0.000000 85.806453 24.432688 0.000000 75.381817 116.235114 0.000000 0.000000 0.000000 0.000000 0.000000 0.000000 0.000000 0.000000 0.000000 0.000000 0.000000 0.000000 0.000000 127.581369 142.844745 130.365698 0.000000 0.000000 0.000000 133.498813 0.000000 0.000000 119.784582 114.843966 0.000000 0.000000 0.000000 0.000000 0.000000 0.000000 126.380118
137.392037 73.133583 80.680776 0.000000 0.000000 0.000000 0.000000 157.217629 0.000000 0.000000 19.325246 0.000000 77.537679 150.461512 0.000000 0.000000 61.639515 0.000000 21.590139 0.000000 0.000000 95.987872 95.575540 164.174826 58.590741 33.249511 75.904505 176.592502 130.393740 117.487247 68.275027 0.000000 0.000000 58.889800 0.000000 83.801365 139.461452 0.000000 0.000000 0.000000 0.000000 0.000000 0.000000 0.000000 96.191336 0.000000 91.529700 0.000000 0.000000 0.000000 153.246811 126.812140 142.957661 0.000000 0.000000 0.000000 0.000000 0.000000 0.000000 118.229874 123.700528 0.000000 0.000000 0.000000 101.117826 0.000000 0.000000 0.000000
122.541555 65.016454 59.717202 0.000000 0.000000 0.000000 122.738792 151.103516 0.000000 0.000000 25.087812 0.000000 94.733805 138.935670 0.000000 0.000000 20.980639 21.590139 0.000000 0.000000 108.171845 0.000000 78.859728 148.161920 63.904000 41.236127 76.381415 150.725989 115.077904 95.608641 91.580891 0.000000 102.015959 51.805533 0.000000 76.323241 125.594860 0.000000 0.000000 0.000000 0.000000 0.000000 0.000000 0.000000 98.637603 0.000000 99.727020 0.000000 0.000000 0.000000 132.496587 136.547344 132.704228 0.000000 0.000000 0.000000 0.000000 0.000000 88.489936 121.181909 121.066432 0.000000 0.000000 0.000000 0.000000 0.000000 0.000000 147.886974
0.000000 0.000000 0.000000 19.040395 111.035272 51.719697 65.633834 90.293935 51.177932 21.815874 117.123076 17.238588 0.000000 96.506256 75.124754 0.000000 0.000000 0.000000 0.000000 0.000000 0.000000 0.000000 0.000000 20.764313 0.000000 0.000000 170.232644 30.794724 104.896517 0.000000 0.000000 125.723081 0.000000 93.130158 0.000000 0.000000 0.000000 132.883004 0.000000 143.477713 0.000000 161.425780 0.000000 137.494752 0.000000 120.434972 0.000000 0.000000 0.000000 0.000000 0.000000 0.000000 0.000000 132.991481 0.000000 0.000000 0.000000 118.710482 0.000000 0.000000 0.000000 134.428780 0.000000 0.000000 0.000000 0.000000 0.000000 0.000000
79.922529 0.000000 59.511304 0.000000 0.000000 126.672381 70.635204 107.671456 87.737424 98.676495 0.000000 0.000000 0.000000 100.700603 0.000000 18.255211 66.463566 0.000000 108.171845 0.000000 0.000000 53.640882 31.148560 14.505498 0.000000 91.216677 58.729056 19.569532 80.829550 41.042276 0.000000 129.593331 78.795605 45.475133 139.816238 0.000000 135.013054 0.000000 0.000000 0.000000 110.383390 183.788553 0.000000 0.000000 0.000000 0.000000 0.000000 178.039682 0.000000 117.911531 0.000000 0.000000 0.000000 0.000000 125.398995 70.219918 124.756086 112.600616 0.000000 0.000000 137.375645 126.950336 156.474455 128.948188 0.000000 0.000000 0.000000 128.750746
89.846799 24.256900 0.000000 0.000000 120.034269 123.176565 0.000000 0.000000 30.938000 0.000000 76.939940 0.000000 78.895274 101.563793 91.375408 34.891807 82.412261 95.987872 0.000000 0.000000 53.640882 0.000000 58.018476 32.969243 59.062451 85.273618 37.447727 47.444749 81.088380 56.482422 97.011444 131.504259 60.644831 53.985351 0.000000 0.000000 0.000000 0.000000 0.000000 0.000000 0.000000 0.000000 0.000000 0.000000 0.000000 0.000000 0.000000 0.000000 0.000000 53.908664 0.000000 0.000000 0.000000 0.000000 77.673680 20.105539 70.117865 51.902593 0.000000 0.000000 54.102626 77.326005 99.421973 74.508212 0.000000 0.000000 0.000000 0.000000
88.423833 55.186871 33.334111 0.000000 0.000000 137.016382 75.513571 112.977304 0.000000 102.727767 0.000000 0.000000 0.000000 101.281422 0.000000 19.177609 32.749397 95.575540 78.859728 0.000000 31.148560 58.018476 0.000000 36.663691 0.000000 63.620483 49.279914 46.255925 93.478897 59.576455 0.000000 0.000000 58.922092 44.641293 0.000000 67.848460 103.223440 0.000000 0.000000 0.000000 164.710316 0.000000 0.000000 180.918854 0.000000 0.000000 0.000000 0.000000 0.000000 109.669879 129.308771 0.000000 0.000000 0.000000 129.012380 68.164672 118.181743 118.216850 0.000000 0.000000 110.048458 134.318208 167.127267 125.644076 0.000000 0.000000 0.000000 134.222889
87.623851 72.191099 107.989363 19.865231 112.877975 77.382654 51.793265 92.198601 33.987693 39.059824 126.948157 41.483290 124.065488 107.488752 78.102457 21.742316 132.629892 164.174826 148.161920 20.764313 14.505498 32.969243 36.663691 0.000000 100.950650 120.834177 77.756560 17.985690 93.805008 71.975221 144.509017 127.640269 75.299521 80.782968 136.913397 0.000000 0.000000 102.918556 0.000000 150.459481 117.825247 155.607957 60.497109 118.516325 157.449389 0.000000 0.000000 156.881997 0.000000 103.872607 0.000000 0.000000 0.000000 107.603173 115.180265 54.227690 120.564330 104.392085 0.000000 0.000000 184.110437 114.277128 148.295255 116.968036 0.000000 185.655640 0.000000 125.770446
0.000000 29.738141 0.000000 0.000000 173.338331 171.983178 0.000000 0.000000 100.347545 0.000000 25.474845 0.000000 18.167882 0.000000 158.487398 0.000000 0.000000 58.590741 63.904000 0.000000 0.000000 59.062451 0.000000 100.950650 0.000000 51.820015 17.416203 0.000000 0.000000 0.000000 34.764572 0.000000 0.000000 45.195626 0.000000 51.441293 0.000000 0.000000 0.000000 0.000000 0.000000 0.000000 0.000000 0.000000 60.556833 0.000000 34.549735 0.000000 0.000000 0.000000 0.000000 96.320239 0.000000 0.000000 0.000000 0.000000 0.000000 0.000000 11.560088 63.139475 80.839917 0.000000 0.000000 0.000000 46.111244 75.932001 0.000000 67.573153
108.517403 48.566927 28.212043 0.000000 0.000000 164.789311 119.167740 143.241109 137.228456 146.460765 25.080715 0.000000 54.159834 127.709883 0.000000 113.301095 37.238577 33.249511 41.236127 0.000000 91.216677 85.273618 63.620483 120.834177 51.820015 0.000000 38.888466 124.301730 110.612776 92.204810 28.818308 144.978774 0.000000 66.113338 0.000000 59.169573 101.465703 0.000000 0.000000 0.000000 0.000000 188.982452 0.000000 0.000000 87.658286 0.000000 90.886080 160.807844 0.000000 0.000000 112.367472 123.402232 115.752723 0.000000 173.292387 0.000000 142.667929 0.000000 82.344077 105.839704 103.517885 190.044540 154.671811 169.766198 95.308976 148.905191 0.000000 121.198196
134.241474 33.383922 31.171231 98.704321 176.995285 161.970041 103.744088 134.939809 98.622973 148.589061 42.123877 165.543139 22.108151 130.375209 152.016028 21.503952 74.832664 75.904505 76.381415 170.232644 58.729056 37.447727 49.279914 77.756560 17.416203 38.888466 0.000000 70.378098 127.684166 106.275052 24.322078 153.733943 123.272958 70.433617 0.000000 49.102158 94.709733 0.000000 0.000000 0.000000 146.475220 177.658417 0.000000 0.000000 87.116431 0.000000 86.560141 166.206877 0.000000 101.257338 113.411743 124.127049 116.091482 0.000000 130.872884 50.519455 109.166684 206.061764 86.676040 104.258142 94.298687 178.933228 165.555901 159.267665 93.634384 159.527548 0.000000 117.505231
89.155466 77.836992 64.849860 21.223082 127.601569 73.176400 40.563666 94.829291 55.654078 23.059578 142.290860 51.430947 0.000000 102.020696 92.158493 32.507207 117.437008 176.592502 150.725989 30.794724 19.569532 47.444749 46.255925 17.985690 0.000000 124.301730 70.378098 0.000000 97.785058 50.848664 0.000000 136.546059 73.675683 71.707262 142.240892 0.000000 156.757523 137.128637 0.000000 161.180361 123.821798 166.927158 63.431533 141.404131 0.000000 122.388517 0.000000 167.274751 0.000000 113.592076 0.000000 0.000000 0.000000 136.252706 122.950065 66.823896 131.318740 110.397633 0.000000 0.000000 161.850541 127.980602 154.571331 121.588617 0.000000 195.019398 0.000000 125.956510
19.440144 120.201414 99.473413 94.994876 0.000000 96.880492 75.777118 67.520896 81.890567 100.715735 50.791993 108.248998 0.000000 33.194543 136.067921 0.000000 96.199574 130.393740 115.077904 104.896517 80.829550 81.088380 93.478897 93.805008 0.000000 110.612776 127.684166 97.785058 0.000000 35.985033 0.000000 21.406418 23.153141 32.479985 173.729785 0.000000 0.000000 177.295261 0.000000 196.819609 155.798375 192.129226 100.015050 181.518499 185.794558 0.000000 0.000000 197.249694 0.000000 147.405534 0.000000 0.000000 0.000000 0.000000 152.167923 96.270781 154.320860 144.282229 0.000000 169.100222 177.091970 151.648707 187.663507 156.552054 0.000000 0.000000 0.000000 165.135885
38.477017 0.000000 76.576982 0.000000 0.000000 109.611648 18.606986 82.819007 59.489377 0.000000 0.000000 0.000000 0.000000 66.837743 0.000000 75.286088 73.618863 117.487247 95.608641 0.000000 41.042276 56.482422 59.576455 71.975221 0.000000 92.204810 106.275052 50.848664 35.985033 0.000000 0.000000 110.268018 0.000000 30.839406 0.000000 0.000000 147.716161 0.000000 0.000000 0.000000 132.270735 167.175745 76.866995 0.000000 0.000000 0.000000 0.000000 176.436342 0.000000 119.417221 0.000000 0.000000 0.000000 0.000000 127.941001 71.734310 133.065994 119.633015 0.000000 0.000000 158.099292 129.994031 161.955195 134.085905 0.000000 204.092984 0.000000 142.546340
0.000000 65.863231 0.000000 0.000000 0.000000 0.000000 0.000000 0.000000 140.455217 0.000000 36.298804 0.000000 12.965176 0.000000 0.000000 0.000000 124.520341 68.275027 91.580891 0.000000 0.000000 97.011444 0.000000 144.509017 34.764572 28.818308 24.322078 0.000000 0.000000 0.000000 0.000000 0.000000 0.000000 94.436419 0.000000 0.000000 0.000000 0.000000 0.000000 0.000000 0.000000 0.000000 0.000000 0.000000 91.978413 0.000000 77.682040 0.000000 0.000000 0.000000 0.000000 0.000000 0.000000 0.000000 0.000000 0.000000 0.000000 0.000000 0.000000 105.229887 120.752537 0.000000 0.000000 0.000000 91.209381 0.000000 0.000000 0.000000
82.210368 172.176120 0.000000 135.074612 12.468415 20.819257 130.519501 24.723928 113.330353 131.401293 43.771349 107.661449 33.681347 28.617697 42.712311 0.000000 0.000000 0.000000 0.000000 125.723081 129.593331 131.504259 0.000000 127.640269 0.000000 144.978774 153.733943 136.546059 21.406418 110.268018 0.000000 0.000000 0.000000 30.016675 0.000000 0.000000 0.000000 0.000000 0.000000 0.000000 0.000000 210.582487 0.000000 0.000000 0.000000 0.000000 0.000000 212.695180 0.000000 0.000000 0.000000 0.000000 0.000000 0.000000 0.000000 0.000000 0.000000 186.920975 0.000000 0.000000 0.000000 187.311300 213.182228 0.000000 0.000000 0.000000 0.000000 0.000000
44.842854 0.000000 0.000000 0.000000 0.000000 0.000000 0.000000 0.000000 61.525239 0.000000 0.000000 0.000000 0.000000 0.000000 0.000000 0.000000 85.806453 0.000000 102.015959 0.000000 78.795605 60.644831 58.922092 75.299521 0.000000 0.000000 123.272958 73.675683 23.153141 0.000000 0.000000 0.000000 0.000000 19.719703 0.000000 0.000000 0.000000 0.000000 0.000000 0.000000 0.000000 0.000000 0.000000 0.000000 0.000000 0.000000 0.000000 185.784231 0.000000 124.670076 0.000000 0.000000 0.000000 0.000000 130.931976 72.439034 0.000000 122.058641 0.000000 0.000000 0.000000 135.048027 168.496212 132.219952 0.000000 0.000000 0.000000 0.000000
52.164004 51.877621 64.611966 83.264611 17.909844 73.837779 84.708442 47.720947 63.710522 90.427552 13.721820 91.045571 17.558049 37.836422 0.000000 74.032524 24.432688 58.889800 51.805533 93.130158 45.475133 53.985351 44.641293 80.782968 45.195626 66.113338 70.433617 71.707262 32.479985 30.839406 94.436419 30.016675 19.719703 0.000000 0.000000 63.701565 119.266399 0.000000 0.000000 0.000000 154.081607 179.495773 0.000000 0.000000 103.266732 0.000000 0.000000 182.453251 0.000000 125.785265 115.786067 144.036975 125.430637 0.000000 132.547419 62.569021 127.270971 135.465498 0.000000 118.271417 111.050547 137.947647 172.019481 134.974164 0.000000 0.000000 0.000000 0.000000
0.000000 0.000000 0.000000 0.000000 0.000000 0.000000 0.000000 170.898556 0.000000 156.144119 0.000000 0.000000 0.000000 190.492001 0.000000 0.000000 0.000000 0.000000 0.000000 0.000000 139.816238 0.000000 0.000000 136.913397 0.000000 0.000000 0.000000 142.240892 173.729785 0.000000 0.000000 0.000000 0.000000 0.000000 0.000000 0.000000 105.224013 93.296227 0.000000 98.027962 36.130043 45.171739 73.882927 84.052043 83.443021 0.000000 0.000000 17.964715 0.000000 0.000000 100.427957 120.146809 115.295948 100.676024 104.206638 76.775122 90.340537 88.834082 0.000000 120.855404 142.434047 90.734824 32.039049 28.182487 0.000000 78.657525 0.000000 53.002859
0.000000 0.000000 57.663429 0.000000 0.000000 0.000000 0.000000 0.000000 0.000000 0.000000 66.692528 0.000000 60.335916 0.000000 0.000000 0.000000 75.381817 83.801365 76.323241 0.000000 0.000000 0.000000 67.848460 0.000000 51.441293 59.169573 49.102158 0.000000 0.000000 0.000000 0.000000 0.000000 0.000000 63.701565 0.000000 0.000000 0.000000 0.000000 154.773552 161.287070 0.000000 0.000000 66.701871 0.000000 39.446192 132.694050 28.311300 112.397212 129.813847 0.000000 60.065919 66.797401 59.207320 0.000000 0.000000 26.581791 64.924665 72.102862 23.169627 48.583314 32.998443 0.000000 105.749684 0.000000 43.199090 151.841642 0.000000 66.417595
0.000000 0.000000 97.953717 0.000000 0.000000 0.000000 0.000000 0.000000 0.000000 0.000000 0.000000 0.000000 0.000000 0.000000 0.000000 0.000000 116.235114 139.461452 125.594860 0.000000 135.013054 0.000000 103.223440 0.000000 0.000000 101.465703 94.709733 156.757523 0.000000 147.716161 0.000000 0.000000 0.000000 119.266399 105.224013 0.000000 0.000000 0.000000 0.000000 139.889493 90.302154 128.704395 0.000000 111.577702 125.869893 0.000000 0.000000 120.254428 0.000000 0.000000 41.223505 69.267707 47.818349 0.000000 65.219079 0.000000 29.575080 0.000000 0.000000 29.114854 33.518068 76.261436 121.981184 83.119096 0.000000 150.053366 0.000000 72.253471
0.000000 0.000000 0.000000 132.947887 0.000000 159.190168 131.429152 169.085686 0.000000 138.191772 0.000000 120.888136 0.000000 0.000000 0.000000 0.000000 0.000000 0.000000 0.000000 132.883004 0.000000 0.000000 0.000000 102.918556 0.000000 0.000000 0.000000 137.128637 177.295261 0.000000 0.000000 0.000000 0.000000 0.000000 93.296227 0.000000 0.000000 0.000000 0.000000 83.934984 62.766448 110.083387 54.574017 21.523783 0.000000 43.114828 0.000000 111.580447 84.167229 0.000000 0.000000 0.000000 0.000000 16.740646 0.000000 0.000000 0.000000 18.682562 0.000000 0.000000 119.107648 22.142271 110.635281 92.220007 0.000000 141.958396 0.000000 98.815353
0.000000 0.000000 0.000000 0.000000 0.000000 0.000000 0.000000 0.000000 0.000000 0.000000 0.000000 0.000000 0.000000 0.000000 0.000000 0.000000 0.000000 0.000000 0.000000 0.000000 0.000000 0.000000 0.000000 0.000000 0.000000 0.000000 0.000000 0.000000 0.000000 0.000000 0.000000 0.000000 0.000000 0.000000 0.000000 154.773552 0.000000 0.000000 0.000000 20.264975 130.006778 58.968950 83.427746 121.319216 0.000000 0.000000 0.000000 135.723189 26.847006 0.000000 0.000000 0.000000 0.000000 0.000000 0.000000 125.086471 0.000000 107.616506 70.931746 0.000000 173.543735 128.901279 160.155888 0.000000 0.000000 13.994635 0.000000 11.828299
0.000000 0.000000 0.000000 145.648852 0.000000 180.182843 140.456206 190.282829 0.000000 154.225672 0.000000 145.881033 0.000000 202.160815 0.000000 0.000000 0.000000 0.000000 0.000000 143.477713 0.000000 0.000000 0.000000 150.459481 0.000000 0.000000 0.000000 161.180361 196.819609 0.000000 0.000000 0.000000 0.000000 0.000000 98.027962 161.287070 139.889493 83.934984 20.264975 0.000000 72.289434 30.369725 68.452648 46.063692 84.218401 44.070688 0.000000 61.472494 37.143672 0.000000 0.000000 0.000000 0.000000 55.576099 116.175981 135.936046 124.602965 98.785149 165.411219 159.460970 173.770473 85.121225 134.555957 120.791146 0.000000 35.466888 0.000000 37.167023
0.000000 0.000000 165.920154 0.000000 0.000000 160.626508 0.000000 155.490114 80.768241 134.437718 176.193186 0.000000 0.000000 167.990247 0.000000 0.000000 0.000000 0.000000 0.000000 0.000000 110.383390 0.000000 164.710316 117.825247 0.000000 0.000000 146.475220 123.821798 155.798375 132.270735 0.000000 0.000000 0.000000 154.081607 36.130043 0.000000 90.302154 62.766448 130.006778 72.289434 0.000000 74.795024 57.099818 29.452476 108.953484 98.424226 0.000000 51.063869 108.250732 0.000000 79.142238 106.957866 97.732396 67.906737 70.961025 60.994006 75.219258 61.906550 0.000000 110.832846 101.479991 42.492753 67.676610 29.168145 0.000000 135.396463 0.000000 93.924576
0.000000 0.000000 0.000000 169.074278 0.000000 190.455417 170.497282 187.851830 108.458318 167.185485 210.715873 172.956733 0.000000 197.349333 0.000000 0.000000 0.000000 0.000000 0.000000 161.425780 183.788553 0.000000 0.000000 155.607957 0.000000 188.982452 177.658417 166.927158 192.129226 167.175745 0.000000 210.582487 0.000000 179.495773 45.171739 0.000000 128.704395 110.083387 58.968950 30.369725 74.795024 0.000000 98.456627 51.707381 60.948801 80.001957 0.000000 27.113322 87.870289 0.000000 125.360010 149.095333 146.276169 87.180943 115.529159 127.957996 117.809465 109.455163 75.269370 145.927373 138.874427 108.868856 67.838618 81.571443 0.000000 24.161462 0.000000 46.073184
84.346254 0.000000 0.000000 0.000000 0.000000 114.886121 72.664106 98.777655 0.000000 82.885869 0.000000 0.000000 0.000000 106.851702 0.000000 0.000000 0.000000 0.000000 0.000000 0.000000 0.000000 0.000000 0.000000 60.497109 0.000000 0.000000 0.000000 63.431533 100.015050 76.866995 0.000000 0.000000 0.000000 0.000000 73.882927 66.701871 0.000000 54.574017 83.427746 68.452648 57.099818 98.456627 0.000000 62.608740 108.958668 37.175131 101.347055 102.815823 48.910480 0.000000 0.000000 0.000000 0.000000 56.069343 0.000000 44.580645 0.000000 33.996475 89.403588 128.603574 101.338176 59.666653 91.306356 61.492059 0.000000 116.892091 86.284149 69.687958
0.000000 0.000000 0.000000 136.850161 0.000000 157.743180 138.769445 164.491467 99.627074 143.292311 0.000000 130.585956 0.000000 186.379917 0.000000 0.000000 0.000000 0.000000 0.000000 137.494752 0.000000 0.000000 180.918854 118.516325 0.000000 0.000000 0.000000 141.404131 181.518499 0.000000 0.000000 0.000000 0.000000 0.000000 84.052043 0.000000 111.577702 21.523783 121.319216 46.063692 29.452476 51.707381 62.608740 0.000000 106.099418 31.227875 0.000000 63.319915 98.434264 0.000000 0.000000 0.000000 136.840235 19.436386 93.456412 0.000000 96.807538 62.462240 0.000000 132.536697 122.620737 42.975681 107.558974 74.356906 0.000000 132.679647 0.000000 96.576208
0.000000 68.180155 0.000000 0.000000 0.000000 0.000000 0.000000 202.331788 0.000000 186.619978 61.874521 0.000000 66.744163 201.146579 0.000000 0.000000 0.000000 96.191336 98.637603 0.000000 0.000000 0.000000 0.000000 157.449389 60.556833 87.658286 87.116431 0.000000 185.794558 0.000000 91.978413 0.000000 0.000000 103.266732 83.443021 39.446192 125.869893 0.000000 0.000000 84.218401 108.953484 60.948801 108.958668 106.099418 0.000000 104.094808 16.474243 57.375129 0.000000 0.000000 0.000000 15.374754 23.597540 0.000000 95.376074 73.311152 0.000000 121.759103 23.110835 32.134538 40.682315 126.701528 54.571049 81.895394 18.609234 55.317398 0.000000 19.852958
0.000000 0.000000 0.000000 113.607626 0.000000 0.000000 137.135708 0.000000 0.000000 124.110776 0.000000 107.113581 0.000000 0.000000 0.000000 0.000000 0.000000 0.000000 0.000000 120.434972 0.000000 0.000000 0.000000 0.000000 0.000000 0.000000 0.000000 122.388517 0.000000 0.000000 0.000000 0.000000 0.000000 0.000000 0.000000 132.694050 0.000000 43.114828 0.000000 44.070688 98.424226 80.001957 37.175131 31.227875 104.094808 0.000000 0.000000 107.488417 18.493311 0.000000 0.000000 0.000000 0.000000 17.592823 0.000000 110.115116 0.000000 30.843277 0.000000 0.000000 0.000000 52.186707 127.699632 0.000000 0.000000 112.339394 0.000000 0.000000
0.000000 0.000000 0.000000 0.000000 0.000000 0.000000 0.000000 0.000000 0.000000 0.000000 50.158610 0.000000 46.971884 0.000000 0.000000 0.000000 0.000000 91.529700 99.727020 0.000000 0.000000 0.000000 0.000000 0.000000 34.549735 90.886080 86.560141 0.000000 0.000000 0.000000 77.682040 0.000000 0.000000 0.000000 0.000000 28.311300 0.000000 0.000000 0.000000 0.000000 0.000000 0.000000 101.347055 0.000000 16.474243 0.000000 0.000000 0.000000 0.000000 0.000000 0.000000 0.000000 0.000000 0.000000 0.000000 52.428493 0.000000 0.000000 13.199164 23.692061 11.880090 0.000000 0.000000 0.000000 17.808175 0.000000 0.000000 0.000000
192.303568 0.000000 170.579637 188.089465 0.000000 195.523302 170.960919 194.640316 107.853803 176.079279 219.919963 177.851389 0.000000 204.517450 0.000000 0.000000 0.000000 0.000000 0.000000 0.000000 178.039682 0.000000 0.000000 156.881997 0.000000 160.807844 166.206877 167.274751 197.249694 176.436342 0.000000 212.695180 185.784231 182.453251 17.964715 112.397212 120.254428 111.580447 135.723189 61.472494 51.063869 27.113322 102.815823 63.319915 57.375129 107.488417 0.000000 0.000000 123.962765 0.000000 118.222886 138.079055 131.940039 108.170466 114.003857 97.469348 111.234240 114.550247 0.000000 135.321636 131.514051 114.807054 46.335124 65.693587 0.000000 31.186767 84.876983 44.296913
0.000000 0.000000 0.000000 0.000000 0.000000 0.000000 0.000000 0.000000 0.000000 0.000000 0.000000 96.787247 0.000000 0.000000 0.000000 0.000000 0.000000 0.000000 0.000000 0.000000 0.000000 0.000000 0.000000 0.000000 0.000000 0.000000 0.000000 0.000000 0.000000 0.000000 0.000000 0.000000 0.000000 0.000000 0.000000 129.813847 0.000000 84.167229 26.847006 37.143672 108.250732 87.870289 48.910480 98.434264 0.000000 18.493311 0.000000 123.962765 0.000000 0.000000 0.000000 0.000000 0.000000 91.305730 0.000000 102.109083 0.000000 77.740795 149.029212 0.000000 155.364981 90.466745 143.696854 124.789713 0.000000 37.127405 0.000000 122.108456
0.000000 0.000000 134.172106 0.000000 0.000000 0.000000 0.000000 0.000000 0.000000 0.000000 0.000000 0.000000 0.000000 0.000000 0.000000 102.764936 0.000000 0.000000 0.000000 0.000000 117.911531 53.908664 109.669879 103.872607 0.000000 0.000000 101.257338 113.592076 147.405534 119.417221 0.000000 0.000000 124.670076 125.785265 0.000000 0.000000 0.000000 0.000000 0.000000 0.000000 0.000000 0.000000 0.000000 0.000000 0.000000 0.000000 0.000000 0.000000 0.000000 0.000000 99.850189 0.000000 0.000000 0.000000 23.157480 34.660138 20.065737 18.710198 0.000000 0.000000 23.780862 22.782338 101.413896 79.008885 0.000000 138.035492 0.000000 80.151105
0.000000 70.419000 117.329846 0.000000 0.000000 0.000000 0.000000 0.000000 0.000000 0.000000 0.000000 0.000000 0.000000 178.409510 0.000000 0.000000 127.581369 153.246811 132.496587 0.000000 0.000000 0.000000 129.308771 0.000000 0.000000 112.367472 113.411743 0.000000 0.000000 0.000000 0.000000 0.000000 0.000000 115.786067 100.427957 60.065919 41.223505 0.000000 0.000000 0.000000 79.142238 125.360010 0.000000 0.000000 0.000000 0.000000 0.000000 118.222886 0.000000 99.850189 0.000000 46.817523 17.101779 0.000000 47.409185 77.547486 19.019796 131.499940 0.000000 43.674255 76.049440 93.153318 99.934717 70.506790 0.000000 0.000000 0.000000 28.929207
0.000000 91.079766 0.000000 0.000000 0.000000 0.000000 0.000000 0.000000 0.000000 0.000000 92.256843 0.000000 110.135674 0.000000 0.000000 0.000000 142.844745 126.812140 136.547344 0.000000 0.000000 0.000000 0.000000 0.000000 96.320239 123.402232 124.127049 0.000000 0.000000 0.000000 0.000000 0.000000 0.000000 144.036975 120.146809 66.797401 69.267707 0.000000 0.000000 0.000000 106.957866 149.095333 0.000000 0.000000 15.374754 0.000000 0.000000 138.079055 0.000000 0.000000 46.817523 0.000000 19.813463 0.000000 0.000000 0.000000 82.577436 0.000000 52.474940 29.427714 72.195179 125.424139 122.766536 97.092670 34.594789 93.994612 0.000000 57.053279
0.000000 71.340230 112.854020 0.000000 0.000000 0.000000 0.000000 0.000000 0.000000 0.000000 100.842779 0.000000 114.825977 0.000000 0.000000 0.000000 130.365698 142.957661 132.704228 0.000000 0.000000 0.000000 0.000000 0.000000 0.000000 115.752723 116.091482 0.000000 0.000000 0.000000 0.000000 0.000000 0.000000 125.430637 115.295948 59.207320 47.818349 0.000000 0.000000 0.000000 97.732396 146.276169 0.000000 136.840235 23.597540 0.000000 0.000000 131.940039 0.000000 0.000000 17.101779 19.813463 0.000000 0.000000 80.018741 0.000000 71.316364 155.255077 0.000000 37.395021 72.893588 114.007879 115.720909 89.795606 0.000000 118.286005 0.000000 46.705225
0.000000 0.000000 0.000000 132.761605 0.000000 148.731798 125.739931 0.000000 0.000000 136.217469 0.000000 119.009397 0.000000 0.000000 0.000000 0.000000 0.000000 0.000000 0.000000 132.991481 0.000000 0.000000 0.000000 107.603173 0.000000 0.000000 0.000000 136.252706 0.000000 0.000000 0.000000 0.000000 0.000000 0.000000 100.676024 0.000000 0.000000 16.740646 0.000000 55.576099 67.906737 87.180943 56.069343 19.436386 0.000000 17.592823 0.000000 108.170466 91.305730 0.000000 0.000000 0.000000 0.000000 0.000000 0.000000 0.000000 0.000000 43.833519 0.000000 0.000000 110.557331 27.073850 119.791404 130.659695 0.000000 145.186037 0.000000 0.000000
0.000000 0.000000 135.526078 0.000000 0.000000 0.000000 0.000000 0.000000 0.000000 0.000000 0.000000 0.000000 0.000000 165.193952 0.000000 120.041447 0.000000 0.000000 0.000000 0.000000 125.398995 77.673680 129.012380 115.180265 0.000000 173.292387 130.872884 122.950065 152.167923 127.941001 0.000000 0.000000 130.931976 132.547419 104.206638 0.000000 65.219079 0.000000 0.000000 116.175981 70.961025 115.529159 0.000000 93.456412 95.376074 0.000000 0.000000 114.003857 0.000000 23.157480 47.409185 0.000000 80.018741 0.000000 0.000000 59.197123 33.328432 21.572649 0.000000 87.316789 56.982144 27.085976 101.453635 45.127036 0.000000 125.416735 0.000000 47.348145
0.000000 0.000000 0.000000 0.000000 0.000000 0.000000 0.000000 0.000000 0.000000 0.000000 0.000000 0.000000 0.000000 108.345909 0.000000 54.547993 0.000000 0.000000 0.000000 0.000000 70.219918 20.105539 68.164672 54.227690 0.000000 0.000000 50.519455 66.823896 96.270781 71.734310 0.000000 0.000000 72.439034 62.569021 76.775122 26.581791 0.000000 0.000000 125.086471 135.936046 60.994006 127.957996 44.580645 0.000000 73.311152 110.115116 52.428493 97.469348 102.109083 34.660138 77.547486 0.000000 0.000000 0.000000 59.197123 0.000000 52.621482 38.677051 51.421383 74.605632 36.946939 57.669004 84.502383 59.829629 0.000000 143.079356 0.000000 66.325002
0.000000 0.000000 110.153186 0.000000 0.000000 0.000000 176.688564 0.000000 0.000000 0.000000 0.000000 0.000000 0.000000 0.000000 0.000000 110.007434 133.498813 0.000000 0.000000 0.000000 124.756086 70.117865 118.181743 120.564330 0.000000 142.667929 109.166684 131.318740 154.320860 133.065994 0.000000 0.000000 0.000000 127.270971 90.340537 64.924665 29.575080 0.000000 0.000000 124.602965 75.219258 117.809465 0.000000 96.807538 0.000000 0.000000 0.000000 111.234240 0.000000 20.065737 19.019796 82.577436 71.316364 0.000000 33.328432 52.621482 0.000000 54.890575 0.000000 64.399491 41.320950 47.023127 95.044209 57.908278 0.000000 130.586032 0.000000 41.257142
139.113071 0.000000 136.573612 107.968590 0.000000 152.617666 114.789732 150.503099 67.798548 120.590163 179.766737 110.756132 0.000000 156.861018 0.000000 109.098776 0.000000 0.000000 0.000000 118.710482 112.600616 51.902593 118.216850 104.392085 0.000000 0.000000 206.061764 110.397633 144.282229 119.633015 0.000000 186.920975 122.058641 135.465498 88.834082 72.102862 0.000000 18.682562 107.616506 98.785149 61.906550 109.455163 33.996475 62.462240 121.759103 30.843277 0.000000 114.550247 77.740795 18.710198 131.499940 0.000000 155.255077 43.833519 21.572649 38.677051 54.890575 0.000000 91.201181 138.897443 86.490040 17.239282 106.153739 78.321940 0.000000 131.915742 86.208810 86.180680
0.000000 0.000000 0.000000 0.000000 0.000000 0.000000 0.000000 0.000000 0.000000 0.000000 38.644651 0.000000 31.873322 0.000000 0.000000 0.000000 0.000000 0.000000 88.489936 0.000000 0.000000 0.000000 0.000000 0.000000 11.560088 82.344077 86.676040 0.000000 0.000000 0.000000 0.000000 0.000000 0.000000 0.000000 0.000000 23.169627 0.000000 0.000000 70.931746 165.411219 0.000000 75.269370 89.403588 0.000000 23.110835 0.000000 13.199164 0.000000 149.029212 0.000000 0.000000 52.474940 0.000000 0.000000 0.000000 51.421383 0.000000 91.201181 0.000000 25.540312 22.908654 0.000000 0.000000 0.000000 28.328178 77.629355 0.000000 50.472792
0.000000 64.711141 107.759232 0.000000 0.000000 0.000000 0.000000 184.046445 0.000000 0.000000 68.455883 0.000000 74.105179 168.337394 0.000000 0.000000 119.784582 118.229874 121.181909 0.000000 0.000000 0.000000 0.000000 0.000000 63.139475 105.839704 104.258142 0.000000 169.100222 0.000000 105.229887 0.000000 0.000000 118.271417 120.855404 48.583314 29.114854 0.000000 0.000000 159.460970 110.832846 145.927373 128.603574 132.536697 32.134538 0.000000 23.692061 135.321636 0.000000 0.000000 43.674255 29.427714 37.395021 0.000000 87.316789 74.605632 64.399491 138.897443 25.540312 0.000000 32.861235 107.201165 127.474677 102.692699 14.817581 135.336838 0.000000 71.245239
