0.000000 0.000000 0.002920 0.000427 0.000000 0.000160 0.025947 0.003440 0.000893 0.001093 0.000200 0.000067 0.000000 0.087573 0.000000 0.000000 0.004467 0.000427 0.004187 0.000000 0.000773 0.000067 0.003333 0.000520 0.000000 0.002307 0.000253 0.002440 0.129947 0.033067 0.000000 0.000160 0.000067 0.000413 0.000000 0.000000 0.000000 0.000000 0.000000 0.000000 0.000000 0.000000 0.000080 0.000000 0.000000 0.000000 0.000000 0.000107 0.000000 0.000000 0.000000 0.000000 0.000000 0.000000 0.000000 0.000000 0.000000 0.000413 0.000000 0.000000 0.000000 0.000267 0.000173 0.000173 0.000000 0.000000 0.000000 0.000000
0.000000 0.000000 0.000147 0.000000 0.000133 0.000293 0.000000 0.000000 0.002973 0.000000 0.001387 0.000000 0.004773 0.000000 0.000453 0.000000 0.001013 0.000440 0.001187 0.000000 0.000000 0.006053 0.000093 0.004413 0.015107 0.001707 0.025920 0.000187 0.000067 0.000000 0.000267 0.000067 0.000000 0.000347 0.000000 0.000000 0.000000 0.000000 0.000000 0.000000 0.000000 0.000000 0.000000 0.000000 0.000133 0.000000 0.000000 0.000000 0.000000 0.000000 0.000147 0.000107 0.000227 0.000000 0.000000 0.000000 0.000000 0.000000 0.000000 0.000133 0.000920 0.000000 0.000000 0.000000 0.000000 0.000000 0.000000 0.000080
0.002920 0.000147 0.000000 0.000000 0.000000 0.000453 0.007907 0.005347 0.000000 0.000453 0.000000 0.000000 0.000000 0.009707 0.000000 0.000000 0.028333 0.000320 0.001227 0.000000 0.005027 0.000000 0.088013 0.000080 0.000000 0.063933 0.096627 0.001680 0.002613 0.011867 0.000000 0.000000 0.000000 0.000960 0.000000 0.001693 0.015240 0.000000 0.000000 0.000000 0.000067 0.000000 0.000000 0.000000 0.000000 0.000000 0.000000 0.000133 0.000000 0.000187 0.002840 0.000000 0.000333 0.000000 0.000160 0.000000 0.002947 0.000147 0.000000 0.001160 0.024987 0.000120 0.000200 0.000267 0.000000 0.000000 0.000000 0.001040
0.000427 0.000000 0.000000 0.000000 0.000000 0.002360 0.003600 0.001333 0.004107 0.118133 0.000080 0.019707 0.000000 0.002347 0.000187 0.000000 0.000000 0.000000 0.000000 0.121027 0.000000 0.000000 0.000000 0.006240 0.000000 0.000000 0.000107 0.157227 0.002187 0.000000 0.000000 0.000107 0.000000 0.000307 0.000000 0.000000 0.000000 0.001253 0.000000 0.000347 0.000000 0.000147 0.000000 0.003413 0.000000 0.000240 0.000000 0.000067 0.000000 0.000000 0.000000 0.000000 0.000000 0.000507 0.000000 0.000000 0.000000 0.000640 0.000000 0.000000 0.000000 0.002000 0.000000 0.000000 0.000000 0.000000 0.000000 0.000000
0.000000 0.000133 0.000000 0.000000 0.000000 0.019507 0.000000 0.000853 0.000147 0.000067 0.004333 0.000120 0.000000 0.000000 0.006760 0.000000 0.000000 0.000000 0.000000 0.000067 0.000000 0.000347 0.000000 0.000453 0.000107 0.000000 0.000360 0.000080 0.000000 0.000000 0.000000 0.010467 0.000000 0.014160 0.000000 0.000000 0.000000 0.000000 0.000000 0.000000 0.000000 0.000000 0.000000 0.000000 0.000000 0.000000 0.000000 0.000000 0.000000 0.000000 0.000000 0.000000 0.000000 0.000000 0.000000 0.000000 0.000000 0.000000 0.000000 0.000000 0.000000 0.000000 0.000000 0.000000 0.000000 0.000000 0.000000 0.000000
0.000160 0.000293 0.000453 0.002360 0.019507 0.000000 0.048013 0.099293 0.002227 0.072333 0.000627 0.059640 0.000000 0.005013 0.004533 0.000000 0.000080 0.000000 0.000000 0.016800 0.000213 0.000907 0.000160 0.004773 0.000160 0.000267 0.000907 0.010160 0.000507 0.000227 0.000000 0.016560 0.000000 0.000400 0.000000 0.000000 0.000000 0.000173 0.000000 0.000067 0.000067 0.000547 0.000080 0.000840 0.000000 0.000000 0.000000 0.000613 0.000000 0.000000 0.000000 0.000000 0.000000 0.000107 0.000000 0.000000 0.000000 0.000680 0.000000 0.000000 0.000000 0.000480 0.000280 0.000093 0.000000 0.000000 0.000000 0.000000
0.025947 0.000000 0.007907 0.003600 0.000000 0.048013 0.000000 0.046973 0.005600 0.200600 0.000147 0.009813 0.000000 0.052107 0.000000 0.000000 0.001120 0.000000 0.000613 0.000320 0.005813 0.000000 0.009227 0.007387 0.000000 0.002680 0.010973 0.193640 0.003707 0.046627 0.000000 0.000227 0.000000 0.000600 0.000000 0.000000 0.000000 0.000293 0.000000 0.000240 0.000000 0.000267 0.000093 0.001213 0.000000 0.000093 0.000000 0.000200 0.000000 0.000000 0.000000 0.000000 0.000000 0.000160 0.000000 0.000000 0.000093 0.000347 0.000000 0.000000 0.000093 0.000453 0.000200 0.000000 0.000000 0.000000 0.000000 0.000000
0.003440 0.000000 0.005347 0.001333 0.000853 0.099293 0.046973 0.000000 0.005587 0.067053 0.003413 0.009093 0.000000 0.159960 0.000227 0.000000 0.001347 0.000467 0.001293 0.006147 0.003200 0.000000 0.003387 0.009987 0.000000 0.004613 0.001760 0.011387 0.002547 0.003667 0.000000 0.036200 0.000000 0.001867 0.000267 0.000000 0.000000 0.000080 0.000000 0.000293 0.000387 0.002760 0.000907 0.000760 0.000147 0.000000 0.000000 0.002827 0.000000 0.000000 0.000000 0.000000 0.000000 0.000000 0.000000 0.000000 0.000000 0.002933 0.000000 0.000067 0.000187 0.002120 0.001867 0.000480 0.000000 0.000187 0.000000 0.000160
0.000893 0.002973 0.000000 0.004107 0.000147 0.002227 0.005600 0.005587 0.000000 0.028587 0.000400 0.001853 0.001107 0.002587 0.000187 0.000000 0.000107 0.000000 0.000000 0.001453 0.000067 0.009333 0.000000 0.030973 0.003387 0.000187 0.008307 0.009400 0.005613 0.005547 0.000093 0.000360 0.000867 0.000307 0.000000 0.000000 0.000000 0.000000 0.000000 0.000000 0.000227 0.000307 0.000000 0.000187 0.000000 0.000000 0.000000 0.000347 0.000000 0.000000 0.000000 0.000000 0.000000 0.000000 0.000000 0.000000 0.000000 0.000480 0.000000 0.000000 0.000000 0.000200 0.000400 0.000427 0.000000 0.000000 0.000000 0.000000
0.001093 0.000000 0.000453 0.118133 0.000067 0.072333 0.200600 0.067053 0.028587 0.000000 0.000333 0.053480 0.000000 0.023267 0.000613 0.000000 0.000000 0.000000 0.000000 0.097840 0.000147 0.000000 0.000173 0.007973 0.000000 0.000480 0.000840 0.260667 0.004867 0.000000 0.000000 0.000480 0.000000 0.001440 0.000280 0.000000 0.000000 0.002933 0.000000 0.001587 0.000373 0.002493 0.000653 0.011840 0.000187 0.000560 0.000000 0.001880 0.000000 0.000000 0.000000 0.000000 0.000000 0.002013 0.000000 0.000000 0.000000 0.002253 0.000000 0.000000 0.000107 0.004547 0.001587 0.000160 0.000000 0.000160 0.000000 0.000160
0.000200 0.001387 0.000000 0.000080 0.004333 0.000627 0.000147 0.003413 0.000400 0.000333 0.000000 0.000333 0.057387 0.009893 0.000000 0.000000 0.000107 0.022307 0.006000 0.000213 0.000000 0.000387 0.000000 0.000533 0.031040 0.088427 0.047373 0.000293 0.011160 0.000000 0.016773 0.019667 0.000000 0.032080 0.000000 0.000267 0.000000 0.000000 0.000000 0.000000 0.000080 0.000093 0.000000 0.000000 0.037440 0.000000 0.012040 0.000080 0.000000 0.000000 0.000000 0.000640 0.000280 0.000000 0.000000 0.000000 0.000000 0.000240 0.002733 0.032640 0.014280 0.000133 0.000120 0.000080 0.026907 0.000000 0.000000 0.000000
0.000067 0.000000 0.000000 0.019707 0.000120 0.059640 0.009813 0.009093 0.001853 0.053480 0.000333 0.000000 0.000000 0.005333 0.000240 0.000000 0.000000 0.000000 0.000000 0.100640 0.000000 0.000000 0.000000 0.000920 0.000000 0.000000 0.000307 0.011467 0.000640 0.000000 0.000000 0.000573 0.000000 0.000347 0.000000 0.000000 0.000000 0.000800 0.000000 0.000133 0.000000 0.000093 0.000000 0.002333 0.000000 0.000307 0.000000 0.000067 0.000067 0.000000 0.000000 0.000000 0.000000 0.000293 0.000000 0.000000 0.000000 0.000280 0.000000 0.000000 0.000000 0.001467 0.000000 0.000000 0.000000 0.000000 0.000000 0.000000
0.000000 0.004773 0.000000 0.000000 0.000000 0.000000 0.000000 0.000000 0.001107 0.000000 0.057387 0.000000 0.000000 0.000000 0.000160 0.000000 0.000000 0.000613 0.000347 0.000000 0.000000 0.001627 0.000000 0.000787 0.029627 0.001400 0.013773 0.000000 0.000000 0.000000 0.019733 0.000093 0.000000 0.002160 0.000000 0.000227 0.000000 0.000000 0.000000 0.000000 0.000000 0.000000 0.000000 0.000000 0.010240 0.000000 0.005453 0.000000 0.000000 0.000000 0.000000 0.000133 0.000093 0.000000 0.000000 0.000000 0.000000 0.000000 0.001027 0.008400 0.003387 0.000000 0.000000 0.000000 0.007747 0.000000 0.000000 0.000000
0.087573 0.000000 0.009707 0.002347 0.000000 0.005013 0.052107 0.159960 0.002587 0.023267 0.009893 0.005333 0.000000 0.000000 0.000067 0.000000 0.004373 0.000827 0.004640 0.005067 0.002293 0.000187 0.007120 0.004440 0.000000 0.006013 0.003213 0.012573 0.092360 0.017987 0.000000 0.024760 0.000000 0.012147 0.000160 0.000000 0.000000 0.000000 0.000000 0.000253 0.000440 0.001560 0.000547 0.000173 0.000067 0.000000 0.000000 0.001573 0.000000 0.000000 0.000080 0.000000 0.000000 0.000000 0.000080 0.000213 0.000000 0.003440 0.000000 0.000147 0.000387 0.002307 0.001520 0.000880 0.000000 0.000093 0.000000 0.000107
0.000000 0.000453 0.000000 0.000187 0.006760 0.004533 0.000000 0.000227 0.000187 0.000613 0.000000 0.000240 0.000160 0.000067 0.000000 0.000000 0.000000 0.000000 0.000000 0.000107 0.000000 0.001827 0.000000 0.002600 0.000547 0.000000 0.001667 0.000213 0.000080 0.000000 0.000000 0.001667 0.000000 0.000000 0.000000 0.000000 0.000000 0.000000 0.000000 0.000000 0.000000 0.000000 0.000000 0.000000 0.000000 0.000000 0.000000 0.000000 0.000000 0.000000 0.000000 0.000000 0.000000 0.000000 0.000000 0.000000 0.000000 0.000000 0.000000 0.000000 0.000000 0.000000 0.000000 0.000000 0.000000 0.000000 0.000000 0.000000
0.000000 0.000000 0.000000 0.000000 0.000000 0.000000 0.000000 0.000000 0.000000 0.000000 0.000000 0.000000 0.000000 0.000000 0.000000 0.000000 0.000080 0.000000 0.000000 0.000000 0.059293 0.016333 0.051480 0.011280 0.000000 0.000080 0.070267 0.005453 0.000000 0.002467 0.000000 0.000000 0.000000 0.000320 0.000000 0.000000 0.000000 0.000000 0.000000 0.000000 0.000000 0.000000 0.000000 0.000000 0.000000 0.000000 0.000000 0.000000 0.000000 0.005693 0.000000 0.000000 0.000000 0.000000 0.001693 0.002853 0.006347 0.000227 0.000000 0.000000 0.001333 0.000253 0.000200 0.001613 0.000000 0.000000 0.000000 0.000000
0.004467 0.001013 0.028333 0.000000 0.000000 0.000080 0.001120 0.001347 0.000107 0.000000 0.000107 0.000000 0.000000 0.004373 0.000000 0.000080 0.000000 0.002120 0.043427 0.000000 0.002760 0.000107 0.016613 0.000173 0.000000 0.019000 0.072480 0.000427 0.010707 0.020747 0.000093 0.000000 0.000387 0.004107 0.000000 0.000560 0.001413 0.000000 0.000000 0.000000 0.000000 0.000000 0.000000 0.000000 0.000000 0.000000 0.000000 0.000000 0.000000 0.000000 0.000427 0.000147 0.000520 0.000000 0.000000 0.000000 0.000120 0.000000 0.000000 0.001067 0.004280 0.000000 0.000000 0.000000 0.000000 0.000000 0.000000 0.000160
0.000427 0.000440 0.000320 0.000000 0.000000 0.000000 0.000000 0.000467 0.000000 0.000000 0.022307 0.000000 0.000613 0.000827 0.000000 0.000000 0.002120 0.000000 0.108520 0.000000 0.000000 0.000067 0.001200 0.000093 0.000227 0.086493 0.031467 0.000067 0.001667 0.000893 0.001987 0.000000 0.000000 0.002867 0.000000 0.000200 0.000160 0.000000 0.000000 0.000000 0.000000 0.000000 0.000000 0.000000 0.001440 0.000000 0.000133 0.000000 0.000000 0.000000 0.000067 0.000080 0.000120 0.000000 0.000000 0.000000 0.000000 0.000000 0.000000 0.001720 0.002267 0.000000 0.000000 0.000000 0.000213 0.000000 0.000000 0.000000
0.004187 0.001187 0.001227 0.000000 0.000000 0.000000 0.000613 0.001293 0.000000 0.000000 0.006000 0.000000 0.000347 0.004640 0.000000 0.000000 0.043427 0.108520 0.000000 0.000000 0.000147 0.000000 0.004213 0.000213 0.000173 0.083907 0.073440 0.000173 0.015747 0.010187 0.001187 0.000000 0.001480 0.005320 0.000000 0.000333 0.000427 0.000000 0.000000 0.000000 0.000000 0.000000 0.000000 0.000000 0.001613 0.000000 0.000080 0.000000 0.000000 0.000000 0.000307 0.000360 0.000693 0.000000 0.000000 0.000000 0.000000 0.000000 0.000093 0.003427 0.005147 0.000000 0.000000 0.000000 0.000000 0.000000 0.000000 0.000133
0.000000 0.000000 0.000000 0.121027 0.000067 0.016800 0.000320 0.006147 0.001453 0.097840 0.000213 0.100640 0.000000 0.005067 0.000107 0.000000 0.000000 0.000000 0.000000 0.000000 0.000000 0.000000 0.000000 0.001987 0.000000 0.000000 0.000173 0.037160 0.000680 0.000000 0.000000 0.000347 0.000000 0.000400 0.000000 0.000000 0.000000 0.000613 0.000000 0.000267 0.000000 0.000213 0.000000 0.001840 0.000000 0.000160 0.000000 0.000000 0.000000 0.000000 0.000000 0.000000 0.000000 0.000320 0.000000 0.000000 0.000000 0.000240 0.000000 0.000000 0.000000 0.001133 0.000000 0.000000 0.000000 0.000000 0.000000 0.000000
0.000773 0.000000 0.005027 0.000000 0.000000 0.000213 0.005813 0.003200 0.000067 0.000147 0.000000 0.000000 0.000000 0.002293 0.000000 0.059293 0.002760 0.000000 0.000147 0.000000 0.000000 0.003080 0.184667 0.005933 0.000000 0.000467 0.012333 0.028680 0.001987 0.103987 0.000000 0.000213 0.000187 0.025840 0.000067 0.000000 0.000213 0.000000 0.000000 0.000000 0.000080 0.000067 0.000000 0.000000 0.000000 0.000000 0.000000 0.000107 0.000000 0.004987 0.000000 0.000000 0.000000 0.000000 0.003200 0.001653 0.003213 0.002400 0.000000 0.000000 0.000427 0.001760 0.000987 0.004147 0.000000 0.000000 0.000000 0.000133
0.000067 0.006053 0.000000 0.000000 0.000347 0.000907 0.000000 0.000000 0.009333 0.000000 0.000387 0.000000 0.001627 0.000187 0.001827 0.016333 0.000107 0.000067 0.000000 0.000000 0.003080 0.000000 0.005840 0.047880 0.004360 0.000200 0.030227 0.003387 0.001640 0.006840 0.000067 0.000360 0.000560 0.000173 0.000000 0.000000 0.000000 0.000000 0.000000 0.000000 0.000000 0.000000 0.000000 0.000000 0.000000 0.000000 0.000000 0.000000 0.000000 0.001147 0.000000 0.000000 0.000000 0.000000 0.000333 0.000240 0.001013 0.000560 0.000000 0.000000 0.001307 0.000093 0.000240 0.000733 0.000000 0.000000 0.000000 0.000000
0.003333 0.000093 0.088013 0.000000 0.000000 0.000160 0.009227 0.003387 0.000000 0.000173 0.000000 0.000000 0.000000 0.007120 0.000000 0.051480 0.016613 0.001200 0.004213 0.000000 0.184667 0.005840 0.000000 0.001533 0.000000 0.026827 0.172240 0.016160 0.001973 0.037880 0.000000 0.000000 0.000160 0.019053 0.000000 0.001000 0.005947 0.000000 0.000000 0.000000 0.000133 0.000000 0.000000 0.000067 0.000000 0.000000 0.000000 0.000000 0.000000 0.006173 0.000493 0.000000 0.000000 0.000000 0.002067 0.002613 0.029907 0.000240 0.000000 0.000000 0.024840 0.000413 0.000173 0.001440 0.000000 0.000000 0.000000 0.000333
0.000520 0.004413 0.000080 0.006240 0.000453 0.004773 0.007387 0.009987 0.030973 0.007973 0.000533 0.000920 0.000787 0.004440 0.002600 0.011280 0.000173 0.000093 0.000213 0.001987 0.005933 0.047880 0.001533 0.000000 0.003187 0.001200 0.041053 0.059733 0.005213 0.009560 0.000200 0.000480 0.001720 0.002133 0.000240 0.000000 0.000000 0.000320 0.000000 0.000293 0.000600 0.002680 0.001000 0.001173 0.000147 0.000000 0.000000 0.003067 0.000000 0.000347 0.000000 0.000000 0.000000 0.000173 0.000653 0.000813 0.000147 0.005987 0.000000 0.000000 0.000107 0.005160 0.003627 0.002693 0.000000 0.000133 0.000000 0.000320
0.000000 0.015107 0.000000 0.000000 0.000107 0.000160 0.000000 0.000000 0.003387 0.000000 0.031040 0.000000 0.029627 0.000000 0.000547 0.000000 0.000000 0.000227 0.000173 0.000000 0.000000 0.004360 0.000000 0.003187 0.000000 0.000333 0.012547 0.000000 0.000000 0.000000 0.000280 0.000000 0.000000 0.000120 0.000000 0.000293 0.000000 0.000000 0.000000 0.000000 0.000000 0.000000 0.000000 0.000000 0.004213 0.000000 0.002653 0.000000 0.000000 0.000000 0.000000 0.000067 0.000000 0.000000 0.000000 0.000000 0.000000 0.000000 0.000813 0.004093 0.002507 0.000000 0.000000 0.000000 0.003800 0.000093 0.000000 0.000107
0.002307 0.001707 0.063933 0.000000 0.000000 0.000267 0.002680 0.004613 0.000187 0.000480 0.088427 0.000000 0.001400 0.006013 0.000000 0.000080 0.019000 0.086493 0.083907 0.000000 0.000467 0.000200 0.026827 0.001200 0.000333 0.000000 0.240587 0.000867 0.003587 0.004987 0.015307 0.000107 0.000000 0.005560 0.000000 0.001400 0.005707 0.000000 0.000000 0.000000 0.000000 0.000067 0.000000 0.000000 0.005707 0.000000 0.000387 0.000200 0.000000 0.000000 0.002467 0.001333 0.004013 0.000000 0.000093 0.000000 0.000067 0.000000 0.000293 0.018653 0.031253 0.000067 0.000120 0.000093 0.000960 0.000067 0.000000 0.001347
0.000253 0.025920 0.096627 0.000107 0.000360 0.000907 0.010973 0.001760 0.008307 0.000840 0.047373 0.000307 0.013773 0.003213 0.001667 0.070267 0.072480 0.031467 0.073440 0.000173 0.012333 0.030227 0.172240 0.041053 0.012547 0.240587 0.000000 0.049680 0.002560 0.001600 0.019947 0.000520 0.000213 0.020040 0.000000 0.008707 0.010387 0.000000 0.000000 0.000000 0.000080 0.000093 0.000000 0.000000 0.008240 0.000000 0.000600 0.000227 0.000000 0.003387 0.004333 0.001853 0.004093 0.000000 0.000413 0.003547 0.021160 0.000107 0.000453 0.016493 0.075933 0.000093 0.000253 0.000200 0.001867 0.000133 0.000000 0.002147
0.002440 0.000187 0.001680 0.157227 0.000080 0.010160 0.193640 0.011387 0.009400 0.260667 0.000293 0.011467 0.000000 0.012573 0.000213 0.005453 0.000427 0.000067 0.000173 0.037160 0.028680 0.003387 0.016160 0.059733 0.000000 0.000867 0.049680 0.000000 0.017520 0.073493 0.000000 0.000627 0.005160 0.007320 0.000187 0.000000 0.000080 0.001733 0.000000 0.000733 0.000440 0.000947 0.000133 0.005627 0.000000 0.000240 0.000000 0.000973 0.000000 0.000293 0.000000 0.000000 0.000000 0.000747 0.000640 0.000360 0.000133 0.004653 0.000000 0.000000 0.000107 0.005333 0.002467 0.002747 0.000000 0.000093 0.000000 0.000120
0.129947 0.000067 0.002613 0.002187 0.000000 0.000507 0.003707 0.002547 0.005613 0.004867 0.011160 0.000640 0.000000 0.092360 0.000080 0.000000 0.010707 0.001667 0.015747 0.000680 0.001987 0.001640 0.001973 0.005213 0.000000 0.003587 0.002560 0.017520 0.000000 0.033067 0.000000 0.011573 0.075613 0.045200 0.000187 0.000000 0.000000 0.000067 0.000000 0.000107 0.000333 0.000907 0.000520 0.000160 0.000093 0.000000 0.000000 0.001147 0.000000 0.000187 0.000000 0.000000 0.000000 0.000000 0.000387 0.000493 0.000120 0.003387 0.000000 0.000093 0.000107 0.002667 0.001507 0.001267 0.000000 0.000000 0.000000 0.000187
0.033067 0.000000 0.011867 0.000000 0.000000 0.000227 0.046627 0.003667 0.005547 0.000000 0.000000 0.000000 0.000000 0.017987 0.000000 0.002467 0.020747 0.000893 0.010187 0.000000 0.103987 0.006840 0.037880 0.009560 0.000000 0.004987 0.001600 0.073493 0.033067 0.000000 0.000000 0.000067 0.000000 0.016067 0.000000 0.000000 0.000133 0.000000 0.000000 0.000000 0.000307 0.000413 0.000547 0.000000 0.000000 0.000000 0.000000 0.000613 0.000000 0.001293 0.000000 0.000000 0.000000 0.000000 0.001400 0.001693 0.000440 0.003400 0.000000 0.000000 0.000120 0.002133 0.001160 0.002027 0.000000 0.000067 0.000000 0.000160
0.000000 0.000267 0.000000 0.000000 0.000000 0.000000 0.000000 0.000000 0.000093 0.000000 0.016773 0.000000 0.019733 0.000000 0.000000 0.000000 0.000093 0.001987 0.001187 0.000000 0.000000 0.000067 0.000000 0.000200 0.000280 0.015307 0.019947 0.000000 0.000000 0.000000 0.000000 0.000000 0.000000 0.000227 0.000000 0.000000 0.000000 0.000000 0.000000 0.000000 0.000000 0.000000 0.000000 0.000000 0.001453 0.000000 0.000147 0.000000 0.000000 0.000000 0.000000 0.000000 0.000000 0.000000 0.000000 0.000000 0.000000 0.000000 0.000000 0.001093 0.001160 0.000000 0.000000 0.000000 0.000387 0.000000 0.000000 0.000000
0.000160 0.000067 0.000000 0.000107 0.010467 0.016560 0.000227 0.036200 0.000360 0.000480 0.019667 0.000573 0.000093 0.024760 0.001667 0.000000 0.000000 0.000000 0.000000 0.000347 0.000213 0.000360 0.000000 0.000480 0.000000 0.000107 0.000520 0.000627 0.011573 0.000067 0.000000 0.000000 0.000000 0.035427 0.000000 0.000000 0.000000 0.000000 0.000000 0.000000 0.000000 0.000107 0.000000 0.000000 0.000000 0.000000 0.000000 0.000080 0.000000 0.000000 0.000000 0.000000 0.000000 0.000000 0.000000 0.000000 0.000000 0.000120 0.000000 0.000000 0.000000 0.000080 0.000080 0.000000 0.000000 0.000000 0.000000 0.000000
0.000067 0.000000 0.000000 0.000000 0.000000 0.000000 0.000000 0.000000 0.000867 0.000000 0.000000 0.000000 0.000000 0.000000 0.000000 0.000000 0.000387 0.000000 0.001480 0.000000 0.000187 0.000560 0.000160 0.001720 0.000000 0.000000 0.000213 0.005160 0.075613 0.000000 0.000000 0.000000 0.000000 0.006440 0.000000 0.000000 0.000000 0.000000 0.000000 0.000000 0.000000 0.000000 0.000000 0.000000 0.000000 0.000000 0.000000 0.000107 0.000000 0.000107 0.000000 0.000000 0.000000 0.000000 0.000133 0.000133 0.000000 0.000547 0.000000 0.000000 0.000000 0.000147 0.000107 0.000227 0.000000 0.000000 0.000000 0.000000
0.000413 0.000347 0.000960 0.000307 0.014160 0.000400 0.000600 0.001867 0.000307 0.001440 0.032080 0.000347 0.002160 0.012147 0.000000 0.000320 0.004107 0.002867 0.005320 0.000400 0.025840 0.000173 0.019053 0.002133 0.000120 0.005560 0.020040 0.007320 0.045200 0.016067 0.000227 0.035427 0.006440 0.000000 0.000000 0.000160 0.000213 0.000000 0.000000 0.000000 0.000107 0.000187 0.000000 0.000000 0.000347 0.000000 0.000000 0.000373 0.000000 0.000093 0.000067 0.000147 0.000293 0.000000 0.000147 0.000067 0.000160 0.000867 0.000000 0.000600 0.001813 0.000440 0.000187 0.000427 0.000000 0.000000 0.000000 0.000000
0.000000 0.000000 0.000000 0.000000 0.000000 0.000000 0.000000 0.000267 0.000000 0.000280 0.000000 0.000000 0.000000 0.000160 0.000000 0.000000 0.000000 0.000000 0.000000 0.000000 0.000067 0.000000 0.000000 0.000240 0.000000 0.000000 0.000000 0.000187 0.000187 0.000000 0.000000 0.000000 0.000000 0.000000 0.000000 0.000000 0.001000 0.000320 0.000000 0.000173 0.010280 0.002893 0.000760 0.000813 0.000213 0.000000 0.000000 0.112067 0.000000 0.000000 0.000853 0.000560 0.001827 0.000093 0.000080 0.000160 0.000360 0.001040 0.000000 0.001547 0.000173 0.003187 0.043933 0.025667 0.000000 0.000173 0.000000 0.000187
0.000000 0.000000 0.001693 0.000000 0.000000 0.000000 0.000000 0.000000 0.000000 0.000000 0.000267 0.000000 0.000227 0.000000 0.000000 0.000000 0.000560 0.000200 0.000333 0.000000 0.000000 0.000000 0.001000 0.000000 0.000293 0.001400 0.008707 0.000000 0.000000 0.000000 0.000000 0.000000 0.000000 0.000160 0.000000 0.000000 0.000000 0.000000 0.000520 0.000880 0.000000 0.000000 0.006893 0.000000 0.001907 0.000080 0.001347 0.000080 0.001480 0.000000 0.001920 0.000773 0.002133 0.000000 0.000000 0.005387 0.001173 0.006373 0.005480 0.001213 0.053693 0.000000 0.000147 0.000000 0.000133 0.000280 0.000000 0.000933
0.000000 0.000000 0.015240 0.000000 0.000000 0.000000 0.000000 0.000000 0.000000 0.000000 0.000000 0.000000 0.000000 0.000000 0.000000 0.000000 0.001413 0.000160 0.000427 0.000000 0.000213 0.000000 0.005947 0.000000 0.000000 0.005707 0.010387 0.000080 0.000000 0.000133 0.000000 0.000000 0.000000 0.000213 0.001000 0.000000 0.000000 0.000000 0.000000 0.000493 0.024160 0.003400 0.000000 0.008267 0.000067 0.000000 0.000000 0.009507 0.000000 0.000000 0.043747 0.000440 0.014573 0.000000 0.002187 0.000000 0.068800 0.000000 0.000000 0.038400 0.064707 0.004173 0.003213 0.009613 0.000000 0.000080 0.000000 0.002013
0.000000 0.000000 0.000000 0.001253 0.000000 0.000173 0.000293 0.000080 0.000000 0.002933 0.000000 0.000800 0.000000 0.000000 0.000000 0.000000 0.000000 0.000000 0.000000 0.000613 0.000000 0.000000 0.000000 0.000320 0.000000 0.000000 0.000000 0.001733 0.000067 0.000000 0.000000 0.000000 0.000000 0.000000 0.000320 0.000000 0.000000 0.000000 0.000000 0.002813 0.001787 0.001093 0.005240 0.095067 0.000000 0.018227 0.000000 0.001853 0.000280 0.000000 0.000000 0.000000 0.000000 0.140387 0.000000 0.000000 0.000000 0.021813 0.000000 0.000000 0.000133 0.162880 0.001453 0.000213 0.000000 0.000160 0.000000 0.000080
0.000000 0.000000 0.000000 0.000000 0.000000 0.000000 0.000000 0.000000 0.000000 0.000000 0.000000 0.000000 0.000000 0.000000 0.000000 0.000000 0.000000 0.000000 0.000000 0.000000 0.000000 0.000000 0.000000 0.000000 0.000000 0.000000 0.000000 0.000000 0.000000 0.000000 0.000000 0.000000 0.000000 0.000000 0.000000 0.000520 0.000000 0.000000 0.000000 0.005507 0.000067 0.000520 0.000107 0.000160 0.000000 0.000000 0.000000 0.000160 0.003120 0.000000 0.000000 0.000000 0.000000 0.000000 0.000000 0.000333 0.000000 0.000347 0.000213 0.000000 0.000440 0.000173 0.000147 0.000000 0.000000 0.003293 0.000000 0.011853
0.000000 0.000000 0.000000 0.000347 0.000000 0.000067 0.000240 0.000293 0.000000 0.001587 0.000000 0.000133 0.000000 0.000253 0.000000 0.000000 0.000000 0.000000 0.000000 0.000267 0.000000 0.000000 0.000000 0.000293 0.000000 0.000000 0.000000 0.000733 0.000107 0.000000 0.000000 0.000000 0.000000 0.000000 0.000173 0.000880 0.000493 0.002813 0.005507 0.000000 0.015107 0.125813 0.001867 0.194693 0.000427 0.031827 0.000000 0.008813 0.014053 0.000000 0.000000 0.000000 0.000000 0.010640 0.000600 0.000693 0.000520 0.003187 0.000107 0.000373 0.001480 0.010560 0.001000 0.000413 0.000000 0.009267 0.000000 0.002267
0.000000 0.000000 0.000067 0.000000 0.000000 0.000067 0.000000 0.000387 0.000227 0.000373 0.000080 0.000000 0.000000 0.000440 0.000000 0.000000 0.000000 0.000000 0.000000 0.000000 0.000080 0.000000 0.000133 0.000600 0.000000 0.000000 0.000080 0.000440 0.000333 0.000307 0.000000 0.000000 0.000000 0.000107 0.010280 0.000000 0.024160 0.001787 0.000067 0.015107 0.000000 0.050720 0.006720 0.253000 0.000747 0.000173 0.000000 0.113027 0.000120 0.000000 0.007707 0.001547 0.006347 0.000547 0.015547 0.000413 0.014387 0.008747 0.000000 0.008707 0.009213 0.203827 0.016600 0.132213 0.000000 0.001107 0.000000 0.000907
0.000000 0.000000 0.000000 0.000147 0.000000 0.000547 0.000267 0.002760 0.000307 0.002493 0.000093 0.000093 0.000000 0.001560 0.000000 0.000000 0.000000 0.000000 0.000000 0.000213 0.000067 0.000000 0.000000 0.002680 0.000000 0.000067 0.000093 0.000947 0.000907 0.000413 0.000000 0.000107 0.000000 0.000187 0.002893 0.000000 0.003400 0.001093 0.000520 0.125813 0.050720 0.000000 0.001667 0.090613 0.002960 0.005053 0.000000 0.298587 0.001293 0.000000 0.000240 0.000173 0.000627 0.002613 0.000960 0.000173 0.001240 0.008560 0.000080 0.002413 0.001280 0.011253 0.007320 0.005667 0.000000 0.038973 0.000000 0.003147
0.000080 0.000000 0.000000 0.000000 0.000000 0.000080 0.000093 0.000907 0.000000 0.000653 0.000000 0.000000 0.000000 0.000547 0.000000 0.000000 0.000000 0.000000 0.000000 0.000000 0.000000 0.000000 0.000000 0.001000 0.000000 0.000000 0.000000 0.000133 0.000520 0.000547 0.000000 0.000000 0.000000 0.000000 0.000760 0.006893 0.000000 0.005240 0.000107 0.001867 0.006720 0.001667 0.000000 0.011413 0.000253 0.003627 0.000147 0.002853 0.000213 0.000000 0.000000 0.000000 0.000000 0.001960 0.000000 0.004253 0.000000 0.012613 0.001347 0.000147 0.004800 0.009573 0.009187 0.009360 0.000000 0.000307 0.000107 0.000373
0.000000 0.000000 0.000000 0.003413 0.000000 0.000840 0.001213 0.000760 0.000187 0.011840 0.000000 0.002333 0.000000 0.000173 0.000000 0.000000 0.000000 0.000000 0.000000 0.001840 0.000000 0.000000 0.000067 0.001173 0.000000 0.000000 0.000000 0.005627 0.000160 0.000000 0.000000 0.000000 0.000000 0.000000 0.000813 0.000000 0.008267 0.095067 0.000160 0.194693 0.253000 0.090613 0.011413 0.000000 0.000560 0.046893 0.000000 0.039307 0.000560 0.000000 0.000000 0.000000 0.000253 0.118560 0.002853 0.000000 0.003560 0.006493 0.000000 0.002667 0.004147 0.135187 0.007667 0.002960 0.000000 0.001200 0.000000 0.000680
0.000000 0.000133 0.000000 0.000000 0.000000 0.000000 0.000000 0.000147 0.000000 0.000187 0.037440 0.000000 0.010240 0.000067 0.000000 0.000000 0.000000 0.001440 0.001613 0.000000 0.000000 0.000000 0.000000 0.000147 0.004213 0.005707 0.008240 0.000000 0.000093 0.000000 0.001453 0.000000 0.000000 0.000347 0.000213 0.001907 0.000067 0.000000 0.000000 0.000427 0.000747 0.002960 0.000253 0.000560 0.000000 0.000080 0.004533 0.018693 0.000000 0.000000 0.000000 0.089480 0.005173 0.000000 0.000067 0.000120 0.000000 0.000427 0.014653 0.046813 0.073747 0.000587 0.011600 0.001213 0.007053 0.006013 0.000000 0.012480
0.000000 0.000000 0.000000 0.000240 0.000000 0.000000 0.000093 0.000000 0.000000 0.000560 0.000000 0.000307 0.000000 0.000000 0.000000 0.000000 0.000000 0.000000 0.000000 0.000160 0.000000 0.000000 0.000000 0.000000 0.000000 0.000000 0.000000 0.000240 0.000000 0.000000 0.000000 0.000000 0.000000 0.000000 0.000000 0.000080 0.000000 0.018227 0.000000 0.031827 0.000173 0.005053 0.003627 0.046893 0.000080 0.000000 0.000000 0.000813 0.000480 0.000000 0.000000 0.000000 0.000000 0.099533 0.000000 0.000107 0.000000 0.004587 0.000000 0.000000 0.000000 0.017613 0.000307 0.000000 0.000000 0.000120 0.000000 0.000000
0.000000 0.000000 0.000000 0.000000 0.000000 0.000000 0.000000 0.000000 0.000000 0.000000 0.012040 0.000000 0.005453 0.000000 0.000000 0.000000 0.000000 0.000133 0.000080 0.000000 0.000000 0.000000 0.000000 0.000000 0.002653 0.000387 0.000600 0.000000 0.000000 0.000000 0.000147 0.000000 0.000000 0.000000 0.000000 0.001347 0.000000 0.000000 0.000000 0.000000 0.000000 0.000000 0.000147 0.000000 0.004533 0.000000 0.000000 0.000000 0.000000 0.000000 0.000000 0.000000 0.000000 0.000000 0.000000 0.000080 0.000000 0.000000 0.028467 0.001720 0.047000 0.000000 0.000000 0.000000 0.009653 0.000000 0.000000 0.000000
0.000107 0.000000 0.000133 0.000067 0.000000 0.000613 0.000200 0.002827 0.000347 0.001880 0.000080 0.000067 0.000000 0.001573 0.000000 0.000000 0.000000 0.000000 0.000000 0.000000 0.000107 0.000000 0.000000 0.003067 0.000000 0.000200 0.000227 0.000973 0.001147 0.000613 0.000000 0.000080 0.000107 0.000373 0.112067 0.000080 0.009507 0.001853 0.000160 0.008813 0.113027 0.298587 0.002853 0.039307 0.018693 0.000813 0.000000 0.000000 0.000360 0.000000 0.002347 0.001453 0.004507 0.001040 0.001133 0.000360 0.002053 0.007533 0.000000 0.008867 0.003520 0.016133 0.074427 0.039813 0.000000 0.037480 0.000253 0.013227
0.000000 0.000000 0.000000 0.000000 0.000000 0.000000 0.000000 0.000000 0.000000 0.000000 0.000000 0.000067 0.000000 0.000000 0.000000 0.000000 0.000000 0.000000 0.000000 0.000000 0.000000 0.000000 0.000000 0.000000 0.000000 0.000000 0.000000 0.000000 0.000000 0.000000 0.000000 0.000000 0.000000 0.000000 0.000000 0.001480 0.000000 0.000280 0.003120 0.014053 0.000120 0.001293 0.000213 0.000560 0.000000 0.000480 0.000000 0.000360 0.000000 0.000000 0.000000 0.000000 0.000000 0.000147 0.000000 0.001093 0.000000 0.001453 0.000360 0.000000 0.001253 0.000427 0.000453 0.000147 0.000000 0.002413 0.000000 0.000067
0.000000 0.000000 0.000187 0.000000 0.000000 0.000000 0.000000 0.000000 0.000000 0.000000 0.000000 0.000000 0.000000 0.000000 0.000000 0.005693 0.000000 0.000000 0.000000 0.000000 0.004987 0.001147 0.006173 0.000347 0.000000 0.000000 0.003387 0.000293 0.000187 0.001293 0.000000 0.000000 0.000107 0.000093 0.000000 0.000000 0.000000 0.000000 0.000000 0.000000 0.000000 0.000000 0.000000 0.000000 0.000000 0.000000 0.000000 0.000000 0.000000 0.000000 0.000187 0.000000 0.000000 0.000000 0.058307 0.018760 0.081720 0.006813 0.000000 0.000000 0.059533 0.015227 0.000320 0.006773 0.000000 0.000080 0.000000 0.000560
0.000000 0.000147 0.002840 0.000000 0.000000 0.000000 0.000000 0.000000 0.000000 0.000000 0.000000 0.000000 0.000000 0.000080 0.000000 0.000000 0.000427 0.000067 0.000307 0.000000 0.000000 0.000000 0.000493 0.000000 0.000000 0.002467 0.004333 0.000000 0.000000 0.000000 0.000000 0.000000 0.000000 0.000067 0.000853 0.001920 0.043747 0.000000 0.000000 0.000000 0.007707 0.000240 0.000000 0.000000 0.000000 0.000000 0.000000 0.002347 0.000000 0.000187 0.000000 0.000360 0.012000 0.000000 0.002613 0.000133 0.052640 0.000147 0.000000 0.009107 0.069093 0.000987 0.002293 0.022627 0.000000 0.000000 0.000000 0.009600
0.000000 0.000107 0.000000 0.000000 0.000000 0.000000 0.000000 0.000000 0.000000 0.000000 0.000640 0.000000 0.000133 0.000000 0.000000 0.000000 0.000147 0.000080 0.000360 0.000000 0.000000 0.000000 0.000000 0.000000 0.000067 0.001333 0.001853 0.000000 0.000000 0.000000 0.000000 0.000000 0.000000 0.000147 0.000560 0.000773 0.000440 0.000000 0.000000 0.000000 0.001547 0.000173 0.000000 0.000000 0.089480 0.000000 0.000000 0.001453 0.000000 0.000000 0.000360 0.000000 0.035213 0.000000 0.000000 0.000000 0.000227 0.000000 0.000133 0.045773 0.021587 0.000067 0.002267 0.006827 0.000120 0.000107 0.000000 0.001973
0.000000 0.000227 0.000333 0.000000 0.000000 0.000000 0.000000 0.000000 0.000000 0.000000 0.000280 0.000000 0.000093 0.000000 0.000000 0.000000 0.000520 0.000120 0.000693 0.000000 0.000000 0.000000 0.000000 0.000000 0.000000 0.004013 0.004093 0.000000 0.000000 0.000000 0.000000 0.000000 0.000000 0.000293 0.001827 0.002133 0.014573 0.000000 0.000000 0.000000 0.006347 0.000627 0.000000 0.000253 0.005173 0.000000 0.000000 0.004507 0.000000 0.000000 0.012000 0.035213 0.000000 0.000000 0.000253 0.000000 0.002867 0.000093 0.000000 0.052667 0.051747 0.000360 0.004267 0.017000 0.000000 0.000133 0.000000 0.001587
0.000000 0.000000 0.000000 0.000507 0.000000 0.000107 0.000160 0.000000 0.000000 0.002013 0.000000 0.000293 0.000000 0.000000 0.000000 0.000000 0.000000 0.000000 0.000000 0.000320 0.000000 0.000000 0.000000 0.000173 0.000000 0.000000 0.000000 0.000747 0.000000 0.000000 0.000000 0.000000 0.000000 0.000000 0.000093 0.000000 0.000000 0.140387 0.000000 0.010640 0.000547 0.002613 0.001960 0.118560 0.000000 0.099533 0.000000 0.001040 0.000147 0.000000 0.000000 0.000000 0.000000 0.000000 0.000000 0.000000 0.000000 0.002693 0.000000 0.000000 0.000107 0.073920 0.000707 0.000093 0.000000 0.000107 0.000000 0.000000
0.000000 0.000000 0.000160 0.000000 0.000000 0.000000 0.000000 0.000000 0.000000 0.000000 0.000000 0.000000 0.000000 0.000080 0.000000 0.001693 0.000000 0.000000 0.000000 0.000000 0.003200 0.000333 0.002067 0.000653 0.000000 0.000093 0.000413 0.000640 0.000387 0.001400 0.000000 0.000000 0.000133 0.000147 0.000080 0.000000 0.002187 0.000000 0.000000 0.000600 0.015547 0.000960 0.000000 0.002853 0.000067 0.000000 0.000000 0.001133 0.000000 0.058307 0.002613 0.000000 0.000253 0.000000 0.000000 0.001333 0.155680 0.002387 0.000000 0.000253 0.006547 0.020107 0.001480 0.090667 0.000000 0.000187 0.000000 0.016680
0.000000 0.000000 0.000000 0.000000 0.000000 0.000000 0.000000 0.000000 0.000000 0.000000 0.000000 0.000000 0.000000 0.000213 0.000000 0.002853 0.000000 0.000000 0.000000 0.000000 0.001653 0.000240 0.002613 0.000813 0.000000 0.000000 0.003547 0.000360 0.000493 0.001693 0.000000 0.000000 0.000133 0.000067 0.000160 0.005387 0.000000 0.000000 0.000333 0.000693 0.000413 0.000173 0.004253 0.000000 0.000120 0.000107 0.000080 0.000360 0.001093 0.018760 0.000133 0.000000 0.000000 0.000000 0.001333 0.000000 0.004213 0.031347 0.000760 0.000080 0.018747 0.001333 0.001813 0.006693 0.000000 0.000307 0.000000 0.000387
0.000000 0.000000 0.002947 0.000000 0.000000 0.000000 0.000093 0.000000 0.000000 0.000000 0.000000 0.000000 0.000000 0.000000 0.000000 0.006347 0.000120 0.000000 0.000000 0.000000 0.003213 0.001013 0.029907 0.000147 0.000000 0.000067 0.021160 0.000133 0.000120 0.000440 0.000000 0.000000 0.000000 0.000160 0.000360 0.001173 0.068800 0.000000 0.000000 0.000520 0.014387 0.001240 0.000000 0.003560 0.000000 0.000000 0.000000 0.002053 0.000000 0.081720 0.052640 0.000227 0.002867 0.000000 0.155680 0.004213 0.000000 0.001467 0.000000 0.010827 0.143133 0.039293 0.002707 0.025440 0.000000 0.000227 0.000000 0.053400
0.000413 0.000000 0.000147 0.000640 0.000000 0.000680 0.000347 0.002933 0.000480 0.002253 0.000240 0.000280 0.000000 0.003440 0.000000 0.000227 0.000000 0.000000 0.000000 0.000240 0.002400 0.000560 0.000240 0.005987 0.000000 0.000000 0.000107 0.004653 0.003387 0.003400 0.000000 0.000120 0.000547 0.000867 0.001040 0.006373 0.000000 0.021813 0.000347 0.003187 0.008747 0.008560 0.012613 0.006493 0.000427 0.004587 0.000000 0.007533 0.001453 0.006813 0.000147 0.000000 0.000093 0.002693 0.002387 0.031347 0.001467 0.000000 0.000560 0.000227 0.033720 0.146013 0.010440 0.012213 0.000000 0.000893 0.000067 0.001173
0.000000 0.000000 0.000000 0.000000 0.000000 0.000000 0.000000 0.000000 0.000000 0.000000 0.002733 0.000000 0.001027 0.000000 0.000000 0.000000 0.000000 0.000000 0.000093 0.000000 0.000000 0.000000 0.000000 0.000000 0.000813 0.000293 0.000453 0.000000 0.000000 0.000000 0.000000 0.000000 0.000000 0.000000 0.000000 0.005480 0.000000 0.000000 0.000213 0.000107 0.000000 0.000080 0.001347 0.000000 0.014653 0.000000 0.028467 0.000000 0.000360 0.000000 0.000000 0.000133 0.000000 0.000000 0.000000 0.000760 0.000000 0.000560 0.000000 0.005827 0.022787 0.000000 0.000000 0.000000 0.007907 0.000600 0.000000 0.000493
0.000000 0.000133 0.001160 0.000000 0.000000 0.000000 0.000000 0.000067 0.000000 0.000000 0.032640 0.000000 0.008400 0.000147 0.000000 0.000000 0.001067 0.001720 0.003427 0.000000 0.000000 0.000000 0.000000 0.000000 0.004093 0.018653 0.016493 0.000000 0.000093 0.000000 0.001093 0.000000 0.000000 0.000600 0.001547 0.001213 0.038400 0.000000 0.000000 0.000373 0.008707 0.002413 0.000147 0.002667 0.046813 0.000000 0.001720 0.008867 0.000000 0.000000 0.009107 0.045773 0.052667 0.000000 0.000253 0.000080 0.010827 0.000227 0.005827 0.000000 0.179867 0.000760 0.004667 0.011213 0.007933 0.000200 0.000000 0.003093
0.000000 0.000920 0.024987 0.000000 0.000000 0.000000 0.000093 0.000187 0.000000 0.000107 0.014280 0.000000 0.003387 0.000387 0.000000 0.001333 0.004280 0.002267 0.005147 0.000000 0.000427 0.001307 0.024840 0.000107 0.002507 0.031253 0.075933 0.000107 0.000107 0.000120 0.001160 0.000000 0.000000 0.001813 0.000173 0.053693 0.064707 0.000133 0.000440 0.001480 0.009213 0.001280 0.004800 0.004147 0.073747 0.000000 0.047000 0.003520 0.001253 0.059533 0.069093 0.021587 0.051747 0.000107 0.006547 0.018747 0.143133 0.033720 0.022787 0.179867 0.000000 0.046547 0.003867 0.002467 0.039667 0.001813 0.000000 0.026173
0.000267 0.000000 0.000120 0.002000 0.000000 0.000480 0.000453 0.002120 0.000200 0.004547 0.000133 0.001467 0.000000 0.002307 0.000000 0.000253 0.000000 0.000000 0.000000 0.001133 0.001760 0.000093 0.000413 0.005160 0.000000 0.000067 0.000093 0.005333 0.002667 0.002133 0.000000 0.000080 0.000147 0.000440 0.003187 0.000000 0.004173 0.162880 0.000173 0.010560 0.203827 0.011253 0.009573 0.135187 0.000587 0.017613 0.000000 0.016133 0.000427 0.015227 0.000987 0.000067 0.000360 0.073920 0.020107 0.001333 0.039293 0.146013 0.000000 0.000760 0.046547 0.000000 0.028200 0.099160 0.000000 0.001333 0.000373 0.004027
0.000173 0.000000 0.000200 0.000000 0.000000 0.000280 0.000200 0.001867 0.000400 0.001587 0.000120 0.000000 0.000000 0.001520 0.000000 0.000200 0.000000 0.000000 0.000000 0.000000 0.000987 0.000240 0.000173 0.003627 0.000000 0.000120 0.000253 0.002467 0.001507 0.001160 0.000000 0.000080 0.000107 0.000187 0.043933 0.000147 0.003213 0.001453 0.000147 0.001000 0.016600 0.007320 0.009187 0.007667 0.011600 0.000307 0.000000 0.074427 0.000453 0.000320 0.002293 0.002267 0.004267 0.000707 0.001480 0.001813 0.002707 0.010440 0.000000 0.004667 0.003867 0.028200 0.000000 0.090240 0.000000 0.012747 0.052507 0.052160
0.000173 0.000000 0.000267 0.000000 0.000000 0.000093 0.000000 0.000480 0.000427 0.000160 0.000080 0.000000 0.000000 0.000880 0.000000 0.001613 0.000000 0.000000 0.000000 0.000000 0.004147 0.000733 0.001440 0.002693 0.000000 0.000093 0.000200 0.002747 0.001267 0.002027 0.000000 0.000000 0.000227 0.000427 0.025667 0.000000 0.009613 0.000213 0.000000 0.000413 0.132213 0.005667 0.009360 0.002960 0.001213 0.000000 0.000000 0.039813 0.000147 0.006773 0.022627 0.006827 0.017000 0.000093 0.090667 0.006693 0.025440 0.012213 0.000000 0.011213 0.002467 0.099160 0.090240 0.000000 0.000000 0.000213 0.000627 0.022733
0.000000 0.000000 0.000000 0.000000 0.000000 0.000000 0.000000 0.000000 0.000000 0.000000 0.026907 0.000000 0.007747 0.000000 0.000000 0.000000 0.000000 0.000213 0.000000 0.000000 0.000000 0.000000 0.000000 0.000000 0.003800 0.000960 0.001867 0.000000 0.000000 0.000000 0.000387 0.000000 0.000000 0.000000 0.000000 0.000133 0.000000 0.000000 0.000000 0.000000 0.000000 0.000000 0.000000 0.000000 0.007053 0.000000 0.009653 0.000000 0.000000 0.000000 0.000000 0.000120 0.000000 0.000000 0.000000 0.000000 0.000000 0.000000 0.007907 0.007933 0.039667 0.000000 0.000000 0.000000 0.000000 0.000000 0.000000 0.000000
