0.000000 0.000000 97.580473 81.946394 0.000000 73.710550 32.575167 38.359238 0.000000 80.234520 101.121402 92.225310 0.000000 22.317215 0.000000 0.000000 93.107459 114.912612 113.263804 82.757198 82.073603 0.000000 83.388882 75.938671 0.000000 110.624780 126.061741 81.709187 22.416405 41.558782 0.000000 74.286009 25.626833 52.367480 0.000000 0.000000 0.000000 0.000000 0.000000 0.000000 0.000000 0.000000 0.000000 0.000000 0.000000 0.000000 0.000000 0.000000 0.000000 0.000000 0.000000 0.000000 0.000000 0.000000 0.000000 0.000000 0.000000 113.738799 0.000000 0.000000 0.000000 131.570313 0.000000 0.000000 0.000000 0.000000 0.000000 0.000000
0.000000 0.000000 39.884929 0.000000 127.335610 0.000000 0.000000 0.000000 69.425257 0.000000 65.145304 0.000000 52.327285 116.610349 109.899635 50.271691 56.169160 67.438082 53.976992 0.000000 0.000000 25.149118 0.000000 74.710034 23.083605 39.325140 31.235279 96.729230 0.000000 0.000000 58.781762 0.000000 0.000000 62.255956 0.000000 0.000000 53.909663 82.623616 0.000000 0.000000 0.000000 0.000000 0.000000 0.000000 98.663270 0.000000 85.278706 0.000000 0.000000 0.000000 56.651301 0.000000 57.122996 0.000000 0.000000 32.521773 0.000000 95.239371 0.000000 58.840537 34.469466 0.000000 0.000000 0.000000 92.079355 0.000000 0.000000 0.000000
97.580473 39.884929 0.000000 0.000000 0.000000 128.723313 97.100599 117.600719 0.000000 120.440578 100.667925 0.000000 96.074933 113.639661 0.000000 72.022413 48.357010 88.502918 69.928663 143.646854 60.950124 41.677937 34.188630 90.929136 0.000000 36.291018 35.537479 93.356802 103.319404 75.953846 100.438119 155.133690 0.000000 53.471356 0.000000 47.890441 92.156074 0.000000 0.000000 0.000000 162.320181 0.000000 0.000000 0.000000 0.000000 0.000000 0.000000 165.365664 0.000000 106.970108 104.923852 0.000000 104.983412 0.000000 0.000000 74.351032 102.009675 136.450553 0.000000 93.539438 90.546528 165.214225 0.000000 148.876077 0.000000 0.000000 0.000000 104.402548
81.946394 0.000000 0.000000 0.000000 0.000000 58.103005 43.859021 86.695095 59.236295 21.262448 133.133257 35.797140 0.000000 95.231216 0.000000 0.000000 0.000000 0.000000 0.000000 17.196612 0.000000 0.000000 0.000000 18.341923 0.000000 167.358684 120.067368 18.049999 99.634424 0.000000 0.000000 124.068179 0.000000 80.506960 0.000000 0.000000 0.000000 40.761858 0.000000 78.993995 130.067852 98.088481 74.014180 45.701496 0.000000 31.194864 0.000000 98.834958 0.000000 0.000000 0.000000 0.000000 0.000000 24.521118 0.000000 0.000000 0.000000 122.474952 0.000000 0.000000 0.000000 85.670790 100.808133 0.000000 0.000000 0.000000 0.000000 0.000000
0.000000 127.335610 0.000000 0.000000 0.000000 14.786317 0.000000 28.474793 52.759862 104.905351 0.000000 71.326563 0.000000 63.810371 20.842081 0.000000 0.000000 0.000000 0.000000 99.944819 0.000000 103.089825 0.000000 90.771720 154.962984 0.000000 140.627624 104.344805 0.000000 0.000000 0.000000 19.153032 0.000000 10.607409 0.000000 0.000000 0.000000 0.000000 0.000000 0.000000 0.000000 0.000000 0.000000 0.000000 0.000000 0.000000 0.000000 0.000000 0.000000 0.000000 0.000000 0.000000 0.000000 0.000000 0.000000 0.000000 0.000000 101.283710 0.000000 0.000000 0.000000 0.000000 0.000000 0.000000 0.000000 0.000000 0.000000 0.000000
73.710550 0.000000 128.723313 58.103005 14.786317 0.000000 46.060178 25.634932 70.774549 27.498237 93.813023 39.375826 118.543958 60.153190 22.379056 0.000000 138.280337 125.023602 147.175987 44.717890 103.648442 0.000000 114.472404 61.542805 0.000000 136.801410 140.832556 56.193481 70.974980 97.616300 0.000000 24.036160 0.000000 55.393301 0.000000 0.000000 0.000000 0.000000 0.000000 0.000000 150.225095 0.000000 99.949878 0.000000 0.000000 0.000000 0.000000 0.000000 0.000000 0.000000 0.000000 0.000000 0.000000 0.000000 0.000000 0.000000 0.000000 138.409938 0.000000 0.000000 0.000000 165.265869 0.000000 0.000000 0.000000 0.000000 0.000000 0.000000
32.575167 0.000000 97.100599 43.859021 0.000000 46.060178 0.000000 51.960279 54.187713 20.719783 128.114890 52.515503 142.443887 39.607187 86.174757 80.531093 105.923377 138.914956 150.602530 48.560646 66.919485 66.837469 79.692105 50.492178 0.000000 121.975612 111.934098 38.566175 64.830715 29.627297 0.000000 109.140190 68.350235 65.717233 0.000000 0.000000 174.434372 138.074545 0.000000 146.145845 125.939197 150.212199 62.952613 143.398397 0.000000 0.000000 0.000000 146.466524 0.000000 145.615060 0.000000 0.000000 0.000000 0.000000 140.456945 0.000000 0.000000 112.161172 0.000000 197.946633 177.162628 132.506389 160.024048 138.250515 0.000000 0.000000 0.000000 0.000000
38.359238 0.000000 117.600719 86.695095 28.474793 25.634932 51.960279 0.000000 80.722211 37.679313 75.095457 77.115922 89.344508 20.584874 34.566156 0.000000 117.009792 99.181434 123.533763 80.894413 96.271834 0.000000 103.567747 76.663774 0.000000 121.694974 130.783936 74.208594 38.157674 71.962994 106.211189 25.358092 0.000000 35.494918 0.000000 0.000000 0.000000 173.546950 0.000000 172.952938 151.202218 0.000000 82.952530 166.420004 0.000000 0.000000 0.000000 174.411447 0.000000 0.000000 0.000000 0.000000 0.000000 0.000000 0.000000 0.000000 0.000000 136.109277 0.000000 169.639259 0.000000 155.665174 174.473263 171.384714 0.000000 0.000000 0.000000 0.000000
0.000000 69.425257 0.000000 59.236295 52.759862 70.774549 54.187713 80.722211 0.000000 68.487204 134.375078 39.295763 114.631424 80.498679 48.394830 0.000000 0.000000 0.000000 0.000000 54.647291 0.000000 29.606364 0.000000 31.600907 92.702248 120.541184 86.813716 56.618567 75.220539 59.215068 131.480092 71.550944 0.000000 0.000000 0.000000 0.000000 0.000000 43.758449 0.000000 0.000000 76.881106 95.782138 0.000000 0.000000 151.532881 0.000000 156.017572 103.010387 0.000000 0.000000 0.000000 0.000000 0.000000 0.000000 0.000000 0.000000 0.000000 51.832294 0.000000 0.000000 119.850504 83.598369 85.574363 77.981975 153.852339 0.000000 0.000000 0.000000
80.234520 0.000000 120.440578 21.262448 104.905351 27.498237 20.719783 37.679313 68.487204 0.000000 134.129676 32.319353 150.621920 68.318006 74.812262 97.936362 0.000000 160.509033 153.340791 18.181083 102.569504 0.000000 103.231107 49.407989 0.000000 148.681716 138.454620 30.397420 94.132671 96.682096 166.704083 113.672110 0.000000 81.258317 0.000000 0.000000 0.000000 92.781334 0.000000 0.000000 153.872415 172.819818 0.000000 160.106186 0.000000 60.526986 0.000000 0.000000 0.000000 0.000000 0.000000 0.000000 0.000000 0.000000 0.000000 0.000000 0.000000 133.239985 0.000000 0.000000 0.000000 158.733287 0.000000 0.000000 0.000000 0.000000 0.000000 0.000000
101.121402 65.145304 100.667925 133.133257 0.000000 93.813023 128.114890 75.095457 134.375078 134.129676 0.000000 126.231852 23.698097 76.785458 0.000000 0.000000 50.068845 23.465386 25.300411 135.788961 83.547378 103.304504 120.135065 140.047961 35.792312 29.407823 49.029527 152.822307 71.619724 100.550744 37.750591 60.579974 0.000000 28.944061 0.000000 90.623906 0.000000 0.000000 0.000000 0.000000 186.549820 113.813190 0.000000 0.000000 64.943934 0.000000 72.492341 136.851038 0.000000 0.000000 0.000000 102.188953 102.828922 0.000000 0.000000 0.000000 0.000000 190.936962 54.390283 92.356129 93.221253 197.956151 94.900052 0.000000 89.529150 97.762701 0.000000 69.911541
92.225310 0.000000 0.000000 35.797140 71.326563 39.375826 52.515503 77.115922 39.295763 32.319353 126.231852 0.000000 146.118580 83.125436 42.880299 0.000000 123.585897 138.322862 144.296005 19.643597 0.000000 0.000000 0.000000 40.109792 0.000000 146.768597 147.897743 47.291069 91.760767 0.000000 144.706132 93.717973 0.000000 80.544001 0.000000 0.000000 0.000000 132.164091 0.000000 0.000000 139.761356 0.000000 98.925482 123.047244 0.000000 0.000000 0.000000 0.000000 0.000000 0.000000 0.000000 0.000000 0.000000 0.000000 0.000000 0.000000 0.000000 118.084973 0.000000 0.000000 0.000000 140.026819 0.000000 0.000000 0.000000 0.000000 0.000000 0.000000
0.000000 52.327285 96.074933 0.000000 0.000000 118.543958 142.443887 89.344508 114.631424 150.621920 23.698097 146.118580 0.000000 90.710430 171.077960 97.015502 114.462696 59.017789 69.755704 149.855665 0.000000 88.053085 0.000000 130.142608 23.189409 28.389508 28.803828 167.930649 88.988178 0.000000 20.410142 79.262044 0.000000 60.760502 0.000000 89.927135 0.000000 0.000000 0.000000 0.000000 0.000000 101.385446 0.000000 0.000000 68.336940 0.000000 73.070850 117.448850 0.000000 0.000000 0.000000 90.803710 108.347811 0.000000 0.000000 0.000000 0.000000 194.733789 45.717342 86.678765 85.453669 0.000000 93.039163 0.000000 82.580392 99.702904 0.000000 75.233131
22.317215 116.610349 113.639661 95.231216 63.810371 60.153190 39.607187 20.584874 80.498679 68.318006 76.785458 83.125436 90.710430 0.000000 56.353944 0.000000 111.634966 105.270690 121.805397 83.999515 91.742359 0.000000 99.610528 82.936457 0.000000 118.732998 126.080974 83.976042 29.990403 64.397514 102.274842 15.917066 0.000000 45.525973 0.000000 0.000000 0.000000 125.692871 0.000000 184.043581 148.901905 175.967056 89.922686 0.000000 0.000000 0.000000 0.000000 179.440362 0.000000 0.000000 0.000000 0.000000 0.000000 0.000000 0.000000 0.000000 0.000000 140.194080 0.000000 0.000000 0.000000 153.289221 184.399594 170.095469 0.000000 0.000000 0.000000 0.000000
0.000000 109.899635 0.000000 0.000000 20.842081 22.379056 86.174757 34.566156 48.394830 74.812262 0.000000 42.880299 171.077960 56.353944 0.000000 0.000000 0.000000 0.000000 0.000000 74.900801 0.000000 86.336472 0.000000 74.214665 137.733125 0.000000 134.936613 91.837784 64.757159 0.000000 0.000000 32.422490 0.000000 0.000000 0.000000 0.000000 0.000000 82.414195 0.000000 0.000000 0.000000 0.000000 0.000000 0.000000 0.000000 0.000000 0.000000 0.000000 0.000000 0.000000 0.000000 0.000000 0.000000 0.000000 0.000000 0.000000 0.000000 91.645930 0.000000 0.000000 0.000000 0.000000 0.000000 0.000000 0.000000 0.000000 0.000000 0.000000
0.000000 50.271691 72.022413 0.000000 0.000000 0.000000 80.531093 0.000000 0.000000 97.936362 0.000000 0.000000 97.015502 0.000000 0.000000 0.000000 83.951768 0.000000 98.765319 0.000000 19.793804 27.373970 14.661470 35.417330 0.000000 92.883451 19.106462 38.990110 91.380643 71.153336 109.839833 0.000000 75.247257 70.167184 0.000000 0.000000 95.238672 0.000000 0.000000 0.000000 141.433410 0.000000 0.000000 0.000000 0.000000 0.000000 0.000000 0.000000 0.000000 96.946435 0.000000 0.000000 0.000000 0.000000 116.083435 57.086970 105.117624 112.674757 0.000000 114.619068 96.922247 131.526994 131.717565 121.138853 0.000000 0.000000 0.000000 0.000000
93.107459 56.169160 48.357010 0.000000 0.000000 138.280337 105.923377 117.009792 0.000000 0.000000 50.068845 123.585897 114.462696 111.634966 0.000000 83.951768 0.000000 47.830210 24.126931 127.689403 39.755751 0.000000 30.772637 133.163414 0.000000 39.018057 67.938179 122.107534 84.905467 64.455772 81.446992 0.000000 88.748351 34.069884 0.000000 56.746167 104.529837 0.000000 0.000000 0.000000 0.000000 0.000000 0.000000 0.000000 0.000000 0.000000 0.000000 0.000000 0.000000 0.000000 119.162384 0.000000 118.206979 0.000000 0.000000 83.333903 116.641147 0.000000 0.000000 100.929413 102.725688 0.000000 0.000000 0.000000 0.000000 0.000000 0.000000 0.000000
114.912612 67.438082 88.502918 0.000000 0.000000 125.023602 138.914956 99.181434 0.000000 160.509033 23.465386 138.322862 59.017789 105.270690 0.000000 0.000000 47.830210 0.000000 19.533159 147.512413 88.095753 121.113644 106.015100 140.903369 44.354040 30.343179 52.889928 0.000000 108.075392 98.731923 49.479505 85.432003 110.466740 50.870716 0.000000 0.000000 0.000000 0.000000 0.000000 0.000000 0.000000 0.000000 0.000000 0.000000 97.997135 0.000000 87.963952 0.000000 0.000000 0.000000 0.000000 102.872053 114.276029 0.000000 0.000000 0.000000 0.000000 198.384451 0.000000 93.846193 89.787609 213.802544 0.000000 0.000000 91.934207 0.000000 0.000000 0.000000
113.263804 53.976992 69.928663 0.000000 0.000000 147.175987 150.602530 123.533763 0.000000 153.340791 25.300411 144.296005 69.755704 121.805397 0.000000 98.765319 24.126931 19.533159 0.000000 142.344568 74.837715 108.383969 78.668336 140.070778 48.569170 30.475396 61.695257 156.081087 107.127310 79.736047 62.347399 104.383167 105.414262 45.723797 0.000000 65.709091 114.327327 0.000000 0.000000 0.000000 0.000000 0.000000 0.000000 0.000000 102.052584 0.000000 106.523742 0.000000 0.000000 0.000000 122.975494 100.844085 107.126813 0.000000 0.000000 0.000000 0.000000 0.000000 0.000000 94.685359 95.791074 0.000000 0.000000 0.000000 108.387473 0.000000 0.000000 0.000000
82.757198 0.000000 143.646854 17.196612 99.944819 44.717890 48.560646 80.894413 54.647291 18.181083 135.788961 19.643597 149.855665 83.999515 74.900801 0.000000 127.689403 147.512413 142.344568 0.000000 0.000000 0.000000 0.000000 28.465930 0.000000 153.437210 153.471353 29.166406 94.982260 0.000000 0.000000 107.015759 0.000000 83.416325 0.000000 0.000000 0.000000 130.061251 0.000000 152.657580 139.855114 0.000000 80.058310 164.978867 0.000000 63.810792 0.000000 0.000000 0.000000 0.000000 0.000000 0.000000 0.000000 0.000000 0.000000 0.000000 0.000000 131.576576 0.000000 0.000000 0.000000 151.963199 0.000000 0.000000 0.000000 0.000000 0.000000 0.000000
82.073603 0.000000 60.950124 0.000000 0.000000 103.648442 66.919485 96.271834 0.000000 102.569504 83.547378 0.000000 0.000000 91.742359 0.000000 19.793804 39.755751 88.095753 74.837715 0.000000 0.000000 0.000000 33.816122 17.730731 0.000000 91.326658 76.790446 26.049475 54.778568 39.201594 0.000000 0.000000 35.417251 38.954473 0.000000 0.000000 129.112009 0.000000 0.000000 0.000000 152.277416 0.000000 0.000000 0.000000 0.000000 0.000000 0.000000 0.000000 0.000000 110.699085 0.000000 0.000000 0.000000 0.000000 122.270964 0.000000 122.508818 114.896980 0.000000 0.000000 120.048311 137.335521 135.186999 119.117870 0.000000 0.000000 0.000000 0.000000
0.000000 25.149118 41.677937 0.000000 103.089825 0.000000 66.837469 0.000000 29.606364 0.000000 103.304504 0.000000 88.053085 0.000000 86.336472 27.373970 0.000000 121.113644 108.383969 0.000000 0.000000 0.000000 43.912149 33.418692 51.400566 84.015620 42.942578 56.597904 0.000000 47.018681 0.000000 0.000000 0.000000 0.000000 0.000000 0.000000 59.696661 58.871233 0.000000 0.000000 0.000000 0.000000 0.000000 0.000000 0.000000 0.000000 116.505519 0.000000 0.000000 46.241769 0.000000 0.000000 0.000000 0.000000 82.185858 30.730173 49.805131 58.571098 0.000000 126.554343 48.947689 93.640732 0.000000 71.610198 0.000000 0.000000 0.000000 0.000000
83.388882 0.000000 34.188630 0.000000 0.000000 114.472404 79.692105 103.567747 0.000000 103.231107 120.135065 0.000000 0.000000 99.610528 0.000000 14.661470 30.772637 106.015100 78.668336 0.000000 33.816122 43.912149 0.000000 47.836687 0.000000 65.204795 38.268050 55.877968 75.868676 51.565636 0.000000 148.996691 90.363028 39.256268 0.000000 0.000000 99.579942 0.000000 0.000000 0.000000 165.011042 0.000000 0.000000 0.000000 0.000000 0.000000 0.000000 0.000000 0.000000 102.731809 121.377215 0.000000 0.000000 0.000000 121.613486 77.018689 107.936629 125.424076 0.000000 117.257455 101.779101 154.749483 0.000000 128.791320 0.000000 0.000000 0.000000 0.000000
75.938671 74.710034 90.929136 18.341923 90.771720 61.542805 50.492178 76.663774 31.600907 49.407989 140.047961 40.109792 130.142608 82.936457 74.214665 35.417330 133.163414 140.903369 140.070778 28.465930 17.730731 33.418692 47.836687 0.000000 100.350378 118.192647 75.520034 22.495738 83.404122 66.912888 134.224969 105.469787 69.397850 71.856911 116.355584 88.249317 135.762950 42.377682 0.000000 139.203860 115.787069 142.216635 52.782316 132.934754 175.492523 119.036192 164.330212 139.755653 88.327222 102.075210 159.826193 0.000000 177.101440 129.076006 108.834867 56.531767 108.099074 72.178149 114.705081 169.007247 130.450621 118.911524 131.033277 114.454022 169.958238 162.933675 119.417389 121.957163
0.000000 23.083605 0.000000 0.000000 154.962984 0.000000 0.000000 0.000000 92.702248 0.000000 35.792312 0.000000 23.189409 0.000000 137.733125 0.000000 0.000000 44.354040 48.569170 0.000000 0.000000 51.400566 0.000000 100.350378 0.000000 32.102898 29.940303 0.000000 0.000000 0.000000 36.189568 0.000000 0.000000 57.514764 0.000000 58.713937 0.000000 0.000000 0.000000 0.000000 0.000000 85.462544 0.000000 0.000000 52.957073 0.000000 55.188019 94.383895 0.000000 0.000000 0.000000 77.566844 0.000000 0.000000 0.000000 0.000000 0.000000 0.000000 17.915738 74.313181 41.057178 0.000000 80.847180 0.000000 69.343759 79.902201 0.000000 48.228218
110.624780 39.325140 36.291018 167.358684 0.000000 136.801410 121.975612 121.694974 120.541184 148.681716 29.407823 146.768597 28.389508 118.732998 0.000000 92.883451 39.018057 30.343179 30.475396 153.437210 91.326658 84.015620 65.204795 118.192647 32.102898 0.000000 41.415147 147.016988 106.689986 94.380568 20.934024 90.784491 119.230867 50.005771 0.000000 51.063014 97.180954 0.000000 0.000000 0.000000 188.351177 0.000000 0.000000 0.000000 84.761354 0.000000 80.583442 0.000000 0.000000 0.000000 108.566229 91.095599 97.664425 0.000000 0.000000 0.000000 145.678760 170.765603 72.448510 83.402474 81.935456 191.596685 0.000000 153.525793 85.765239 0.000000 0.000000 99.953383
126.061741 31.235279 35.537479 120.067368 140.627624 140.832556 111.934098 130.783936 86.813716 138.454620 49.029527 147.897743 28.803828 126.080974 134.936613 19.106462 67.938179 52.889928 61.695257 153.471353 76.790446 42.942578 38.268050 75.520034 29.940303 41.415147 0.000000 76.879843 128.658991 108.995082 35.784018 110.250066 126.696153 60.031696 0.000000 43.473426 91.424491 113.743923 0.000000 0.000000 177.442137 0.000000 0.000000 0.000000 89.587190 0.000000 85.930302 179.847026 0.000000 96.864329 106.325835 93.815911 100.140608 0.000000 0.000000 75.322774 103.391447 119.071192 53.439446 85.237381 85.360148 159.709007 180.428864 157.945057 89.901432 0.000000 0.000000 100.058033
81.709187 96.729230 93.356802 18.049999 104.344805 56.193481 38.566175 74.208594 56.618567 30.397420 152.822307 47.291069 167.930649 83.976042 91.837784 38.990110 122.107534 0.000000 156.081087 29.166406 26.049475 56.597904 55.877968 22.495738 0.000000 147.016988 76.879843 0.000000 89.457069 48.220682 0.000000 124.749445 72.147990 68.246281 127.079140 0.000000 155.134428 125.520928 0.000000 161.869775 127.273044 157.616535 70.898026 152.661118 0.000000 89.675759 0.000000 151.843797 0.000000 121.150568 0.000000 0.000000 0.000000 138.024177 122.578870 100.957792 144.721940 111.897394 0.000000 180.416612 172.378116 134.431623 138.774820 125.473037 0.000000 0.000000 134.374548 150.538139
22.416405 0.000000 103.319404 99.634424 0.000000 70.974980 64.830715 38.157674 75.220539 94.132671 71.619724 91.760767 88.988178 29.990403 64.757159 91.380643 84.905467 108.075392 107.127310 94.982260 54.778568 0.000000 75.868676 83.404122 0.000000 106.689986 128.658991 89.457069 0.000000 36.244154 102.304352 13.180965 18.395545 27.722311 0.000000 0.000000 0.000000 80.977165 0.000000 0.000000 145.271288 0.000000 99.892428 0.000000 0.000000 0.000000 0.000000 173.972524 0.000000 133.670961 0.000000 0.000000 0.000000 0.000000 145.766087 0.000000 0.000000 131.923319 0.000000 159.665927 0.000000 142.344834 155.606038 140.755604 0.000000 0.000000 0.000000 0.000000
41.558782 0.000000 75.953846 0.000000 0.000000 97.616300 29.627297 71.962994 59.215068 96.682096 100.550744 0.000000 0.000000 64.397514 0.000000 71.153336 64.455772 98.731923 79.736047 0.000000 39.201594 47.018681 51.565636 66.912888 0.000000 94.380568 108.995082 48.220682 36.244154 0.000000 0.000000 120.484734 53.898742 41.221446 0.000000 0.000000 0.000000 0.000000 0.000000 161.982226 130.249585 149.188429 0.000000 160.647629 0.000000 0.000000 0.000000 153.032404 0.000000 109.539730 0.000000 0.000000 0.000000 0.000000 122.493750 73.934760 120.925740 114.310979 0.000000 170.665329 149.729614 125.223597 136.258246 120.078409 0.000000 0.000000 0.000000 0.000000
0.000000 58.781762 100.438119 0.000000 0.000000 0.000000 0.000000 106.211189 131.480092 166.704083 37.750591 144.706132 20.410142 102.274842 0.000000 109.839833 81.446992 49.479505 62.347399 0.000000 0.000000 0.000000 0.000000 134.224969 36.189568 20.934024 35.784018 0.000000 102.304352 0.000000 0.000000 97.128370 0.000000 62.312666 0.000000 100.533251 0.000000 0.000000 0.000000 0.000000 0.000000 0.000000 0.000000 0.000000 85.199634 0.000000 82.760938 0.000000 0.000000 0.000000 0.000000 98.615755 112.822864 0.000000 0.000000 0.000000 0.000000 192.653606 0.000000 93.158958 89.657315 0.000000 0.000000 0.000000 90.419395 0.000000 0.000000 0.000000
74.286009 0.000000 155.133690 124.068179 19.153032 24.036160 109.140190 25.358092 71.550944 113.672110 60.579974 93.717973 79.262044 15.917066 32.422490 0.000000 0.000000 85.432003 104.383167 107.015759 0.000000 0.000000 148.996691 105.469787 0.000000 90.784491 110.250066 124.749445 13.180965 120.484734 97.128370 0.000000 0.000000 13.539476 0.000000 0.000000 0.000000 0.000000 0.000000 0.000000 0.000000 0.000000 0.000000 0.000000 0.000000 0.000000 0.000000 0.000000 0.000000 0.000000 0.000000 0.000000 0.000000 0.000000 0.000000 0.000000 0.000000 143.814716 0.000000 0.000000 0.000000 172.283849 0.000000 0.000000 0.000000 0.000000 0.000000 0.000000
25.626833 0.000000 0.000000 0.000000 0.000000 0.000000 68.350235 0.000000 0.000000 0.000000 0.000000 0.000000 0.000000 0.000000 0.000000 75.247257 88.748351 110.466740 105.414262 0.000000 35.417251 0.000000 90.363028 69.397850 0.000000 119.230867 126.696153 72.147990 18.395545 53.898742 0.000000 0.000000 0.000000 19.358220 0.000000 0.000000 0.000000 0.000000 0.000000 0.000000 0.000000 0.000000 0.000000 0.000000 0.000000 0.000000 0.000000 0.000000 0.000000 110.177455 0.000000 0.000000 0.000000 0.000000 0.000000 0.000000 0.000000 111.648463 0.000000 0.000000 0.000000 127.159727 0.000000 0.000000 0.000000 0.000000 0.000000 0.000000
52.367480 62.255956 53.471356 80.506960 10.607409 55.393301 65.717233 35.494918 0.000000 81.258317 28.944061 80.544001 60.760502 45.525973 0.000000 70.167184 34.069884 50.870716 45.723797 83.416325 38.954473 0.000000 39.256268 71.856911 57.514764 50.005771 60.031696 68.246281 27.722311 41.221446 62.312666 13.539476 19.358220 0.000000 0.000000 0.000000 0.000000 0.000000 0.000000 0.000000 0.000000 0.000000 0.000000 0.000000 0.000000 0.000000 0.000000 0.000000 0.000000 0.000000 0.000000 0.000000 0.000000 0.000000 0.000000 0.000000 0.000000 121.659655 0.000000 100.850243 103.200838 142.203865 0.000000 0.000000 0.000000 0.000000 0.000000 0.000000
0.000000 0.000000 0.000000 0.000000 0.000000 0.000000 0.000000 0.000000 0.000000 0.000000 0.000000 0.000000 0.000000 0.000000 0.000000 0.000000 0.000000 0.000000 0.000000 0.000000 0.000000 0.000000 0.000000 116.355584 0.000000 0.000000 0.000000 127.079140 0.000000 0.000000 0.000000 0.000000 0.000000 0.000000 0.000000 0.000000 90.655313 87.527643 0.000000 102.140548 26.124858 51.235697 66.871172 83.883832 108.013618 0.000000 114.016452 17.596789 0.000000 0.000000 88.667538 115.117552 108.047290 0.000000 0.000000 0.000000 77.725033 76.445890 0.000000 97.993798 113.134311 82.161455 21.504728 26.408125 126.552706 0.000000 30.419104 49.275826
0.000000 0.000000 47.890441 0.000000 0.000000 0.000000 0.000000 0.000000 0.000000 0.000000 90.623906 0.000000 89.927135 0.000000 0.000000 0.000000 56.746167 0.000000 65.709091 0.000000 0.000000 0.000000 0.000000 88.249317 58.713937 51.063014 43.473426 0.000000 0.000000 0.000000 100.533251 0.000000 0.000000 0.000000 0.000000 0.000000 37.810353 0.000000 125.632583 140.188791 0.000000 145.858403 70.715941 0.000000 64.404752 0.000000 53.528772 128.776411 109.277050 0.000000 51.301936 0.000000 51.358087 0.000000 0.000000 23.415491 0.000000 75.227230 20.559026 35.800842 30.292747 115.097500 0.000000 0.000000 61.937358 148.849980 0.000000 50.996509
0.000000 53.909663 92.156074 0.000000 0.000000 0.000000 174.434372 0.000000 0.000000 0.000000 0.000000 0.000000 0.000000 0.000000 0.000000 95.238672 104.529837 0.000000 114.327327 0.000000 129.112009 59.696661 99.579942 135.762950 0.000000 97.180954 91.424491 155.134428 0.000000 0.000000 0.000000 0.000000 0.000000 0.000000 90.655313 37.810353 0.000000 117.470835 0.000000 126.027867 89.275544 112.547403 0.000000 129.594593 152.815979 157.977527 105.004342 103.855609 0.000000 59.980336 57.329534 154.163355 66.137598 138.806634 63.859603 37.569125 30.458166 83.847353 0.000000 31.824677 30.984367 81.177370 115.483964 83.070572 93.244219 153.712339 0.000000 65.043228
0.000000 82.623616 0.000000 40.761858 0.000000 0.000000 138.074545 173.546950 43.758449 92.781334 0.000000 132.164091 0.000000 125.692871 82.414195 0.000000 0.000000 0.000000 0.000000 130.061251 0.000000 58.871233 0.000000 42.377682 0.000000 0.000000 113.743923 125.520928 80.977165 0.000000 0.000000 0.000000 0.000000 0.000000 87.527643 0.000000 117.470835 0.000000 0.000000 69.643867 54.742875 99.716378 66.599291 27.523812 145.448312 38.500234 0.000000 98.333684 68.242712 0.000000 0.000000 0.000000 0.000000 15.966458 0.000000 71.004636 0.000000 21.664665 0.000000 165.074064 145.615036 24.609528 100.578324 101.044350 0.000000 129.856059 0.000000 94.183640
0.000000 0.000000 0.000000 0.000000 0.000000 0.000000 0.000000 0.000000 0.000000 0.000000 0.000000 0.000000 0.000000 0.000000 0.000000 0.000000 0.000000 0.000000 0.000000 0.000000 0.000000 0.000000 0.000000 0.000000 0.000000 0.000000 0.000000 0.000000 0.000000 0.000000 0.000000 0.000000 0.000000 0.000000 0.000000 125.632583 0.000000 0.000000 0.000000 14.790937 0.000000 19.430167 55.799094 0.000000 0.000000 57.554789 0.000000 30.374275 17.266459 0.000000 0.000000 0.000000 0.000000 0.000000 0.000000 90.319536 0.000000 90.423463 141.625500 0.000000 151.187754 0.000000 49.497615 0.000000 0.000000 11.219934 0.000000 8.502049
0.000000 0.000000 0.000000 78.993995 0.000000 0.000000 146.145845 172.952938 0.000000 0.000000 0.000000 0.000000 0.000000 184.043581 0.000000 0.000000 0.000000 0.000000 0.000000 152.657580 0.000000 0.000000 0.000000 139.203860 0.000000 0.000000 0.000000 161.869775 0.000000 161.982226 0.000000 0.000000 0.000000 0.000000 102.140548 140.188791 126.027867 69.643867 14.790937 0.000000 52.517444 21.751972 72.930835 26.507516 92.407743 38.836015 114.182594 44.760128 23.491119 0.000000 0.000000 105.123119 0.000000 61.834735 103.166333 108.702152 115.110603 91.668444 0.000000 121.828868 145.484691 67.308097 42.807420 114.158021 126.770880 27.083473 0.000000 53.834954
0.000000 0.000000 162.320181 130.067852 0.000000 150.225095 125.939197 151.202218 76.881106 153.872415 186.549820 139.761356 0.000000 148.901905 0.000000 141.433410 0.000000 0.000000 0.000000 139.855114 152.277416 0.000000 165.011042 115.787069 0.000000 188.351177 177.442137 127.273044 145.271288 130.249585 0.000000 0.000000 0.000000 0.000000 26.124858 0.000000 89.275544 54.742875 0.000000 52.517444 0.000000 52.412820 56.996945 23.991328 123.972840 51.721515 150.861673 37.154632 75.027417 85.493551 77.539321 117.273379 104.969158 58.355726 70.582831 0.000000 74.668849 66.003598 0.000000 97.333225 107.838841 37.154300 66.818048 29.459128 148.573663 113.824861 69.625588 76.241559
0.000000 0.000000 0.000000 98.088481 0.000000 0.000000 150.212199 0.000000 95.782138 172.819818 113.813190 0.000000 101.385446 175.967056 0.000000 0.000000 0.000000 0.000000 0.000000 0.000000 0.000000 0.000000 0.000000 142.216635 85.462544 0.000000 0.000000 157.616535 0.000000 149.188429 0.000000 0.000000 0.000000 0.000000 51.235697 145.858403 112.547403 99.716378 19.430167 21.751972 52.412820 0.000000 91.792880 47.476005 77.874355 77.507013 84.733490 24.548737 34.935279 0.000000 118.218033 101.386933 125.560296 81.530343 94.835764 107.259664 103.146072 91.469598 0.000000 117.537116 130.407636 83.382256 45.156782 77.242386 105.664502 19.197662 0.000000 38.321213
0.000000 0.000000 0.000000 74.014180 0.000000 99.949878 62.952613 82.952530 0.000000 0.000000 0.000000 98.925482 0.000000 89.922686 0.000000 0.000000 0.000000 0.000000 0.000000 80.058310 0.000000 0.000000 0.000000 52.782316 0.000000 0.000000 0.000000 70.898026 99.892428 0.000000 0.000000 0.000000 0.000000 0.000000 66.871172 70.715941 0.000000 66.599291 55.799094 72.930835 56.996945 91.792880 0.000000 71.031536 0.000000 37.126726 128.161418 82.586997 44.556496 0.000000 0.000000 0.000000 0.000000 61.353430 0.000000 26.156270 0.000000 37.437171 91.045554 116.357297 93.113970 61.043707 83.063501 73.044747 130.562887 71.410271 0.000000 0.000000
0.000000 0.000000 0.000000 45.701496 0.000000 0.000000 143.398397 166.420004 0.000000 160.106186 0.000000 123.047244 0.000000 0.000000 0.000000 0.000000 0.000000 0.000000 0.000000 164.978867 0.000000 0.000000 0.000000 132.934754 0.000000 0.000000 0.000000 152.661118 0.000000 160.647629 0.000000 0.000000 0.000000 0.000000 83.883832 0.000000 129.594593 27.523812 0.000000 26.507516 23.991328 47.476005 71.031536 0.000000 134.409151 31.524123 149.775127 69.089307 51.914835 0.000000 0.000000 150.776237 154.128050 16.478732 93.055899 87.735934 106.510458 52.807582 0.000000 154.166637 137.711361 34.533597 96.875901 97.619409 164.301906 123.875959 0.000000 92.394665
0.000000 98.663270 0.000000 0.000000 0.000000 0.000000 0.000000 0.000000 151.532881 0.000000 64.943934 0.000000 68.336940 0.000000 0.000000 0.000000 0.000000 97.997135 102.052584 0.000000 0.000000 0.000000 0.000000 175.492523 52.957073 84.761354 89.587190 0.000000 0.000000 0.000000 85.199634 0.000000 0.000000 0.000000 108.013618 64.404752 152.815979 145.448312 0.000000 92.407743 123.972840 77.874355 0.000000 134.409151 0.000000 132.985306 21.538768 84.895995 0.000000 0.000000 62.593309 22.453754 25.984886 141.993412 69.567148 0.000000 110.182412 147.361377 34.163145 27.922613 47.421362 149.096447 70.230067 101.914835 24.533527 65.778415 0.000000 29.047346
0.000000 0.000000 0.000000 31.194864 0.000000 0.000000 0.000000 0.000000 0.000000 60.526986 0.000000 0.000000 0.000000 0.000000 0.000000 0.000000 0.000000 0.000000 0.000000 63.810792 0.000000 0.000000 0.000000 119.036192 0.000000 0.000000 0.000000 89.675759 0.000000 0.000000 0.000000 0.000000 0.000000 0.000000 0.000000 0.000000 157.977527 38.500234 57.554789 38.836015 51.721515 77.507013 37.126726 31.524123 132.985306 0.000000 147.638582 82.113374 30.966475 0.000000 0.000000 136.147035 137.159825 19.340102 0.000000 0.000000 0.000000 22.222797 0.000000 146.796356 149.749564 51.786318 95.311805 0.000000 146.398015 109.948946 0.000000 85.993380
0.000000 85.278706 0.000000 0.000000 0.000000 0.000000 0.000000 0.000000 156.017572 0.000000 72.492341 0.000000 73.070850 0.000000 0.000000 0.000000 0.000000 87.963952 106.523742 0.000000 0.000000 116.505519 0.000000 164.330212 55.188019 80.583442 85.930302 0.000000 0.000000 0.000000 82.760938 0.000000 0.000000 0.000000 114.016452 53.528772 105.004342 0.000000 0.000000 114.182594 150.861673 84.733490 128.161418 149.775127 21.538768 147.638582 0.000000 90.099223 163.774153 0.000000 0.000000 53.302206 70.706781 0.000000 0.000000 92.219532 0.000000 132.497141 17.289657 31.791531 29.368660 160.134718 72.793056 0.000000 18.046444 73.684314 0.000000 42.721510
0.000000 0.000000 165.365664 98.834958 0.000000 0.000000 146.466524 174.411447 103.010387 0.000000 136.851038 0.000000 117.448850 179.440362 0.000000 0.000000 0.000000 0.000000 0.000000 0.000000 0.000000 0.000000 0.000000 139.755653 94.383895 0.000000 179.847026 151.843797 173.972524 153.032404 0.000000 0.000000 0.000000 0.000000 17.596789 128.776411 103.855609 98.333684 30.374275 44.760128 37.154632 24.548737 82.586997 69.089307 84.895995 82.113374 90.099223 0.000000 63.135024 109.385571 104.047881 105.314832 120.472419 88.556350 85.988090 0.000000 93.071713 91.287020 0.000000 115.828237 122.759875 82.901509 28.564623 61.412477 107.630140 21.809065 34.128252 43.283163
0.000000 0.000000 0.000000 0.000000 0.000000 0.000000 0.000000 0.000000 0.000000 0.000000 0.000000 0.000000 0.000000 0.000000 0.000000 0.000000 0.000000 0.000000 0.000000 0.000000 0.000000 0.000000 0.000000 88.327222 0.000000 0.000000 0.000000 0.000000 0.000000 0.000000 0.000000 0.000000 0.000000 0.000000 0.000000 109.277050 0.000000 68.242712 17.266459 23.491119 75.027417 34.935279 44.556496 51.914835 0.000000 30.966475 163.774153 63.135024 0.000000 0.000000 0.000000 0.000000 0.000000 52.433173 0.000000 75.261872 0.000000 75.287927 129.647127 0.000000 134.819488 81.368685 61.121050 0.000000 0.000000 34.669534 0.000000 0.000000
0.000000 0.000000 106.970108 0.000000 0.000000 0.000000 145.615060 0.000000 0.000000 0.000000 0.000000 0.000000 0.000000 0.000000 0.000000 96.946435 0.000000 0.000000 0.000000 0.000000 110.699085 46.241769 102.731809 102.075210 0.000000 0.000000 96.864329 121.150568 133.670961 109.539730 0.000000 0.000000 110.177455 0.000000 0.000000 0.000000 59.980336 0.000000 0.000000 0.000000 85.493551 0.000000 0.000000 0.000000 0.000000 0.000000 0.000000 109.385571 0.000000 0.000000 84.082952 0.000000 0.000000 0.000000 16.514710 32.873178 15.604414 29.050138 0.000000 122.966409 19.145689 36.481014 85.435798 70.426139 0.000000 0.000000 71.159376 71.051385
0.000000 56.651301 104.923852 0.000000 0.000000 0.000000 0.000000 0.000000 0.000000 0.000000 0.000000 0.000000 0.000000 0.000000 0.000000 0.000000 119.162384 0.000000 122.975494 0.000000 0.000000 0.000000 121.377215 159.826193 0.000000 108.566229 106.325835 0.000000 0.000000 0.000000 0.000000 0.000000 0.000000 0.000000 88.667538 51.301936 57.329534 0.000000 0.000000 0.000000 77.539321 118.218033 0.000000 0.000000 62.593309 0.000000 0.000000 104.047881 0.000000 84.082952 0.000000 49.474186 22.064325 0.000000 41.230837 0.000000 27.224490 130.554836 0.000000 39.849236 70.902197 93.657416 98.026805 61.263907 112.895557 0.000000 0.000000 22.299752
0.000000 0.000000 0.000000 0.000000 0.000000 0.000000 0.000000 0.000000 0.000000 0.000000 102.188953 0.000000 90.803710 0.000000 0.000000 0.000000 0.000000 102.872053 100.844085 0.000000 0.000000 0.000000 0.000000 0.000000 77.566844 91.095599 93.815911 0.000000 0.000000 0.000000 98.615755 0.000000 0.000000 0.000000 115.117552 0.000000 154.163355 0.000000 0.000000 105.123119 117.273379 101.386933 0.000000 150.776237 22.453754 136.147035 53.302206 105.314832 0.000000 0.000000 49.474186 0.000000 17.856914 0.000000 73.393979 0.000000 90.678883 160.503494 36.979897 26.216354 53.120504 162.913106 108.922912 103.990548 43.721796 87.761384 0.000000 46.911579
0.000000 57.122996 104.983412 0.000000 0.000000 0.000000 0.000000 0.000000 0.000000 0.000000 102.828922 0.000000 108.347811 0.000000 0.000000 0.000000 118.206979 114.276029 107.126813 0.000000 0.000000 0.000000 0.000000 177.101440 0.000000 97.664425 100.140608 0.000000 0.000000 0.000000 112.822864 0.000000 0.000000 0.000000 108.047290 51.358087 66.137598 0.000000 0.000000 0.000000 104.969158 125.560296 0.000000 154.128050 25.984886 137.159825 70.706781 120.472419 0.000000 0.000000 22.064325 17.856914 0.000000 147.252332 68.051037 0.000000 78.856944 139.451130 44.208189 35.729934 61.810607 147.708028 114.744290 94.344594 61.502307 0.000000 0.000000 38.489195
0.000000 0.000000 0.000000 24.521118 0.000000 0.000000 0.000000 0.000000 0.000000 0.000000 0.000000 0.000000 0.000000 0.000000 0.000000 0.000000 0.000000 0.000000 0.000000 0.000000 0.000000 0.000000 0.000000 129.076006 0.000000 0.000000 0.000000 138.024177 0.000000 0.000000 0.000000 0.000000 0.000000 0.000000 0.000000 0.000000 138.806634 15.966458 0.000000 61.834735 58.355726 81.530343 61.353430 16.478732 141.993412 19.340102 0.000000 88.556350 52.433173 0.000000 0.000000 0.000000 147.252332 0.000000 0.000000 0.000000 0.000000 22.563291 0.000000 159.437206 124.028544 32.043156 97.255185 0.000000 0.000000 113.763924 0.000000 94.137452
0.000000 0.000000 0.000000 0.000000 0.000000 0.000000 140.456945 0.000000 0.000000 0.000000 0.000000 0.000000 0.000000 0.000000 0.000000 116.083435 0.000000 0.000000 0.000000 0.000000 122.270964 82.185858 121.613486 108.834867 0.000000 0.000000 0.000000 122.578870 145.766087 122.493750 0.000000 0.000000 0.000000 0.000000 0.000000 0.000000 63.859603 0.000000 0.000000 103.166333 70.582831 94.835764 0.000000 93.055899 69.567148 0.000000 0.000000 85.988090 0.000000 16.514710 41.230837 73.393979 68.051037 0.000000 0.000000 56.026759 24.708216 11.006502 0.000000 78.903774 79.194600 17.626022 88.264212 40.164542 0.000000 0.000000 79.771785 42.581848
0.000000 32.521773 74.351032 0.000000 0.000000 0.000000 0.000000 0.000000 0.000000 0.000000 0.000000 0.000000 0.000000 0.000000 0.000000 57.086970 83.333903 0.000000 0.000000 0.000000 0.000000 30.730173 77.018689 56.531767 0.000000 0.000000 75.322774 100.957792 0.000000 73.934760 0.000000 0.000000 0.000000 0.000000 0.000000 23.415491 37.569125 71.004636 90.319536 108.702152 0.000000 107.259664 26.156270 87.735934 0.000000 0.000000 92.219532 0.000000 75.261872 32.873178 0.000000 0.000000 0.000000 0.000000 56.026759 0.000000 53.875511 31.950021 48.451066 82.127674 36.559327 63.564330 79.705754 55.723532 87.390532 118.041603 0.000000 0.000000
0.000000 0.000000 102.009675 0.000000 0.000000 0.000000 0.000000 0.000000 0.000000 0.000000 0.000000 0.000000 0.000000 0.000000 0.000000 105.117624 116.641147 0.000000 0.000000 0.000000 122.508818 49.805131 107.936629 108.099074 0.000000 145.678760 103.391447 144.721940 0.000000 120.925740 0.000000 0.000000 0.000000 0.000000 77.725033 0.000000 30.458166 0.000000 0.000000 115.110603 74.668849 103.146072 0.000000 106.510458 110.182412 0.000000 0.000000 93.071713 0.000000 15.604414 27.224490 90.678883 78.856944 0.000000 24.708216 53.875511 0.000000 53.984791 0.000000 50.973314 40.108936 62.910198 110.645054 49.205022 128.383066 0.000000 0.000000 49.080770
113.738799 95.239371 136.450553 122.474952 101.283710 138.409938 112.161172 136.109277 51.832294 133.239985 190.936962 118.084973 194.733789 140.194080 91.645930 112.674757 0.000000 198.384451 0.000000 131.576576 114.896980 58.571098 125.424076 72.178149 0.000000 170.765603 119.071192 111.897394 131.923319 114.310979 192.653606 143.814716 111.648463 121.659655 76.445890 75.227230 83.847353 21.664665 90.423463 91.668444 66.003598 91.469598 37.437171 52.807582 147.361377 22.222797 132.497141 91.287020 75.287927 29.050138 130.554836 160.503494 139.451130 22.563291 11.006502 31.950021 53.984791 0.000000 97.448561 130.643282 84.537227 27.524716 89.651049 78.036577 136.755826 112.052413 76.263203 89.828047
0.000000 0.000000 0.000000 0.000000 0.000000 0.000000 0.000000 0.000000 0.000000 0.000000 54.390283 0.000000 45.717342 0.000000 0.000000 0.000000 0.000000 0.000000 0.000000 0.000000 0.000000 0.000000 0.000000 114.705081 17.915738 72.448510 53.439446 0.000000 0.000000 0.000000 0.000000 0.000000 0.000000 0.000000 0.000000 20.559026 0.000000 0.000000 141.625500 0.000000 0.000000 0.000000 91.045554 0.000000 34.163145 0.000000 17.289657 0.000000 129.647127 0.000000 0.000000 36.979897 44.208189 0.000000 0.000000 48.451066 0.000000 97.448561 0.000000 24.108904 18.321957 0.000000 0.000000 0.000000 29.450653 0.000000 0.000000 0.000000
0.000000 58.840537 93.539438 0.000000 0.000000 0.000000 197.946633 169.639259 0.000000 0.000000 92.356129 0.000000 86.678765 0.000000 0.000000 114.619068 100.929413 93.846193 94.685359 0.000000 0.000000 126.554343 117.257455 169.007247 74.313181 83.402474 85.237381 180.416612 159.665927 170.665329 93.158958 0.000000 0.000000 100.850243 97.993798 35.800842 31.824677 165.074064 0.000000 121.828868 97.333225 117.537116 116.357297 154.166637 27.922613 146.796356 31.791531 115.828237 0.000000 122.966409 39.849236 26.216354 35.729934 159.437206 78.903774 82.127674 50.973314 130.643282 24.108904 0.000000 43.655913 147.964548 110.811957 91.569047 22.075860 98.336581 0.000000 49.921603
