0.000000 0.000000 0.001547 0.000173 0.000000 0.000227 0.016333 0.005187 0.000000 0.000667 0.000440 0.000120 0.000000 0.071787 0.000000 0.000000 0.002640 0.000240 0.001067 0.000187 0.000547 0.000000 0.004227 0.001107 0.000000 0.001773 0.000560 0.001453 0.100813 0.024813 0.000000 0.000173 0.000253 0.000173 0.000000 0.000000 0.000000 0.000000 0.000000 0.000000 0.000000 0.000000 0.000000 0.000000 0.000000 0.000000 0.000000 0.000000 0.000000 0.000000 0.000000 0.000000 0.000000 0.000000 0.000000 0.000000 0.000000 0.000280 0.000000 0.000000 0.000000 0.000320 0.000000 0.000000 0.000000 0.000000 0.000000 0.000000
0.000000 0.000000 0.002387 0.000000 0.000520 0.000000 0.000000 0.000000 0.005333 0.000000 0.000160 0.000000 0.001813 0.000067 0.000387 0.000253 0.000293 0.000093 0.001053 0.000000 0.000000 0.004893 0.000000 0.012093 0.015587 0.008573 0.055080 0.000160 0.000000 0.000000 0.000560 0.000000 0.000000 0.000267 0.000000 0.000000 0.000400 0.000107 0.000000 0.000000 0.000000 0.000000 0.000000 0.000000 0.000200 0.000000 0.000227 0.000000 0.000000 0.000000 0.000067 0.000000 0.000080 0.000000 0.000000 0.000147 0.000000 0.000187 0.000000 0.000933 0.003640 0.000000 0.000000 0.000000 0.000107 0.000000 0.000000 0.000000
0.001547 0.002387 0.000000 0.000000 0.000000 0.000800 0.019400 0.007600 0.000000 0.000493 0.000467 0.000000 0.000187 0.010533 0.000000 0.000600 0.109973 0.000173 0.003707 0.000080 0.001027 0.000307 0.109880 0.001027 0.000000 0.120293 0.122680 0.003387 0.002653 0.004187 0.000213 0.000080 0.000000 0.003720 0.000000 0.001013 0.017773 0.000000 0.000000 0.000000 0.000067 0.000000 0.000000 0.000000 0.000000 0.000000 0.000000 0.000093 0.000000 0.000253 0.002053 0.000000 0.001000 0.000000 0.000000 0.001933 0.001107 0.000293 0.000000 0.010347 0.026053 0.000160 0.000000 0.000240 0.000000 0.000000 0.000000 0.000107
0.000173 0.000000 0.000000 0.000000 0.000000 0.003053 0.002360 0.001187 0.002253 0.100333 0.000107 0.026827 0.000000 0.001333 0.000000 0.000000 0.000000 0.000000 0.000000 0.134973 0.000000 0.000000 0.000000 0.040227 0.000000 0.000093 0.000320 0.277560 0.001813 0.000000 0.000000 0.000067 0.000000 0.000227 0.000000 0.000000 0.000000 0.002680 0.000000 0.000440 0.000200 0.000400 0.000173 0.001600 0.000000 0.001360 0.000000 0.000347 0.000000 0.000000 0.000000 0.000000 0.000000 0.001960 0.000000 0.000000 0.000000 0.000800 0.000000 0.000000 0.000000 0.002133 0.000160 0.000000 0.000000 0.000000 0.000000 0.000000
0.000000 0.000520 0.000000 0.000000 0.000000 0.014027 0.000000 0.002587 0.000880 0.000120 0.000000 0.000253 0.000000 0.000067 0.011813 0.000000 0.000000 0.000000 0.000000 0.000120 0.000000 0.000533 0.000000 0.004080 0.000133 0.000000 0.000480 0.000573 0.000000 0.000000 0.000000 0.004227 0.000000 0.001720 0.000000 0.000000 0.000000 0.000000 0.000000 0.000000 0.000000 0.000000 0.000000 0.000000 0.000000 0.000000 0.000000 0.000000 0.000000 0.000000 0.000000 0.000000 0.000000 0.000000 0.000000 0.000000 0.000000 0.000387 0.000000 0.000000 0.000000 0.000000 0.000000 0.000000 0.000000 0.000000 0.000000 0.000000
0.000227 0.000000 0.000800 0.003053 0.014027 0.000000 0.026800 0.176453 0.000413 0.168533 0.000853 0.056587 0.000133 0.009427 0.010813 0.000000 0.000133 0.000133 0.000200 0.011093 0.000107 0.000000 0.000667 0.006227 0.000000 0.000640 0.001133 0.033813 0.003547 0.000280 0.000000 0.038400 0.000000 0.000653 0.000000 0.000000 0.000000 0.000000 0.000000 0.000000 0.000147 0.000000 0.000093 0.000000 0.000000 0.000000 0.000000 0.000000 0.000000 0.000000 0.000000 0.000000 0.000000 0.000000 0.000000 0.000000 0.000000 0.000467 0.000000 0.000000 0.000000 0.000480 0.000000 0.000000 0.000000 0.000000 0.000000 0.000000
0.016333 0.000000 0.019400 0.002360 0.000000 0.026800 0.000000 0.046347 0.000867 0.175773 0.000200 0.002333 0.000080 0.077973 0.000147 0.000773 0.001333 0.000147 0.000253 0.001147 0.009613 0.000133 0.025253 0.019920 0.000000 0.003160 0.013760 0.210720 0.014467 0.124533 0.000000 0.000373 0.000533 0.001347 0.000000 0.000000 0.000080 0.000293 0.000000 0.000107 0.001147 0.000227 0.000253 0.000253 0.000000 0.000000 0.000000 0.000267 0.000000 0.000093 0.000000 0.000000 0.000000 0.000000 0.000120 0.000000 0.000000 0.003373 0.000000 0.000120 0.000133 0.003147 0.000387 0.000240 0.000000 0.000000 0.000000 0.000000
0.005187 0.000000 0.007600 0.001187 0.002587 0.176453 0.046347 0.000000 0.000667 0.063160 0.005987 0.009240 0.000867 0.251053 0.001293 0.000000 0.002053 0.000813 0.001267 0.004093 0.000947 0.000000 0.009067 0.005973 0.000000 0.005187 0.002800 0.014960 0.028947 0.009587 0.000427 0.065133 0.000000 0.002933 0.000000 0.000000 0.000000 0.000067 0.000000 0.000107 0.000400 0.000000 0.000093 0.000067 0.000000 0.000000 0.000000 0.000213 0.000000 0.000000 0.000000 0.000000 0.000000 0.000000 0.000000 0.000000 0.000000 0.001813 0.000000 0.000080 0.000000 0.001547 0.000120 0.000067 0.000000 0.000000 0.000000 0.000000
0.000000 0.005333 0.000000 0.002253 0.000880 0.000413 0.000867 0.000667 0.000000 0.001200 0.000080 0.001373 0.000387 0.000907 0.000320 0.000000 0.000000 0.000000 0.000000 0.001840 0.000000 0.008827 0.000000 0.043733 0.001987 0.000533 0.004827 0.010107 0.000587 0.000333 0.000187 0.000120 0.000000 0.000000 0.000000 0.000000 0.000000 0.000387 0.000000 0.000000 0.000307 0.000067 0.000000 0.000000 0.000080 0.000000 0.000160 0.000147 0.000000 0.000000 0.000000 0.000000 0.000000 0.000000 0.000000 0.000000 0.000000 0.003653 0.000000 0.000000 0.000173 0.000613 0.000187 0.000280 0.000093 0.000000 0.000000 0.000000
0.000667 0.000000 0.000493 0.100333 0.000120 0.168533 0.175773 0.063160 0.001200 0.000000 0.000613 0.086080 0.000080 0.020453 0.000307 0.000067 0.000000 0.000080 0.000147 0.107600 0.000067 0.000000 0.000267 0.009387 0.000000 0.000627 0.001133 0.262773 0.010333 0.000387 0.000133 0.000613 0.000000 0.001600 0.000000 0.000000 0.000000 0.000187 0.000000 0.000000 0.000227 0.000093 0.000000 0.000093 0.000000 0.000160 0.000000 0.000000 0.000000 0.000000 0.000000 0.000000 0.000000 0.000000 0.000000 0.000000 0.000000 0.000467 0.000000 0.000000 0.000000 0.000587 0.000000 0.000000 0.000000 0.000000 0.000000 0.000000
0.000440 0.000160 0.000467 0.000107 0.000000 0.000853 0.000200 0.005987 0.000080 0.000613 0.000000 0.001027 0.062693 0.005773 0.000000 0.000000 0.001493 0.102853 0.037320 0.000547 0.000080 0.000093 0.000120 0.000427 0.003013 0.116733 0.019853 0.000267 0.003133 0.001147 0.021373 0.003853 0.000000 0.021360 0.000000 0.000147 0.000000 0.000000 0.000000 0.000000 0.000067 0.000133 0.000000 0.000000 0.006973 0.000000 0.005787 0.000107 0.000000 0.000000 0.000000 0.000227 0.000133 0.000000 0.000000 0.000000 0.000000 0.000213 0.000093 0.001880 0.001653 0.000120 0.000200 0.000000 0.001427 0.000173 0.000000 0.001400
0.000120 0.000000 0.000000 0.026827 0.000253 0.056587 0.002333 0.009240 0.001373 0.086080 0.001027 0.000000 0.000187 0.008893 0.000707 0.000000 0.000080 0.000320 0.000267 0.133947 0.000000 0.000000 0.000000 0.002213 0.000000 0.000707 0.000387 0.018227 0.004960 0.000000 0.000173 0.001520 0.000000 0.000720 0.000000 0.000000 0.000000 0.000120 0.000000 0.000000 0.000107 0.000000 0.000067 0.000080 0.000000 0.000000 0.000000 0.000000 0.000000 0.000000 0.000000 0.000000 0.000000 0.000000 0.000000 0.000000 0.000000 0.000320 0.000000 0.000000 0.000000 0.000293 0.000000 0.000000 0.000000 0.000000 0.000000 0.000000
0.000000 0.001813 0.000187 0.000000 0.000000 0.000133 0.000080 0.000867 0.000387 0.000080 0.062693 0.000187 0.000000 0.000933 0.000067 0.000120 0.000080 0.001160 0.000627 0.000160 0.000000 0.000360 0.000000 0.000880 0.041360 0.010960 0.071347 0.000067 0.000360 0.000000 0.029627 0.000493 0.000000 0.001107 0.000000 0.000107 0.000000 0.000000 0.000000 0.000000 0.000000 0.000080 0.000000 0.000000 0.012253 0.000000 0.014280 0.000120 0.000000 0.000000 0.000000 0.000493 0.000093 0.000000 0.000000 0.000000 0.000000 0.000160 0.000067 0.005293 0.004200 0.000000 0.000093 0.000000 0.005867 0.000093 0.000000 0.000827
0.071787 0.000067 0.010533 0.001333 0.000067 0.009427 0.077973 0.251053 0.000907 0.020453 0.005773 0.008893 0.000933 0.000000 0.000067 0.000000 0.005120 0.001347 0.003200 0.005227 0.001627 0.000000 0.014200 0.004627 0.000000 0.008293 0.002987 0.011187 0.111480 0.025320 0.000520 0.047533 0.000000 0.002080 0.000000 0.000000 0.000000 0.000107 0.000000 0.000133 0.000480 0.000080 0.000093 0.000000 0.000000 0.000000 0.000000 0.000160 0.000000 0.000000 0.000000 0.000000 0.000000 0.000000 0.000000 0.000000 0.000000 0.002333 0.000000 0.000000 0.000000 0.001907 0.000147 0.000107 0.000000 0.000000 0.000000 0.000000
0.000000 0.000387 0.000000 0.000000 0.011813 0.010813 0.000147 0.001293 0.000320 0.000307 0.000000 0.000707 0.000067 0.000067 0.000000 0.000000 0.000000 0.000000 0.000000 0.000120 0.000000 0.000347 0.000000 0.005493 0.000227 0.000000 0.000373 0.000640 0.000160 0.000000 0.000000 0.004120 0.000000 0.000000 0.000000 0.000000 0.000000 0.000093 0.000000 0.000000 0.000000 0.000000 0.000000 0.000000 0.000000 0.000000 0.000000 0.000000 0.000000 0.000000 0.000000 0.000000 0.000000 0.000000 0.000000 0.000000 0.000000 0.000440 0.000000 0.000000 0.000000 0.000000 0.000000 0.000000 0.000000 0.000000 0.000000 0.000000
0.000000 0.000253 0.000600 0.000000 0.000000 0.000000 0.000773 0.000000 0.000000 0.000067 0.000000 0.000000 0.000120 0.000000 0.000000 0.000000 0.000813 0.000000 0.000187 0.000000 0.037293 0.009933 0.312200 0.004880 0.000000 0.000360 0.105560 0.008187 0.000920 0.015413 0.000067 0.000000 0.000320 0.001413 0.000000 0.000000 0.001427 0.000000 0.000000 0.000000 0.000173 0.000000 0.000000 0.000000 0.000000 0.000000 0.000000 0.000000 0.000000 0.025280 0.000000 0.000000 0.000000 0.000000 0.003387 0.000467 0.011267 0.001333 0.000000 0.000213 0.007040 0.000493 0.000453 0.001653 0.000000 0.000000 0.000000 0.000000
0.002640 0.000293 0.109973 0.000000 0.000000 0.000133 0.001333 0.002053 0.000000 0.000000 0.001493 0.000080 0.000080 0.005120 0.000000 0.000813 0.000000 0.003093 0.049907 0.000067 0.003773 0.000000 0.020640 0.000227 0.000000 0.036213 0.115773 0.000373 0.013640 0.033920 0.000160 0.000000 0.000120 0.030667 0.000000 0.000213 0.004147 0.000000 0.000000 0.000000 0.000000 0.000000 0.000000 0.000000 0.000000 0.000000 0.000000 0.000000 0.000000 0.000000 0.000520 0.000000 0.000440 0.000000 0.000000 0.000147 0.000253 0.000000 0.000000 0.003600 0.004613 0.000000 0.000000 0.000000 0.000000 0.000000 0.000000 0.000000
0.000240 0.000093 0.000173 0.000000 0.000000 0.000133 0.000147 0.000813 0.000000 0.000080 0.102853 0.000320 0.001160 0.001347 0.000000 0.000000 0.003093 0.000000 0.064493 0.000133 0.000133 0.000067 0.000120 0.000093 0.000840 0.065080 0.019440 0.000000 0.001933 0.001173 0.003427 0.000360 0.000160 0.008920 0.000000 0.000000 0.000000 0.000000 0.000000 0.000000 0.000000 0.000000 0.000000 0.000000 0.000093 0.000000 0.000280 0.000000 0.000000 0.000000 0.000000 0.000133 0.000120 0.000000 0.000000 0.000000 0.000000 0.000067 0.000000 0.001680 0.000707 0.000080 0.000000 0.000000 0.000267 0.000000 0.000000 0.000000
0.001067 0.001053 0.003707 0.000000 0.000000 0.000200 0.000253 0.001267 0.000000 0.000147 0.037320 0.000267 0.000627 0.003200 0.000000 0.000187 0.049907 0.064493 0.000000 0.000173 0.001413 0.000093 0.000893 0.000387 0.000627 0.114253 0.063240 0.000133 0.009400 0.011747 0.001133 0.000120 0.000333 0.043947 0.000000 0.000173 0.000427 0.000000 0.000000 0.000000 0.000000 0.000000 0.000000 0.000000 0.000133 0.000000 0.000267 0.000000 0.000000 0.000000 0.000107 0.000200 0.000880 0.000000 0.000000 0.000000 0.000000 0.000000 0.000000 0.010360 0.005787 0.000000 0.000000 0.000000 0.000280 0.000000 0.000000 0.000000
0.000187 0.000000 0.000080 0.134973 0.000120 0.011093 0.001147 0.004093 0.001840 0.107600 0.000547 0.133947 0.000160 0.005227 0.000120 0.000000 0.000067 0.000133 0.000173 0.000000 0.000000 0.000000 0.000000 0.008080 0.000000 0.000280 0.000347 0.045893 0.002933 0.000000 0.000000 0.000573 0.000000 0.000293 0.000000 0.000000 0.000000 0.000213 0.000000 0.000080 0.000107 0.000000 0.000093 0.000160 0.000000 0.000133 0.000000 0.000000 0.000000 0.000000 0.000000 0.000000 0.000000 0.000000 0.000000 0.000000 0.000000 0.000600 0.000000 0.000000 0.000000 0.000533 0.000000 0.000000 0.000000 0.000000 0.000000 0.000000
0.000547 0.000000 0.001027 0.000000 0.000000 0.000107 0.009613 0.000947 0.000000 0.000067 0.000080 0.000000 0.000000 0.001627 0.000000 0.037293 0.003773 0.000133 0.001413 0.000000 0.000000 0.000000 0.122800 0.003173 0.000000 0.000213 0.003027 0.019600 0.005467 0.093187 0.000000 0.000000 0.000747 0.018240 0.000000 0.000000 0.000093 0.000000 0.000000 0.000000 0.000093 0.000000 0.000000 0.000000 0.000000 0.000000 0.000000 0.000000 0.000000 0.002920 0.000000 0.000000 0.000000 0.000000 0.001293 0.000000 0.001480 0.000947 0.000000 0.000000 0.000160 0.000267 0.000453 0.000853 0.000000 0.000000 0.000000 0.000000
0.000000 0.004893 0.000307 0.000000 0.000533 0.000000 0.000133 0.000000 0.008827 0.000000 0.000093 0.000000 0.000360 0.000000 0.000347 0.009933 0.000000 0.000067 0.000093 0.000000 0.000000 0.000000 0.000787 0.036573 0.003013 0.000973 0.015907 0.000387 0.000000 0.000080 0.000000 0.000000 0.000000 0.000000 0.000000 0.000000 0.000120 0.000267 0.000000 0.000000 0.000000 0.000000 0.000000 0.000000 0.000000 0.000000 0.000067 0.000000 0.000000 0.000533 0.000000 0.000000 0.000000 0.000000 0.000120 0.000520 0.000107 0.000880 0.000000 0.000147 0.002227 0.000067 0.000000 0.000093 0.000000 0.000000 0.000000 0.000000
0.004227 0.000000 0.109880 0.000000 0.000000 0.000667 0.025253 0.009067 0.000000 0.000267 0.000120 0.000000 0.000000 0.014200 0.000000 0.312200 0.020640 0.000120 0.000893 0.000000 0.122800 0.000787 0.000000 0.003973 0.000000 0.006747 0.202680 0.022773 0.011640 0.083893 0.000000 0.000093 0.000080 0.020880 0.000000 0.000000 0.007000 0.000000 0.000000 0.000000 0.000080 0.000000 0.000000 0.000000 0.000000 0.000000 0.000000 0.000000 0.000000 0.012800 0.000080 0.000000 0.000000 0.000000 0.000640 0.002093 0.009720 0.000627 0.000000 0.000453 0.018667 0.000227 0.000000 0.000293 0.000000 0.000000 0.000000 0.000000
0.001107 0.012093 0.001027 0.040227 0.004080 0.006227 0.019920 0.005973 0.043733 0.009387 0.000427 0.002213 0.000880 0.004627 0.005493 0.004880 0.000227 0.000093 0.000387 0.008080 0.003173 0.036573 0.003973 0.000000 0.002813 0.005240 0.055827 0.154533 0.013053 0.023547 0.000480 0.000960 0.002813 0.001520 0.000307 0.000387 0.000400 0.006600 0.000000 0.001000 0.007427 0.000987 0.002787 0.001467 0.000107 0.000613 0.000147 0.001920 0.000320 0.001813 0.000080 0.000000 0.000093 0.000413 0.002053 0.000533 0.000520 0.039627 0.000093 0.000493 0.001133 0.016667 0.004480 0.004947 0.000147 0.000080 0.000147 0.000253
0.000000 0.015587 0.000000 0.000000 0.000133 0.000000 0.000000 0.000000 0.001987 0.000000 0.003013 0.000000 0.041360 0.000000 0.000227 0.000000 0.000000 0.000840 0.000627 0.000000 0.000000 0.003013 0.000000 0.002813 0.000000 0.013920 0.021547 0.000000 0.000000 0.000000 0.006853 0.000000 0.000000 0.000160 0.000000 0.000200 0.000000 0.000000 0.000000 0.000000 0.000000 0.000213 0.000000 0.000000 0.004133 0.000000 0.004453 0.000160 0.000000 0.000000 0.000000 0.000160 0.000000 0.000000 0.000000 0.000000 0.000000 0.000000 0.000493 0.002133 0.003227 0.000000 0.000267 0.000000 0.002600 0.000307 0.000000 0.001253
0.001773 0.008573 0.120293 0.000093 0.000000 0.000640 0.003160 0.005187 0.000533 0.000627 0.116733 0.000707 0.010960 0.008293 0.000000 0.000360 0.036213 0.065080 0.114253 0.000280 0.000213 0.000973 0.006747 0.005240 0.013920 0.000000 0.290960 0.000653 0.009320 0.004400 0.019720 0.000800 0.000133 0.023293 0.000000 0.001427 0.003227 0.000000 0.000000 0.000000 0.000107 0.000000 0.000000 0.000000 0.002640 0.000000 0.007493 0.000000 0.000000 0.000000 0.001160 0.002827 0.005987 0.000000 0.000000 0.000000 0.000067 0.000560 0.000133 0.068067 0.048947 0.000120 0.000000 0.000067 0.006507 0.000000 0.000000 0.000640
0.000560 0.055080 0.122680 0.000320 0.000480 0.001133 0.013760 0.002800 0.004827 0.001133 0.019853 0.000387 0.071347 0.002987 0.000373 0.105560 0.115773 0.019440 0.063240 0.000347 0.003027 0.015907 0.202680 0.055827 0.021547 0.290960 0.000000 0.024733 0.001493 0.001400 0.019773 0.000280 0.000093 0.024627 0.000000 0.005173 0.029093 0.000333 0.000000 0.000000 0.000347 0.000000 0.000000 0.000000 0.002640 0.000000 0.004867 0.000080 0.000000 0.004547 0.003040 0.001547 0.004573 0.000000 0.000000 0.007453 0.005373 0.002400 0.000093 0.062827 0.093267 0.000573 0.000067 0.000240 0.005120 0.000000 0.000000 0.000480
0.001453 0.000160 0.003387 0.277560 0.000573 0.033813 0.210720 0.014960 0.010107 0.262773 0.000267 0.018227 0.000067 0.011187 0.000640 0.008187 0.000373 0.000000 0.000133 0.045893 0.019600 0.000387 0.022773 0.154533 0.000000 0.000653 0.024733 0.000000 0.019573 0.112960 0.000000 0.000280 0.003467 0.005560 0.000373 0.000000 0.000187 0.001347 0.000000 0.000493 0.006160 0.000947 0.001027 0.000973 0.000000 0.000613 0.000000 0.002053 0.000000 0.000440 0.000000 0.000000 0.000000 0.000453 0.000587 0.000093 0.000147 0.018547 0.000000 0.000120 0.000227 0.010200 0.004333 0.004520 0.000000 0.000000 0.000147 0.000120
0.100813 0.000000 0.002653 0.001813 0.000000 0.003547 0.014467 0.028947 0.000587 0.010333 0.003133 0.004960 0.000360 0.111480 0.000160 0.000920 0.013640 0.001933 0.009400 0.002933 0.005467 0.000000 0.011640 0.013053 0.000000 0.009320 0.001493 0.019573 0.000000 0.065693 0.000200 0.008333 0.049387 0.011360 0.000000 0.000000 0.000000 0.000067 0.000000 0.000000 0.000293 0.000000 0.000107 0.000000 0.000000 0.000000 0.000000 0.000080 0.000000 0.000093 0.000000 0.000000 0.000000 0.000000 0.000200 0.000000 0.000000 0.002693 0.000000 0.000147 0.000000 0.002360 0.000187 0.000360 0.000000 0.000000 0.000000 0.000000
0.024813 0.000000 0.004187 0.000000 0.000000 0.000280 0.124533 0.009587 0.000333 0.000387 0.001147 0.000000 0.000000 0.025320 0.000000 0.015413 0.033920 0.001173 0.011747 0.000000 0.093187 0.000080 0.083893 0.023547 0.000000 0.004400 0.001400 0.112960 0.065693 0.000000 0.000000 0.000080 0.003693 0.010253 0.000000 0.000000 0.000000 0.000000 0.000000 0.000080 0.000880 0.000107 0.000000 0.000080 0.000000 0.000000 0.000000 0.000187 0.000000 0.000573 0.000000 0.000000 0.000000 0.000000 0.001227 0.000080 0.000373 0.003973 0.000000 0.000147 0.000067 0.003627 0.001093 0.002053 0.000000 0.000000 0.000000 0.000000
0.000000 0.000560 0.000213 0.000000 0.000000 0.000000 0.000000 0.000427 0.000187 0.000133 0.021373 0.000173 0.029627 0.000520 0.000000 0.000067 0.000160 0.003427 0.001133 0.000000 0.000000 0.000000 0.000000 0.000480 0.006853 0.019720 0.019773 0.000000 0.000200 0.000000 0.000000 0.000253 0.000000 0.001000 0.000000 0.000120 0.000000 0.000000 0.000000 0.000000 0.000000 0.000000 0.000000 0.000000 0.002280 0.000000 0.005280 0.000000 0.000000 0.000000 0.000000 0.000547 0.000173 0.000000 0.000000 0.000000 0.000000 0.000093 0.000000 0.004453 0.003453 0.000000 0.000000 0.000000 0.003173 0.000000 0.000000 0.000000
0.000173 0.000000 0.000080 0.000067 0.004227 0.038400 0.000373 0.065133 0.000120 0.000613 0.003853 0.001520 0.000493 0.047533 0.004120 0.000000 0.000000 0.000360 0.000120 0.000573 0.000000 0.000000 0.000093 0.000960 0.000000 0.000800 0.000280 0.000280 0.008333 0.000080 0.000253 0.000000 0.000000 0.018907 0.000000 0.000000 0.000000 0.000000 0.000000 0.000000 0.000000 0.000000 0.000000 0.000000 0.000000 0.000000 0.000000 0.000000 0.000000 0.000000 0.000000 0.000000 0.000000 0.000000 0.000000 0.000000 0.000000 0.000160 0.000000 0.000000 0.000000 0.000080 0.000000 0.000000 0.000000 0.000000 0.000000 0.000000
0.000253 0.000000 0.000000 0.000000 0.000000 0.000000 0.000533 0.000000 0.000000 0.000000 0.000000 0.000000 0.000000 0.000000 0.000000 0.000320 0.000120 0.000160 0.000333 0.000000 0.000747 0.000000 0.000080 0.002813 0.000000 0.000133 0.000093 0.003467 0.049387 0.003693 0.000000 0.000000 0.000000 0.004360 0.000000 0.000000 0.000000 0.000000 0.000000 0.000000 0.000000 0.000000 0.000000 0.000000 0.000000 0.000000 0.000000 0.000000 0.000000 0.000067 0.000000 0.000000 0.000000 0.000000 0.000000 0.000000 0.000000 0.000107 0.000000 0.000000 0.000000 0.000173 0.000000 0.000000 0.000000 0.000000 0.000000 0.000000
0.000173 0.000267 0.003720 0.000227 0.001720 0.000653 0.001347 0.002933 0.000000 0.001600 0.021360 0.000720 0.001107 0.002080 0.000000 0.001413 0.030667 0.008920 0.043947 0.000293 0.018240 0.000000 0.020880 0.001520 0.000160 0.023293 0.024627 0.005560 0.011360 0.010253 0.001000 0.018907 0.004360 0.000000 0.000000 0.000000 0.000000 0.000000 0.000000 0.000000 0.000000 0.000000 0.000000 0.000000 0.000000 0.000000 0.000000 0.000000 0.000000 0.000000 0.000000 0.000000 0.000000 0.000000 0.000000 0.000000 0.000000 0.000187 0.000000 0.000640 0.000547 0.000120 0.000000 0.000000 0.000000 0.000000 0.000000 0.000000
0.000000 0.000000 0.000000 0.000000 0.000000 0.000000 0.000000 0.000000 0.000000 0.000000 0.000000 0.000000 0.000000 0.000000 0.000000 0.000000 0.000000 0.000000 0.000000 0.000000 0.000000 0.000000 0.000000 0.000307 0.000000 0.000000 0.000000 0.000373 0.000000 0.000000 0.000000 0.000000 0.000000 0.000000 0.000000 0.000000 0.001440 0.000107 0.000000 0.000093 0.035573 0.001440 0.000080 0.000280 0.000187 0.000000 0.000080 0.099813 0.000000 0.000000 0.000787 0.000253 0.000520 0.000000 0.000000 0.000000 0.001293 0.001333 0.000000 0.002667 0.000360 0.001693 0.142027 0.028920 0.000120 0.000000 0.000707 0.000493
0.000000 0.000000 0.001013 0.000000 0.000000 0.000000 0.000000 0.000000 0.000000 0.000000 0.000147 0.000000 0.000107 0.000000 0.000000 0.000000 0.000213 0.000000 0.000173 0.000000 0.000000 0.000000 0.000000 0.000387 0.000200 0.001427 0.005173 0.000000 0.000000 0.000000 0.000120 0.000000 0.000000 0.000000 0.000000 0.000000 0.002800 0.000000 0.000387 0.000560 0.000000 0.000147 0.008133 0.000000 0.000187 0.000000 0.002747 0.000067 0.002520 0.000000 0.001053 0.000000 0.001640 0.000000 0.000000 0.007667 0.000000 0.008693 0.012493 0.011200 0.070680 0.000093 0.000000 0.000000 0.000787 0.000253 0.000000 0.000493
0.000000 0.000400 0.017773 0.000000 0.000000 0.000000 0.000080 0.000000 0.000000 0.000000 0.000000 0.000000 0.000000 0.000000 0.000000 0.001427 0.004147 0.000000 0.000427 0.000000 0.000093 0.000120 0.007000 0.000400 0.000000 0.003227 0.029093 0.000187 0.000000 0.000000 0.000000 0.000000 0.000000 0.000000 0.001440 0.002800 0.000000 0.000093 0.000000 0.000693 0.031640 0.008267 0.000000 0.000280 0.000200 0.000067 0.000080 0.028627 0.000000 0.000560 0.062720 0.000093 0.003427 0.000080 0.000787 0.000067 0.150187 0.001147 0.000000 0.137813 0.080080 0.010427 0.002440 0.011680 0.000227 0.000080 0.000000 0.006520
0.000000 0.000107 0.000000 0.002680 0.000000 0.000000 0.000293 0.000067 0.000387 0.000187 0.000000 0.000120 0.000000 0.000107 0.000093 0.000000 0.000000 0.000000 0.000000 0.000213 0.000000 0.000267 0.000000 0.006600 0.000000 0.000000 0.000333 0.001347 0.000067 0.000000 0.000000 0.000000 0.000000 0.000000 0.000107 0.000000 0.000093 0.000000 0.000000 0.004467 0.002760 0.001427 0.001120 0.110427 0.000093 0.028973 0.000000 0.002107 0.000413 0.000000 0.000000 0.000000 0.000000 0.151693 0.000000 0.000080 0.000000 0.039413 0.000000 0.000107 0.000213 0.143133 0.003147 0.000133 0.000000 0.000133 0.000000 0.000693
0.000000 0.000000 0.000000 0.000000 0.000000 0.000000 0.000000 0.000000 0.000000 0.000000 0.000000 0.000000 0.000000 0.000000 0.000000 0.000000 0.000000 0.000000 0.000000 0.000000 0.000000 0.000000 0.000000 0.000000 0.000000 0.000000 0.000000 0.000000 0.000000 0.000000 0.000000 0.000000 0.000000 0.000000 0.000000 0.000387 0.000000 0.000000 0.000000 0.014040 0.000000 0.002760 0.000240 0.000000 0.000000 0.000147 0.000000 0.000200 0.033733 0.000000 0.000000 0.000000 0.000000 0.000000 0.000000 0.000560 0.000000 0.000840 0.000067 0.000000 0.000160 0.000000 0.000293 0.000000 0.000000 0.021160 0.000000 0.000627
0.000000 0.000000 0.000000 0.000440 0.000000 0.000000 0.000107 0.000107 0.000000 0.000000 0.000000 0.000000 0.000000 0.000133 0.000000 0.000000 0.000000 0.000000 0.000000 0.000080 0.000000 0.000000 0.000000 0.001000 0.000000 0.000000 0.000000 0.000493 0.000000 0.000080 0.000000 0.000000 0.000000 0.000000 0.000093 0.000560 0.000693 0.004467 0.014040 0.000000 0.033253 0.219613 0.000587 0.255760 0.000480 0.049360 0.000173 0.015800 0.032773 0.000000 0.000000 0.000147 0.000000 0.003827 0.000120 0.000533 0.000333 0.004067 0.000000 0.000280 0.000720 0.027960 0.008320 0.000267 0.000160 0.016320 0.000000 0.000587
0.000000 0.000000 0.000067 0.000200 0.000000 0.000147 0.001147 0.000400 0.000307 0.000227 0.000067 0.000107 0.000000 0.000480 0.000000 0.000173 0.000000 0.000000 0.000000 0.000107 0.000093 0.000000 0.000080 0.007427 0.000000 0.000107 0.000347 0.006160 0.000293 0.000880 0.000000 0.000000 0.000000 0.000000 0.035573 0.000000 0.031640 0.002760 0.000000 0.033253 0.000000 0.064333 0.001640 0.214267 0.000573 0.003293 0.000200 0.252640 0.000773 0.000320 0.012027 0.000667 0.002440 0.000653 0.016000 0.000000 0.036867 0.020787 0.000000 0.015333 0.010160 0.367707 0.032707 0.131307 0.000227 0.000267 0.000253 0.002227
0.000000 0.000000 0.000000 0.000400 0.000000 0.000000 0.000227 0.000000 0.000067 0.000093 0.000133 0.000000 0.000080 0.000080 0.000000 0.000000 0.000000 0.000000 0.000000 0.000000 0.000000 0.000000 0.000000 0.000987 0.000213 0.000000 0.000000 0.000947 0.000000 0.000107 0.000000 0.000000 0.000000 0.000000 0.001440 0.000147 0.008267 0.001427 0.002760 0.219613 0.064333 0.000000 0.000307 0.051360 0.004280 0.013347 0.001707 0.286533 0.004547 0.000000 0.000400 0.000880 0.000413 0.002973 0.001733 0.000133 0.005267 0.003787 0.000000 0.003453 0.001400 0.016107 0.014853 0.003173 0.001053 0.077787 0.000000 0.006293
0.000000 0.000000 0.000000 0.000173 0.000000 0.000093 0.000253 0.000093 0.000000 0.000000 0.000000 0.000067 0.000000 0.000093 0.000000 0.000000 0.000000 0.000000 0.000000 0.000093 0.000000 0.000000 0.000000 0.002787 0.000000 0.000000 0.000000 0.001027 0.000107 0.000000 0.000000 0.000000 0.000000 0.000000 0.000080 0.008133 0.000000 0.001120 0.000240 0.000587 0.001640 0.000307 0.000000 0.000760 0.000000 0.000200 0.000373 0.000413 0.000453 0.000000 0.000000 0.000000 0.000000 0.000320 0.000000 0.018667 0.000000 0.022853 0.001733 0.000160 0.002000 0.006147 0.000680 0.000307 0.000147 0.000120 0.000000 0.000000
0.000000 0.000000 0.000000 0.001600 0.000000 0.000000 0.000253 0.000067 0.000000 0.000093 0.000000 0.000080 0.000000 0.000000 0.000000 0.000000 0.000000 0.000000 0.000000 0.000160 0.000000 0.000000 0.000000 0.001467 0.000000 0.000000 0.000000 0.000973 0.000000 0.000080 0.000000 0.000000 0.000000 0.000000 0.000280 0.000000 0.000280 0.110427 0.000000 0.255760 0.214267 0.051360 0.000760 0.000000 0.000493 0.161293 0.000120 0.023933 0.003493 0.000000 0.000000 0.000160 0.000200 0.151320 0.000067 0.000093 0.000067 0.009680 0.000000 0.000680 0.001253 0.303240 0.015627 0.000413 0.000147 0.000400 0.000000 0.003347
0.000000 0.000200 0.000000 0.000000 0.000000 0.000000 0.000000 0.000000 0.000080 0.000000 0.006973 0.000000 0.012253 0.000000 0.000000 0.000000 0.000000 0.000093 0.000133 0.000000 0.000000 0.000000 0.000000 0.000107 0.004133 0.002640 0.002640 0.000000 0.000000 0.000000 0.002280 0.000000 0.000000 0.000000 0.000187 0.000187 0.000200 0.000093 0.000000 0.000480 0.000573 0.004280 0.000000 0.000493 0.000000 0.001147 0.057907 0.006573 0.000000 0.000000 0.000307 0.107960 0.013960 0.000200 0.000080 0.000000 0.000133 0.000147 0.000173 0.072653 0.006853 0.000307 0.004040 0.001027 0.067907 0.003653 0.000000 0.027813
0.000000 0.000000 0.000000 0.001360 0.000000 0.000000 0.000000 0.000000 0.000000 0.000160 0.000000 0.000000 0.000000 0.000000 0.000000 0.000000 0.000000 0.000000 0.000000 0.000133 0.000000 0.000000 0.000000 0.000613 0.000000 0.000000 0.000000 0.000613 0.000000 0.000000 0.000000 0.000000 0.000000 0.000000 0.000000 0.000000 0.000067 0.028973 0.000147 0.049360 0.003293 0.013347 0.000200 0.161293 0.001147 0.000000 0.000253 0.009707 0.003347 0.000000 0.000000 0.000347 0.000293 0.042013 0.000000 0.000000 0.000000 0.005960 0.000000 0.000827 0.000453 0.027667 0.004787 0.000000 0.000360 0.000747 0.000000 0.001493
0.000000 0.000227 0.000000 0.000000 0.000000 0.000000 0.000000 0.000000 0.000160 0.000000 0.005787 0.000000 0.014280 0.000000 0.000000 0.000000 0.000000 0.000280 0.000267 0.000000 0.000000 0.000067 0.000000 0.000147 0.004453 0.007493 0.004867 0.000000 0.000000 0.000000 0.005280 0.000000 0.000000 0.000000 0.000080 0.002747 0.000080 0.000000 0.000000 0.000173 0.000200 0.001707 0.000373 0.000120 0.057907 0.000253 0.000000 0.002093 0.000160 0.000000 0.000000 0.001973 0.000347 0.000000 0.000000 0.000173 0.000000 0.002640 0.010493 0.007000 0.049947 0.000093 0.001680 0.000000 0.053933 0.001387 0.000000 0.007400
0.000000 0.000000 0.000093 0.000347 0.000000 0.000000 0.000267 0.000213 0.000147 0.000000 0.000107 0.000000 0.000120 0.000160 0.000000 0.000000 0.000000 0.000000 0.000000 0.000000 0.000000 0.000000 0.000000 0.001920 0.000160 0.000000 0.000080 0.002053 0.000080 0.000187 0.000000 0.000000 0.000000 0.000000 0.099813 0.000067 0.028627 0.002107 0.000200 0.015800 0.252640 0.286533 0.000413 0.023933 0.006573 0.009707 0.002093 0.000000 0.000347 0.000067 0.003680 0.002427 0.001920 0.002960 0.003560 0.000000 0.019587 0.005253 0.000000 0.014813 0.004173 0.022813 0.135480 0.029440 0.001453 0.031040 0.000093 0.009827
0.000000 0.000000 0.000000 0.000000 0.000000 0.000000 0.000000 0.000000 0.000000 0.000000 0.000000 0.000000 0.000000 0.000000 0.000000 0.000000 0.000000 0.000000 0.000000 0.000000 0.000000 0.000000 0.000000 0.000320 0.000000 0.000000 0.000000 0.000000 0.000000 0.000000 0.000000 0.000000 0.000000 0.000000 0.000000 0.002520 0.000000 0.000413 0.033733 0.032773 0.000773 0.004547 0.000453 0.003493 0.000000 0.003347 0.000160 0.000347 0.000000 0.000000 0.000000 0.000000 0.000000 0.000533 0.000000 0.002733 0.000000 0.004333 0.000707 0.000000 0.000600 0.000947 0.000480 0.000000 0.000000 0.007920 0.000000 0.000000
0.000000 0.000000 0.000253 0.000000 0.000000 0.000000 0.000093 0.000000 0.000000 0.000000 0.000000 0.000000 0.000000 0.000000 0.000000 0.025280 0.000000 0.000000 0.000000 0.000000 0.002920 0.000533 0.012800 0.001813 0.000000 0.000000 0.004547 0.000440 0.000093 0.000573 0.000000 0.000000 0.000067 0.000000 0.000000 0.000000 0.000560 0.000000 0.000000 0.000000 0.000320 0.000000 0.000000 0.000000 0.000000 0.000000 0.000000 0.000067 0.000000 0.000000 0.000293 0.000000 0.000000 0.000000 0.024720 0.013693 0.214427 0.009173 0.000000 0.000067 0.070987 0.006267 0.000787 0.008667 0.000000 0.000000 0.000093 0.000960
0.000000 0.000067 0.002053 0.000000 0.000000 0.000000 0.000000 0.000000 0.000000 0.000000 0.000000 0.000000 0.000000 0.000000 0.000000 0.000000 0.000520 0.000000 0.000107 0.000000 0.000000 0.000000 0.000080 0.000080 0.000000 0.001160 0.003040 0.000000 0.000000 0.000000 0.000000 0.000000 0.000000 0.000000 0.000787 0.001053 0.062720 0.000000 0.000000 0.000000 0.012027 0.000400 0.000000 0.000000 0.000307 0.000000 0.000000 0.003680 0.000000 0.000293 0.000000 0.001813 0.040400 0.000000 0.003400 0.000000 0.033947 0.000133 0.000000 0.035947 0.084560 0.000707 0.001147 0.035013 0.000067 0.000000 0.000000 0.016947
0.000000 0.000000 0.000000 0.000000 0.000000 0.000000 0.000000 0.000000 0.000000 0.000000 0.000227 0.000000 0.000493 0.000000 0.000000 0.000000 0.000000 0.000133 0.000200 0.000000 0.000000 0.000000 0.000000 0.000000 0.000160 0.002827 0.001547 0.000000 0.000000 0.000000 0.000547 0.000000 0.000000 0.000000 0.000253 0.000000 0.000093 0.000000 0.000000 0.000147 0.000667 0.000880 0.000000 0.000160 0.107960 0.000347 0.001973 0.002427 0.000000 0.000000 0.001813 0.000000 0.049600 0.000000 0.000400 0.000000 0.000587 0.000227 0.000107 0.066880 0.011773 0.000120 0.002280 0.005253 0.011520 0.000347 0.000000 0.010400
0.000000 0.000080 0.001000 0.000000 0.000000 0.000000 0.000000 0.000000 0.000000 0.000000 0.000133 0.000000 0.000093 0.000000 0.000000 0.000000 0.000440 0.000120 0.000880 0.000000 0.000000 0.000000 0.000000 0.000093 0.000000 0.005987 0.004573 0.000000 0.000000 0.000000 0.000173 0.000000 0.000000 0.000000 0.000520 0.001640 0.003427 0.000000 0.000000 0.000000 0.002440 0.000413 0.000000 0.000200 0.013960 0.000293 0.000347 0.001920 0.000000 0.000000 0.040400 0.049600 0.000000 0.000067 0.000800 0.000000 0.001413 0.000520 0.000067 0.076053 0.069893 0.000267 0.003120 0.012227 0.001333 0.000000 0.000000 0.032227
0.000000 0.000000 0.000000 0.001960 0.000000 0.000000 0.000000 0.000000 0.000000 0.000000 0.000000 0.000000 0.000000 0.000000 0.000000 0.000000 0.000000 0.000000 0.000000 0.000000 0.000000 0.000000 0.000000 0.000413 0.000000 0.000000 0.000000 0.000453 0.000000 0.000000 0.000000 0.000000 0.000000 0.000000 0.000000 0.000000 0.000080 0.151693 0.000000 0.003827 0.000653 0.002973 0.000320 0.151320 0.000200 0.042013 0.000000 0.002960 0.000533 0.000000 0.000000 0.000000 0.000067 0.000000 0.000000 0.000000 0.000000 0.007613 0.000000 0.000147 0.000107 0.046707 0.002320 0.000000 0.000000 0.000120 0.000000 0.000373
0.000000 0.000000 0.000000 0.000000 0.000000 0.000000 0.000120 0.000000 0.000000 0.000000 0.000000 0.000000 0.000000 0.000000 0.000000 0.003387 0.000000 0.000000 0.000000 0.000000 0.001293 0.000120 0.000640 0.002053 0.000000 0.000000 0.000000 0.000587 0.000200 0.001227 0.000000 0.000000 0.000000 0.000000 0.000000 0.000000 0.000787 0.000000 0.000000 0.000120 0.016000 0.001733 0.000000 0.000067 0.000080 0.000000 0.000000 0.003560 0.000000 0.024720 0.003400 0.000400 0.000800 0.000000 0.000000 0.000693 0.094640 0.011427 0.000000 0.000493 0.001533 0.072013 0.001440 0.085640 0.000000 0.000000 0.000160 0.015760
0.000000 0.000147 0.001933 0.000000 0.000000 0.000000 0.000000 0.000000 0.000000 0.000000 0.000000 0.000000 0.000000 0.000000 0.000000 0.000467 0.000147 0.000000 0.000000 0.000000 0.000000 0.000520 0.002093 0.000533 0.000000 0.000000 0.007453 0.000093 0.000000 0.000080 0.000000 0.000000 0.000000 0.000000 0.000000 0.007667 0.000067 0.000080 0.000560 0.000533 0.000000 0.000133 0.018667 0.000093 0.000000 0.000000 0.000173 0.000000 0.002733 0.013693 0.000000 0.000000 0.000000 0.000000 0.000693 0.000000 0.000627 0.026427 0.001120 0.000067 0.013827 0.001107 0.000227 0.000253 0.000093 0.000213 0.000000 0.000000
0.000000 0.000000 0.001107 0.000000 0.000000 0.000000 0.000000 0.000000 0.000000 0.000000 0.000000 0.000000 0.000000 0.000000 0.000000 0.011267 0.000253 0.000000 0.000000 0.000000 0.001480 0.000107 0.009720 0.000520 0.000000 0.000067 0.005373 0.000147 0.000000 0.000373 0.000000 0.000000 0.000000 0.000000 0.001293 0.000000 0.150187 0.000000 0.000000 0.000333 0.036867 0.005267 0.000000 0.000067 0.000133 0.000000 0.000000 0.019587 0.000000 0.214427 0.033947 0.000587 0.001413 0.000000 0.094640 0.000627 0.000000 0.001613 0.000000 0.031453 0.111493 0.018040 0.000933 0.041640 0.000080 0.000000 0.000000 0.017560
0.000280 0.000187 0.000293 0.000800 0.000387 0.000467 0.003373 0.001813 0.003653 0.000467 0.000213 0.000320 0.000160 0.002333 0.000440 0.001333 0.000000 0.000067 0.000000 0.000600 0.000947 0.000880 0.000627 0.039627 0.000000 0.000560 0.002400 0.018547 0.002693 0.003973 0.000093 0.000160 0.000107 0.000187 0.001333 0.008693 0.001147 0.039413 0.000840 0.004067 0.020787 0.003787 0.022853 0.009680 0.000147 0.005960 0.002640 0.005253 0.004333 0.009173 0.000133 0.000227 0.000520 0.007613 0.011427 0.026427 0.001613 0.000000 0.001987 0.002320 0.046147 0.155280 0.014467 0.022493 0.001067 0.000493 0.000387 0.002040
0.000000 0.000000 0.000000 0.000000 0.000000 0.000000 0.000000 0.000000 0.000000 0.000000 0.000093 0.000000 0.000067 0.000000 0.000000 0.000000 0.000000 0.000000 0.000000 0.000000 0.000000 0.000000 0.000000 0.000093 0.000493 0.000133 0.000093 0.000000 0.000000 0.000000 0.000000 0.000000 0.000000 0.000000 0.000000 0.012493 0.000000 0.000000 0.000067 0.000000 0.000000 0.000000 0.001733 0.000000 0.000173 0.000000 0.010493 0.000000 0.000707 0.000000 0.000000 0.000107 0.000067 0.000000 0.000000 0.001120 0.000000 0.001987 0.000000 0.003960 0.014387 0.000000 0.000000 0.000000 0.002880 0.000000 0.000000 0.000000
0.000000 0.000933 0.010347 0.000000 0.000000 0.000000 0.000120 0.000080 0.000000 0.000000 0.001880 0.000000 0.005293 0.000000 0.000000 0.000213 0.003600 0.001680 0.010360 0.000000 0.000000 0.000147 0.000453 0.000493 0.002133 0.068067 0.062827 0.000120 0.000147 0.000147 0.004453 0.000000 0.000000 0.000640 0.002667 0.011200 0.137813 0.000107 0.000000 0.000280 0.015333 0.003453 0.000160 0.000680 0.072653 0.000827 0.007000 0.014813 0.000000 0.000067 0.035947 0.066880 0.076053 0.000147 0.000493 0.000067 0.031453 0.002320 0.003960 0.000000 0.193333 0.000893 0.008013 0.027813 0.027360 0.000667 0.000000 0.022560
0.000000 0.003640 0.026053 0.000000 0.000000 0.000000 0.000133 0.000000 0.000173 0.000000 0.001653 0.000000 0.004200 0.000000 0.000000 0.007040 0.004613 0.000707 0.005787 0.000000 0.000160 0.002227 0.018667 0.001133 0.003227 0.048947 0.093267 0.000227 0.000000 0.000067 0.003453 0.000000 0.000000 0.000547 0.000360 0.070680 0.080080 0.000213 0.000160 0.000720 0.010160 0.001400 0.002000 0.001253 0.006853 0.000453 0.049947 0.004173 0.000600 0.070987 0.084560 0.011773 0.069893 0.000107 0.001533 0.013827 0.111493 0.046147 0.014387 0.193333 0.000000 0.023547 0.001653 0.003093 0.025613 0.000320 0.000000 0.032400
0.000320 0.000000 0.000160 0.002133 0.000000 0.000480 0.003147 0.001547 0.000613 0.000587 0.000120 0.000293 0.000000 0.001907 0.000000 0.000493 0.000000 0.000080 0.000000 0.000533 0.000267 0.000067 0.000227 0.016667 0.000000 0.000120 0.000573 0.010200 0.002360 0.003627 0.000000 0.000080 0.000173 0.000120 0.001693 0.000093 0.010427 0.143133 0.000000 0.027960 0.367707 0.016107 0.006147 0.303240 0.000307 0.027667 0.000093 0.022813 0.000947 0.006267 0.000707 0.000120 0.000267 0.046707 0.072013 0.001107 0.018040 0.155280 0.000000 0.000893 0.023547 0.000000 0.030467 0.108333 0.000147 0.000280 0.000587 0.007347
0.000000 0.000000 0.000000 0.000160 0.000000 0.000000 0.000387 0.000120 0.000187 0.000000 0.000200 0.000000 0.000093 0.000147 0.000000 0.000453 0.000000 0.000000 0.000000 0.000000 0.000453 0.000000 0.000000 0.004480 0.000267 0.000000 0.000067 0.004333 0.000187 0.001093 0.000000 0.000000 0.000000 0.000000 0.142027 0.000000 0.002440 0.003147 0.000293 0.008320 0.032707 0.014853 0.000680 0.015627 0.004040 0.004787 0.001680 0.135480 0.000480 0.000787 0.001147 0.002280 0.003120 0.002320 0.001440 0.000227 0.000933 0.014467 0.000000 0.008013 0.001653 0.030467 0.000000 0.095200 0.000720 0.014107 0.055573 0.024320
0.000000 0.000000 0.000240 0.000000 0.000000 0.000000 0.000240 0.000067 0.000280 0.000000 0.000000 0.000000 0.000000 0.000107 0.000000 0.001653 0.000000 0.000000 0.000000 0.000000 0.000853 0.000093 0.000293 0.004947 0.000000 0.000067 0.000240 0.004520 0.000360 0.002053 0.000000 0.000000 0.000000 0.000000 0.028920 0.000000 0.011680 0.000133 0.000000 0.000267 0.131307 0.003173 0.000307 0.000413 0.001027 0.000000 0.000000 0.029440 0.000000 0.008667 0.035013 0.005253 0.012227 0.000000 0.085640 0.000253 0.041640 0.022493 0.000000 0.027813 0.003093 0.108333 0.095200 0.000000 0.000347 0.000093 0.001000 0.020200
0.000000 0.000107 0.000000 0.000000 0.000000 0.000000 0.000000 0.000000 0.000093 0.000000 0.001427 0.000000 0.005867 0.000000 0.000000 0.000000 0.000000 0.000267 0.000280 0.000000 0.000000 0.000000 0.000000 0.000147 0.002600 0.006507 0.005120 0.000000 0.000000 0.000000 0.003173 0.000000 0.000000 0.000000 0.000120 0.000787 0.000227 0.000000 0.000000 0.000160 0.000227 0.001053 0.000147 0.000147 0.067907 0.000360 0.053933 0.001453 0.000000 0.000000 0.000067 0.011520 0.001333 0.000000 0.000000 0.000093 0.000080 0.001067 0.002880 0.027360 0.025613 0.000147 0.000720 0.000347 0.000000 0.000773 0.000000 0.002360
