0.000000 0.000000 0.002933 0.000000 0.000000 0.000080 0.050760 0.007293 0.000067 0.000293 0.000560 0.000000 0.000173 0.044147 0.000000 0.000000 0.005200 0.000467 0.002320 0.000000 0.002960 0.000000 0.011813 0.000000 0.000000 0.001453 0.000387 0.000213 0.032387 0.021120 0.000000 0.000240 0.000000 0.000933 0.000000 0.000000 0.000000 0.000000 0.000000 0.000000 0.000000 0.000000 0.000000 0.000000 0.000000 0.000000 0.000000 0.000000 0.000000 0.000000 0.000000 0.000000 0.000000 0.000000 0.000000 0.000000 0.000000 0.000000 0.000000 0.000000 0.000000 0.000000 0.000080 0.000000 0.000000 0.000000 0.000000 0.000000
0.000000 0.000000 0.002480 0.000000 0.000000 0.000000 0.000000 0.000000 0.009907 0.000000 0.000413 0.000000 0.000693 0.000000 0.000000 0.000000 0.003000 0.000000 0.002533 0.000000 0.000000 0.008373 0.000347 0.001893 0.020907 0.003987 0.015133 0.000000 0.000160 0.000000 0.000000 0.000093 0.000000 0.000320 0.000000 0.000773 0.000707 0.000000 0.000000 0.000000 0.000000 0.000000 0.000000 0.000000 0.000000 0.000000 0.000000 0.000000 0.000000 0.000000 0.000560 0.000000 0.000987 0.000000 0.000000 0.000000 0.000467 0.000080 0.000000 0.000867 0.000613 0.000080 0.000080 0.000000 0.000000 0.000000 0.000000 0.000000
0.002933 0.002480 0.000000 0.000000 0.000000 0.000307 0.006840 0.008027 0.000000 0.000880 0.000240 0.000000 0.000000 0.011200 0.000000 0.000080 0.037187 0.000160 0.004093 0.000000 0.010093 0.000000 0.101253 0.000307 0.000000 0.078040 0.040613 0.000773 0.006667 0.015533 0.000000 0.000213 0.000000 0.000307 0.000000 0.002080 0.003147 0.000000 0.000000 0.000000 0.000000 0.000000 0.000000 0.000000 0.000000 0.000000 0.000000 0.000000 0.000000 0.000000 0.002000 0.000067 0.000133 0.000000 0.000000 0.000000 0.003960 0.000000 0.000000 0.000573 0.001533 0.000000 0.000000 0.000000 0.000000 0.000000 0.000000 0.000227
0.000000 0.000000 0.000000 0.000000 0.002267 0.001227 0.004147 0.000520 0.005533 0.034333 0.000107 0.006693 0.000067 0.000480 0.000720 0.000000 0.000000 0.000080 0.000107 0.116907 0.000000 0.000000 0.000000 0.019147 0.000000 0.000000 0.000000 0.070187 0.001253 0.000000 0.000000 0.000333 0.000000 0.000507 0.000000 0.000000 0.000000 0.003120 0.000000 0.000373 0.000333 0.000413 0.000093 0.003067 0.000000 0.001880 0.000000 0.000000 0.000000 0.000000 0.000000 0.000000 0.000000 0.001400 0.000000 0.000000 0.000000 0.000747 0.000000 0.000000 0.000000 0.008093 0.000320 0.000000 0.000000 0.000000 0.000000 0.000000
0.000000 0.000000 0.000000 0.002267 0.000000 0.002960 0.000680 0.000000 0.002747 0.000680 0.000240 0.000000 0.000333 0.000000 0.058560 0.000000 0.000000 0.000000 0.000000 0.000400 0.000000 0.000000 0.000000 0.004347 0.000160 0.000000 0.000280 0.006120 0.000000 0.000000 0.000000 0.001640 0.000000 0.002600 0.000000 0.000000 0.000000 0.000000 0.000000 0.000000 0.000000 0.000000 0.000000 0.000000 0.000000 0.000000 0.000000 0.000000 0.000000 0.000000 0.000000 0.000000 0.000000 0.000000 0.000000 0.000000 0.000000 0.000000 0.000000 0.000000 0.000000 0.000000 0.000000 0.000000 0.000000 0.000000 0.000000 0.000000
0.000080 0.000000 0.000307 0.001227 0.002960 0.000000 0.023840 0.095747 0.000160 0.124667 0.001680 0.011067 0.001053 0.005600 0.013560 0.000000 0.000413 0.000813 0.000840 0.002080 0.000080 0.000000 0.000547 0.000307 0.000000 0.000600 0.000200 0.007693 0.007467 0.000293 0.000213 0.016800 0.000000 0.001533 0.000000 0.000000 0.000000 0.000160 0.000000 0.000000 0.000000 0.000000 0.000000 0.000240 0.000000 0.000000 0.000000 0.000000 0.000000 0.000000 0.000000 0.000000 0.000000 0.000000 0.000000 0.000000 0.000000 0.000000 0.000000 0.000000 0.000000 0.000360 0.000120 0.000000 0.000000 0.000000 0.000000 0.000000
0.050760 0.000000 0.006840 0.004147 0.000680 0.023840 0.000000 0.018600 0.003480 0.135533 0.001187 0.000173 0.000507 0.081880 0.000240 0.000000 0.000373 0.000653 0.001307 0.000320 0.000347 0.000000 0.009733 0.016147 0.000000 0.000880 0.009653 0.330067 0.021333 0.018907 0.000080 0.001707 0.000760 0.006373 0.000000 0.000000 0.000000 0.000693 0.000000 0.000147 0.000093 0.000347 0.000160 0.000973 0.000000 0.000147 0.000000 0.000440 0.000000 0.000000 0.000000 0.000000 0.000000 0.000493 0.000000 0.000000 0.000000 0.000627 0.000000 0.000000 0.000067 0.002907 0.001227 0.000000 0.000000 0.000000 0.000000 0.000227
0.007293 0.000000 0.008027 0.000520 0.000000 0.095747 0.018600 0.000000 0.000467 0.048920 0.003987 0.006720 0.002373 0.107773 0.002773 0.000000 0.008867 0.001693 0.004653 0.001973 0.002880 0.000000 0.018000 0.000000 0.000080 0.003960 0.001720 0.001320 0.033360 0.010013 0.000360 0.034293 0.000000 0.003200 0.000000 0.000000 0.000000 0.000307 0.000000 0.000000 0.000000 0.000173 0.000000 0.000520 0.000000 0.000000 0.000000 0.000173 0.000000 0.000000 0.000000 0.000000 0.000000 0.000093 0.000000 0.000000 0.000000 0.000147 0.000000 0.000000 0.000000 0.000893 0.000653 0.000000 0.000000 0.000000 0.000000 0.000147
0.000067 0.009907 0.000000 0.005533 0.002747 0.000160 0.003480 0.000467 0.000000 0.006387 0.000853 0.003520 0.001093 0.000587 0.001413 0.000000 0.000000 0.000000 0.000120 0.002373 0.000000 0.025253 0.000000 0.010200 0.012133 0.000987 0.014893 0.018760 0.003013 0.000120 0.000213 0.000213 0.000120 0.000533 0.000000 0.000000 0.000000 0.001027 0.000000 0.000000 0.000213 0.000000 0.000000 0.000507 0.000000 0.000000 0.000080 0.000120 0.000000 0.000000 0.000000 0.000000 0.000000 0.000333 0.000000 0.000000 0.000000 0.000480 0.000067 0.000000 0.000000 0.002440 0.000213 0.000000 0.000000 0.000000 0.000000 0.000000
0.000293 0.000000 0.000880 0.034333 0.000680 0.124667 0.135533 0.048920 0.006387 0.000000 0.004387 0.025333 0.001693 0.033067 0.000293 0.000000 0.000413 0.002920 0.004120 0.101000 0.000000 0.000000 0.000760 0.005933 0.000067 0.002413 0.002000 0.225587 0.029453 0.000173 0.000560 0.005080 0.000107 0.013840 0.000000 0.000000 0.000000 0.003053 0.000000 0.000707 0.000440 0.001320 0.000307 0.005720 0.000000 0.001013 0.000000 0.000453 0.000000 0.000000 0.000000 0.000000 0.000000 0.001867 0.000000 0.000000 0.000000 0.000973 0.000000 0.000120 0.000080 0.010560 0.001027 0.000000 0.000000 0.000000 0.000000 0.000280
0.000560 0.000413 0.000240 0.000107 0.000240 0.001680 0.001187 0.003987 0.000853 0.004387 0.000000 0.002907 0.071147 0.002787 0.000267 0.000000 0.000533 0.104267 0.042120 0.000840 0.000067 0.000173 0.000307 0.000267 0.006373 0.023320 0.003093 0.000320 0.016467 0.000160 0.007787 0.005093 0.000000 0.036360 0.000000 0.000000 0.000000 0.000000 0.000000 0.000000 0.000000 0.000067 0.000000 0.000080 0.003200 0.000000 0.012373 0.000000 0.000000 0.000000 0.000000 0.003213 0.000160 0.000000 0.000000 0.000000 0.000000 0.000000 0.001267 0.004827 0.003867 0.000000 0.000080 0.000000 0.001400 0.000280 0.000000 0.000853
0.000000 0.000000 0.000000 0.006693 0.000000 0.011067 0.000173 0.006720 0.003520 0.025333 0.002907 0.000000 0.001533 0.007347 0.000000 0.000000 0.000107 0.001813 0.002413 0.020493 0.000000 0.000000 0.000000 0.003000 0.000093 0.001120 0.000680 0.002547 0.011947 0.000000 0.000293 0.004280 0.000000 0.003787 0.000000 0.000000 0.000000 0.000893 0.000000 0.000080 0.000000 0.000000 0.000000 0.000453 0.000000 0.001040 0.000000 0.000000 0.000000 0.000000 0.000000 0.000000 0.000000 0.000333 0.000000 0.000000 0.000000 0.000080 0.000000 0.000000 0.000000 0.001373 0.000080 0.000000 0.000000 0.000000 0.000000 0.000000
0.000173 0.000693 0.000000 0.000067 0.000333 0.001053 0.000507 0.002373 0.001093 0.001693 0.071147 0.001533 0.000000 0.001293 0.000200 0.000107 0.000160 0.003360 0.000693 0.000227 0.000000 0.000427 0.000107 0.000627 0.047947 0.003733 0.019653 0.000120 0.007760 0.000000 0.013280 0.006653 0.000000 0.004507 0.000000 0.000000 0.000000 0.000000 0.000000 0.000000 0.000000 0.000067 0.000000 0.000000 0.008800 0.000000 0.030120 0.000000 0.000000 0.000000 0.000000 0.004840 0.000160 0.000000 0.000000 0.000000 0.000000 0.000000 0.003867 0.009427 0.006000 0.000000 0.000267 0.000000 0.003133 0.000453 0.000000 0.001267
0.044147 0.000000 0.011200 0.000480 0.000000 0.005600 0.081880 0.107773 0.000587 0.033067 0.002787 0.007347 0.001293 0.000000 0.000507 0.000000 0.014253 0.001907 0.007587 0.002533 0.004347 0.000000 0.027867 0.000120 0.000000 0.005667 0.002507 0.002587 0.107493 0.016640 0.000200 0.002627 0.000000 0.002440 0.000000 0.000000 0.000000 0.000000 0.000000 0.000000 0.000000 0.000107 0.000000 0.000253 0.000000 0.000000 0.000000 0.000120 0.000000 0.000000 0.000000 0.000000 0.000000 0.000067 0.000000 0.000000 0.000000 0.000120 0.000000 0.000000 0.000000 0.000400 0.000480 0.000000 0.000000 0.000000 0.000000 0.000120
0.000000 0.000000 0.000000 0.000720 0.058560 0.013560 0.000240 0.002773 0.001413 0.000293 0.000267 0.000000 0.000200 0.000507 0.000000 0.000000 0.000000 0.000187 0.000120 0.000160 0.000000 0.000000 0.000000 0.001080 0.000080 0.000133 0.000080 0.002013 0.001507 0.000000 0.000000 0.012667 0.000000 0.000160 0.000000 0.000000 0.000000 0.000000 0.000000 0.000000 0.000000 0.000000 0.000000 0.000000 0.000000 0.000000 0.000000 0.000000 0.000000 0.000000 0.000000 0.000000 0.000000 0.000000 0.000000 0.000000 0.000000 0.000000 0.000000 0.000000 0.000000 0.000000 0.000000 0.000000 0.000000 0.000000 0.000000 0.000000
0.000000 0.000000 0.000080 0.000000 0.000000 0.000000 0.000000 0.000000 0.000000 0.000000 0.000000 0.000000 0.000107 0.000000 0.000000 0.000000 0.000333 0.000000 0.000000 0.000000 0.008147 0.050373 0.022547 0.015800 0.000000 0.000187 0.003440 0.010093 0.000000 0.001480 0.000000 0.000000 0.000000 0.000293 0.000000 0.000000 0.000093 0.000000 0.000000 0.000000 0.000000 0.000000 0.000000 0.000000 0.000000 0.000000 0.000000 0.000120 0.000000 0.030800 0.000000 0.000000 0.000000 0.000000 0.000533 0.001733 0.017867 0.000800 0.000000 0.000000 0.008013 0.002627 0.000680 0.000120 0.000000 0.000000 0.000000 0.000000
0.005200 0.003000 0.037187 0.000000 0.000000 0.000413 0.000373 0.008867 0.000000 0.000413 0.000533 0.000107 0.000160 0.014253 0.000000 0.000333 0.000000 0.000213 0.024467 0.000000 0.002507 0.000347 0.161387 0.000707 0.000067 0.025253 0.069480 0.000493 0.042200 0.018707 0.000080 0.000267 0.002667 0.037560 0.000000 0.003853 0.001040 0.000000 0.000000 0.000000 0.000000 0.000000 0.000000 0.000000 0.000000 0.000000 0.000000 0.000067 0.000000 0.000000 0.002413 0.000093 0.000800 0.000000 0.000000 0.000107 0.000747 0.000000 0.000000 0.002133 0.002093 0.000173 0.000093 0.000000 0.000000 0.000000 0.000000 0.000147
0.000467 0.000000 0.000160 0.000080 0.000000 0.000813 0.000653 0.001693 0.000000 0.002920 0.104267 0.001813 0.003360 0.001907 0.000187 0.000000 0.000213 0.000000 0.010840 0.000520 0.000093 0.000000 0.000213 0.000000 0.001040 0.049693 0.002787 0.000187 0.006053 0.000133 0.009547 0.001187 0.000000 0.014547 0.000000 0.000000 0.000000 0.000000 0.000000 0.000000 0.000000 0.000000 0.000000 0.000000 0.001027 0.000000 0.002893 0.000000 0.000000 0.000000 0.000000 0.002133 0.000093 0.000000 0.000000 0.000000 0.000000 0.000000 0.000520 0.004987 0.002387 0.000000 0.000000 0.000000 0.000973 0.000000 0.000000 0.000000
0.002320 0.002533 0.004093 0.000107 0.000000 0.000840 0.001307 0.004653 0.000120 0.004120 0.042120 0.002413 0.000693 0.007587 0.000120 0.000000 0.024467 0.010840 0.000000 0.000560 0.000707 0.000000 0.010360 0.000333 0.001080 0.054560 0.039693 0.000747 0.025093 0.002613 0.001453 0.000307 0.001560 0.056413 0.000000 0.005400 0.000280 0.000000 0.000000 0.000000 0.000000 0.000093 0.000000 0.000000 0.000187 0.000000 0.000253 0.000000 0.000000 0.000000 0.002707 0.000560 0.002853 0.000000 0.000000 0.000000 0.000173 0.000000 0.000560 0.005680 0.003827 0.000067 0.000373 0.000000 0.000227 0.000000 0.000000 0.000413
0.000000 0.000000 0.000000 0.116907 0.000400 0.002080 0.000320 0.001973 0.002373 0.101000 0.000840 0.020493 0.000227 0.002533 0.000160 0.000000 0.000000 0.000520 0.000560 0.000000 0.000000 0.000000 0.000000 0.004213 0.000000 0.000227 0.000147 0.056600 0.003773 0.000000 0.000000 0.000680 0.000000 0.001120 0.000000 0.000000 0.000000 0.010413 0.000000 0.000307 0.000453 0.000400 0.000107 0.003187 0.000000 0.001360 0.000000 0.000173 0.000000 0.000000 0.000000 0.000000 0.000000 0.001053 0.000000 0.000000 0.000000 0.000280 0.000000 0.000000 0.000000 0.005547 0.000413 0.000000 0.000000 0.000000 0.000000 0.000067
0.002960 0.000000 0.010093 0.000000 0.000000 0.000080 0.000347 0.002880 0.000000 0.000000 0.000067 0.000000 0.000000 0.004347 0.000000 0.008147 0.002507 0.000093 0.000707 0.000000 0.000000 0.001227 0.179533 0.000960 0.000000 0.000360 0.008427 0.013507 0.004187 0.034600 0.000000 0.000000 0.000000 0.013240 0.000000 0.000000 0.000000 0.000000 0.000000 0.000000 0.000000 0.000000 0.000000 0.000000 0.000000 0.000000 0.000000 0.000293 0.000000 0.002907 0.000000 0.000000 0.000000 0.000000 0.000253 0.000000 0.000133 0.000707 0.000000 0.000000 0.000147 0.002427 0.001120 0.000200 0.000000 0.000000 0.000000 0.000000
0.000000 0.008373 0.000000 0.000000 0.000000 0.000000 0.000000 0.000000 0.025253 0.000000 0.000173 0.000000 0.000427 0.000000 0.000000 0.050373 0.000347 0.000000 0.000000 0.000000 0.001227 0.000000 0.007867 0.005467 0.005520 0.000187 0.006827 0.001213 0.000000 0.000920 0.000000 0.000000 0.000000 0.000067 0.000000 0.000000 0.000080 0.000000 0.000000 0.000000 0.000000 0.000000 0.000000 0.000000 0.000000 0.000000 0.000000 0.000093 0.000000 0.003893 0.000000 0.000000 0.000000 0.000000 0.000000 0.000000 0.000987 0.000173 0.000000 0.000000 0.001053 0.000627 0.000267 0.000067 0.000000 0.000000 0.000000 0.000000
0.011813 0.000347 0.101253 0.000000 0.000000 0.000547 0.009733 0.018000 0.000000 0.000760 0.000307 0.000000 0.000107 0.027867 0.000000 0.022547 0.161387 0.000213 0.010360 0.000000 0.179533 0.007867 0.000000 0.011053 0.000000 0.019440 0.116907 0.028360 0.014253 0.068627 0.000000 0.000347 0.000333 0.027147 0.000000 0.000347 0.003853 0.000000 0.000000 0.000000 0.000000 0.000000 0.000000 0.000000 0.000000 0.000000 0.000000 0.000000 0.000000 0.027667 0.000307 0.000000 0.000000 0.000000 0.000187 0.001720 0.027680 0.000333 0.000000 0.000000 0.020560 0.001253 0.000120 0.000000 0.000000 0.000000 0.000000 0.000000
0.000000 0.001893 0.000307 0.019147 0.004347 0.000307 0.016147 0.000000 0.010200 0.005933 0.000267 0.003000 0.000627 0.000120 0.001080 0.015800 0.000707 0.000000 0.000333 0.004213 0.000960 0.005467 0.011053 0.000000 0.002560 0.002107 0.037387 0.050667 0.012120 0.000547 0.000400 0.000240 0.002173 0.001933 0.000093 0.000147 0.000000 0.000640 0.000000 0.000133 0.000240 0.000347 0.000333 0.000773 0.000080 0.000320 0.000000 0.001000 0.000000 0.000227 0.000067 0.000000 0.000000 0.000293 0.000000 0.000000 0.000080 0.002973 0.000067 0.000080 0.000253 0.004480 0.004147 0.000360 0.000000 0.000000 0.000000 0.000467
0.000000 0.020907 0.000000 0.000000 0.000160 0.000000 0.000000 0.000080 0.012133 0.000067 0.006373 0.000093 0.047947 0.000000 0.000080 0.000000 0.000067 0.001040 0.001080 0.000000 0.000000 0.005520 0.000000 0.002560 0.000000 0.014360 0.083933 0.000000 0.000347 0.000000 0.017960 0.000187 0.000000 0.000880 0.000000 0.000000 0.000000 0.000000 0.000000 0.000000 0.000000 0.000000 0.000000 0.000000 0.000067 0.000000 0.000560 0.000000 0.000000 0.000000 0.000000 0.000213 0.000080 0.000000 0.000000 0.000000 0.000000 0.000000 0.000120 0.000747 0.000733 0.000080 0.000000 0.000000 0.000160 0.000000 0.000000 0.000000
0.001453 0.003987 0.078040 0.000000 0.000000 0.000600 0.000880 0.003960 0.000987 0.002413 0.023320 0.001120 0.003733 0.005667 0.000133 0.000187 0.025253 0.049693 0.054560 0.000227 0.000360 0.000187 0.019440 0.002107 0.014360 0.000000 0.201880 0.000240 0.010453 0.001707 0.011947 0.000427 0.000307 0.012267 0.000000 0.007480 0.000093 0.000000 0.000000 0.000000 0.000067 0.000093 0.000000 0.000107 0.002680 0.000000 0.007160 0.000240 0.000000 0.000000 0.001480 0.008840 0.008693 0.000000 0.000000 0.000000 0.000107 0.000107 0.004333 0.036853 0.026173 0.000080 0.000627 0.000067 0.002960 0.000080 0.000000 0.001120
0.000387 0.015133 0.040613 0.000000 0.000280 0.000200 0.009653 0.001720 0.014893 0.002000 0.003093 0.000680 0.019653 0.002507 0.000080 0.003440 0.069480 0.002787 0.039693 0.000147 0.008427 0.006827 0.116907 0.037387 0.083933 0.201880 0.000000 0.019213 0.001680 0.003053 0.014280 0.000107 0.000000 0.018627 0.000000 0.008973 0.004947 0.000000 0.000000 0.000000 0.000080 0.000000 0.000000 0.000120 0.000787 0.000000 0.002520 0.000093 0.000000 0.001600 0.004893 0.002813 0.003320 0.000000 0.000107 0.000613 0.009307 0.000133 0.005360 0.024213 0.030040 0.000600 0.000160 0.000000 0.001240 0.000000 0.000000 0.000787
0.000213 0.000000 0.000773 0.070187 0.006120 0.007693 0.330067 0.001320 0.018760 0.225587 0.000320 0.002547 0.000120 0.002587 0.002013 0.010093 0.000493 0.000187 0.000747 0.056600 0.013507 0.001213 0.028360 0.050667 0.000000 0.000240 0.019213 0.000000 0.036907 0.033427 0.000000 0.000467 0.005293 0.010413 0.000000 0.000000 0.000000 0.006160 0.000000 0.000707 0.001320 0.001320 0.000733 0.008293 0.000000 0.002853 0.000000 0.001187 0.000000 0.000440 0.000000 0.000000 0.000000 0.003373 0.000107 0.000067 0.000000 0.003693 0.000000 0.000000 0.000107 0.021613 0.004360 0.000680 0.000000 0.000000 0.000080 0.000653
0.032387 0.000160 0.006667 0.001253 0.000000 0.007467 0.021333 0.033360 0.003013 0.029453 0.016467 0.011947 0.007760 0.107493 0.001507 0.000000 0.042200 0.006053 0.025093 0.003773 0.004187 0.000000 0.014253 0.012120 0.000347 0.010453 0.001680 0.036907 0.000000 0.056440 0.000827 0.000920 0.010347 0.051373 0.000000 0.000000 0.000000 0.000280 0.000000 0.000000 0.000000 0.000400 0.000107 0.000467 0.000000 0.000000 0.000000 0.000320 0.000000 0.000000 0.000000 0.000000 0.000000 0.000093 0.000000 0.000000 0.000000 0.000413 0.000000 0.000080 0.000093 0.001107 0.001120 0.000000 0.000000 0.000000 0.000000 0.000307
0.021120 0.000000 0.015533 0.000000 0.000000 0.000293 0.018907 0.010013 0.000120 0.000173 0.000160 0.000000 0.000000 0.016640 0.000000 0.001480 0.018707 0.000133 0.002613 0.000000 0.034600 0.000920 0.068627 0.000547 0.000000 0.001707 0.003053 0.033427 0.056440 0.000000 0.000000 0.000307 0.000000 0.001493 0.000000 0.000000 0.000000 0.000000 0.000000 0.000000 0.000000 0.000000 0.000000 0.000000 0.000000 0.000000 0.000000 0.000000 0.000000 0.001387 0.000000 0.000000 0.000000 0.000000 0.000147 0.000000 0.000160 0.000493 0.000000 0.000000 0.000000 0.001960 0.000667 0.000000 0.000000 0.000000 0.000000 0.000120
0.000000 0.000000 0.000000 0.000000 0.000000 0.000213 0.000080 0.000360 0.000213 0.000560 0.007787 0.000293 0.013280 0.000200 0.000000 0.000000 0.000080 0.009547 0.001453 0.000000 0.000000 0.000000 0.000000 0.000400 0.017960 0.011947 0.014280 0.000000 0.000827 0.000000 0.000000 0.000227 0.000000 0.001053 0.000000 0.000000 0.000000 0.000000 0.000000 0.000000 0.000000 0.000000 0.000000 0.000000 0.001667 0.000000 0.004987 0.000000 0.000000 0.000000 0.000000 0.003613 0.000160 0.000000 0.000000 0.000000 0.000000 0.000000 0.002160 0.009747 0.004560 0.000000 0.000000 0.000000 0.001800 0.000000 0.000000 0.000080
0.000240 0.000093 0.000213 0.000333 0.001640 0.016800 0.001707 0.034293 0.000213 0.005080 0.005093 0.004280 0.006653 0.002627 0.012667 0.000000 0.000267 0.001187 0.000307 0.000680 0.000000 0.000000 0.000347 0.000240 0.000187 0.000427 0.000107 0.000467 0.000920 0.000307 0.000227 0.000000 0.000000 0.025800 0.000000 0.000000 0.000000 0.000000 0.000000 0.000000 0.000000 0.000000 0.000000 0.000000 0.000000 0.000000 0.000000 0.000000 0.000000 0.000000 0.000000 0.000000 0.000000 0.000000 0.000000 0.000000 0.000000 0.000000 0.000000 0.000000 0.000000 0.000000 0.000000 0.000000 0.000000 0.000000 0.000000 0.000000
0.000000 0.000000 0.000000 0.000000 0.000000 0.000000 0.000760 0.000000 0.000120 0.000107 0.000000 0.000000 0.000000 0.000000 0.000000 0.000000 0.002667 0.000000 0.001560 0.000000 0.000000 0.000000 0.000333 0.002173 0.000000 0.000307 0.000000 0.005293 0.010347 0.000000 0.000000 0.000000 0.000000 0.000173 0.000000 0.000000 0.000000 0.000000 0.000000 0.000000 0.000000 0.000000 0.000000 0.000000 0.000000 0.000000 0.000000 0.000000 0.000000 0.000000 0.000000 0.000000 0.000000 0.000000 0.000000 0.000000 0.000000 0.000000 0.000000 0.000000 0.000000 0.000000 0.000000 0.000000 0.000000 0.000000 0.000000 0.000000
0.000933 0.000320 0.000307 0.000507 0.002600 0.001533 0.006373 0.003200 0.000533 0.013840 0.036360 0.003787 0.004507 0.002440 0.000160 0.000293 0.037560 0.014547 0.056413 0.001120 0.013240 0.000067 0.027147 0.001933 0.000880 0.012267 0.018627 0.010413 0.051373 0.001493 0.001053 0.025800 0.000173 0.000000 0.000000 0.000187 0.000253 0.000067 0.000000 0.000000 0.000000 0.000120 0.000000 0.000187 0.000000 0.000000 0.000107 0.000133 0.000000 0.000000 0.000347 0.000120 0.000253 0.000000 0.000000 0.000000 0.000107 0.000120 0.000080 0.001000 0.000560 0.000360 0.000320 0.000000 0.000000 0.000000 0.000000 0.000093
0.000000 0.000000 0.000000 0.000000 0.000000 0.000000 0.000000 0.000000 0.000000 0.000000 0.000000 0.000000 0.000000 0.000000 0.000000 0.000000 0.000000 0.000000 0.000000 0.000000 0.000000 0.000000 0.000000 0.000093 0.000000 0.000000 0.000000 0.000000 0.000000 0.000000 0.000000 0.000000 0.000000 0.000000 0.000000 0.000093 0.000520 0.000373 0.000000 0.000240 0.065227 0.001240 0.000173 0.002440 0.000093 0.000000 0.000000 0.054453 0.000000 0.000000 0.001920 0.000613 0.001920 0.000227 0.000000 0.000000 0.000987 0.000200 0.000000 0.002493 0.000773 0.002693 0.033467 0.034107 0.000000 0.000000 0.000000 0.000253
0.000000 0.000773 0.002080 0.000000 0.000000 0.000000 0.000000 0.000000 0.000000 0.000000 0.000000 0.000000 0.000000 0.000000 0.000000 0.000000 0.003853 0.000000 0.005400 0.000000 0.000000 0.000000 0.000347 0.000147 0.000000 0.007480 0.008973 0.000000 0.000000 0.000000 0.000000 0.000000 0.000000 0.000187 0.000093 0.000000 0.003853 0.000000 0.000947 0.000000 0.000227 0.000067 0.003120 0.000093 0.000000 0.000000 0.000000 0.000493 0.001680 0.000000 0.006640 0.000333 0.017147 0.000000 0.000093 0.009360 0.005413 0.002947 0.026413 0.014520 0.032960 0.000093 0.001173 0.000253 0.000000 0.000093 0.000000 0.000667
0.000000 0.000707 0.003147 0.000000 0.000000 0.000000 0.000000 0.000000 0.000000 0.000000 0.000000 0.000000 0.000000 0.000000 0.000000 0.000093 0.001040 0.000000 0.000280 0.000000 0.000000 0.000080 0.003853 0.000000 0.000000 0.000093 0.004947 0.000000 0.000000 0.000000 0.000000 0.000000 0.000000 0.000253 0.000520 0.003853 0.000000 0.000000 0.000000 0.000160 0.027240 0.009000 0.000000 0.000627 0.000000 0.000000 0.000000 0.011240 0.000000 0.001080 0.004280 0.000200 0.001200 0.000000 0.004800 0.000000 0.022013 0.000813 0.000000 0.076067 0.102147 0.001467 0.001187 0.002293 0.000000 0.000000 0.000000 0.000000
0.000000 0.000000 0.000000 0.003120 0.000000 0.000160 0.000693 0.000307 0.001027 0.003053 0.000000 0.000893 0.000000 0.000000 0.000000 0.000000 0.000000 0.000000 0.000000 0.010413 0.000000 0.000000 0.000000 0.000640 0.000000 0.000000 0.000000 0.006160 0.000280 0.000000 0.000000 0.000000 0.000000 0.000067 0.000373 0.000000 0.000000 0.000000 0.000507 0.000853 0.003027 0.002467 0.004453 0.096293 0.000093 0.004160 0.000000 0.002493 0.000373 0.000000 0.000000 0.000000 0.000000 0.096013 0.000000 0.000000 0.000000 0.030453 0.000000 0.000000 0.000067 0.137760 0.004493 0.000000 0.000000 0.000267 0.000000 0.000920
0.000000 0.000000 0.000000 0.000000 0.000000 0.000000 0.000000 0.000000 0.000000 0.000000 0.000000 0.000000 0.000000 0.000000 0.000000 0.000000 0.000000 0.000000 0.000000 0.000000 0.000000 0.000000 0.000000 0.000000 0.000000 0.000000 0.000000 0.000000 0.000000 0.000000 0.000000 0.000000 0.000000 0.000000 0.000000 0.000947 0.000000 0.000507 0.000000 0.006520 0.000653 0.000147 0.000000 0.000440 0.000000 0.000000 0.000000 0.000133 0.065267 0.000000 0.000000 0.000000 0.000000 0.000213 0.000000 0.001133 0.000000 0.002307 0.000587 0.000267 0.001880 0.002227 0.000480 0.000000 0.000000 0.016680 0.000000 0.000827
0.000000 0.000000 0.000000 0.000373 0.000000 0.000000 0.000147 0.000000 0.000000 0.000707 0.000000 0.000080 0.000000 0.000000 0.000000 0.000000 0.000000 0.000000 0.000000 0.000307 0.000000 0.000000 0.000000 0.000133 0.000000 0.000000 0.000000 0.000707 0.000000 0.000000 0.000000 0.000000 0.000000 0.000000 0.000240 0.000000 0.000160 0.000853 0.006520 0.000000 0.031600 0.119547 0.000200 0.142053 0.000747 0.002440 0.000600 0.011360 0.010467 0.000000 0.000080 0.000227 0.000067 0.000667 0.000000 0.000000 0.000200 0.000227 0.000000 0.000347 0.000213 0.012267 0.005227 0.000120 0.000133 0.024280 0.000000 0.002173
0.000000 0.000000 0.000000 0.000333 0.000000 0.000000 0.000093 0.000000 0.000213 0.000440 0.000000 0.000000 0.000000 0.000000 0.000000 0.000000 0.000000 0.000000 0.000000 0.000453 0.000000 0.000000 0.000000 0.000240 0.000000 0.000067 0.000080 0.001320 0.000000 0.000000 0.000000 0.000000 0.000000 0.000000 0.065227 0.000227 0.027240 0.003027 0.000653 0.031600 0.000000 0.137427 0.003093 0.138600 0.001013 0.000280 0.000520 0.191400 0.000667 0.000000 0.028387 0.003573 0.009067 0.000693 0.014720 0.000000 0.048627 0.012173 0.000067 0.033867 0.003027 0.514587 0.034667 0.088147 0.000080 0.001907 0.000120 0.003027
0.000000 0.000000 0.000000 0.000413 0.000000 0.000000 0.000347 0.000173 0.000000 0.001320 0.000067 0.000000 0.000067 0.000107 0.000000 0.000000 0.000000 0.000000 0.000093 0.000400 0.000000 0.000000 0.000000 0.000347 0.000000 0.000093 0.000000 0.001320 0.000400 0.000000 0.000000 0.000000 0.000000 0.000120 0.001240 0.000067 0.009000 0.002467 0.000147 0.119547 0.137427 0.000000 0.001520 0.158640 0.006733 0.009427 0.004507 0.221293 0.005640 0.000000 0.005600 0.002693 0.005093 0.002400 0.000640 0.000000 0.008747 0.000960 0.000387 0.016347 0.002213 0.013680 0.032653 0.013840 0.000253 0.052533 0.000000 0.008627
0.000000 0.000000 0.000000 0.000093 0.000000 0.000000 0.000160 0.000000 0.000000 0.000307 0.000000 0.000000 0.000000 0.000000 0.000000 0.000000 0.000000 0.000000 0.000000 0.000107 0.000000 0.000000 0.000000 0.000333 0.000000 0.000000 0.000000 0.000733 0.000107 0.000000 0.000000 0.000000 0.000000 0.000000 0.000173 0.003120 0.000000 0.004453 0.000000 0.000200 0.003093 0.001520 0.000000 0.005253 0.000067 0.000627 0.000093 0.003547 0.000000 0.000000 0.000000 0.000147 0.000107 0.001600 0.000000 0.004760 0.000000 0.004667 0.001960 0.000307 0.002907 0.017093 0.007707 0.000133 0.000000 0.000000 0.000093 0.000333
0.000000 0.000000 0.000000 0.003067 0.000000 0.000240 0.000973 0.000520 0.000507 0.005720 0.000080 0.000453 0.000000 0.000253 0.000000 0.000000 0.000000 0.000000 0.000000 0.003187 0.000000 0.000000 0.000000 0.000773 0.000000 0.000107 0.000120 0.008293 0.000467 0.000000 0.000000 0.000000 0.000000 0.000187 0.002440 0.000093 0.000627 0.096293 0.000440 0.142053 0.138600 0.158640 0.005253 0.000000 0.004720 0.030200 0.002227 0.047360 0.000413 0.000000 0.000067 0.001480 0.000507 0.187040 0.000133 0.000000 0.000400 0.004933 0.000147 0.001653 0.001667 0.178453 0.039760 0.000093 0.000333 0.008453 0.000000 0.012720
0.000000 0.000000 0.000000 0.000000 0.000000 0.000000 0.000000 0.000000 0.000000 0.000000 0.003200 0.000000 0.008800 0.000000 0.000000 0.000000 0.000000 0.001027 0.000187 0.000000 0.000000 0.000000 0.000000 0.000080 0.000067 0.002680 0.000787 0.000000 0.000000 0.000000 0.001667 0.000000 0.000000 0.000000 0.000093 0.000000 0.000000 0.000093 0.000000 0.000747 0.001013 0.006733 0.000067 0.004720 0.000000 0.001280 0.027547 0.003560 0.000080 0.000000 0.000000 0.132853 0.005653 0.000160 0.000000 0.000000 0.000000 0.000107 0.005987 0.015333 0.002560 0.000467 0.011253 0.000147 0.002987 0.010867 0.000000 0.028280
0.000000 0.000000 0.000000 0.001880 0.000000 0.000000 0.000147 0.000000 0.000000 0.001013 0.000000 0.001040 0.000000 0.000000 0.000000 0.000000 0.000000 0.000000 0.000000 0.001360 0.000000 0.000000 0.000000 0.000320 0.000000 0.000000 0.000000 0.002853 0.000000 0.000000 0.000000 0.000000 0.000000 0.000000 0.000000 0.000000 0.000000 0.004160 0.000000 0.002440 0.000280 0.009427 0.000627 0.030200 0.001280 0.000000 0.000773 0.008973 0.000000 0.000000 0.000000 0.000600 0.000320 0.021800 0.000000 0.000000 0.000000 0.001253 0.000000 0.000507 0.000547 0.003600 0.007293 0.000000 0.000107 0.002293 0.000000 0.002747
0.000000 0.000000 0.000000 0.000000 0.000000 0.000000 0.000000 0.000000 0.000080 0.000000 0.012373 0.000000 0.030120 0.000000 0.000000 0.000000 0.000000 0.002893 0.000253 0.000000 0.000000 0.000000 0.000000 0.000000 0.000560 0.007160 0.002520 0.000000 0.000000 0.000000 0.004987 0.000000 0.000000 0.000107 0.000000 0.000000 0.000000 0.000000 0.000000 0.000600 0.000520 0.004507 0.000093 0.002227 0.027547 0.000773 0.000000 0.002187 0.000093 0.000000 0.000000 0.005000 0.000333 0.000120 0.000000 0.000080 0.000000 0.000480 0.049240 0.004453 0.050333 0.000440 0.006867 0.000080 0.004480 0.011000 0.000000 0.020413
0.000000 0.000000 0.000000 0.000000 0.000000 0.000000 0.000440 0.000173 0.000120 0.000453 0.000000 0.000000 0.000000 0.000120 0.000000 0.000120 0.000067 0.000000 0.000000 0.000173 0.000293 0.000093 0.000000 0.001000 0.000000 0.000240 0.000093 0.001187 0.000320 0.000000 0.000000 0.000000 0.000000 0.000133 0.054453 0.000493 0.011240 0.002493 0.000133 0.011360 0.191400 0.221293 0.003547 0.047360 0.003560 0.008973 0.002187 0.000000 0.000773 0.000000 0.019613 0.006067 0.014773 0.002587 0.000520 0.000000 0.014653 0.003440 0.000200 0.031653 0.005373 0.022053 0.096693 0.062227 0.000267 0.003973 0.000000 0.008093
0.000000 0.000000 0.000000 0.000000 0.000000 0.000000 0.000000 0.000000 0.000000 0.000000 0.000000 0.000000 0.000000 0.000000 0.000000 0.000000 0.000000 0.000000 0.000000 0.000000 0.000000 0.000000 0.000000 0.000000 0.000000 0.000000 0.000000 0.000000 0.000000 0.000000 0.000000 0.000000 0.000000 0.000000 0.000000 0.001680 0.000000 0.000373 0.065267 0.010467 0.000667 0.005640 0.000000 0.000413 0.000080 0.000000 0.000093 0.000773 0.000000 0.000000 0.000000 0.000000 0.000000 0.000160 0.000000 0.001613 0.000000 0.001227 0.001053 0.000187 0.002573 0.001893 0.000960 0.000000 0.000000 0.023720 0.000000 0.000093
0.000000 0.000000 0.000000 0.000000 0.000000 0.000000 0.000000 0.000000 0.000000 0.000000 0.000000 0.000000 0.000000 0.000000 0.000000 0.030800 0.000000 0.000000 0.000000 0.000000 0.002907 0.003893 0.027667 0.000227 0.000000 0.000000 0.001600 0.000440 0.000000 0.001387 0.000000 0.000000 0.000000 0.000000 0.000000 0.000000 0.001080 0.000000 0.000000 0.000000 0.000000 0.000000 0.000000 0.000000 0.000000 0.000000 0.000000 0.000000 0.000000 0.000000 0.000360 0.000000 0.000107 0.000000 0.003213 0.020587 0.049440 0.015693 0.000000 0.001067 0.005907 0.029947 0.000107 0.000707 0.000000 0.000000 0.000000 0.001373
0.000000 0.000560 0.002000 0.000000 0.000000 0.000000 0.000000 0.000000 0.000000 0.000000 0.000000 0.000000 0.000000 0.000000 0.000000 0.000000 0.002413 0.000000 0.002707 0.000000 0.000000 0.000000 0.000307 0.000067 0.000000 0.001480 0.004893 0.000000 0.000000 0.000000 0.000000 0.000000 0.000000 0.000347 0.001920 0.006640 0.004280 0.000000 0.000000 0.000080 0.028387 0.005600 0.000000 0.000067 0.000000 0.000000 0.000000 0.019613 0.000000 0.000360 0.000000 0.000933 0.005560 0.000000 0.000627 0.000000 0.019187 0.005280 0.000000 0.008613 0.089467 0.003133 0.005040 0.023667 0.000000 0.000000 0.000000 0.007627
0.000000 0.000000 0.000067 0.000000 0.000000 0.000000 0.000000 0.000000 0.000000 0.000000 0.003213 0.000000 0.004840 0.000000 0.000000 0.000000 0.000093 0.002133 0.000560 0.000000 0.000000 0.000000 0.000000 0.000000 0.000213 0.008840 0.002813 0.000000 0.000000 0.000000 0.003613 0.000000 0.000000 0.000120 0.000613 0.000333 0.000200 0.000000 0.000000 0.000227 0.003573 0.002693 0.000147 0.001480 0.132853 0.000600 0.005000 0.006067 0.000000 0.000000 0.000933 0.000000 0.072787 0.000000 0.000133 0.000000 0.000827 0.000080 0.009400 0.032507 0.005053 0.000427 0.006400 0.003800 0.002360 0.001413 0.000000 0.032653
0.000000 0.000987 0.000133 0.000000 0.000000 0.000000 0.000000 0.000000 0.000000 0.000000 0.000160 0.000000 0.000160 0.000000 0.000000 0.000000 0.000800 0.000093 0.002853 0.000000 0.000000 0.000000 0.000000 0.000000 0.000080 0.008693 0.003320 0.000000 0.000000 0.000000 0.000160 0.000000 0.000000 0.000253 0.001920 0.017147 0.001200 0.000000 0.000000 0.000067 0.009067 0.005093 0.000107 0.000507 0.005653 0.000320 0.000333 0.014773 0.000000 0.000107 0.005560 0.072787 0.000000 0.000000 0.000493 0.000000 0.002587 0.000640 0.002733 0.028400 0.046440 0.000987 0.009787 0.006040 0.000307 0.000093 0.000000 0.026213
0.000000 0.000000 0.000000 0.001400 0.000000 0.000000 0.000493 0.000093 0.000333 0.001867 0.000000 0.000333 0.000000 0.000067 0.000000 0.000000 0.000000 0.000000 0.000000 0.001053 0.000000 0.000000 0.000000 0.000293 0.000000 0.000000 0.000000 0.003373 0.000093 0.000000 0.000000 0.000000 0.000000 0.000000 0.000227 0.000000 0.000000 0.096013 0.000213 0.000667 0.000693 0.002400 0.001600 0.187040 0.000160 0.021800 0.000120 0.002587 0.000160 0.000000 0.000000 0.000000 0.000000 0.000000 0.000000 0.000000 0.000000 0.002973 0.000000 0.000067 0.000067 0.062373 0.002533 0.000000 0.000000 0.000213 0.000000 0.000640
0.000000 0.000000 0.000000 0.000000 0.000000 0.000000 0.000000 0.000000 0.000000 0.000000 0.000000 0.000000 0.000000 0.000000 0.000000 0.000533 0.000000 0.000000 0.000000 0.000000 0.000253 0.000000 0.000187 0.000000 0.000000 0.000000 0.000107 0.000107 0.000000 0.000147 0.000000 0.000000 0.000000 0.000000 0.000000 0.000093 0.004800 0.000000 0.000000 0.000000 0.014720 0.000640 0.000000 0.000133 0.000000 0.000000 0.000000 0.000520 0.000000 0.003213 0.000627 0.000133 0.000493 0.000000 0.000000 0.000107 0.128893 0.000000 0.000000 0.001840 0.007147 0.005440 0.001707 0.036520 0.000000 0.000480 0.000000 0.025120
0.000000 0.000000 0.000000 0.000000 0.000000 0.000000 0.000000 0.000000 0.000000 0.000000 0.000000 0.000000 0.000000 0.000000 0.000000 0.001733 0.000107 0.000000 0.000000 0.000000 0.000000 0.000000 0.001720 0.000000 0.000000 0.000000 0.000613 0.000067 0.000000 0.000000 0.000000 0.000000 0.000000 0.000000 0.000000 0.009360 0.000000 0.000000 0.001133 0.000000 0.000000 0.000000 0.004760 0.000000 0.000000 0.000000 0.000080 0.000000 0.001613 0.020587 0.000000 0.000000 0.000000 0.000000 0.000107 0.000000 0.007827 0.006080 0.004813 0.000240 0.010133 0.000120 0.000000 0.000000 0.000000 0.000133 0.000000 0.000000
0.000000 0.000467 0.003960 0.000000 0.000000 0.000000 0.000000 0.000000 0.000000 0.000000 0.000000 0.000000 0.000000 0.000000 0.000000 0.017867 0.000747 0.000000 0.000173 0.000000 0.000133 0.000987 0.027680 0.000080 0.000000 0.000107 0.009307 0.000000 0.000000 0.000160 0.000000 0.000000 0.000000 0.000107 0.000987 0.005413 0.022013 0.000000 0.000000 0.000200 0.048627 0.008747 0.000000 0.000400 0.000000 0.000000 0.000000 0.014653 0.000000 0.049440 0.019187 0.000827 0.002587 0.000000 0.128893 0.007827 0.000000 0.001533 0.000000 0.021840 0.110067 0.012027 0.008653 0.006400 0.000000 0.001920 0.000000 0.012267
0.000000 0.000080 0.000000 0.000747 0.000000 0.000000 0.000627 0.000147 0.000480 0.000973 0.000000 0.000080 0.000000 0.000120 0.000000 0.000800 0.000000 0.000000 0.000000 0.000280 0.000707 0.000173 0.000333 0.002973 0.000000 0.000107 0.000133 0.003693 0.000413 0.000493 0.000000 0.000000 0.000000 0.000120 0.000200 0.002947 0.000813 0.030453 0.002307 0.000227 0.012173 0.000960 0.004667 0.004933 0.000107 0.001253 0.000480 0.003440 0.001227 0.015693 0.005280 0.000080 0.000640 0.002973 0.000000 0.006080 0.001533 0.000000 0.003120 0.013947 0.038347 0.039840 0.013067 0.003547 0.000133 0.000680 0.000293 0.001187
0.000000 0.000000 0.000000 0.000000 0.000000 0.000000 0.000000 0.000000 0.000067 0.000000 0.001267 0.000000 0.003867 0.000000 0.000000 0.000000 0.000000 0.000520 0.000560 0.000000 0.000000 0.000000 0.000000 0.000067 0.000120 0.004333 0.005360 0.000000 0.000000 0.000000 0.002160 0.000000 0.000000 0.000080 0.000000 0.026413 0.000000 0.000000 0.000587 0.000000 0.000067 0.000387 0.001960 0.000147 0.005987 0.000000 0.049240 0.000200 0.001053 0.000000 0.000000 0.009400 0.002733 0.000000 0.000000 0.004813 0.000000 0.003120 0.000000 0.033907 0.106827 0.000000 0.000680 0.000120 0.009253 0.000893 0.000000 0.002560
0.000000 0.000867 0.000573 0.000000 0.000000 0.000000 0.000000 0.000000 0.000000 0.000120 0.004827 0.000000 0.009427 0.000000 0.000000 0.000000 0.002133 0.004987 0.005680 0.000000 0.000000 0.000000 0.000000 0.000080 0.000747 0.036853 0.024213 0.000000 0.000080 0.000000 0.009747 0.000000 0.000000 0.001000 0.002493 0.014520 0.076067 0.000000 0.000267 0.000347 0.033867 0.016347 0.000307 0.001653 0.015333 0.000507 0.004453 0.031653 0.000187 0.001067 0.008613 0.032507 0.028400 0.000067 0.001840 0.000240 0.021840 0.013947 0.033907 0.000000 0.197893 0.005520 0.012427 0.013640 0.005667 0.000587 0.000000 0.011560
0.000000 0.000613 0.001533 0.000000 0.000000 0.000000 0.000067 0.000000 0.000000 0.000080 0.003867 0.000000 0.006000 0.000000 0.000000 0.008013 0.002093 0.002387 0.003827 0.000000 0.000147 0.001053 0.020560 0.000253 0.000733 0.026173 0.030040 0.000107 0.000093 0.000000 0.004560 0.000000 0.000000 0.000560 0.000773 0.032960 0.102147 0.000067 0.001880 0.000213 0.003027 0.002213 0.002907 0.001667 0.002560 0.000547 0.050333 0.005373 0.002573 0.005907 0.089467 0.005053 0.046440 0.000067 0.007147 0.010133 0.110067 0.038347 0.106827 0.197893 0.000000 0.017213 0.016093 0.003373 0.006213 0.000720 0.000000 0.016667
0.000000 0.000080 0.000000 0.008093 0.000000 0.000360 0.002907 0.000893 0.002440 0.010560 0.000000 0.001373 0.000000 0.000400 0.000000 0.002627 0.000173 0.000000 0.000067 0.005547 0.002427 0.000627 0.001253 0.004480 0.000080 0.000080 0.000600 0.021613 0.001107 0.001960 0.000000 0.000000 0.000000 0.000360 0.002693 0.000093 0.001467 0.137760 0.002227 0.012267 0.514587 0.013680 0.017093 0.178453 0.000467 0.003600 0.000440 0.022053 0.001893 0.029947 0.003133 0.000427 0.000987 0.062373 0.005440 0.000120 0.012027 0.039840 0.000000 0.005520 0.017213 0.000000 0.087133 0.036907 0.000133 0.001027 0.001907 0.007040
0.000080 0.000080 0.000000 0.000320 0.000000 0.000120 0.001227 0.000653 0.000213 0.001027 0.000080 0.000080 0.000267 0.000480 0.000000 0.000680 0.000093 0.000000 0.000373 0.000413 0.001120 0.000267 0.000120 0.004147 0.000000 0.000627 0.000160 0.004360 0.001120 0.000667 0.000000 0.000000 0.000000 0.000320 0.033467 0.001173 0.001187 0.004493 0.000480 0.005227 0.034667 0.032653 0.007707 0.039760 0.011253 0.007293 0.006867 0.096693 0.000960 0.000107 0.005040 0.006400 0.009787 0.002533 0.001707 0.000000 0.008653 0.013067 0.000680 0.012427 0.016093 0.087133 0.000000 0.100960 0.000253 0.012440 0.045693 0.065933
0.000000 0.000000 0.000000 0.000000 0.000000 0.000000 0.000000 0.000000 0.000000 0.000000 0.000000 0.000000 0.000000 0.000000 0.000000 0.000120 0.000000 0.000000 0.000000 0.000000 0.000200 0.000067 0.000000 0.000360 0.000000 0.000067 0.000000 0.000680 0.000000 0.000000 0.000000 0.000000 0.000000 0.000000 0.034107 0.000253 0.002293 0.000000 0.000000 0.000120 0.088147 0.013840 0.000133 0.000093 0.000147 0.000000 0.000080 0.062227 0.000000 0.000707 0.023667 0.003800 0.006040 0.000000 0.036520 0.000000 0.006400 0.003547 0.000120 0.013640 0.003373 0.036907 0.100960 0.000000 0.000000 0.000093 0.000120 0.009747
0.000000 0.000000 0.000000 0.000000 0.000000 0.000000 0.000000 0.000000 0.000000 0.000000 0.001400 0.000000 0.003133 0.000000 0.000000 0.000000 0.000000 0.000973 0.000227 0.000000 0.000000 0.000000 0.000000 0.000000 0.000160 0.002960 0.001240 0.000000 0.000000 0.000000 0.001800 0.000000 0.000000 0.000000 0.000000 0.000000 0.000000 0.000000 0.000000 0.000133 0.000080 0.000253 0.000000 0.000333 0.002987 0.000107 0.004480 0.000267 0.000000 0.000000 0.000000 0.002360 0.000307 0.000000 0.000000 0.000000 0.000000 0.000133 0.009253 0.005667 0.006213 0.000133 0.000253 0.000000 0.000000 0.000387 0.000000 0.001067
