0.000000 0.000000 0.005667 0.000107 0.000000 0.000507 0.038800 0.005173 0.000720 0.000667 0.000333 0.000000 0.000000 0.057747 0.000000 0.000000 0.009027 0.001627 0.007107 0.000067 0.003493 0.000000 0.009787 0.001080 0.000000 0.004587 0.000547 0.001107 0.069973 0.030853 0.000000 0.000253 0.000640 0.000747 0.000000 0.000000 0.000000 0.000000 0.000000 0.000000 0.000000 0.000000 0.000000 0.000000 0.000000 0.000000 0.000000 0.000000 0.000000 0.000000 0.000000 0.000000 0.000000 0.000000 0.000000 0.000000 0.000000 0.000000 0.000000 0.000000 0.000000 0.000000 0.000107 0.000000 0.000000 0.000000 0.000000 0.000067
0.000000 0.000000 0.000000 0.000000 0.000267 0.000000 0.000000 0.000000 0.003240 0.000000 0.000667 0.000000 0.006453 0.000307 0.000080 0.000000 0.013347 0.000667 0.012547 0.000000 0.000000 0.006600 0.000373 0.002693 0.010640 0.006520 0.028253 0.000000 0.000347 0.000000 0.000747 0.000000 0.000000 0.002827 0.000000 0.000467 0.000160 0.000000 0.000000 0.000000 0.000000 0.000000 0.000000 0.000000 0.000000 0.000000 0.000093 0.000000 0.000000 0.000000 0.000733 0.000120 0.001467 0.000000 0.000000 0.000000 0.000000 0.000000 0.000067 0.000813 0.004040 0.000000 0.000000 0.000000 0.000093 0.000000 0.000000 0.000000
0.005667 0.000000 0.000000 0.000093 0.000000 0.000387 0.077067 0.007213 0.000000 0.004613 0.000920 0.000000 0.000000 0.030320 0.000000 0.000480 0.104293 0.000893 0.004053 0.000000 0.039573 0.000000 0.099093 0.002613 0.000000 0.184947 0.106440 0.008120 0.003453 0.006293 0.000000 0.000093 0.000000 0.002240 0.000000 0.000000 0.000000 0.000000 0.000000 0.000000 0.000000 0.000000 0.000000 0.000000 0.000000 0.000000 0.000000 0.000000 0.000000 0.000000 0.000000 0.000000 0.000000 0.000000 0.000000 0.000000 0.000000 0.000000 0.000000 0.000000 0.000000 0.000000 0.000000 0.000000 0.000000 0.000000 0.000000 0.000000
0.000107 0.000000 0.000093 0.000000 0.000640 0.002600 0.000720 0.000573 0.009120 0.159067 0.000000 0.024093 0.000000 0.001773 0.000320 0.000000 0.000000 0.000000 0.000000 0.176920 0.000000 0.000000 0.000000 0.037227 0.000000 0.000000 0.000080 0.066720 0.001333 0.000000 0.000000 0.000200 0.000000 0.000520 0.000000 0.000000 0.000000 0.001840 0.000000 0.000520 0.000907 0.000693 0.000000 0.002693 0.000000 0.000080 0.000000 0.000800 0.000000 0.000000 0.000000 0.000000 0.000000 0.000227 0.000000 0.000000 0.000000 0.001267 0.000000 0.000000 0.000000 0.005000 0.000173 0.000000 0.000000 0.000000 0.000000 0.000240
0.000000 0.000267 0.000000 0.000640 0.000000 0.036787 0.000120 0.000893 0.000440 0.000760 0.000000 0.000413 0.000347 0.000000 0.025147 0.000000 0.000000 0.000000 0.000000 0.000400 0.000000 0.001107 0.000000 0.006320 0.000000 0.000200 0.001427 0.000933 0.000000 0.000000 0.000000 0.022880 0.000000 0.000280 0.000000 0.000000 0.000000 0.000000 0.000000 0.000000 0.000000 0.000000 0.000000 0.000000 0.000000 0.000000 0.000000 0.000000 0.000000 0.000000 0.000000 0.000000 0.000000 0.000000 0.000000 0.000000 0.000000 0.000000 0.000000 0.000000 0.000000 0.000000 0.000000 0.000000 0.000000 0.000000 0.000000 0.000000
0.000507 0.000000 0.000387 0.002600 0.036787 0.000000 0.030600 0.099120 0.000333 0.241400 0.000453 0.023747 0.000413 0.014053 0.002907 0.000000 0.000187 0.000147 0.000120 0.005573 0.000000 0.000000 0.000200 0.003520 0.000000 0.000480 0.000693 0.018547 0.005200 0.000347 0.000000 0.049520 0.000000 0.002667 0.000000 0.000000 0.000000 0.000160 0.000000 0.000000 0.000000 0.000107 0.000000 0.000200 0.000000 0.000000 0.000000 0.000080 0.000000 0.000000 0.000000 0.000000 0.000000 0.000000 0.000000 0.000000 0.000000 0.000160 0.000000 0.000000 0.000067 0.000347 0.000000 0.000000 0.000000 0.000000 0.000000 0.000000
0.038800 0.000000 0.077067 0.000720 0.000120 0.030600 0.000000 0.033147 0.000720 0.189000 0.000280 0.000627 0.000160 0.115573 0.000080 0.001520 0.005880 0.000493 0.002507 0.000093 0.004587 0.000213 0.042240 0.041693 0.000000 0.013107 0.021520 0.291253 0.049000 0.072720 0.000000 0.000733 0.001907 0.009587 0.000000 0.000000 0.000000 0.000120 0.000000 0.000000 0.000160 0.000133 0.000000 0.000267 0.000000 0.000000 0.000000 0.000267 0.000000 0.000000 0.000000 0.000000 0.000000 0.000000 0.000000 0.000000 0.000000 0.000453 0.000000 0.000000 0.000000 0.000587 0.000160 0.000000 0.000000 0.000000 0.000000 0.000093
0.005173 0.000000 0.007213 0.000573 0.000893 0.099120 0.033147 0.000000 0.001547 0.049547 0.001653 0.003560 0.000853 0.232987 0.000133 0.000000 0.002973 0.000720 0.002093 0.001640 0.000240 0.000000 0.002893 0.001187 0.000000 0.005747 0.001453 0.006173 0.025827 0.002173 0.000213 0.038720 0.000000 0.005520 0.000000 0.000000 0.000000 0.000267 0.000000 0.000307 0.000667 0.000880 0.000067 0.000907 0.000067 0.000000 0.000000 0.001160 0.000000 0.000000 0.000000 0.000000 0.000000 0.000080 0.000000 0.000000 0.000000 0.002000 0.000000 0.000067 0.000080 0.002147 0.000840 0.000080 0.000000 0.000000 0.000000 0.000467
0.000720 0.003240 0.000000 0.009120 0.000440 0.000333 0.000720 0.001547 0.000000 0.005787 0.000093 0.003280 0.000413 0.001707 0.000160 0.000107 0.000333 0.000000 0.000613 0.001987 0.000533 0.028267 0.000133 0.029933 0.000480 0.002427 0.013133 0.007960 0.012587 0.007227 0.000107 0.000067 0.001467 0.000773 0.000107 0.000000 0.000000 0.000467 0.000000 0.000173 0.000613 0.000253 0.000000 0.000667 0.000067 0.000000 0.000000 0.000400 0.000000 0.000067 0.000000 0.000000 0.000000 0.000067 0.000107 0.000000 0.000000 0.003640 0.000000 0.000000 0.000000 0.003307 0.002027 0.000653 0.000000 0.000000 0.000000 0.000080
0.000667 0.000000 0.004613 0.159067 0.000760 0.241400 0.189000 0.049547 0.005787 0.000000 0.000587 0.040173 0.000280 0.038933 0.000187 0.000160 0.000747 0.000120 0.000107 0.085253 0.000133 0.000107 0.000880 0.026787 0.000000 0.002747 0.002653 0.310560 0.027600 0.000573 0.000067 0.003640 0.000187 0.011360 0.000000 0.000000 0.000000 0.002680 0.000000 0.000773 0.002027 0.002120 0.000093 0.003747 0.000080 0.000120 0.000000 0.002640 0.000000 0.000000 0.000000 0.000000 0.000000 0.000413 0.000000 0.000000 0.000000 0.002800 0.000000 0.000000 0.000093 0.007773 0.001027 0.000000 0.000000 0.000160 0.000000 0.000733
0.000333 0.000667 0.000920 0.000000 0.000000 0.000453 0.000280 0.001653 0.000093 0.000587 0.000000 0.000280 0.023053 0.003453 0.000000 0.000000 0.000840 0.080253 0.014907 0.000000 0.000000 0.000120 0.000573 0.000000 0.002747 0.073293 0.026947 0.000120 0.007973 0.000453 0.015000 0.005747 0.000000 0.027133 0.000000 0.000120 0.000000 0.000000 0.000000 0.000000 0.000000 0.000000 0.000160 0.000000 0.000653 0.000000 0.002427 0.000000 0.000000 0.000000 0.000000 0.001107 0.000000 0.000000 0.000000 0.000000 0.000000 0.000187 0.000080 0.001360 0.002173 0.000000 0.000000 0.000000 0.000507 0.000000 0.000000 0.000000
0.000000 0.000000 0.000000 0.024093 0.000413 0.023747 0.000627 0.003560 0.003280 0.040173 0.000280 0.000000 0.000000 0.001693 0.000080 0.000000 0.000000 0.000000 0.000000 0.111067 0.000000 0.000000 0.000000 0.000760 0.000000 0.000080 0.000253 0.004040 0.002133 0.000000 0.000000 0.001773 0.000000 0.000933 0.000000 0.000000 0.000000 0.001120 0.000000 0.000107 0.000267 0.000107 0.000000 0.001027 0.000000 0.000067 0.000000 0.000173 0.000000 0.000000 0.000000 0.000000 0.000000 0.000133 0.000000 0.000000 0.000000 0.000373 0.000000 0.000000 0.000000 0.002560 0.000067 0.000000 0.000000 0.000000 0.000000 0.000000
0.000000 0.006453 0.000000 0.000000 0.000347 0.000413 0.000160 0.000853 0.000413 0.000280 0.023053 0.000000 0.000000 0.000933 0.000000 0.000000 0.000160 0.000187 0.000000 0.000000 0.000000 0.000893 0.000000 0.000253 0.043533 0.002587 0.054800 0.000093 0.002160 0.000000 0.019133 0.007147 0.000000 0.013640 0.000000 0.000333 0.000000 0.000000 0.000000 0.000000 0.000000 0.000000 0.000360 0.000000 0.005347 0.000000 0.018027 0.000000 0.000000 0.000000 0.000000 0.002080 0.000253 0.000000 0.000000 0.000120 0.000000 0.000467 0.000307 0.005507 0.005893 0.000000 0.000000 0.000000 0.003973 0.000000 0.000000 0.000067
0.057747 0.000307 0.030320 0.001773 0.000000 0.014053 0.115573 0.232987 0.001707 0.038933 0.003453 0.001693 0.000933 0.000000 0.000000 0.000080 0.016347 0.003027 0.011680 0.004467 0.002880 0.000000 0.016587 0.001853 0.000080 0.016853 0.004333 0.011400 0.127213 0.024267 0.000173 0.009480 0.000080 0.016453 0.000000 0.000000 0.000000 0.000147 0.000000 0.000120 0.000440 0.000707 0.000000 0.000453 0.000067 0.000000 0.000000 0.000907 0.000000 0.000000 0.000000 0.000080 0.000120 0.000000 0.000000 0.000000 0.000000 0.002200 0.000000 0.000133 0.000440 0.001907 0.001253 0.000227 0.000000 0.000000 0.000000 0.000307
0.000000 0.000080 0.000000 0.000320 0.025147 0.002907 0.000080 0.000133 0.000160 0.000187 0.000000 0.000080 0.000000 0.000000 0.000000 0.000000 0.000000 0.000000 0.000000 0.000280 0.000000 0.000453 0.000000 0.003600 0.000000 0.000067 0.000640 0.000520 0.000000 0.000000 0.000000 0.007760 0.000000 0.000000 0.000000 0.000000 0.000000 0.000000 0.000000 0.000000 0.000000 0.000000 0.000000 0.000000 0.000000 0.000000 0.000000 0.000000 0.000000 0.000000 0.000000 0.000000 0.000000 0.000000 0.000000 0.000000 0.000000 0.000000 0.000000 0.000000 0.000000 0.000000 0.000000 0.000000 0.000000 0.000000 0.000000 0.000000
0.000000 0.000000 0.000480 0.000000 0.000000 0.000000 0.001520 0.000000 0.000107 0.000160 0.000000 0.000000 0.000000 0.000080 0.000000 0.000000 0.000707 0.000173 0.000107 0.000000 0.128133 0.013280 0.148347 0.024813 0.000000 0.000560 0.024680 0.015333 0.000000 0.009187 0.000000 0.000000 0.000000 0.001360 0.000000 0.000000 0.000000 0.000000 0.000000 0.000000 0.000000 0.000000 0.000000 0.000000 0.000000 0.000000 0.000000 0.000000 0.000000 0.000067 0.000000 0.000000 0.000000 0.000000 0.000067 0.000453 0.000827 0.000067 0.000000 0.000000 0.000093 0.000200 0.000093 0.000120 0.000000 0.000000 0.000000 0.000000
0.009027 0.013347 0.104293 0.000000 0.000000 0.000187 0.005880 0.002973 0.000333 0.000747 0.000840 0.000000 0.000160 0.016347 0.000000 0.000707 0.000000 0.003253 0.044813 0.000000 0.011720 0.000707 0.028587 0.001800 0.000000 0.063787 0.124067 0.000547 0.025427 0.013347 0.000093 0.000080 0.001107 0.006640 0.000000 0.000893 0.000360 0.000000 0.000000 0.000000 0.000000 0.000000 0.000000 0.000000 0.000000 0.000000 0.000000 0.000000 0.000000 0.000000 0.001840 0.000000 0.001333 0.000000 0.000000 0.000000 0.000160 0.000000 0.000000 0.000800 0.005987 0.000000 0.000000 0.000000 0.000000 0.000000 0.000000 0.000307
0.001627 0.000667 0.000893 0.000000 0.000000 0.000147 0.000493 0.000720 0.000000 0.000120 0.080253 0.000000 0.000187 0.003027 0.000000 0.000173 0.003253 0.000000 0.025707 0.000000 0.000160 0.000093 0.001200 0.000000 0.001520 0.058120 0.014933 0.000000 0.006413 0.002213 0.001333 0.000320 0.000293 0.002507 0.000000 0.000133 0.000000 0.000000 0.000000 0.000000 0.000000 0.000000 0.000000 0.000000 0.000147 0.000000 0.000640 0.000107 0.000000 0.000000 0.000000 0.000853 0.000387 0.000000 0.000000 0.000000 0.000000 0.000000 0.000200 0.002773 0.002107 0.000000 0.000000 0.000000 0.000387 0.000000 0.000000 0.000120
0.007107 0.012547 0.004053 0.000000 0.000000 0.000120 0.002507 0.002093 0.000613 0.000107 0.014907 0.000000 0.000000 0.011680 0.000000 0.000107 0.044813 0.025707 0.000000 0.000000 0.002573 0.000560 0.003987 0.001133 0.000360 0.100347 0.062840 0.000280 0.020280 0.010213 0.000133 0.000107 0.000733 0.001893 0.000000 0.001093 0.000000 0.000000 0.000000 0.000000 0.000000 0.000000 0.000000 0.000000 0.000000 0.000000 0.000107 0.000067 0.000000 0.000000 0.000480 0.000120 0.001453 0.000000 0.000000 0.000000 0.000000 0.000000 0.000000 0.001320 0.003573 0.000000 0.000000 0.000000 0.000093 0.000000 0.000000 0.000133
0.000067 0.000000 0.000000 0.176920 0.000400 0.005573 0.000093 0.001640 0.001987 0.085253 0.000000 0.111067 0.000000 0.004467 0.000280 0.000000 0.000000 0.000000 0.000000 0.000000 0.000000 0.000000 0.000000 0.001813 0.000000 0.000000 0.000067 0.006947 0.004253 0.000000 0.000000 0.000387 0.000000 0.000600 0.000000 0.000000 0.000000 0.001760 0.000000 0.000200 0.000973 0.000720 0.000000 0.001973 0.000000 0.000000 0.000000 0.000893 0.000000 0.000000 0.000000 0.000000 0.000000 0.000187 0.000000 0.000000 0.000000 0.001040 0.000000 0.000000 0.000000 0.004800 0.000213 0.000000 0.000000 0.000000 0.000000 0.000093
0.003493 0.000000 0.039573 0.000000 0.000000 0.000000 0.004587 0.000240 0.000533 0.000133 0.000000 0.000000 0.000000 0.002880 0.000000 0.128133 0.011720 0.000160 0.002573 0.000000 0.000000 0.007240 0.338333 0.015573 0.000000 0.001520 0.019960 0.034427 0.004067 0.084320 0.000000 0.000000 0.000067 0.032067 0.000000 0.000000 0.000000 0.000000 0.000000 0.000000 0.000000 0.000000 0.000000 0.000000 0.000000 0.000000 0.000000 0.000000 0.000000 0.000160 0.000093 0.000000 0.000000 0.000000 0.000347 0.000480 0.000587 0.000187 0.000000 0.000000 0.000560 0.000307 0.000133 0.000267 0.000000 0.000000 0.000000 0.000120
0.000000 0.006600 0.000000 0.000000 0.001107 0.000000 0.000213 0.000000 0.028267 0.000107 0.000120 0.000000 0.000893 0.000000 0.000453 0.013280 0.000707 0.000093 0.000560 0.000000 0.007240 0.000000 0.009067 0.047600 0.000760 0.002987 0.019893 0.001893 0.000373 0.008120 0.000213 0.000000 0.000120 0.000573 0.000000 0.000000 0.000107 0.000000 0.000000 0.000000 0.000000 0.000000 0.000000 0.000000 0.000000 0.000000 0.000000 0.000000 0.000000 0.000587 0.000120 0.000000 0.000000 0.000000 0.001187 0.002800 0.004693 0.000480 0.000000 0.000000 0.000467 0.000893 0.000120 0.000573 0.000000 0.000000 0.000000 0.000000
0.009787 0.000373 0.099093 0.000000 0.000000 0.000200 0.042240 0.002893 0.000133 0.000880 0.000573 0.000000 0.000000 0.016587 0.000000 0.148347 0.028587 0.001200 0.003987 0.000000 0.338333 0.009067 0.000000 0.017200 0.000000 0.023133 0.178000 0.035027 0.008040 0.035200 0.000000 0.000000 0.000267 0.038520 0.000000 0.000227 0.000080 0.000000 0.000000 0.000000 0.000000 0.000000 0.000000 0.000000 0.000000 0.000000 0.000000 0.000000 0.000000 0.000000 0.000800 0.000000 0.000000 0.000000 0.000147 0.001880 0.003627 0.000000 0.000000 0.000067 0.006933 0.000000 0.000000 0.000000 0.000000 0.000000 0.000000 0.000000
0.001080 0.002693 0.002613 0.037227 0.006320 0.003520 0.041693 0.001187 0.029933 0.026787 0.000000 0.000760 0.000253 0.001853 0.003600 0.024813 0.001800 0.000000 0.001133 0.001813 0.015573 0.047600 0.017200 0.000000 0.000307 0.005600 0.051147 0.198027 0.018240 0.034107 0.000000 0.000267 0.005147 0.003667 0.000000 0.000000 0.000000 0.002000 0.000000 0.000547 0.001547 0.001560 0.000213 0.003400 0.000120 0.000000 0.000067 0.002000 0.000000 0.000093 0.000000 0.000000 0.000000 0.000320 0.000000 0.000080 0.000000 0.003213 0.000000 0.000000 0.000000 0.006933 0.001400 0.000253 0.000000 0.000133 0.000000 0.001067
0.000000 0.010640 0.000000 0.000000 0.000000 0.000000 0.000000 0.000000 0.000480 0.000000 0.002747 0.000000 0.043533 0.000080 0.000000 0.000000 0.000000 0.001520 0.000360 0.000000 0.000000 0.000760 0.000000 0.000307 0.000000 0.018227 0.046813 0.000000 0.000147 0.000000 0.002667 0.000080 0.000000 0.001587 0.000000 0.000067 0.000000 0.000000 0.000000 0.000000 0.000000 0.000000 0.000000 0.000000 0.000667 0.000000 0.001693 0.000000 0.000000 0.000000 0.000000 0.000560 0.000173 0.000000 0.000000 0.000000 0.000000 0.000000 0.000000 0.001373 0.001587 0.000000 0.000000 0.000000 0.000573 0.000000 0.000000 0.000000
0.004587 0.006520 0.184947 0.000000 0.000200 0.000480 0.013107 0.005747 0.002427 0.002747 0.073293 0.000080 0.002587 0.016853 0.000067 0.000560 0.063787 0.058120 0.100347 0.000000 0.001520 0.002987 0.023133 0.005600 0.018227 0.000000 0.171693 0.002107 0.009960 0.001840 0.007040 0.001213 0.000333 0.010813 0.000000 0.000573 0.000000 0.000000 0.000000 0.000000 0.000000 0.000000 0.000147 0.000107 0.000853 0.000000 0.002173 0.000173 0.000000 0.000000 0.000147 0.004173 0.001707 0.000000 0.000000 0.000000 0.000080 0.000227 0.001640 0.008347 0.010440 0.000000 0.000093 0.000000 0.001120 0.000000 0.000000 0.000373
0.000547 0.028253 0.106440 0.000080 0.001427 0.000693 0.021520 0.001453 0.013133 0.002653 0.026947 0.000253 0.054800 0.004333 0.000640 0.024680 0.124067 0.014933 0.062840 0.000067 0.019960 0.019893 0.178000 0.051147 0.046813 0.171693 0.000000 0.029307 0.003747 0.001667 0.021040 0.000747 0.000133 0.023680 0.000000 0.000547 0.000000 0.000000 0.000000 0.000000 0.000000 0.000000 0.000000 0.000000 0.002320 0.000000 0.004920 0.000080 0.000000 0.000000 0.000107 0.002853 0.001680 0.000000 0.000000 0.000080 0.000000 0.000120 0.001360 0.007400 0.008920 0.000000 0.000067 0.000000 0.002160 0.000000 0.000000 0.000360
0.001107 0.000000 0.008120 0.066720 0.000933 0.018547 0.291253 0.006173 0.007960 0.310560 0.000120 0.004040 0.000093 0.011400 0.000520 0.015333 0.000547 0.000000 0.000280 0.006947 0.034427 0.001893 0.035027 0.198027 0.000000 0.002107 0.029307 0.000000 0.018733 0.106080 0.000000 0.000333 0.003440 0.005373 0.000000 0.000000 0.000000 0.002293 0.000000 0.000627 0.001627 0.001213 0.000253 0.002880 0.000093 0.000000 0.000000 0.001373 0.000000 0.000147 0.000000 0.000000 0.000000 0.000440 0.000000 0.000067 0.000000 0.002387 0.000000 0.000000 0.000000 0.005893 0.000520 0.000120 0.000000 0.000080 0.000000 0.000467
0.069973 0.000347 0.003453 0.001333 0.000000 0.005200 0.049000 0.025827 0.012587 0.027600 0.007973 0.002133 0.002160 0.127213 0.000000 0.000000 0.025427 0.006413 0.020280 0.004253 0.004067 0.000373 0.008040 0.018240 0.000147 0.009960 0.003747 0.018733 0.000000 0.122640 0.000387 0.002040 0.093213 0.048747 0.000080 0.000000 0.000000 0.000000 0.000000 0.000000 0.000267 0.000253 0.000120 0.000173 0.000000 0.000000 0.000000 0.000773 0.000000 0.000000 0.000000 0.000000 0.000080 0.000000 0.000093 0.000093 0.000000 0.002693 0.000000 0.000107 0.000320 0.002013 0.003320 0.001347 0.000000 0.000067 0.000067 0.000987
0.030853 0.000000 0.006293 0.000000 0.000000 0.000347 0.072720 0.002173 0.007227 0.000573 0.000453 0.000000 0.000000 0.024267 0.000000 0.009187 0.013347 0.002213 0.010213 0.000000 0.084320 0.008120 0.035200 0.034107 0.000000 0.001840 0.001667 0.106080 0.122640 0.000000 0.000000 0.000000 0.002413 0.008600 0.000000 0.000000 0.000000 0.000000 0.000000 0.000000 0.000080 0.000000 0.000000 0.000000 0.000000 0.000000 0.000000 0.000080 0.000000 0.000200 0.000000 0.000000 0.000000 0.000000 0.000347 0.000373 0.000000 0.000987 0.000000 0.000000 0.000000 0.000680 0.001893 0.000840 0.000000 0.000000 0.000000 0.000320
0.000000 0.000747 0.000000 0.000000 0.000000 0.000000 0.000000 0.000213 0.000107 0.000067 0.015000 0.000000 0.019133 0.000173 0.000000 0.000000 0.000093 0.001333 0.000133 0.000000 0.000000 0.000213 0.000000 0.000000 0.002667 0.007040 0.021040 0.000000 0.000387 0.000000 0.000000 0.000253 0.000000 0.000520 0.000000 0.000067 0.000000 0.000000 0.000000 0.000000 0.000000 0.000000 0.000000 0.000000 0.000507 0.000000 0.001773 0.000000 0.000000 0.000000 0.000000 0.000760 0.000093 0.000000 0.000000 0.000000 0.000000 0.000080 0.000000 0.001120 0.001587 0.000000 0.000000 0.000000 0.000600 0.000000 0.000000 0.000000
0.000253 0.000000 0.000093 0.000200 0.022880 0.049520 0.000733 0.038720 0.000067 0.003640 0.005747 0.001773 0.007147 0.009480 0.007760 0.000000 0.000080 0.000320 0.000107 0.000387 0.000000 0.000000 0.000000 0.000267 0.000080 0.001213 0.000747 0.000333 0.002040 0.000000 0.000253 0.000000 0.000000 0.052027 0.000000 0.000000 0.000000 0.000000 0.000000 0.000000 0.000000 0.000000 0.000000 0.000000 0.000000 0.000000 0.000000 0.000000 0.000000 0.000000 0.000000 0.000000 0.000000 0.000000 0.000000 0.000000 0.000000 0.000000 0.000000 0.000000 0.000000 0.000000 0.000000 0.000000 0.000000 0.000000 0.000000 0.000000
0.000640 0.000000 0.000000 0.000000 0.000000 0.000000 0.001907 0.000000 0.001467 0.000187 0.000000 0.000000 0.000000 0.000080 0.000000 0.000000 0.001107 0.000293 0.000733 0.000000 0.000067 0.000120 0.000267 0.005147 0.000000 0.000333 0.000133 0.003440 0.093213 0.002413 0.000000 0.000000 0.000000 0.008267 0.000000 0.000000 0.000000 0.000000 0.000000 0.000000 0.000000 0.000000 0.000000 0.000000 0.000000 0.000000 0.000000 0.000000 0.000000 0.000000 0.000000 0.000000 0.000000 0.000000 0.000000 0.000000 0.000000 0.000307 0.000000 0.000000 0.000000 0.000093 0.000400 0.000067 0.000000 0.000000 0.000000 0.000000
0.000747 0.002827 0.002240 0.000520 0.000280 0.002667 0.009587 0.005520 0.000773 0.011360 0.027133 0.000933 0.013640 0.016453 0.000000 0.001360 0.006640 0.002507 0.001893 0.000600 0.032067 0.000573 0.038520 0.003667 0.001587 0.010813 0.023680 0.005373 0.048747 0.008600 0.000520 0.052027 0.008267 0.000000 0.000000 0.000093 0.000000 0.000000 0.000000 0.000000 0.000107 0.000120 0.000000 0.000093 0.000080 0.000000 0.000173 0.000200 0.000000 0.000000 0.000173 0.000320 0.001240 0.000000 0.000000 0.000000 0.000213 0.001053 0.000213 0.001053 0.003427 0.000667 0.001200 0.000387 0.000000 0.000000 0.000000 0.000213
0.000000 0.000000 0.000000 0.000000 0.000000 0.000000 0.000000 0.000000 0.000107 0.000000 0.000000 0.000000 0.000000 0.000000 0.000000 0.000000 0.000000 0.000000 0.000000 0.000000 0.000000 0.000000 0.000000 0.000000 0.000000 0.000000 0.000000 0.000000 0.000080 0.000000 0.000000 0.000000 0.000000 0.000000 0.000000 0.000000 0.000813 0.000000 0.000000 0.000120 0.022853 0.002587 0.000147 0.000680 0.000600 0.000000 0.000000 0.149147 0.000000 0.000000 0.000467 0.000547 0.000853 0.000000 0.000133 0.000000 0.000920 0.000200 0.000000 0.000600 0.000200 0.001480 0.059147 0.007040 0.000000 0.000267 0.000147 0.000867
0.000000 0.000467 0.000000 0.000000 0.000000 0.000000 0.000000 0.000000 0.000000 0.000000 0.000120 0.000000 0.000333 0.000000 0.000000 0.000000 0.000893 0.000133 0.001093 0.000000 0.000000 0.000000 0.000227 0.000000 0.000067 0.000573 0.000547 0.000000 0.000000 0.000000 0.000067 0.000000 0.000000 0.000093 0.000000 0.000000 0.000200 0.000000 0.000347 0.000000 0.000067 0.000000 0.007960 0.000000 0.000227 0.000000 0.008733 0.000067 0.000587 0.000000 0.003587 0.000693 0.007173 0.000000 0.000000 0.004493 0.001040 0.002547 0.013533 0.002653 0.050667 0.000120 0.000000 0.000000 0.000200 0.000080 0.000000 0.000307
0.000000 0.000160 0.000000 0.000000 0.000000 0.000000 0.000000 0.000000 0.000000 0.000000 0.000000 0.000000 0.000000 0.000000 0.000000 0.000000 0.000360 0.000000 0.000000 0.000000 0.000000 0.000107 0.000080 0.000000 0.000000 0.000000 0.000000 0.000000 0.000000 0.000000 0.000000 0.000000 0.000000 0.000000 0.000813 0.000200 0.000000 0.000000 0.000000 0.000373 0.071573 0.005253 0.000000 0.004493 0.000000 0.000000 0.000000 0.032120 0.000000 0.000147 0.048920 0.000467 0.009040 0.000000 0.000907 0.000227 0.120027 0.003200 0.000000 0.140013 0.120853 0.014133 0.001027 0.010573 0.000000 0.000000 0.000000 0.001427
0.000000 0.000000 0.000000 0.001840 0.000000 0.000160 0.000120 0.000267 0.000467 0.002680 0.000000 0.001120 0.000000 0.000147 0.000000 0.000000 0.000000 0.000000 0.000000 0.001760 0.000000 0.000000 0.000000 0.002000 0.000000 0.000000 0.000000 0.002293 0.000000 0.000000 0.000000 0.000000 0.000000 0.000000 0.000000 0.000000 0.000000 0.000000 0.000080 0.005267 0.001693 0.001253 0.003693 0.092640 0.000240 0.044427 0.000067 0.001413 0.000267 0.000000 0.000000 0.000067 0.000000 0.073413 0.000000 0.000000 0.000000 0.039427 0.000000 0.000267 0.000120 0.066693 0.002653 0.000000 0.000000 0.000493 0.000000 0.001187
0.000000 0.000000 0.000000 0.000000 0.000000 0.000000 0.000000 0.000000 0.000000 0.000000 0.000000 0.000000 0.000000 0.000000 0.000000 0.000000 0.000000 0.000000 0.000000 0.000000 0.000000 0.000000 0.000000 0.000000 0.000000 0.000000 0.000000 0.000000 0.000000 0.000000 0.000000 0.000000 0.000000 0.000000 0.000000 0.000347 0.000000 0.000080 0.000000 0.002173 0.000453 0.000000 0.000000 0.000213 0.000773 0.000000 0.000293 0.000107 0.028160 0.000000 0.000000 0.000000 0.000000 0.000000 0.000000 0.000200 0.000000 0.002773 0.000307 0.000187 0.000680 0.000880 0.000360 0.000000 0.000107 0.012067 0.000000 0.005760
0.000000 0.000000 0.000000 0.000520 0.000000 0.000000 0.000000 0.000307 0.000173 0.000773 0.000000 0.000107 0.000000 0.000120 0.000000 0.000000 0.000000 0.000000 0.000000 0.000200 0.000000 0.000000 0.000000 0.000547 0.000000 0.000000 0.000000 0.000627 0.000000 0.000000 0.000000 0.000000 0.000000 0.000000 0.000120 0.000000 0.000373 0.005267 0.002173 0.000000 0.071107 0.130307 0.000427 0.171760 0.001227 0.043680 0.000387 0.009933 0.008013 0.000000 0.000000 0.000400 0.000187 0.010520 0.000227 0.000000 0.000227 0.002187 0.000000 0.000747 0.000640 0.031413 0.006307 0.000000 0.000213 0.068600 0.000000 0.004653
0.000000 0.000000 0.000000 0.000907 0.000000 0.000000 0.000160 0.000667 0.000613 0.002027 0.000000 0.000267 0.000000 0.000440 0.000000 0.000000 0.000000 0.000000 0.000000 0.000973 0.000000 0.000000 0.000000 0.001547 0.000000 0.000000 0.000000 0.001627 0.000267 0.000080 0.000000 0.000000 0.000000 0.000107 0.022853 0.000067 0.071573 0.001693 0.000453 0.071107 0.000000 0.051827 0.003867 0.252253 0.002467 0.000267 0.000200 0.169293 0.001187 0.000000 0.031693 0.007880 0.016013 0.000293 0.039280 0.000067 0.069947 0.017627 0.000000 0.029067 0.013440 0.418760 0.092707 0.114453 0.000200 0.002040 0.000387 0.013333
0.000000 0.000000 0.000000 0.000693 0.000000 0.000107 0.000133 0.000880 0.000253 0.002120 0.000000 0.000107 0.000000 0.000707 0.000000 0.000000 0.000000 0.000000 0.000000 0.000720 0.000000 0.000000 0.000000 0.001560 0.000000 0.000000 0.000000 0.001213 0.000253 0.000000 0.000000 0.000000 0.000000 0.000120 0.002587 0.000000 0.005253 0.001253 0.000000 0.130307 0.051827 0.000000 0.000987 0.093013 0.003653 0.004600 0.000840 0.162200 0.000240 0.000000 0.001040 0.001373 0.001147 0.004253 0.000893 0.000000 0.003240 0.000333 0.000000 0.003547 0.000853 0.004440 0.028453 0.001747 0.000267 0.080773 0.000000 0.008893
0.000000 0.000000 0.000000 0.000000 0.000000 0.000000 0.000000 0.000067 0.000000 0.000093 0.000160 0.000000 0.000360 0.000000 0.000000 0.000000 0.000000 0.000000 0.000000 0.000000 0.000000 0.000000 0.000000 0.000213 0.000000 0.000147 0.000000 0.000253 0.000120 0.000000 0.000000 0.000000 0.000000 0.000000 0.000147 0.007960 0.000000 0.003693 0.000000 0.000427 0.003867 0.000987 0.000000 0.002053 0.000067 0.004347 0.002387 0.001467 0.002373 0.000000 0.000000 0.000000 0.000000 0.001013 0.000000 0.018347 0.000000 0.018800 0.003853 0.000160 0.004480 0.013347 0.005627 0.001400 0.000080 0.000560 0.000000 0.000493
0.000000 0.000000 0.000000 0.002693 0.000000 0.000200 0.000267 0.000907 0.000667 0.003747 0.000000 0.001027 0.000000 0.000453 0.000000 0.000000 0.000000 0.000000 0.000000 0.001973 0.000000 0.000000 0.000000 0.003400 0.000000 0.000107 0.000000 0.002880 0.000173 0.000000 0.000000 0.000000 0.000000 0.000093 0.000680 0.000000 0.004493 0.092640 0.000213 0.171760 0.252253 0.093013 0.002053 0.000000 0.002747 0.073280 0.000747 0.046373 0.001360 0.000000 0.000307 0.001200 0.001173 0.086480 0.001133 0.000000 0.002227 0.006747 0.000000 0.003453 0.002160 0.198693 0.033213 0.000267 0.000533 0.004453 0.000000 0.017147
0.000000 0.000000 0.000000 0.000000 0.000000 0.000000 0.000000 0.000067 0.000067 0.000080 0.000653 0.000000 0.005347 0.000067 0.000000 0.000000 0.000000 0.000147 0.000000 0.000000 0.000000 0.000000 0.000000 0.000120 0.000667 0.000853 0.002320 0.000093 0.000000 0.000000 0.000507 0.000000 0.000000 0.000080 0.000600 0.000227 0.000000 0.000240 0.000773 0.001227 0.002467 0.003653 0.000067 0.002747 0.000000 0.000640 0.073067 0.010160 0.000000 0.000000 0.000187 0.121413 0.027707 0.000613 0.001027 0.000000 0.001613 0.000120 0.000947 0.030293 0.009440 0.000333 0.025613 0.002813 0.020533 0.008573 0.000000 0.045133
0.000000 0.000000 0.000000 0.000080 0.000000 0.000000 0.000000 0.000000 0.000000 0.000120 0.000000 0.000067 0.000000 0.000000 0.000000 0.000000 0.000000 0.000000 0.000000 0.000000 0.000000 0.000000 0.000000 0.000000 0.000000 0.000000 0.000000 0.000000 0.000000 0.000000 0.000000 0.000000 0.000000 0.000000 0.000000 0.000000 0.000000 0.044427 0.000000 0.043680 0.000267 0.004600 0.004347 0.073280 0.000640 0.000000 0.000187 0.004333 0.015400 0.000000 0.000000 0.000240 0.000227 0.065667 0.000000 0.000000 0.000000 0.002840 0.000000 0.000573 0.000307 0.008293 0.003707 0.000000 0.000213 0.001200 0.000000 0.002093
0.000000 0.000093 0.000000 0.000000 0.000000 0.000000 0.000000 0.000000 0.000000 0.000000 0.002427 0.000000 0.018027 0.000000 0.000000 0.000000 0.000000 0.000640 0.000107 0.000000 0.000000 0.000000 0.000000 0.000067 0.001693 0.002173 0.004920 0.000000 0.000000 0.000000 0.001773 0.000000 0.000000 0.000173 0.000000 0.008733 0.000000 0.000067 0.000293 0.000387 0.000200 0.000840 0.002387 0.000747 0.073067 0.000187 0.000000 0.001907 0.000267 0.000000 0.000000 0.002200 0.000387 0.000000 0.000000 0.001240 0.000000 0.001947 0.020147 0.005587 0.062667 0.000147 0.003320 0.000080 0.014107 0.001413 0.000000 0.009733
0.000000 0.000000 0.000000 0.000800 0.000000 0.000080 0.000267 0.001160 0.000400 0.002640 0.000000 0.000173 0.000000 0.000907 0.000000 0.000000 0.000000 0.000107 0.000067 0.000893 0.000000 0.000000 0.000000 0.002000 0.000000 0.000173 0.000080 0.001373 0.000773 0.000080 0.000000 0.000000 0.000000 0.000200 0.149147 0.000067 0.032120 0.001413 0.000107 0.009933 0.169293 0.162200 0.001467 0.046373 0.010160 0.004333 0.001907 0.000000 0.000120 0.000000 0.011493 0.009187 0.011440 0.005773 0.002773 0.000000 0.019760 0.001133 0.000000 0.020987 0.002867 0.008187 0.151400 0.017827 0.000827 0.006240 0.000000 0.023413
0.000000 0.000000 0.000000 0.000000 0.000000 0.000000 0.000000 0.000000 0.000000 0.000000 0.000000 0.000000 0.000000 0.000000 0.000000 0.000000 0.000000 0.000000 0.000000 0.000000 0.000000 0.000000 0.000000 0.000000 0.000000 0.000000 0.000000 0.000000 0.000000 0.000000 0.000000 0.000000 0.000000 0.000000 0.000000 0.000587 0.000000 0.000267 0.028160 0.008013 0.001187 0.000240 0.002373 0.001360 0.000000 0.015400 0.000267 0.000120 0.000000 0.000000 0.000000 0.000000 0.000000 0.000267 0.000000 0.000587 0.000000 0.002160 0.000360 0.000000 0.000773 0.001227 0.000613 0.000000 0.000000 0.005587 0.000000 0.000093
0.000000 0.000000 0.000000 0.000000 0.000000 0.000000 0.000000 0.000000 0.000067 0.000000 0.000000 0.000000 0.000000 0.000000 0.000000 0.000067 0.000000 0.000000 0.000000 0.000000 0.000160 0.000587 0.000000 0.000093 0.000000 0.000000 0.000000 0.000147 0.000000 0.000200 0.000000 0.000000 0.000000 0.000000 0.000000 0.000000 0.000147 0.000000 0.000000 0.000000 0.000000 0.000000 0.000000 0.000000 0.000000 0.000000 0.000000 0.000000 0.000000 0.000000 0.000000 0.000000 0.000000 0.000000 0.018747 0.002427 0.043760 0.003613 0.000000 0.000000 0.005200 0.006453 0.000000 0.004707 0.000000 0.000000 0.000000 0.000280
0.000000 0.000733 0.000000 0.000000 0.000000 0.000000 0.000000 0.000000 0.000000 0.000000 0.000000 0.000000 0.000000 0.000000 0.000000 0.000000 0.001840 0.000000 0.000480 0.000000 0.000093 0.000120 0.000800 0.000000 0.000000 0.000147 0.000107 0.000000 0.000000 0.000000 0.000000 0.000000 0.000000 0.000173 0.000467 0.003587 0.048920 0.000000 0.000000 0.000000 0.031693 0.001040 0.000000 0.000307 0.000187 0.000000 0.000000 0.011493 0.000000 0.000000 0.000000 0.000547 0.016293 0.000000 0.031000 0.000080 0.055960 0.001320 0.000000 0.021893 0.059827 0.003133 0.001627 0.047920 0.000000 0.000000 0.000000 0.028240
0.000000 0.000120 0.000000 0.000000 0.000000 0.000000 0.000000 0.000000 0.000000 0.000000 0.001107 0.000000 0.002080 0.000080 0.000000 0.000000 0.000000 0.000853 0.000120 0.000000 0.000000 0.000000 0.000000 0.000000 0.000560 0.004173 0.002853 0.000000 0.000000 0.000000 0.000760 0.000000 0.000000 0.000320 0.000547 0.000693 0.000467 0.000067 0.000000 0.000400 0.007880 0.001373 0.000000 0.001200 0.121413 0.000240 0.002200 0.009187 0.000000 0.000000 0.000547 0.000000 0.122947 0.000213 0.000813 0.000000 0.001600 0.000107 0.001720 0.043947 0.011720 0.000307 0.007067 0.007000 0.005293 0.000280 0.000000 0.020653
0.000000 0.001467 0.000000 0.000000 0.000000 0.000000 0.000000 0.000000 0.000000 0.000000 0.000000 0.000000 0.000253 0.000120 0.000000 0.000000 0.001333 0.000387 0.001453 0.000000 0.000000 0.000000 0.000000 0.000000 0.000173 0.001707 0.001680 0.000000 0.000080 0.000000 0.000093 0.000000 0.000000 0.001240 0.000853 0.007173 0.009040 0.000000 0.000000 0.000187 0.016013 0.001147 0.000000 0.001173 0.027707 0.000227 0.000387 0.011440 0.000000 0.000000 0.016293 0.122947 0.000000 0.000227 0.001987 0.000000 0.004613 0.000627 0.000427 0.079933 0.041960 0.000760 0.005627 0.012107 0.000600 0.000120 0.000000 0.021293
0.000000 0.000000 0.000000 0.000227 0.000000 0.000000 0.000000 0.000080 0.000067 0.000413 0.000000 0.000133 0.000000 0.000000 0.000000 0.000000 0.000000 0.000000 0.000000 0.000187 0.000000 0.000000 0.000000 0.000320 0.000000 0.000000 0.000000 0.000440 0.000000 0.000000 0.000000 0.000000 0.000000 0.000000 0.000000 0.000000 0.000000 0.073413 0.000000 0.010520 0.000293 0.004253 0.001013 0.086480 0.000613 0.065667 0.000000 0.005773 0.000267 0.000000 0.000000 0.000213 0.000227 0.000000 0.000000 0.000000 0.000000 0.000280 0.000000 0.000360 0.000280 0.008147 0.004253 0.000000 0.000067 0.000733 0.000000 0.001600
0.000000 0.000000 0.000000 0.000000 0.000000 0.000000 0.000000 0.000000 0.000107 0.000000 0.000000 0.000000 0.000000 0.000000 0.000000 0.000067 0.000000 0.000000 0.000000 0.000000 0.000347 0.001187 0.000147 0.000000 0.000000 0.000000 0.000000 0.000000 0.000093 0.000347 0.000000 0.000000 0.000000 0.000000 0.000133 0.000000 0.000907 0.000000 0.000000 0.000227 0.039280 0.000893 0.000000 0.001133 0.001027 0.000000 0.000000 0.002773 0.000000 0.018747 0.031000 0.000813 0.001987 0.000000 0.000000 0.002173 0.215440 0.009187 0.000000 0.001933 0.008040 0.057013 0.000120 0.140920 0.000000 0.000000 0.000000 0.029360
0.000000 0.000000 0.000000 0.000000 0.000000 0.000000 0.000000 0.000000 0.000000 0.000000 0.000000 0.000000 0.000120 0.000000 0.000000 0.000453 0.000000 0.000000 0.000000 0.000000 0.000480 0.002800 0.001880 0.000080 0.000000 0.000000 0.000080 0.000067 0.000093 0.000373 0.000000 0.000000 0.000000 0.000000 0.000000 0.004493 0.000227 0.000000 0.000200 0.000000 0.000067 0.000000 0.018347 0.000000 0.000000 0.000000 0.001240 0.000000 0.000587 0.002427 0.000080 0.000000 0.000000 0.000000 0.002173 0.000000 0.004333 0.008827 0.002840 0.000000 0.004853 0.003227 0.000107 0.000440 0.000000 0.000160 0.000000 0.000000
0.000000 0.000000 0.000000 0.000000 0.000000 0.000000 0.000000 0.000000 0.000000 0.000000 0.000000 0.000000 0.000000 0.000000 0.000000 0.000827 0.000160 0.000000 0.000000 0.000000 0.000587 0.004693 0.003627 0.000000 0.000000 0.000080 0.000000 0.000000 0.000000 0.000000 0.000000 0.000000 0.000000 0.000213 0.000920 0.001040 0.120027 0.000000 0.000000 0.000227 0.069947 0.003240 0.000000 0.002227 0.001613 0.000000 0.000000 0.019760 0.000000 0.043760 0.055960 0.001600 0.004613 0.000000 0.215440 0.004333 0.000000 0.002667 0.000000 0.030307 0.136693 0.065373 0.000427 0.033533 0.000000 0.000080 0.000000 0.020453
0.000000 0.000000 0.000000 0.001267 0.000000 0.000160 0.000453 0.002000 0.003640 0.002800 0.000187 0.000373 0.000467 0.002200 0.000000 0.000067 0.000000 0.000000 0.000000 0.001040 0.000187 0.000480 0.000000 0.003213 0.000000 0.000227 0.000120 0.002387 0.002693 0.000987 0.000080 0.000000 0.000307 0.001053 0.000200 0.002547 0.003200 0.039427 0.002773 0.002187 0.017627 0.000333 0.018800 0.006747 0.000120 0.002840 0.001947 0.001133 0.002160 0.003613 0.001320 0.000107 0.000627 0.000280 0.009187 0.008827 0.002667 0.000000 0.003413 0.004213 0.052693 0.097840 0.010360 0.006680 0.000387 0.004053 0.000173 0.003200
0.000000 0.000067 0.000000 0.000000 0.000000 0.000000 0.000000 0.000000 0.000000 0.000000 0.000080 0.000000 0.000307 0.000000 0.000000 0.000000 0.000000 0.000200 0.000000 0.000000 0.000000 0.000000 0.000000 0.000000 0.000000 0.001640 0.001360 0.000000 0.000000 0.000000 0.000000 0.000000 0.000000 0.000213 0.000000 0.013533 0.000000 0.000000 0.000307 0.000000 0.000000 0.000000 0.003853 0.000000 0.000947 0.000000 0.020147 0.000000 0.000360 0.000000 0.000000 0.001720 0.000427 0.000000 0.000000 0.002840 0.000000 0.003413 0.000000 0.005640 0.034333 0.000067 0.000000 0.000000 0.001373 0.000160 0.000000 0.000147
0.000000 0.000813 0.000000 0.000000 0.000000 0.000000 0.000000 0.000067 0.000000 0.000000 0.001360 0.000000 0.005507 0.000133 0.000000 0.000000 0.000800 0.002773 0.001320 0.000000 0.000000 0.000000 0.000067 0.000000 0.001373 0.008347 0.007400 0.000000 0.000107 0.000000 0.001120 0.000000 0.000000 0.001053 0.000600 0.002653 0.140013 0.000267 0.000187 0.000747 0.029067 0.003547 0.000160 0.003453 0.030293 0.000573 0.005587 0.020987 0.000000 0.000000 0.021893 0.043947 0.079933 0.000360 0.001933 0.000000 0.030307 0.004213 0.005640 0.000000 0.095880 0.003920 0.006187 0.015973 0.021893 0.000760 0.000000 0.012653
0.000000 0.004040 0.000000 0.000000 0.000000 0.000067 0.000000 0.000080 0.000000 0.000093 0.002173 0.000000 0.005893 0.000440 0.000000 0.000093 0.005987 0.002107 0.003573 0.000000 0.000560 0.000467 0.006933 0.000000 0.001587 0.010440 0.008920 0.000000 0.000320 0.000000 0.001587 0.000000 0.000000 0.003427 0.000200 0.050667 0.120853 0.000120 0.000680 0.000640 0.013440 0.000853 0.004480 0.002160 0.009440 0.000307 0.062667 0.002867 0.000773 0.005200 0.059827 0.011720 0.041960 0.000280 0.008040 0.004853 0.136693 0.052693 0.034333 0.095880 0.000000 0.059480 0.003800 0.002547 0.016507 0.001013 0.000000 0.009160
0.000000 0.000000 0.000000 0.005000 0.000000 0.000347 0.000587 0.002147 0.003307 0.007773 0.000000 0.002560 0.000000 0.001907 0.000000 0.000200 0.000000 0.000000 0.000000 0.004800 0.000307 0.000893 0.000000 0.006933 0.000000 0.000000 0.000000 0.005893 0.002013 0.000680 0.000000 0.000000 0.000093 0.000667 0.001480 0.000120 0.014133 0.066693 0.000880 0.031413 0.418760 0.004440 0.013347 0.198693 0.000333 0.008293 0.000147 0.008187 0.001227 0.006453 0.003133 0.000307 0.000760 0.008147 0.057013 0.003227 0.065373 0.097840 0.000067 0.003920 0.059480 0.000000 0.061813 0.073480 0.000120 0.001747 0.002627 0.025933
0.000107 0.000000 0.000000 0.000173 0.000000 0.000000 0.000160 0.000840 0.002027 0.001027 0.000000 0.000067 0.000000 0.001253 0.000000 0.000093 0.000000 0.000000 0.000000 0.000213 0.000133 0.000120 0.000000 0.001400 0.000000 0.000093 0.000067 0.000520 0.003320 0.001893 0.000000 0.000000 0.000400 0.001200 0.059147 0.000000 0.001027 0.002653 0.000360 0.006307 0.092707 0.028453 0.005627 0.033213 0.025613 0.003707 0.003320 0.151400 0.000613 0.000000 0.001627 0.007067 0.005627 0.004253 0.000120 0.000107 0.000427 0.010360 0.000000 0.006187 0.003800 0.061813 0.000000 0.160960 0.001213 0.046200 0.058427 0.110347
0.000000 0.000000 0.000000 0.000000 0.000000 0.000000 0.000000 0.000080 0.000653 0.000000 0.000000 0.000000 0.000000 0.000227 0.000000 0.000120 0.000000 0.000000 0.000000 0.000000 0.000267 0.000573 0.000000 0.000253 0.000000 0.000000 0.000000 0.000120 0.001347 0.000840 0.000000 0.000000 0.000067 0.000387 0.007040 0.000000 0.010573 0.000000 0.000000 0.000000 0.114453 0.001747 0.001400 0.000267 0.002813 0.000000 0.000080 0.017827 0.000000 0.004707 0.047920 0.007000 0.012107 0.000000 0.140920 0.000440 0.033533 0.006680 0.000000 0.015973 0.002547 0.073480 0.160960 0.000000 0.000000 0.000093 0.000813 0.026507
0.000000 0.000093 0.000000 0.000000 0.000000 0.000000 0.000000 0.000000 0.000000 0.000000 0.000507 0.000000 0.003973 0.000000 0.000000 0.000000 0.000000 0.000387 0.000093 0.000000 0.000000 0.000000 0.000000 0.000000 0.000573 0.001120 0.002160 0.000000 0.000000 0.000000 0.000600 0.000000 0.000000 0.000000 0.000000 0.000200 0.000000 0.000000 0.000107 0.000213 0.000200 0.000267 0.000080 0.000533 0.020533 0.000213 0.014107 0.000827 0.000000 0.000000 0.000000 0.005293 0.000600 0.000067 0.000000 0.000000 0.000000 0.000387 0.001373 0.021893 0.016507 0.000120 0.001213 0.000000 0.000000 0.000293 0.000000 0.001720
