1.000000000000000222e+00 6.492357209883384828e-01 5.756249442444588693e-01 7.071819132084369297e-01 5.802611748843855555e-01 5.737728911322750314e-01 6.955508591169233812e-01 4.700004007251875060e-01 4.687045493474193969e-01 5.662923228845663237e-01 4.624896763994267301e-01 7.020623611640662842e-01 4.466075596036863660e-01 6.274039453120582310e-01 4.025837704637610370e-01 7.149122169252253300e-01 7.402246983294848981e-01 5.444707683804901333e-01 6.850629190160785198e-01 7.006687092727119648e-01 5.935889969099996666e-01 7.093694196370073923e-01 6.671702203849733115e-01 5.966490732059891444e-01 6.460996352542058840e-01 6.419772829402079495e-01 6.908698649872100361e-01 6.295590286309968864e-01 7.095956718331224433e-01 7.059323256224405707e-01 2.972147875595421151e-01 5.543062395712059498e-01 6.052921908219234259e-01 6.914447970416401912e-01 7.497823521947558634e-01 6.577242665847737868e-01 5.140342566639487520e-01 5.704724570893395796e-01 4.889791052172566266e-01 6.014265655768549212e-01 6.298044885374872726e-01 4.653649226910333003e-01 4.557435503789330489e-01 5.661836599953089522e-01 5.819723771486627895e-01 5.778853684602592855e-01 4.844271983628070100e-01 6.667540639071395381e-01 4.401462039124124370e-01 6.791699990594660674e-01 6.792149869084703750e-01 3.983984004854697614e-01 6.745809609513073735e-01 6.399489256566489592e-01 6.135564886109208249e-01 6.967573885159841218e-01 7.266141428502645994e-01 5.977618636562759269e-01 5.930974509196328404e-01 5.428622758477644750e-01 6.967845745611939146e-01 5.812883935575580141e-01 6.790118378066430926e-01 6.924667757376447019e-01 4.707684320215675400e-01 5.454478156324377158e-01 6.120926057945544896e-01 7.919242354775671844e-01
6.492357209883384828e-01 9.999999999999998890e-01 5.409263102116473876e-01 7.596298331094312184e-01 6.464904737677708013e-01 6.324584500379480945e-01 6.768035198446087364e-01 6.146365054571057973e-01 5.125252001631940280e-01 6.258176698795762105e-01 4.923510586982403070e-01 6.580208111527299231e-01 5.583068366362642365e-01 6.626907363497043235e-01 5.395053241966224489e-01 7.629023255037725715e-01 7.587858313116230269e-01 4.399066210195941018e-01 5.798942671518709790e-01 5.736903460062690030e-01 7.584154545480915610e-01 8.209774481722702522e-01 7.703000296384179268e-01 6.380977881039062716e-01 7.990861191650538986e-01 6.862054431229033247e-01 7.920768600031656836e-01 6.922563370029126695e-01 8.044352320540508750e-01 8.232229225542126994e-01 4.132517097667497419e-01 6.851442748377335468e-01 7.247016272654301927e-01 8.075096446009656370e-01 7.177366492227187367e-01 9.065859537682624536e-01 6.670520550792804482e-01 6.569899726899373071e-01 6.152412039454558945e-01 7.203200656100654520e-01 7.054642420427241767e-01 5.776431604627223493e-01 5.250508608501004426e-01 5.631331726472039723e-01 6.598534725609157547e-01 6.110099704547941046e-01 5.622728508655139290e-01 7.481135405709539166e-01 5.296548885006878704e-01 7.657925432686379930e-01 7.920657148977200412e-01 6.311842521992534483e-01 8.358751963606430024e-01 6.156154157546438466e-01 7.283509713731445290e-01 7.667606966855476935e-01 8.017737574349053098e-01 6.634168827757744857e-01 7.765087664833294490e-01 7.676374991660687153e-01 8.209788688862618145e-01 6.618356926677524399e-01 8.398562629619112929e-01 8.689554231183364008e-01 3.907666362520654801e-01 6.074995813827548385e-01 7.030499601602286930e-01 8.136853248663703519e-01
5.756249442444588693e-01 5.409263102116473876e-01 9.999999999999998890e-01 5.637680682490977535e-01 6.031582439920156746e-01 5.484366037481874789e-01 7.762022829565644599e-01 6.570789586879338673e-01 5.720762549538326303e-01 5.032483788179672457e-01 4.482349147188220972e-01 4.363348262343665351e-01 4.593150668438323314e-01 6.808852252328428944e-01 3.787837895340895877e-01 5.827047583977928991e-01 6.634201988980784614e-01 6.558065854493497771e-01 6.747460604676948082e-01 3.928502872896582621e-01 7.056518855891164010e-01 5.814674950408046383e-01 7.064528730190121619e-01 5.170671123930306035e-01 6.304482800035152712e-01 7.057806747836283812e-01 8.423194344554966184e-01 6.703617396522628669e-01 5.528714387237325667e-01 6.734912192410196230e-01 1.419932093187601385e-01 5.455495917630543978e-01 4.414794698096834447e-01 5.474569612518708217e-01 5.130082083098420620e-01 5.349863857909261666e-01 6.907206595522236148e-01 5.320021620794881390e-01 4.586850302449715922e-01 5.707418025433352859e-01 6.157942369212224820e-01 6.707549484701486042e-01 5.123521507618203907e-01 4.430988440821942986e-01 6.174567942621351779e-01 3.673720667351719205e-01 5.895856522884246331e-01 5.964044325726951534e-01 4.069192942606605912e-01 6.318656799396408230e-01 5.525574976571080432e-01 4.952797756324107126e-01 5.752909229545075664e-01 4.061281017330397036e-01 7.033852717160833379e-01 5.974219794356629976e-01 6.257070124557509994e-01 5.458027534937114345e-01 6.103547946386758127e-01 6.443160839633470527e-01 7.745522183616068146e-01 4.834258652495917463e-01 5.297859633575462412e-01 5.686091928744082535e-01 3.525366830137503515e-01 3.315880762369272650e-01 5.314209267587086671e-01 5.590617847268789520e-01
7.071819132084369297e-01 7.596298331094312184e-01 5.637680682490977535e-01 9.999999999999998890e-01 5.524482153862951828e-01 6.547192226835436557e-01 8.436830617831084789e-01 5.736278423542214844e-01 7.309957803067477222e-01 7.949199528167953943e-01 4.862300663719317240e-01 8.486279142483861282e-01 6.707262311219346351e-01 7.795901551611348346e-01 4.664311290395780629e-01 7.810442181156591612e-01 7.328156347822868399e-01 6.217385567847388828e-01 6.397806834293079392e-01 8.256702084660899610e-01 6.527953559140928785e-01 8.316428488254957729e-01 6.770188643910219906e-01 8.675897945162458491e-01 8.323882094844622381e-01 6.899635720828820595e-01 7.812256038655989165e-01 7.938144809105666111e-01 8.338550275726723804e-01 7.216485261993814682e-01 4.283766189525334278e-01 6.118984204524408055e-01 7.130632183821036252e-01 6.898894542000439944e-01 7.964129509525909034e-01 7.679157660553006526e-01 5.654238361017837056e-01 8.103711494684506800e-01 4.972878245565808264e-01 7.487345574079362631e-01 8.632257689302877957e-01 5.595772593082655177e-01 7.852197250576231635e-01 7.415233409437709255e-01 6.857314871353444863e-01 8.313565782976490848e-01 6.690766237236532854e-01 8.315362672306958469e-01 4.466784270162725834e-01 7.714697887011870980e-01 7.270346302605549260e-01 6.338561095234607201e-01 7.693203518797424589e-01 8.589308020195179916e-01 6.913622803837731201e-01 8.748761163159219922e-01 7.822309808258748332e-01 8.882648339411750582e-01 7.416735212703319258e-01 7.542521956153824814e-01 7.777215039475074976e-01 8.213582162055137470e-01 8.357223905570044797e-01 7.934355920099134263e-01 5.495861080815431787e-01 5.207396966798005788e-01 6.872366861849195097e-01 7.447996501209808162e-01
5.802611748843855555e-01 6.464904737677708013e-01 6.031582439920156746e-01 5.524482153862951828e-01 9.999999999999998890e-01 7.842582226844566629e-01 6.125271222688746242e-01 7.061812965154852240e-01 4.319859854204207705e-01 6.223978954602984448e-01 5.404162855492553597e-01 5.779594807992849415e-01 3.582412580621726628e-01 5.757940184311631793e-01 6.027027725004553416e-01 6.930312884193142731e-01 5.738233676817562356e-01 5.426613953360159837e-01 5.639969678024363553e-01 4.523659563109129755e-01 7.457661513543022425e-01 6.229094948701633383e-01 7.546421129150622242e-01 4.879412134966771286e-01 6.226125229443417730e-01 7.363532263888286078e-01 7.066710753916498611e-01 6.679931076264189471e-01 6.434631012714898679e-01 7.643760951442457596e-01 2.429257466789212783e-01 6.979001638462816182e-01 5.481912533310211444e-01 7.370826940158413665e-01 4.957486681742538370e-01 6.316276644184950495e-01 6.831744652232233372e-01 5.457294352917417823e-01 7.605385083018362247e-01 7.213483834481022594e-01 5.484131621919912103e-01 6.719611328824534047e-01 4.716440669616484560e-01 5.082695615429451141e-01 7.028383233856762002e-01 4.588760946026043119e-01 4.563894831349474268e-01 6.131952165512721820e-01 7.233100181304871201e-01 7.466433513836792102e-01 6.519668195678730571e-01 4.057397456208084452e-01 6.194844498247815689e-01 4.718030668118591842e-01 7.443954865466807513e-01 5.658178798703666912e-01 6.504634474138797362e-01 5.720681757764566333e-01 5.388294834285548562e-01 6.332591326982716096e-01 7.392007362377033264e-01 5.508483110084230194e-01 6.182631136005739547e-01 6.959092973227448686e-01 4.362861692076233089e-01 6.427316504576531253e-01 5.668519049774708440e-01 7.339903452503695469e-01
5.737728911322750314e-01 6.324584500379480945e-01 5.484366037481874789e-01 6.547192226835436557e-01 7.842582226844566629e-01 1.000000000000000222e+00 6.621021258316824865e-01 8.009302072682871199e-01 5.703955433389705787e-01 8.067745923822093879e-01 6.148490033138456212e-01 7.418181718444523121e-01 4.263920337710626063e-01 5.951415058205631325e-01 6.383876895008577801e-01 7.203000680210770446e-01 5.261022247278657193e-01 6.358681739566804936e-01 5.256193543289625625e-01 5.858928642203913295e-01 6.942581821057620672e-01 6.452625510531985187e-01 7.285559817069603428e-01 6.383321583715940717e-01 5.867620292801279946e-01 7.259525662977556193e-01 6.618761894583430339e-01 7.653508947603431256e-01 7.306532823318074854e-01 7.776687628093319482e-01 2.483882069605424514e-01 6.396934949725745501e-01 5.437584688676564415e-01 6.801553426887709808e-01 5.438725833889235250e-01 6.316063694084529390e-01 6.828211546398575971e-01 7.070594074305225352e-01 7.761426390138708165e-01 7.601275289661660883e-01 6.210541796115143232e-01 6.909072370133828578e-01 6.106073746267148827e-01 6.765062775672922024e-01 7.046479425858294121e-01 6.232992480807487690e-01 5.132778251874464681e-01 6.347414619399950331e-01 6.327706991341717213e-01 8.120858799178541920e-01 6.133463602673659976e-01 4.468405298742132992e-01 6.164710860885979082e-01 6.253838987212591016e-01 7.066769266478184486e-01 6.433012558059880703e-01 6.521305876908726207e-01 7.303651671126962786e-01 4.800827788146823649e-01 6.568088232827429263e-01 6.982735335044832903e-01 6.945889781169626298e-01 6.344941950244186168e-01 7.190921494867371644e-01 5.671653658634524531e-01 5.892045874788066628e-01 5.014694449832450829e-01 6.898367577806353568e-01
6.955508591169233812e-01 6.768035198446087364e-01 7.762022829565644599e-01 8.436830617831084789e-01 6.125271222688746242e-01 6.621021258316824865e-01 1.000000000000000000e+00 6.834998443333214491e-01 7.677675446106331236e-01 7.213511319385601528e-01 4.776042850068619727e-01 7.175809480923857064e-01 6.215181155226403575e-01 8.914814908127419724e-01 5.011123781766637642e-01 7.531576865180336089e-01 7.304650379637581681e-01 7.379878769816531348e-01 7.626279536314624075e-01 6.717084188260105115e-01 6.905988286313495816e-01 7.847097148351884766e-01 6.732434727845307831e-01 8.070031193232667377e-01 8.311520419635702872e-01 7.872837390534528357e-01 8.609047847046744639e-01 8.209037020139358098e-01 7.845851525487893552e-01 7.577387287878342148e-01 3.687820782501296524e-01 6.209349724170746265e-01 6.648504087452520306e-01 6.701712022908983268e-01 7.809825364333511377e-01 6.827314304256109079e-01 6.013250035652971670e-01 7.459221778129918601e-01 5.133399789478244601e-01 7.001759330514660817e-01 8.870810041443428773e-01 6.367764782704899984e-01 7.659360295254487028e-01 6.431185604103409892e-01 6.834133605708468950e-01 6.661714717941970010e-01 7.088790450233724005e-01 8.727589586014909973e-01 4.589662448407193507e-01 7.524459127305244133e-01 6.309876944977018676e-01 6.486511923517772615e-01 7.119788737418187852e-01 7.045234887906111076e-01 6.925637066622671867e-01 8.139849899299622660e-01 6.900321339037658319e-01 8.219605279741361015e-01 7.384395379165183959e-01 7.772123405313309252e-01 8.378298577533406233e-01 7.237845309825773343e-01 7.563965054605764626e-01 7.408528159549708780e-01 5.849169600859482898e-01 4.955970526018474431e-01 6.128404133229125028e-01 6.581511134436760502e-01
4.700004007251875060e-01 6.146365054571057973e-01 6.570789586879338673e-01 5.736278423542214844e-01 7.061812965154852240e-01 8.009302072682871199e-01 6.834998443333214491e-01 1.000000000000000000e+00 5.153649042001156033e-01 7.159353352629136413e-01 6.063700068332941173e-01 4.839936348872660443e-01 4.649975103337818383e-01 6.348867945364212728e-01 5.572859913222549810e-01 6.073908160673012757e-01 4.614814623111874181e-01 6.243073735733211116e-01 4.747110073538882702e-01 3.862795951548972373e-01 6.685519043065908384e-01 6.055460995130051982e-01 6.396121040776480138e-01 5.591994135065002647e-01 5.648142804840112774e-01 6.707414859949711872e-01 7.161173660499049465e-01 7.652996287129512076e-01 6.250848539632742895e-01 7.042296384002079135e-01 1.084897585493924260e-01 5.942864586210943045e-01 4.827275258268621250e-01 5.814014697642027052e-01 4.833455439823189925e-01 6.035798802775703686e-01 6.659452700132821867e-01 6.871152953570223154e-01 7.468916490800344699e-01 7.165688603251636479e-01 6.046226777639959193e-01 8.462099817071022656e-01 5.301961165378747953e-01 5.658837524602815527e-01 6.611526343283319340e-01 4.062867557320332668e-01 5.812947315760528255e-01 6.511867267445055063e-01 5.504063286496290175e-01 7.494963485422924121e-01 4.826446503786320785e-01 5.371822067401595957e-01 5.416998779985305879e-01 4.455885015211543676e-01 7.450410974361300065e-01 6.275576431379376041e-01 5.441931235853552096e-01 6.683925232822828244e-01 5.120920404741153842e-01 7.308051746262385073e-01 6.757010533737648483e-01 6.552645181958322018e-01 5.626751200743788095e-01 6.955408765495375567e-01 4.614474486558094446e-01 3.744060320997026348e-01 4.559061604743653850e-01 5.297121913012186045e-01
4.687045493474193969e-01 5.125252001631940280e-01 5.720762549538326303e-01 7.309957803067477222e-01 4.319859854204207705e-01 5.703955433389705787e-01 7.677675446106331236e-01 5.153649042001156033e-01 1.000000000000000000e+00 5.913953752591702973e-01 3.347192298344669470e-01 6.623685542469559540e-01 5.961628976507575839e-01 7.019054658239267663e-01 4.898321306886485038e-01 6.601140133471838922e-01 5.778188163349669004e-01 6.019839164451246116e-01 5.399105755989073163e-01 6.187032209260407978e-01 6.095009058922490341e-01 6.609936074829498853e-01 5.850966291703003641e-01 8.021134775091532942e-01 7.173347985310755126e-01 5.135865210206500553e-01 6.904969963023402935e-01 6.298003011394550654e-01 6.635413101408512704e-01 5.407520691170377702e-01 2.574197062454167129e-01 4.350363384651057541e-01 4.862275256290937708e-01 5.763232918213586631e-01 5.609814225719289560e-01 5.649372206761035242e-01 4.830247660159098233e-01 5.476001393819783791e-01 4.321144681096875106e-01 5.849045475809965255e-01 7.215829971396348075e-01 4.542535046075669158e-01 8.416841622179868088e-01 4.887433176495428744e-01 5.474869040000027720e-01 5.962741342710412562e-01 7.300073386633665340e-01 6.930531701660703758e-01 5.085912182745467858e-01 6.679469682662236840e-01 5.122907330314170338e-01 4.665527778147419702e-01 5.006638445365150236e-01 6.082917471345130611e-01 5.851388085444133580e-01 7.089175028677174861e-01 5.892221600247505853e-01 7.258647469346453107e-01 6.265518361748421139e-01 5.575176166448906345e-01 6.474098997102500919e-01 5.646100951473369545e-01 5.989100840080622268e-01 5.706313524576631657e-01 5.800183607697484423e-01 3.631186191919654194e-01 5.587201220505176869e-01 5.142864267483883145e-01
5.662923228845663237e-01 6.258176698795762105e-01 5.032483788179672457e-01 7.949199528167953943e-01 6.223978954602984448e-01 8.067745923822093879e-01 7.213511319385601528e-01 7.159353352629136413e-01 5.913953752591702973e-01 9.999999999999998890e-01 5.550853314638992675e-01 7.902171478550945594e-01 5.724458392405322726e-01 7.146190461681303230e-01 4.175809560006336629e-01 7.022230447149152566e-01 4.874710271050339272e-01 6.419375481590749999e-01 5.074529166527769197e-01 6.950793093916448617e-01 5.846551360386558205e-01 6.715736930017557338e-01 5.860113918138029065e-01 7.361727294995531468e-01 6.336828140965784506e-01 6.851347837128691776e-01 6.756649679276770515e-01 8.222134961947523690e-01 6.904132447111376303e-01 6.630889941001786303e-01 4.102501121586364374e-01 5.770165163946679998e-01 5.134263315092755242e-01 5.394103636053241280e-01 6.408847703857097899e-01 6.279306097322303604e-01 5.640653934618831133e-01 9.053960978145321192e-01 6.057220936936622557e-01 6.995035435890052389e-01 7.149631780867026221e-01 7.137819010197480329e-01 6.783946175309915061e-01 8.987453664780393758e-01 7.024294095606230526e-01 7.280215488627538312e-01 5.530767501455100543e-01 7.377695583881471730e-01 4.287649612060396853e-01 7.823047049434662670e-01 5.425432461593295841e-01 6.223202902116719004e-01 6.310487127195737456e-01 7.809233890624430741e-01 7.158236416846396333e-01 7.364491709604591430e-01 6.107164469063814938e-01 8.616327920515985950e-01 5.281942965076706908e-01 7.836971885715766639e-01 6.915768663173514907e-01 8.742273883832750725e-01 6.498408621512986594e-01 6.659489673979370750e-01 5.603057095549143218e-01 4.357016618845205858e-01 4.491578279923624795e-01 6.014939832469089476e-01
4.624896763994267301e-01 4.923510586982403070e-01 4.482349147188220972e-01 4.862300663719317240e-01 5.404162855492553597e-01 6.148490033138456212e-01 4.776042850068619727e-01 6.063700068332941173e-01 3.347192298344669470e-01 5.550853314638992675e-01 1.000000000000000222e+00 4.564807907483041105e-01 6.145725428381729749e-01 3.884447812220859220e-01 2.576034224689347507e-01 4.684404380352000796e-01 3.713011234501258917e-01 6.701992837160659633e-01 3.451706794313337268e-01 4.070441032899001499e-01 4.327772869142113565e-01 4.766048053919318961e-01 5.112743404120271284e-01 3.792078324861519190e-01 3.702601492467458288e-01 5.687341345662845216e-01 5.176167242748089814e-01 5.980286182241779658e-01 4.770753065426862616e-01 5.921499258824128864e-01 3.271191114792716403e-01 5.070664477346227272e-01 3.135786310259389698e-01 4.935469916590722872e-01 4.429302960227969876e-01 4.887601431969144095e-01 4.610666522420989732e-01 5.678952785509920886e-01 6.201913277631840860e-01 6.553783655070325453e-01 4.621625373134169990e-01 6.917552678993432735e-01 3.817311885882642142e-01 5.852175026264092583e-01 7.789668886649380175e-01 4.746104613494410707e-01 6.056644560731715421e-01 4.946022184594273674e-01 4.002335622192798592e-01 6.145591174340886420e-01 4.786040989911113930e-01 4.640204067931299470e-01 4.711442399593564478e-01 4.639579162451324401e-01 4.965623701710676907e-01 5.143994580501702885e-01 5.305726204831922033e-01 5.081532492282518909e-01 2.755314112640807611e-01 4.467301962530851878e-01 4.908308635405898013e-01 5.428205344753981310e-01 4.191081888135304578e-01 5.824548268282836450e-01 4.428179038741685836e-01 4.273678384345320769e-01 3.303032596241306518e-01 4.680731471174976455e-01
7.020623611640662842e-01 6.580208111527299231e-01 4.363348262343665351e-01 8.486279142483861282e-01 5.779594807992849415e-01 7.418181718444523121e-01 7.175809480923857064e-01 4.839936348872660443e-01 6.623685542469559540e-01 7.902171478550945594e-01 4.564807907483041105e-01 1.000000000000000000e+00 5.541151957451944110e-01 6.565031963323053610e-01 5.328009259960331256e-01 7.512343882279288731e-01 6.295959573358547168e-01 6.015983412716782164e-01 6.001810098668726168e-01 8.844515078861617807e-01 5.894055776306299510e-01 7.457662680888543782e-01 6.440916823855921125e-01 7.768665488842094735e-01 6.940489741017397129e-01 6.565385508438976725e-01 6.552959893627170462e-01 7.051556809770295198e-01 7.977252144249530330e-01 6.753069799910927928e-01 4.646930304680819135e-01 5.837428575743675019e-01 6.648435277590951653e-01 6.893127112696559866e-01 7.282716210050399486e-01 6.991516851600733107e-01 5.520753768214055057e-01 7.472691223528821203e-01 5.522659089625902018e-01 7.038085285911962474e-01 7.625100847690374772e-01 4.434467349317601226e-01 6.952653201114579185e-01 7.448016883447196035e-01 6.423023157849324649e-01 8.658938671209764903e-01 5.555922117143611283e-01 7.382814032133561133e-01 5.112474277741807516e-01 7.169311008934318163e-01 6.630561742851899254e-01 5.083815288853057446e-01 7.074218647589423092e-01 8.823286457685435291e-01 5.865041343282696440e-01 7.814775488623807442e-01 7.160617427270400404e-01 7.968445204051090025e-01 6.057602170543815445e-01 6.341104920767365316e-01 7.150773417230175122e-01 7.330874559797692092e-01 7.443273735021614934e-01 7.044754185425637916e-01 6.208110308665936161e-01 6.036276013110244421e-01 5.918084717211805623e-01 7.348717914184845768e-01
4.466075596036863660e-01 5.583068366362642365e-01 4.593150668438323314e-01 6.707262311219346351e-01 3.582412580621726628e-01 4.263920337710626063e-01 6.215181155226403575e-01 4.649975103337818383e-01 5.961628976507575839e-01 5.724458392405322726e-01 6.145725428381729749e-01 5.541151957451944110e-01 1.000000000000000222e+00 5.425670075757157429e-01 2.732552872776047304e-01 5.364406777807642079e-01 4.584726234356592545e-01 6.090466254842831217e-01 3.225128893238407013e-01 5.890041879897695010e-01 4.057493525194718620e-01 5.788283171546206862e-01 4.079368735943438296e-01 5.244815224083227978e-01 6.410782500772854720e-01 3.677597821445878767e-01 6.415438549140670688e-01 4.982427614375126157e-01 5.471363444480319416e-01 4.196314192351304762e-01 5.809718922932277652e-01 5.259007087344446107e-01 4.837282569278728572e-01 4.286797094638626349e-01 5.717421256619933390e-01 5.835922003671496494e-01 3.231873672425462085e-01 6.668922804534300752e-01 4.626564055587276125e-01 6.555527681889102842e-01 6.420397814666349845e-01 6.046123267324515771e-01 6.374908830696778272e-01 6.326291440555870116e-01 6.221985746357507896e-01 6.229778367680536277e-01 8.776730103438079578e-01 6.819628802750079544e-01 3.164447318272606280e-01 5.867378815521109292e-01 4.684042989050611894e-01 7.108139098065533457e-01 5.604366497268370439e-01 5.849771351457466739e-01 5.329360347299929579e-01 6.432059676889763100e-01 5.941059618236140816e-01 5.854867150878542148e-01 5.946818118120406060e-01 5.449242221003884890e-01 5.807413189986964097e-01 5.855108657311171028e-01 6.047970429007375470e-01 5.384032034325365590e-01 4.811482758774257573e-01 3.840369266468252052e-01 4.827721722006170779e-01 4.727310890031405921e-01
6.274039453120582310e-01 6.626907363497043235e-01 6.808852252328428944e-01 7.795901551611348346e-01 5.757940184311631793e-01 5.951415058205631325e-01 8.914814908127419724e-01 6.348867945364212728e-01 7.019054658239267663e-01 7.146190461681303230e-01 3.884447812220859220e-01 6.565031963323053610e-01 5.425670075757157429e-01 1.000000000000000000e+00 4.813496165530025128e-01 7.118131274948291676e-01 6.787671689530491159e-01 6.609967603358481991e-01 7.609670455197892203e-01 5.857892898348341371e-01 6.565093094998359913e-01 7.463038710513721918e-01 6.015288323935418235e-01 7.358405956849841667e-01 8.044513603091507647e-01 7.156891335079692551e-01 8.180760616211083525e-01 7.333899719453558230e-01 7.694344946348345982e-01 6.771645948804090320e-01 3.020776833949715967e-01 6.233588156079884479e-01 6.252719307486912514e-01 6.271709444146083001e-01 7.646375092488205683e-01 6.659235824059985820e-01 5.404506848064917213e-01 7.080562608505577282e-01 4.322377597438021857e-01 6.264456677025264097e-01 8.093810929303575374e-01 5.753569584504066858e-01 6.934572885662291242e-01 5.986938044824522409e-01 6.189160649951489512e-01 5.991469964950121296e-01 6.167235422638320808e-01 8.247111807738743972e-01 4.253154137803626944e-01 6.878735893012962732e-01 5.570689805022860375e-01 5.872729275596948462e-01 6.391976201532669766e-01 6.669835680112146115e-01 6.688402771511812173e-01 7.471512671016973250e-01 6.282634092205721110e-01 7.595742509681281396e-01 7.062011293251625466e-01 7.865025399327291167e-01 8.022347904480261471e-01 6.727616655484268682e-01 7.333870882977784333e-01 7.015230466176511914e-01 5.180033613073226073e-01 4.406708329724099427e-01 5.758656938415108728e-01 5.970387493114941435e-01
4.025837704637610370e-01 5.395053241966224489e-01 3.787837895340895877e-01 4.664311290395780629e-01 6.027027725004553416e-01 6.383876895008577801e-01 5.011123781766637642e-01 5.572859913222549810e-01 4.898321306886485038e-01 4.175809560006336629e-01 2.576034224689347507e-01 5.328009259960331256e-01 2.732552872776047304e-01 4.813496165530025128e-01 9.999999999999997780e-01 5.214037975931468116e-01 5.009794028131052679e-01 3.538273487736328660e-01 4.324504206645800042e-01 3.664220153048837747e-01 5.738974194193819933e-01 5.183418277028702947e-01 5.483886253318519532e-01 4.632722809079490855e-01 5.367983266233510298e-01 4.887636677992635570e-01 4.963413804302146404e-01 4.494967977089657230e-01 6.075063314377737722e-01 5.602442370339536515e-01 1.320678913836909052e-01 4.890805379723194291e-01 5.079442899759376573e-01 6.028666184631210623e-01 4.172809320734466865e-01 5.134429236875455160e-01 5.081502650358565853e-01 3.658010927155212477e-01 5.569486575031979969e-01 5.505147021038764299e-01 4.883340202931689689e-01 4.286557894165916593e-01 4.785330143267597092e-01 2.508875759963065111e-01 4.066102277025034351e-01 3.697541726405884077e-01 4.521573044052590862e-01 5.117999606457865891e-01 5.795810332057172998e-01 5.588459032692648654e-01 4.814326455586065978e-01 3.088408509935557378e-01 4.649637942322187856e-01 3.646335457160581051e-01 5.194006830842050615e-01 4.395281112146640079e-01 4.721342276973736207e-01 4.623047598764624122e-01 4.691899857559042042e-01 4.804030337635529224e-01 5.505293897139391657e-01 3.310324270199640484e-01 5.776264527933526738e-01 5.805828938611151679e-01 4.555702927285378290e-01 5.255649298526007263e-01 5.076212014641613424e-01 5.231115870359449582e-01
7.149122169252253300e-01 7.629023255037725715e-01 5.827047583977928991e-01 7.810442181156591612e-01 6.930312884193142731e-01 7.203000680210770446e-01 7.531576865180336089e-01 6.073908160673012757e-01 6.601140133471838922e-01 7.022230447149152566e-01 4.684404380352000796e-01 7.512343882279288731e-01 5.364406777807642079e-01 7.118131274948291676e-01 5.214037975931468116e-01 1.000000000000000000e+00 7.186711998407961932e-01 5.695569145838403902e-01 6.369925764877193419e-01 6.799633909795078646e-01 8.066465167219967203e-01 8.624035453019707198e-01 8.081747752109612604e-01 7.948749400549209865e-01 7.498767135983043230e-01 6.635769889849313374e-01 7.585258358113381449e-01 8.060661644101945189e-01 8.285646934927576313e-01 8.118178922323231461e-01 3.321699372506780046e-01 6.353803666889804580e-01 6.968154054593057589e-01 7.966409068309606711e-01 7.056417026149768290e-01 7.929086722150368027e-01 6.690725007738195229e-01 6.846733853203730291e-01 6.248552471758233029e-01 7.460903195364813056e-01 7.495330119124266055e-01 5.997520913623766159e-01 7.046459452404557622e-01 6.414590349132099911e-01 6.616547336073802521e-01 6.749460442541275196e-01 5.909440026016576919e-01 7.674417493675118607e-01 5.377904229182770557e-01 8.970198999271027374e-01 7.207219872948370520e-01 5.366932382198329465e-01 7.737533260617309727e-01 7.236859674879685400e-01 7.902923574769715742e-01 8.558204328744699607e-01 8.601035878900485931e-01 7.992573912993375940e-01 6.701940793903681248e-01 6.674256143139725150e-01 8.015465886874558743e-01 7.339032131326859165e-01 8.170578286941286850e-01 8.402561828876735639e-01 4.800192556903751795e-01 6.139037481928723006e-01 7.073229068336451819e-01 8.152035388458819254e-01
7.402246983294848981e-01 7.587858313116230269e-01 6.634201988980784614e-01 7.328156347822868399e-01 5.738233676817562356e-01 5.261022247278657193e-01 7.304650379637581681e-01 4.614814623111874181e-01 5.778188163349669004e-01 4.874710271050339272e-01 3.713011234501258917e-01 6.295959573358547168e-01 4.584726234356592545e-01 6.787671689530491159e-01 5.009794028131052679e-01 7.186711998407961932e-01 1.000000000000000000e+00 5.111473254229007557e-01 8.116329493950890095e-01 5.745157225577035565e-01 6.986939313146578456e-01 7.228916992609856207e-01 7.704605561024335803e-01 6.080560119371853922e-01 7.348730061522944501e-01 7.001896172404977747e-01 7.856764484961131778e-01 6.381144167459862349e-01 7.424124696488394459e-01 7.392525807469341181e-01 3.584429072625859858e-01 5.966466566366434021e-01 6.547409324108999229e-01 7.580602572248341664e-01 7.542900843292716928e-01 7.266911612245753327e-01 6.160873599920988486e-01 5.453019049740628343e-01 4.393257572487073159e-01 5.940816901864351962e-01 6.902639441403978227e-01 4.142059267715980653e-01 5.591046998442392724e-01 4.329470239576498347e-01 5.715133133148014855e-01 5.674290825308856423e-01 5.241757736277247171e-01 6.780225285499444920e-01 4.859831236456027548e-01 6.715056926272217064e-01 8.293850562586504438e-01 5.205691085580407274e-01 8.046389670996236809e-01 5.867477482324718885e-01 6.274565004743773988e-01 6.791340794011979654e-01 7.912802030782029039e-01 6.075475049212774037e-01 7.013362213071759887e-01 6.513739217622850353e-01 8.010689794562739774e-01 5.565459745089446075e-01 7.585319545308988332e-01 7.439716545773220613e-01 4.602104635024911183e-01 5.511371908699673750e-01 7.258129887214554987e-01 7.738506174265474824e-01
5.444707683804901333e-01 4.399066210195941018e-01 6.558065854493497771e-01 6.217385567847388828e-01 5.426613953360159837e-01 6.358681739566804936e-01 7.379878769816531348e-01 6.243073735733211116e-01 6.019839164451246116e-01 6.419375481590749999e-01 6.701992837160659633e-01 6.015983412716782164e-01 6.090466254842831217e-01 6.609967603358481991e-01 3.538273487736328660e-01 5.695569145838403902e-01 5.111473254229007557e-01 1.000000000000000000e+00 6.621881826522305614e-01 5.240288440168340278e-01 5.249591191671584278e-01 5.495331030214990475e-01 5.528204859125745996e-01 5.753106230067547289e-01 5.419831545417851393e-01 6.852040939408271525e-01 7.001739854842795596e-01 6.889621836875672312e-01 5.914610041732651924e-01 5.580974321176261910e-01 3.196265146273022939e-01 5.149366878181800278e-01 3.845546954447132126e-01 5.182833604950556339e-01 5.510878020615810335e-01 4.945413614095185983e-01 5.179573648296759147e-01 6.647753952823881596e-01 5.203533518021309368e-01 5.778370561697983021e-01 6.671958450950952191e-01 6.051775583177295692e-01 5.955517208849830935e-01 5.903754047687808093e-01 7.425584438379324581e-01 5.728395465133084841e-01 6.790819473292446506e-01 6.421454895021369014e-01 4.338587296952924333e-01 6.460357194844307260e-01 5.063379065694418868e-01 5.584717624136833480e-01 5.190335282719508170e-01 5.758383706435857841e-01 5.686782484514161240e-01 6.417803496358269744e-01 5.875929275928920559e-01 6.644538580631088598e-01 4.290572814913735100e-01 6.376624184595242051e-01 6.523402514956827547e-01 6.462226280231786468e-01 5.096942358787023286e-01 5.671986253419388779e-01 6.346087949732039935e-01 4.323715491336245775e-01 4.270006259759722145e-01 5.077385664929475739e-01
6.850629190160785198e-01 5.798942671518709790e-01 6.747460604676948082e-01 6.397806834293079392e-01 5.639969678024363553e-01 5.256193543289625625e-01 7.626279536314624075e-01 4.747110073538882702e-01 5.399105755989073163e-01 5.074529166527769197e-01 3.451706794313337268e-01 6.001810098668726168e-01 3.225128893238407013e-01 7.609670455197892203e-01 4.324504206645800042e-01 6.369925764877193419e-01 8.116329493950890095e-01 6.621881826522305614e-01 1.000000000000000000e+00 5.180773680018277982e-01 6.250444246946282867e-01 6.364240321303787917e-01 6.704398317406660146e-01 5.677622009493538124e-01 6.409921838978749342e-01 7.557683065165814451e-01 7.473631710635885161e-01 6.526079370963763226e-01 7.216683913431855002e-01 6.823421024827226455e-01 2.612777503928421230e-01 5.006111154120219675e-01 6.155996479911830521e-01 7.037104812156793621e-01 7.248510750384790091e-01 5.874758020438037853e-01 5.995932166122844853e-01 5.261608417648828695e-01 3.590770012989856763e-01 5.145446601540544229e-01 6.837220755127061400e-01 3.949378127929408233e-01 5.046768858559605997e-01 4.238548221511365122e-01 5.576052676339554592e-01 4.948577878031953925e-01 4.378856314602884714e-01 6.668047064120785627e-01 4.164181781228307733e-01 5.792731191975997174e-01 6.415719128081784906e-01 4.458041741577476458e-01 6.823107601279865264e-01 5.657685170996559210e-01 5.807795168388192319e-01 6.040126535521720408e-01 6.552083424267162171e-01 5.853705597969746099e-01 6.103111490827181074e-01 6.712947627027655573e-01 7.677072208369628559e-01 5.388826230030344666e-01 6.711933709271871162e-01 6.558529336323516423e-01 5.312533537314017007e-01 4.792348982707121396e-01 5.897544334062425619e-01 6.557499454535358208e-01
7.006687092727119648e-01 5.736903460062690030e-01 3.928502872896582621e-01 8.256702084660899610e-01 4.523659563109129755e-01 5.858928642203913295e-01 6.717084188260105115e-01 3.862795951548972373e-01 6.187032209260407978e-01 6.950793093916448617e-01 4.070441032899001499e-01 8.844515078861617807e-01 5.890041879897695010e-01 5.857892898348341371e-01 3.664220153048837747e-01 6.799633909795078646e-01 5.745157225577035565e-01 5.240288440168340278e-01 5.180773680018277982e-01 1.000000000000000000e+00 4.883861203921321392e-01 6.901416536153985870e-01 5.372832313730321330e-01 7.382598758625357194e-01 6.557636461013133244e-01 5.448942927534243807e-01 5.933423938859179181e-01 6.050892089767678783e-01 6.957205602745162309e-01 5.581372574156590050e-01 4.455306620823920594e-01 4.838703820400246935e-01 6.204335107849051623e-01 5.909925319969477897e-01 7.065569810055408739e-01 6.353212850484138974e-01 4.285177730092288861e-01 6.839595356670882254e-01 4.394341993161954285e-01 6.486585640671901354e-01 7.193414314294863665e-01 3.869855079484531002e-01 6.587124857844121051e-01 7.215650400586637314e-01 5.353872072117858982e-01 8.337393196928319927e-01 5.418563217184998448e-01 7.035671866455878165e-01 3.770603558013544965e-01 6.208335365474187961e-01 6.082626965517629047e-01 4.584977954108139797e-01 6.389506561693327757e-01 8.800955662657389267e-01 5.104374877927843057e-01 7.571702381059441933e-01 6.654012329393413916e-01 7.303476143467618753e-01 5.780989354726094875e-01 5.391626742636477232e-01 6.430695021433933123e-01 6.729287290414280864e-01 6.742574755089680849e-01 5.932741316267443610e-01 5.648497970580340644e-01 4.998278360761717609e-01 5.183661645699948473e-01 6.778547742954807998e-01
5.935889969099996666e-01 7.584154545480915610e-01 7.056518855891164010e-01 6.527953559140928785e-01 7.457661513543022425e-01 6.942581821057620672e-01 6.905988286313495816e-01 6.685519043065908384e-01 6.095009058922490341e-01 5.846551360386558205e-01 4.327772869142113565e-01 5.894055776306299510e-01 4.057493525194718620e-01 6.565093094998359913e-01 5.738974194193819933e-01 8.066465167219967203e-01 6.986939313146578456e-01 5.249591191671584278e-01 6.250444246946282867e-01 4.883861203921321392e-01 1.000000000000000000e+00 7.652256129047328992e-01 9.278280263333232858e-01 6.401147489185209372e-01 7.107488357304971860e-01 7.034873935887444585e-01 8.087826866553182725e-01 7.467510543466834294e-01 7.426900958035771438e-01 8.591605150394064916e-01 2.044453552510782923e-01 5.940679210971816504e-01 6.707392167667169947e-01 8.196582900619812095e-01 5.769259483373830877e-01 7.840502042582205844e-01 8.343568426333658472e-01 5.063880283056384490e-01 6.030495281134634622e-01 6.726888061927618345e-01 6.083814691580076151e-01 6.154979681431151928e-01 5.376884394828082003e-01 4.372103851400425123e-01 6.453337367491546184e-01 4.716050386135507977e-01 5.382405430042164207e-01 6.378591820003330914e-01 6.173642462940728270e-01 8.235056347313240988e-01 7.327944381756729131e-01 4.126455067961027345e-01 6.737766235066923182e-01 4.789076018146911640e-01 8.505238196567075359e-01 7.032661312306188739e-01 8.206467053726417271e-01 6.261465413893310128e-01 6.928412872640519193e-01 6.709194014617144708e-01 8.339970695278892121e-01 5.571085612298013467e-01 7.203223911937697288e-01 7.766143936716747298e-01 4.358315210563123987e-01 5.559536075889341955e-01 7.080785674487195536e-01 7.639257897835269873e-01
7.093694196370073923e-01 8.209774481722702522e-01 5.814674950408046383e-01 8.316428488254957729e-01 6.229094948701633383e-01 6.452625510531985187e-01 7.847097148351884766e-01 6.055460995130051982e-01 6.609936074829498853e-01 6.715736930017557338e-01 4.766048053919318961e-01 7.457662680888543782e-01 5.788283171546206862e-01 7.463038710513721918e-01 5.183418277028702947e-01 8.624035453019707198e-01 7.228916992609856207e-01 5.495331030214990475e-01 6.364240321303787917e-01 6.901416536153985870e-01 7.652256129047328992e-01 1.000000000000000000e+00 7.541054231178626610e-01 8.218371914022387648e-01 7.947366105452123852e-01 6.857160102737904772e-01 7.706624776341071126e-01 7.850850926273712505e-01 8.612047878316924088e-01 8.141822285004287618e-01 3.307418444724315454e-01 6.365840235345711084e-01 7.419151261428502675e-01 8.159719889546314109e-01 7.577038573164008861e-01 8.765140427371054255e-01 6.196933097454454531e-01 6.765967487594467533e-01 6.001031871370152704e-01 7.293602929306944871e-01 7.986550369230398516e-01 5.616473258164534910e-01 6.969678089297677293e-01 6.182259332899764370e-01 6.696342612729092592e-01 6.658933527786620177e-01 6.265337864334979967e-01 7.981332414149961973e-01 5.087995604721166076e-01 8.208579152309772864e-01 7.215197641924742111e-01 5.791658942863944226e-01 7.828094328622474674e-01 7.138037565713170052e-01 7.199678862546149416e-01 9.193809322742921841e-01 7.939296855308357603e-01 8.004047570542960344e-01 7.100975056638209049e-01 6.978366637127697558e-01 7.800791154451952591e-01 7.124283104560766855e-01 8.384271481549318006e-01 8.568839457192743980e-01 4.716067477805421793e-01 5.529736974285563988e-01 7.066791109516337155e-01 7.907886386375174714e-01
6.671702203849733115e-01 7.703000296384179268e-01 7.064528730190121619e-01 6.770188643910219906e-01 7.546421129150622242e-01 7.285559817069603428e-01 6.732434727845307831e-01 6.396121040776480138e-01 5.850966291703003641e-01 5.860113918138029065e-01 5.112743404120271284e-01 6.440916823855921125e-01 4.079368735943438296e-01 6.015288323935418235e-01 5.483886253318519532e-01 8.081747752109612604e-01 7.704605561024335803e-01 5.528204859125745996e-01 6.704398317406660146e-01 5.372832313730321330e-01 9.278280263333232858e-01 7.541054231178626610e-01 1.000000000000000000e+00 6.275986503682758899e-01 6.940516995725457550e-01 7.529167728853557451e-01 8.034408930942387173e-01 7.811947015377788128e-01 7.495596415255744160e-01 8.889104224159617429e-01 2.318459637536698092e-01 6.113909201398333160e-01 6.477985065816301846e-01 8.652549662838804334e-01 5.897028289535694023e-01 7.759231849237483436e-01 8.349081217974374525e-01 5.236066997589403638e-01 6.326813355204828904e-01 6.844012843983738881e-01 5.958354780099670567e-01 5.750582232822972761e-01 5.287634271456026491e-01 4.680487348217706733e-01 6.844195877945236095e-01 5.343021728616319521e-01 5.252961946771254054e-01 6.209452215402866404e-01 6.384010123685179838e-01 8.294863457661679762e-01 7.986030023748641460e-01 3.917993757110252995e-01 7.143402280725720255e-01 5.319501076120803917e-01 8.085902805330960064e-01 6.997390208837307446e-01 8.677131732788621044e-01 6.334782057249553899e-01 6.633407524747826356e-01 6.250507369770544885e-01 8.267395554092977772e-01 5.890322051690810579e-01 7.083408730038682766e-01 8.071236896959512741e-01 4.709455349787559642e-01 6.082256811817644548e-01 7.109851144499850228e-01 8.252358187155278690e-01
