0.000000 0.000000 101.092138 0.000000 0.000000 50.708528 32.083386 35.803841 0.000000 74.187212 100.411396 0.000000 76.761227 29.324432 0.000000 0.000000 103.736289 136.173407 125.212978 0.000000 75.388286 0.000000 87.430564 0.000000 0.000000 125.447996 130.161148 86.897379 20.861659 30.865797 0.000000 71.343605 0.000000 56.395977 0.000000 0.000000 0.000000 0.000000 0.000000 0.000000 0.000000 0.000000 0.000000 0.000000 0.000000 0.000000 0.000000 0.000000 0.000000 0.000000 0.000000 0.000000 0.000000 0.000000 0.000000 0.000000 0.000000 0.000000 0.000000 0.000000 0.000000 0.000000 0.000000 0.000000 0.000000 0.000000 0.000000 0.000000
0.000000 0.000000 42.738571 0.000000 139.568924 0.000000 0.000000 0.000000 66.386839 0.000000 61.561387 0.000000 55.731460 118.113544 123.524904 58.765621 50.971154 79.138405 78.067735 0.000000 0.000000 48.522075 0.000000 81.661999 38.332970 62.320471 46.456756 0.000000 119.373283 0.000000 67.611559 146.855281 0.000000 83.899730 0.000000 0.000000 0.000000 0.000000 0.000000 0.000000 0.000000 0.000000 0.000000 0.000000 90.939875 0.000000 94.744063 0.000000 0.000000 0.000000 0.000000 0.000000 0.000000 0.000000 0.000000 0.000000 0.000000 118.223091 0.000000 112.956676 59.575058 0.000000 0.000000 0.000000 0.000000 0.000000 0.000000 92.299181
101.092138 42.738571 0.000000 0.000000 0.000000 121.504846 99.824589 117.949779 0.000000 122.857464 108.642091 0.000000 0.000000 117.095706 0.000000 80.929794 50.954590 85.395538 62.688136 0.000000 67.600386 0.000000 38.796003 93.603420 0.000000 33.229907 35.950235 85.152817 105.468033 85.566750 0.000000 164.421522 0.000000 60.801539 0.000000 74.243332 99.294748 0.000000 0.000000 0.000000 0.000000 0.000000 0.000000 0.000000 0.000000 0.000000 0.000000 0.000000 0.000000 122.807805 106.968136 0.000000 109.225394 0.000000 157.179837 0.000000 106.106597 160.551581 0.000000 100.809325 94.791149 158.948880 0.000000 0.000000 0.000000 0.000000 0.000000 0.000000
0.000000 0.000000 0.000000 0.000000 92.668835 70.641120 39.357988 106.235491 47.240510 17.515338 0.000000 44.154565 130.637732 110.596812 78.092306 0.000000 0.000000 0.000000 0.000000 16.268515 0.000000 0.000000 0.000000 21.263452 0.000000 0.000000 188.088412 16.061556 108.646302 0.000000 0.000000 120.242713 0.000000 117.890588 0.000000 0.000000 0.000000 145.282242 0.000000 159.185435 137.917105 172.151294 0.000000 149.977379 0.000000 124.809183 0.000000 179.053943 0.000000 0.000000 0.000000 0.000000 0.000000 149.635619 0.000000 0.000000 0.000000 82.112286 0.000000 0.000000 0.000000 140.134335 189.317225 0.000000 0.000000 0.000000 0.000000 184.503693
0.000000 139.568924 0.000000 92.668835 0.000000 25.246357 0.000000 0.000000 60.958104 117.806244 195.362635 71.978546 190.409580 0.000000 19.826129 0.000000 0.000000 0.000000 0.000000 91.203328 0.000000 109.786810 0.000000 95.575628 177.447063 194.361240 178.931265 106.086977 0.000000 0.000000 0.000000 14.632051 0.000000 13.313845 0.000000 0.000000 0.000000 0.000000 0.000000 0.000000 0.000000 0.000000 0.000000 0.000000 0.000000 0.000000 0.000000 0.000000 0.000000 0.000000 0.000000 0.000000 0.000000 0.000000 0.000000 0.000000 0.000000 0.000000 0.000000 0.000000 0.000000 0.000000 0.000000 0.000000 0.000000 0.000000 0.000000 0.000000
50.708528 0.000000 121.504846 70.641120 25.246357 0.000000 50.321107 26.345881 71.552311 29.952017 114.559681 34.961530 94.869915 54.681325 18.683407 0.000000 130.951686 140.061461 142.143071 63.689117 83.747276 0.000000 107.976024 78.961751 0.000000 150.942594 158.784058 61.159286 71.185931 72.387264 0.000000 35.156101 0.000000 54.008525 0.000000 0.000000 0.000000 163.689237 0.000000 0.000000 157.996392 189.565329 0.000000 156.500690 234.065106 0.000000 0.000000 185.383410 0.000000 0.000000 0.000000 0.000000 0.000000 107.336442 0.000000 0.000000 0.000000 135.575821 0.000000 0.000000 212.968664 150.758834 191.981204 0.000000 0.000000 0.000000 0.000000 0.000000
32.083386 0.000000 99.824589 39.357988 0.000000 50.321107 0.000000 55.295011 57.216788 24.570264 141.439538 47.993383 108.261491 52.849919 56.884873 0.000000 115.821001 165.631180 142.130784 51.479635 56.514442 0.000000 75.540234 45.755184 0.000000 132.009520 125.956641 42.925812 70.167642 23.426618 0.000000 118.440302 76.485715 83.965509 0.000000 0.000000 0.000000 154.944526 0.000000 0.000000 135.531893 177.954730 0.000000 144.667190 0.000000 0.000000 0.000000 172.318381 0.000000 0.000000 0.000000 0.000000 0.000000 163.004916 127.381202 0.000000 158.601804 123.114949 0.000000 218.276108 191.255746 138.441382 0.000000 132.271816 0.000000 0.000000 0.000000 157.830248
35.803841 0.000000 117.949779 106.235491 0.000000 26.345881 55.295011 0.000000 93.034692 52.533059 78.270320 82.306893 52.664438 26.285456 0.000000 0.000000 126.834951 114.174691 131.774168 90.169100 88.524119 0.000000 104.469272 98.978676 0.000000 137.679611 117.427584 95.721410 33.658057 69.150985 104.755777 22.748931 0.000000 51.238618 0.000000 0.000000 0.000000 0.000000 0.000000 0.000000 157.444806 168.502519 0.000000 183.423285 0.000000 0.000000 0.000000 190.513246 0.000000 0.000000 0.000000 0.000000 0.000000 160.985118 155.067347 0.000000 0.000000 146.517387 0.000000 167.376539 162.809897 161.756289 195.887296 163.615617 0.000000 0.000000 0.000000 138.553470
0.000000 66.386839 0.000000 47.240510 60.958104 71.552311 57.216788 93.034692 0.000000 63.604361 138.335823 13.700364 134.114689 97.119060 46.131024 0.000000 0.000000 0.000000 142.275299 46.679885 0.000000 28.376431 0.000000 33.328823 111.089949 130.610583 117.007035 53.977448 90.165347 0.000000 147.506424 81.702945 69.422350 110.161282 0.000000 0.000000 0.000000 90.766359 0.000000 0.000000 0.000000 102.987916 16.245578 89.069679 175.271628 69.317225 175.609246 112.995614 0.000000 0.000000 0.000000 0.000000 0.000000 86.702101 68.814943 14.738456 0.000000 62.159799 0.000000 0.000000 0.000000 78.382122 104.848935 70.859867 0.000000 0.000000 0.000000 0.000000
74.187212 0.000000 122.857464 17.515338 117.806244 29.952017 24.570264 52.533059 63.604361 0.000000 150.145601 28.740197 118.218689 99.223853 72.804147 0.000000 192.043594 170.613471 167.017830 15.923388 82.416093 0.000000 107.234099 62.231025 0.000000 156.237853 174.937151 28.893813 113.750820 94.401717 0.000000 121.733188 90.006808 98.397586 0.000000 0.000000 0.000000 160.098920 0.000000 163.397628 157.900195 182.886424 0.000000 159.879200 233.115305 144.986656 0.000000 188.187111 0.000000 0.000000 0.000000 0.000000 0.000000 162.268381 0.000000 0.000000 0.000000 137.761960 0.000000 0.000000 0.000000 155.505706 188.290399 0.000000 0.000000 0.000000 0.000000 187.960574
100.411396 61.561387 108.642091 0.000000 195.362635 114.559681 141.439538 78.270320 138.335823 150.145601 0.000000 133.503534 19.050217 85.320080 190.643177 0.000000 55.772172 19.486508 24.608704 147.367953 126.486917 99.557248 145.198647 149.536736 24.337033 22.432087 45.002218 152.017008 74.475553 137.985098 29.350712 70.718663 0.000000 28.026658 0.000000 86.891500 0.000000 0.000000 0.000000 0.000000 207.607233 148.734413 0.000000 212.385995 70.725445 0.000000 72.050518 150.196956 0.000000 0.000000 0.000000 85.513108 110.888452 0.000000 209.258977 0.000000 0.000000 200.306365 61.088896 86.264099 89.263638 213.792829 154.113760 211.465622 85.094021 103.563310 0.000000 86.836495
0.000000 0.000000 0.000000 44.154565 71.978546 34.961530 47.993383 82.306893 13.700364 28.740197 133.503534 0.000000 119.839176 91.698127 32.561399 0.000000 158.805647 151.912912 151.280337 14.114319 0.000000 0.000000 0.000000 15.945572 0.000000 161.374504 168.754419 52.184122 107.597777 0.000000 0.000000 97.861265 0.000000 94.996486 0.000000 0.000000 0.000000 133.199009 0.000000 0.000000 0.000000 177.694846 0.000000 138.337244 0.000000 111.150950 0.000000 0.000000 0.000000 0.000000 0.000000 0.000000 0.000000 49.910321 0.000000 0.000000 0.000000 120.671260 0.000000 202.899713 219.346731 139.059492 0.000000 0.000000 0.000000 0.000000 0.000000 0.000000
76.761227 55.731460 0.000000 130.637732 190.409580 94.869915 108.261491 52.664438 134.114689 118.218689 19.050217 119.839176 0.000000 60.136514 186.132002 0.000000 0.000000 47.183059 64.819541 126.216878 0.000000 88.072276 0.000000 134.838766 23.799601 22.959786 38.825149 122.633582 65.599027 110.648267 17.032690 61.737161 0.000000 27.454563 0.000000 81.100217 0.000000 0.000000 0.000000 0.000000 0.000000 154.268290 0.000000 0.000000 69.944300 0.000000 70.775176 156.682076 0.000000 0.000000 131.980794 85.915947 110.655084 0.000000 0.000000 0.000000 0.000000 170.741946 55.825848 87.211347 91.602786 177.613685 144.149698 198.706528 81.380893 0.000000 0.000000 69.061577
29.324432 118.113544 117.095706 110.596812 0.000000 54.681325 52.849919 26.285456 97.119060 99.223853 85.320080 91.698127 60.136514 0.000000 0.000000 170.929815 118.170198 119.508778 128.338347 94.031522 86.059272 0.000000 104.393042 103.595500 0.000000 135.505006 117.598922 102.755801 37.728420 54.959102 112.836738 20.829967 0.000000 47.290585 0.000000 0.000000 0.000000 0.000000 0.000000 0.000000 166.438496 184.775403 0.000000 176.918550 194.630299 0.000000 151.102483 204.703920 0.000000 0.000000 0.000000 0.000000 172.908249 155.305287 153.687708 0.000000 0.000000 151.929617 0.000000 162.685393 171.888482 168.131185 199.966329 162.047305 0.000000 0.000000 0.000000 0.000000
0.000000 123.524904 0.000000 78.092306 19.826129 18.683407 56.884873 0.000000 46.131024 72.804147 190.643177 32.561399 186.132002 0.000000 0.000000 0.000000 0.000000 0.000000 0.000000 78.942357 0.000000 93.421628 0.000000 74.283882 160.172832 179.723490 162.365055 87.931440 139.387032 0.000000 189.859314 38.466387 0.000000 146.064084 0.000000 0.000000 0.000000 0.000000 0.000000 0.000000 0.000000 0.000000 0.000000 0.000000 0.000000 0.000000 0.000000 0.000000 0.000000 0.000000 0.000000 0.000000 0.000000 0.000000 0.000000 0.000000 0.000000 0.000000 0.000000 0.000000 0.000000 0.000000 0.000000 0.000000 0.000000 0.000000 0.000000 0.000000
0.000000 58.765621 80.929794 0.000000 0.000000 0.000000 0.000000 0.000000 0.000000 0.000000 0.000000 0.000000 0.000000 170.929815 0.000000 0.000000 107.017852 0.000000 116.664339 0.000000 21.883520 32.904823 16.023010 24.696444 0.000000 114.203074 47.814408 26.048621 0.000000 84.110387 0.000000 0.000000 0.000000 95.914800 0.000000 0.000000 113.819677 0.000000 0.000000 0.000000 125.601255 0.000000 0.000000 0.000000 0.000000 0.000000 0.000000 145.574033 0.000000 109.690007 0.000000 0.000000 0.000000 0.000000 119.815321 51.238034 110.220075 107.803250 0.000000 162.246374 97.482815 123.561791 142.122652 127.500131 0.000000 0.000000 0.000000 0.000000
103.736289 50.971154 50.954590 0.000000 0.000000 130.951686 115.821001 126.834951 0.000000 192.043594 55.772172 158.805647 0.000000 118.170198 0.000000 107.017852 0.000000 42.353731 25.210448 0.000000 58.439494 0.000000 31.722016 125.988240 0.000000 28.988374 62.579238 119.439483 99.323907 74.140455 0.000000 133.884537 92.071560 46.209615 0.000000 70.475865 109.068031 0.000000 0.000000 0.000000 0.000000 0.000000 0.000000 0.000000 0.000000 0.000000 0.000000 0.000000 0.000000 0.000000 113.914400 0.000000 107.116495 0.000000 0.000000 0.000000 125.991572 0.000000 0.000000 105.623136 103.017396 0.000000 0.000000 0.000000 0.000000 0.000000 0.000000 0.000000
136.173407 79.138405 85.395538 0.000000 0.000000 140.061461 165.631180 114.174691 0.000000 170.613471 19.486508 151.912912 47.183059 119.508778 0.000000 0.000000 42.353731 0.000000 18.885872 0.000000 124.448572 0.000000 118.160150 171.204802 0.000000 29.391194 58.499486 168.605284 120.629158 126.895559 45.900739 94.473078 0.000000 51.406895 0.000000 0.000000 0.000000 0.000000 0.000000 0.000000 0.000000 0.000000 0.000000 0.000000 89.843111 0.000000 86.983682 0.000000 0.000000 0.000000 0.000000 97.405616 106.334982 0.000000 0.000000 0.000000 0.000000 0.000000 0.000000 96.933442 95.284461 0.000000 0.000000 0.000000 97.340741 0.000000 0.000000 0.000000
125.212978 78.067735 62.688136 0.000000 0.000000 142.143071 142.130784 131.774168 142.275299 167.017830 24.608704 151.280337 64.819541 128.338347 0.000000 116.664339 25.210448 18.885872 0.000000 0.000000 105.670982 111.296179 91.511966 158.959439 0.000000 33.912629 57.781958 165.764995 116.228836 105.721049 55.232224 100.029735 99.397716 43.593168 0.000000 0.000000 124.104565 0.000000 0.000000 0.000000 0.000000 0.000000 0.000000 0.000000 102.625014 0.000000 100.480734 185.510633 0.000000 0.000000 115.539783 105.688440 108.907012 0.000000 0.000000 0.000000 0.000000 213.620644 65.144573 103.379604 105.945786 232.163885 0.000000 216.651550 0.000000 0.000000 0.000000 0.000000
0.000000 0.000000 0.000000 16.268515 91.203328 63.689117 51.479635 90.169100 46.679885 15.923388 147.367953 14.114319 126.216878 94.031522 78.942357 0.000000 0.000000 0.000000 0.000000 0.000000 0.000000 0.000000 0.000000 45.838198 0.000000 195.563777 177.017800 28.631186 106.341857 0.000000 0.000000 117.971070 0.000000 105.037120 0.000000 0.000000 0.000000 143.635891 0.000000 137.961510 138.141347 164.926760 0.000000 145.111652 0.000000 127.632885 0.000000 172.539562 0.000000 0.000000 0.000000 0.000000 0.000000 55.427010 0.000000 0.000000 0.000000 100.741239 0.000000 0.000000 0.000000 137.476046 178.277486 0.000000 0.000000 0.000000 0.000000 0.000000
75.388286 0.000000 67.600386 0.000000 0.000000 83.747276 56.514442 88.524119 0.000000 82.416093 126.486917 0.000000 0.000000 86.059272 0.000000 21.883520 58.439494 124.448572 105.670982 0.000000 0.000000 57.934334 34.232713 16.550131 0.000000 99.398727 58.690526 20.580263 61.847695 29.914438 0.000000 0.000000 0.000000 26.305961 143.287199 0.000000 139.524034 0.000000 0.000000 0.000000 135.369919 170.707850 0.000000 0.000000 0.000000 0.000000 0.000000 154.926361 0.000000 125.581129 0.000000 0.000000 0.000000 0.000000 127.715799 69.423021 123.122796 121.816287 0.000000 0.000000 127.481959 131.605545 148.656559 131.898831 0.000000 0.000000 0.000000 0.000000
0.000000 48.522075 0.000000 0.000000 109.786810 0.000000 0.000000 0.000000 28.376431 0.000000 99.557248 0.000000 88.072276 0.000000 93.421628 32.904823 0.000000 0.000000 111.296179 0.000000 57.934334 0.000000 51.649902 30.266506 74.348265 91.813723 48.059004 60.562060 0.000000 0.000000 101.467563 133.120658 0.000000 0.000000 0.000000 0.000000 0.000000 0.000000 0.000000 0.000000 73.716954 0.000000 0.000000 0.000000 138.030961 0.000000 132.037433 0.000000 0.000000 65.415190 0.000000 0.000000 0.000000 0.000000 69.974139 18.255398 72.291542 54.010092 0.000000 0.000000 69.760390 69.965823 0.000000 76.130366 0.000000 0.000000 0.000000 0.000000
87.430564 0.000000 38.796003 0.000000 0.000000 107.976024 75.540234 104.469272 0.000000 107.234099 145.198647 0.000000 0.000000 104.393042 0.000000 16.023010 31.722016 118.160150 91.511966 0.000000 34.232713 51.649902 0.000000 62.397133 0.000000 68.028176 36.492295 50.219362 79.938480 55.800062 0.000000 153.645397 0.000000 30.642240 0.000000 0.000000 105.003354 0.000000 0.000000 0.000000 0.000000 0.000000 0.000000 0.000000 0.000000 0.000000 0.000000 0.000000 0.000000 113.563254 119.739240 0.000000 0.000000 0.000000 125.930646 59.527413 114.173574 148.048429 0.000000 117.785469 102.182668 150.486852 0.000000 138.021479 0.000000 0.000000 0.000000 0.000000
0.000000 81.661999 93.603420 21.263452 95.575628 78.961751 45.755184 98.978676 33.328823 62.231025 149.536736 15.945572 134.838766 103.595500 74.283882 24.696444 125.988240 171.204802 158.959439 45.838198 16.550131 30.266506 62.397133 0.000000 119.181180 135.188069 98.994001 17.741277 99.799637 82.549543 149.968873 121.152694 78.798248 99.397610 146.106890 0.000000 147.889721 130.310085 0.000000 139.334763 124.645012 157.607096 55.602848 130.677730 201.478886 110.144705 200.633481 156.389192 0.000000 114.258267 0.000000 212.308519 212.309399 127.983633 116.729118 54.667663 119.725335 97.936947 0.000000 200.677187 156.413262 119.430327 150.764188 121.617165 0.000000 194.088536 0.000000 149.079664
0.000000 38.332970 0.000000 0.000000 177.447063 0.000000 0.000000 0.000000 111.089949 0.000000 24.337033 0.000000 23.799601 0.000000 160.172832 0.000000 0.000000 0.000000 0.000000 0.000000 0.000000 74.348265 0.000000 119.181180 0.000000 43.495930 16.267558 0.000000 0.000000 0.000000 42.680657 201.805583 0.000000 46.329383 0.000000 33.495363 0.000000 0.000000 0.000000 0.000000 0.000000 0.000000 0.000000 0.000000 61.245514 0.000000 68.753101 0.000000 0.000000 0.000000 0.000000 83.289500 84.242195 0.000000 0.000000 0.000000 0.000000 0.000000 37.101087 79.153813 75.004814 0.000000 0.000000 0.000000 83.145317 0.000000 0.000000 0.000000
125.447996 62.320471 33.229907 0.000000 194.361240 150.942594 132.009520 137.679611 130.610583 156.237853 22.432087 161.374504 22.959786 135.505006 179.723490 114.203074 28.988374 29.391194 33.912629 195.563777 99.398727 91.813723 68.028176 135.188069 43.495930 0.000000 31.454478 145.643118 122.890587 111.822764 17.353467 111.659881 113.843895 65.296167 173.975330 58.384534 113.211837 227.413651 0.000000 0.000000 217.337236 168.166425 0.000000 226.763635 92.949255 0.000000 92.537574 159.719436 0.000000 0.000000 103.984722 98.180073 101.155760 226.340792 179.058159 0.000000 165.748328 188.063442 60.257655 94.587700 92.851454 220.035769 171.207096 193.396468 98.786826 0.000000 0.000000 108.407348
130.161148 46.456756 35.950235 188.088412 178.931265 158.784058 125.956641 117.427584 117.007035 174.937151 45.002218 168.754419 38.825149 117.598922 162.365055 47.814408 62.579238 58.499486 57.781958 177.017800 58.690526 48.059004 36.492295 98.994001 16.267558 31.454478 0.000000 78.681173 103.652131 148.554734 32.966095 123.355807 108.929286 65.097941 177.722641 49.709292 94.103922 0.000000 0.000000 0.000000 209.909113 173.408269 0.000000 224.540142 101.833802 0.000000 101.268065 170.584557 0.000000 105.078328 106.587818 104.619115 102.863769 0.000000 145.160061 59.755202 104.969298 154.235751 54.576693 96.002063 89.492579 174.708260 165.962023 197.568449 110.813416 0.000000 0.000000 110.072868
86.897379 0.000000 85.152817 16.061556 106.086977 61.159286 42.925812 95.721410 53.977448 28.893813 152.017008 52.184122 122.633582 102.755801 87.931440 26.048621 119.439483 168.605284 165.764995 28.631186 20.580263 60.562060 50.219362 17.741277 0.000000 145.643118 78.681173 0.000000 101.397999 48.337082 0.000000 131.691178 77.612944 77.453764 138.531110 0.000000 151.361099 149.657166 0.000000 154.108595 131.030359 169.133596 67.721708 150.185900 210.459684 135.725749 193.737001 167.177278 0.000000 124.933529 0.000000 225.483992 217.674789 153.865237 126.121843 66.134262 129.054588 120.610203 0.000000 212.333587 156.128858 135.932041 164.454224 130.669390 0.000000 201.920667 0.000000 155.931615
20.861659 119.373283 105.468033 108.646302 0.000000 71.185931 70.167642 33.658057 90.165347 113.750820 74.475553 107.597777 65.599027 37.728420 139.387032 0.000000 99.323907 120.629158 116.228836 106.341857 61.847695 0.000000 79.938480 99.799637 0.000000 122.890587 103.652131 101.397999 0.000000 35.144756 0.000000 20.803055 22.467675 31.343752 0.000000 0.000000 0.000000 0.000000 0.000000 0.000000 163.329535 0.000000 0.000000 189.479112 0.000000 0.000000 0.000000 0.000000 0.000000 0.000000 0.000000 0.000000 0.000000 0.000000 153.806259 0.000000 0.000000 158.208802 0.000000 143.073162 147.414348 177.057135 0.000000 163.955131 0.000000 0.000000 0.000000 0.000000
30.865797 0.000000 85.566750 0.000000 0.000000 72.387264 23.426618 69.150985 0.000000 94.401717 137.985098 0.000000 110.648267 54.959102 0.000000 84.110387 74.140455 126.895559 105.721049 0.000000 29.914438 0.000000 55.800062 82.549543 0.000000 111.822764 148.554734 48.337082 35.144756 0.000000 0.000000 114.011984 34.725215 29.606875 0.000000 0.000000 0.000000 0.000000 0.000000 0.000000 135.029718 0.000000 0.000000 0.000000 0.000000 0.000000 0.000000 184.505887 0.000000 130.638019 0.000000 0.000000 0.000000 0.000000 132.181905 0.000000 126.448480 124.559546 0.000000 0.000000 0.000000 134.738827 152.392007 134.892627 0.000000 0.000000 0.000000 0.000000
0.000000 67.611559 0.000000 0.000000 0.000000 0.000000 0.000000 104.755777 147.506424 0.000000 29.350712 0.000000 17.032690 112.836738 189.859314 0.000000 0.000000 45.900739 55.232224 0.000000 0.000000 101.467563 0.000000 149.968873 42.680657 17.353467 32.966095 0.000000 0.000000 0.000000 0.000000 124.889206 0.000000 69.679421 0.000000 0.000000 0.000000 0.000000 0.000000 0.000000 0.000000 0.000000 0.000000 0.000000 92.536904 0.000000 91.003402 0.000000 0.000000 0.000000 0.000000 99.434718 0.000000 0.000000 0.000000 0.000000 0.000000 0.000000 0.000000 96.574706 103.373603 0.000000 0.000000 0.000000 0.000000 0.000000 0.000000 0.000000
71.343605 146.855281 164.421522 120.242713 14.632051 35.156101 118.440302 22.748931 81.702945 121.733188 70.718663 97.861265 61.737161 20.829967 38.466387 0.000000 133.884537 94.473078 100.029735 117.971070 0.000000 133.120658 153.645397 121.152694 201.805583 111.659881 123.355807 131.691178 20.803055 114.011984 124.889206 0.000000 0.000000 16.379187 0.000000 0.000000 0.000000 0.000000 0.000000 0.000000 185.274712 194.071692 0.000000 198.080889 0.000000 0.000000 0.000000 200.144098 0.000000 0.000000 0.000000 0.000000 0.000000 0.000000 0.000000 0.000000 0.000000 173.916934 0.000000 155.004846 149.740141 191.887341 0.000000 183.730246 0.000000 0.000000 0.000000 0.000000
0.000000 0.000000 0.000000 0.000000 0.000000 0.000000 76.485715 0.000000 69.422350 90.006808 0.000000 0.000000 0.000000 0.000000 0.000000 0.000000 92.071560 0.000000 99.397716 0.000000 0.000000 0.000000 0.000000 78.798248 0.000000 113.843895 108.929286 77.612944 22.467675 34.725215 0.000000 0.000000 0.000000 16.741188 0.000000 0.000000 0.000000 0.000000 0.000000 0.000000 0.000000 0.000000 0.000000 0.000000 0.000000 0.000000 0.000000 0.000000 0.000000 0.000000 0.000000 0.000000 0.000000 0.000000 0.000000 0.000000 0.000000 0.000000 0.000000 0.000000 0.000000 160.564889 0.000000 0.000000 0.000000 0.000000 0.000000 0.000000
56.395977 83.899730 60.801539 117.890588 13.313845 54.008525 83.965509 51.238618 110.161282 98.397586 28.026658 94.996486 27.454563 47.290585 146.064084 95.914800 46.209615 51.406895 43.593168 105.037120 26.305961 0.000000 30.642240 99.397610 46.329383 65.296167 65.097941 77.453764 31.343752 29.606875 69.679421 16.379187 16.741188 0.000000 0.000000 0.000000 0.000000 0.000000 0.000000 0.000000 164.541622 0.000000 0.000000 0.000000 114.923164 0.000000 127.807681 205.075940 0.000000 0.000000 0.000000 0.000000 0.000000 0.000000 166.433477 0.000000 0.000000 146.558951 0.000000 124.909535 117.137686 170.082163 210.649124 160.078133 0.000000 0.000000 0.000000 0.000000
0.000000 0.000000 0.000000 0.000000 0.000000 0.000000 0.000000 0.000000 0.000000 0.000000 0.000000 0.000000 0.000000 0.000000 0.000000 0.000000 0.000000 0.000000 0.000000 0.000000 143.287199 0.000000 0.000000 146.106890 0.000000 173.975330 177.722641 138.531110 0.000000 0.000000 0.000000 0.000000 0.000000 0.000000 0.000000 0.000000 109.281146 110.799137 0.000000 86.151061 25.250140 41.101307 0.000000 80.042621 103.102370 0.000000 118.500935 17.404716 0.000000 0.000000 109.573929 128.851470 118.002738 96.457586 103.607196 0.000000 97.335265 93.240998 0.000000 124.231794 133.026997 93.512036 24.784632 28.157340 0.000000 81.287038 0.000000 60.392594
0.000000 0.000000 74.243332 0.000000 0.000000 0.000000 0.000000 0.000000 0.000000 0.000000 86.891500 0.000000 81.100217 0.000000 0.000000 0.000000 70.475865 0.000000 0.000000 0.000000 0.000000 0.000000 0.000000 0.000000 33.495363 58.384534 49.709292 0.000000 0.000000 0.000000 0.000000 0.000000 0.000000 0.000000 0.000000 0.000000 61.960378 0.000000 141.550920 0.000000 0.000000 130.063206 62.131851 169.824173 69.202204 0.000000 55.183498 121.126159 93.799491 56.147821 57.790089 70.071758 58.371217 0.000000 111.351029 36.795751 96.665600 68.253761 26.930290 62.206537 32.646676 115.982920 113.732726 122.810289 65.922629 0.000000 0.000000 63.226039
0.000000 0.000000 99.294748 0.000000 0.000000 0.000000 0.000000 0.000000 0.000000 0.000000 0.000000 0.000000 0.000000 0.000000 0.000000 113.819677 109.068031 0.000000 124.104565 0.000000 139.524034 0.000000 105.003354 147.889721 0.000000 113.211837 94.103922 151.361099 0.000000 0.000000 0.000000 0.000000 0.000000 0.000000 109.281146 61.960378 0.000000 0.000000 0.000000 126.045158 99.921598 125.215343 0.000000 118.366935 104.690655 0.000000 0.000000 120.068701 0.000000 70.059224 53.699115 117.924652 64.853403 0.000000 69.504711 62.668997 35.463332 95.010801 0.000000 34.743652 30.966855 98.096518 144.486710 72.707713 0.000000 0.000000 0.000000 73.106303
0.000000 0.000000 0.000000 145.282242 0.000000 163.689237 154.944526 0.000000 90.766359 160.098920 0.000000 133.199009 0.000000 0.000000 0.000000 0.000000 0.000000 0.000000 0.000000 143.635891 0.000000 0.000000 0.000000 130.310085 0.000000 227.413651 0.000000 149.657166 0.000000 0.000000 0.000000 0.000000 0.000000 0.000000 110.799137 0.000000 0.000000 0.000000 0.000000 59.663860 49.610163 98.180619 56.030960 19.292267 159.844846 21.119897 0.000000 109.568905 0.000000 0.000000 0.000000 167.073866 0.000000 9.193696 0.000000 0.000000 0.000000 25.378046 0.000000 0.000000 182.406481 17.268862 117.134386 0.000000 0.000000 140.782401 0.000000 116.563123
0.000000 0.000000 0.000000 0.000000 0.000000 0.000000 0.000000 0.000000 0.000000 0.000000 0.000000 0.000000 0.000000 0.000000 0.000000 0.000000 0.000000 0.000000 0.000000 0.000000 0.000000 0.000000 0.000000 0.000000 0.000000 0.000000 0.000000 0.000000 0.000000 0.000000 0.000000 0.000000 0.000000 0.000000 0.000000 141.550920 0.000000 0.000000 0.000000 16.910967 111.836191 42.736100 59.079807 124.137601 52.626485 94.384894 142.614148 69.376600 18.456304 0.000000 0.000000 0.000000 0.000000 123.323297 0.000000 110.892838 0.000000 104.654663 0.000000 168.573871 176.594268 122.239332 0.000000 0.000000 0.000000 16.360472 0.000000 17.249279
0.000000 0.000000 0.000000 159.185435 0.000000 0.000000 0.000000 0.000000 0.000000 163.397628 0.000000 0.000000 0.000000 0.000000 0.000000 0.000000 0.000000 0.000000 0.000000 137.961510 0.000000 0.000000 0.000000 139.334763 0.000000 0.000000 0.000000 154.108595 0.000000 0.000000 0.000000 0.000000 0.000000 0.000000 86.151061 0.000000 126.045158 59.663860 16.910967 0.000000 47.380303 25.577307 71.191737 34.322543 86.925255 35.982111 104.799219 52.947012 28.377516 0.000000 147.669545 138.237194 0.000000 54.482453 0.000000 0.000000 106.688477 88.550992 0.000000 150.758016 152.713156 65.652933 87.869233 120.996798 0.000000 33.114299 0.000000 29.987800
0.000000 0.000000 0.000000 137.917105 0.000000 157.996392 135.531893 157.444806 0.000000 157.900195 207.607233 0.000000 0.000000 166.438496 0.000000 125.601255 0.000000 0.000000 0.000000 138.141347 135.369919 73.716954 0.000000 124.645012 0.000000 217.337236 209.909113 131.030359 163.329535 135.029718 0.000000 185.274712 0.000000 164.541622 25.250140 0.000000 99.921598 49.610163 111.836191 47.380303 0.000000 59.348828 61.004735 30.125285 147.913736 74.326222 149.017199 27.111160 0.000000 0.000000 97.384083 139.737738 117.368016 86.938038 70.889953 123.358015 82.767574 55.496775 0.000000 117.433519 134.152681 39.718519 81.989920 20.017574 0.000000 130.790111 78.762022 89.947354
0.000000 0.000000 0.000000 172.151294 0.000000 189.565329 177.954730 168.502519 102.987916 182.886424 148.734413 177.694846 154.268290 184.775403 0.000000 0.000000 0.000000 0.000000 0.000000 164.926760 170.707850 0.000000 0.000000 157.607096 0.000000 168.166425 173.408269 169.133596 0.000000 0.000000 0.000000 194.071692 0.000000 0.000000 41.101307 130.063206 125.215343 98.180619 42.736100 25.577307 59.348828 0.000000 90.264438 39.149926 79.442633 95.682595 103.015710 27.556585 43.470480 0.000000 140.113331 117.947568 134.613583 97.813417 117.989379 0.000000 111.339941 106.769019 114.474200 144.941623 118.475622 94.526571 46.943644 81.167110 120.944896 19.834728 0.000000 37.746725
0.000000 0.000000 0.000000 0.000000 0.000000 0.000000 0.000000 0.000000 16.245578 0.000000 0.000000 0.000000 0.000000 0.000000 0.000000 0.000000 0.000000 0.000000 0.000000 0.000000 0.000000 0.000000 0.000000 55.602848 0.000000 0.000000 0.000000 67.721708 0.000000 0.000000 0.000000 0.000000 0.000000 0.000000 0.000000 62.131851 0.000000 56.030960 59.079807 71.191737 61.004735 90.264438 0.000000 69.430143 148.916189 37.930938 136.147441 101.815723 18.229846 0.000000 0.000000 0.000000 139.956547 56.163292 0.000000 26.383170 0.000000 38.616330 107.674400 131.956862 110.496794 61.890415 105.332967 0.000000 140.343188 85.075566 0.000000 101.535034
0.000000 0.000000 0.000000 149.977379 0.000000 156.500690 144.667190 183.423285 89.069679 159.879200 212.385995 138.337244 0.000000 176.918550 0.000000 0.000000 0.000000 0.000000 0.000000 145.111652 0.000000 0.000000 0.000000 130.677730 0.000000 226.763635 224.540142 150.185900 189.479112 0.000000 0.000000 198.080889 0.000000 0.000000 80.042621 169.824173 118.366935 19.292267 124.137601 34.322543 30.125285 39.149926 69.430143 0.000000 153.749972 22.177754 171.053569 80.309708 0.000000 0.000000 147.857171 166.527318 156.500303 12.910279 0.000000 0.000000 101.350510 66.915224 0.000000 144.323983 168.298796 38.198479 108.739064 97.411881 0.000000 131.218234 0.000000 98.609033
0.000000 90.939875 0.000000 0.000000 0.000000 234.065106 0.000000 0.000000 175.271628 233.115305 70.725445 0.000000 69.944300 194.630299 0.000000 0.000000 0.000000 89.843111 102.625014 0.000000 0.000000 138.030961 0.000000 201.478886 61.245514 92.949255 101.833802 210.459684 0.000000 0.000000 92.536904 0.000000 0.000000 114.923164 103.102370 69.202204 104.690655 159.844846 52.626485 86.925255 147.913736 79.442633 148.916189 153.749972 0.000000 150.407305 28.186353 83.333737 0.000000 0.000000 55.011352 18.414141 26.310804 156.413898 105.017224 107.556131 91.022635 153.936492 32.231011 27.118758 54.566439 163.015227 70.574866 122.333066 28.320680 60.194594 0.000000 28.177226
0.000000 0.000000 0.000000 124.809183 0.000000 0.000000 0.000000 0.000000 69.317225 144.986656 0.000000 111.150950 0.000000 0.000000 0.000000 0.000000 0.000000 0.000000 0.000000 127.632885 0.000000 0.000000 0.000000 110.144705 0.000000 0.000000 0.000000 135.725749 0.000000 0.000000 0.000000 0.000000 0.000000 0.000000 0.000000 0.000000 0.000000 21.119897 94.384894 35.982111 74.326222 95.682595 37.930938 22.177754 150.407305 0.000000 156.515027 101.343373 22.659951 0.000000 0.000000 157.417217 154.304734 20.639247 0.000000 0.000000 0.000000 23.861961 0.000000 170.333242 179.697817 50.558373 112.694218 0.000000 0.000000 129.868433 0.000000 110.689124
0.000000 94.744063 0.000000 0.000000 0.000000 0.000000 0.000000 0.000000 175.609246 0.000000 72.050518 0.000000 70.775176 151.102483 0.000000 0.000000 0.000000 86.983682 100.480734 0.000000 0.000000 132.037433 0.000000 200.633481 68.753101 92.537574 101.268065 193.737001 0.000000 0.000000 91.003402 0.000000 0.000000 127.807681 118.500935 55.183498 0.000000 0.000000 142.614148 104.799219 149.017199 103.015710 136.147441 171.053569 28.186353 156.515027 0.000000 106.370317 174.011991 0.000000 0.000000 37.849620 72.632933 168.355945 0.000000 94.231447 131.730336 148.656927 23.298827 30.156788 32.558049 149.605657 92.374971 126.754629 12.639259 84.511660 0.000000 28.082707
0.000000 0.000000 0.000000 179.053943 0.000000 185.383410 172.318381 190.513246 112.995614 188.187111 150.196956 0.000000 156.682076 204.703920 0.000000 145.574033 0.000000 0.000000 185.510633 172.539562 154.926361 0.000000 0.000000 156.389192 0.000000 159.719436 170.584557 167.177278 0.000000 184.505887 0.000000 200.144098 0.000000 205.075940 17.404716 121.126159 120.068701 109.568905 69.376600 52.947012 27.111160 27.556585 101.815723 80.309708 83.333737 101.343373 106.370317 0.000000 0.000000 96.832319 126.634325 117.925437 122.943695 107.414200 110.528528 110.153281 101.736199 115.962551 114.913225 135.715454 117.207563 111.785051 33.084040 63.988008 112.829805 29.003946 51.867979 37.112537
0.000000 0.000000 0.000000 0.000000 0.000000 0.000000 0.000000 0.000000 0.000000 0.000000 0.000000 0.000000 0.000000 0.000000 0.000000 0.000000 0.000000 0.000000 0.000000 0.000000 0.000000 0.000000 0.000000 0.000000 0.000000 0.000000 0.000000 0.000000 0.000000 0.000000 0.000000 0.000000 0.000000 0.000000 0.000000 93.799491 0.000000 0.000000 18.456304 28.377516 0.000000 43.470480 18.229846 0.000000 0.000000 22.659951 174.011991 0.000000 0.000000 0.000000 0.000000 0.000000 0.000000 0.000000 0.000000 74.167514 0.000000 64.226823 0.000000 164.691356 137.099442 89.590892 0.000000 0.000000 0.000000 38.547098 0.000000 44.729098
0.000000 0.000000 122.807805 0.000000 0.000000 0.000000 0.000000 0.000000 0.000000 0.000000 0.000000 0.000000 0.000000 0.000000 0.000000 109.690007 0.000000 0.000000 0.000000 0.000000 125.581129 65.415190 113.563254 114.258267 0.000000 0.000000 105.078328 124.933529 0.000000 130.638019 0.000000 0.000000 0.000000 0.000000 0.000000 56.147821 70.059224 0.000000 0.000000 0.000000 0.000000 0.000000 0.000000 0.000000 0.000000 0.000000 0.000000 96.832319 0.000000 0.000000 0.000000 0.000000 0.000000 0.000000 20.551296 43.906514 13.682217 17.048370 0.000000 112.199860 38.095794 21.522301 95.443537 75.957883 0.000000 0.000000 0.000000 0.000000
0.000000 0.000000 106.968136 0.000000 0.000000 0.000000 0.000000 0.000000 0.000000 0.000000 0.000000 0.000000 131.980794 0.000000 0.000000 0.000000 113.914400 0.000000 115.539783 0.000000 0.000000 0.000000 119.739240 0.000000 0.000000 103.984722 106.587818 0.000000 0.000000 0.000000 0.000000 0.000000 0.000000 0.000000 109.573929 57.790089 53.699115 0.000000 0.000000 147.669545 97.384083 140.113331 0.000000 147.857171 55.011352 0.000000 0.000000 126.634325 0.000000 0.000000 0.000000 57.103261 26.800487 0.000000 76.030128 92.592940 32.786464 131.288719 59.140587 41.509681 66.254898 107.516600 79.035033 80.218221 0.000000 0.000000 0.000000 26.377486
0.000000 0.000000 0.000000 0.000000 0.000000 0.000000 0.000000 0.000000 0.000000 0.000000 85.513108 0.000000 85.915947 0.000000 0.000000 0.000000 0.000000 97.405616 105.688440 0.000000 0.000000 0.000000 0.000000 212.308519 83.289500 98.180073 104.619115 225.483992 0.000000 0.000000 99.434718 0.000000 0.000000 0.000000 128.851470 70.071758 117.924652 167.073866 0.000000 138.237194 139.737738 117.947568 0.000000 166.527318 18.414141 157.417217 37.849620 117.925437 0.000000 0.000000 57.103261 0.000000 23.763635 165.457692 111.169669 106.604304 100.619339 162.785748 42.528930 31.291432 56.967787 173.371243 120.019590 129.009209 41.526083 95.257559 0.000000 49.934591
0.000000 0.000000 109.225394 0.000000 0.000000 0.000000 0.000000 0.000000 0.000000 0.000000 110.888452 0.000000 110.655084 172.908249 0.000000 0.000000 107.116495 106.334982 108.907012 0.000000 0.000000 0.000000 0.000000 212.309399 84.242195 101.155760 102.863769 217.674789 0.000000 0.000000 0.000000 0.000000 0.000000 0.000000 118.002738 58.371217 64.853403 0.000000 0.000000 0.000000 117.368016 134.613583 139.956547 156.500303 26.310804 154.304734 72.632933 122.943695 0.000000 0.000000 26.800487 23.763635 0.000000 163.389155 101.545370 98.223948 70.936704 137.596673 45.808050 35.939454 58.600315 136.679029 116.174752 108.453141 60.556050 0.000000 0.000000 33.359842
0.000000 0.000000 0.000000 149.635619 0.000000 107.336442 163.004916 160.985118 86.702101 162.268381 0.000000 49.910321 0.000000 155.305287 0.000000 0.000000 0.000000 0.000000 0.000000 55.427010 0.000000 0.000000 0.000000 127.983633 0.000000 226.340792 0.000000 153.865237 0.000000 0.000000 0.000000 0.000000 0.000000 0.000000 96.457586 0.000000 0.000000 9.193696 123.323297 54.482453 86.938038 97.813417 56.163292 12.910279 156.413898 20.639247 168.355945 107.414200 0.000000 0.000000 0.000000 165.457692 163.389155 0.000000 0.000000 0.000000 0.000000 19.523670 0.000000 172.166850 181.391673 43.601938 119.912426 0.000000 0.000000 135.484673 0.000000 108.140641
0.000000 0.000000 157.179837 0.000000 0.000000 0.000000 127.381202 155.067347 68.814943 0.000000 209.258977 0.000000 0.000000 153.687708 0.000000 119.815321 0.000000 0.000000 0.000000 0.000000 127.715799 69.974139 125.930646 116.729118 0.000000 179.058159 145.160061 126.121843 153.806259 132.181905 0.000000 0.000000 0.000000 166.433477 103.607196 111.351029 69.504711 0.000000 0.000000 0.000000 70.889953 117.989379 0.000000 0.000000 105.017224 0.000000 0.000000 110.528528 0.000000 20.551296 76.030128 111.169669 101.545370 0.000000 0.000000 57.172546 34.538288 24.757441 0.000000 92.866243 69.400330 21.185074 99.716505 39.149372 0.000000 0.000000 47.344684 50.424615
0.000000 0.000000 0.000000 0.000000 0.000000 0.000000 0.000000 0.000000 14.738456 0.000000 0.000000 0.000000 0.000000 0.000000 0.000000 51.238034 0.000000 0.000000 0.000000 0.000000 69.423021 18.255398 59.527413 54.667663 0.000000 0.000000 59.755202 66.134262 0.000000 0.000000 0.000000 0.000000 0.000000 0.000000 0.000000 36.795751 62.668997 0.000000 110.892838 0.000000 123.358015 0.000000 26.383170 0.000000 107.556131 0.000000 94.231447 110.153281 74.167514 43.906514 92.592940 106.604304 98.223948 0.000000 57.172546 0.000000 52.926721 36.036449 64.836129 92.449802 40.698052 55.925282 96.283292 67.578748 97.764876 0.000000 0.000000 96.913651
0.000000 0.000000 106.106597 0.000000 0.000000 0.000000 158.601804 0.000000 0.000000 0.000000 0.000000 0.000000 0.000000 0.000000 0.000000 110.220075 125.991572 0.000000 0.000000 0.000000 123.122796 72.291542 114.173574 119.725335 0.000000 165.748328 104.969298 129.054588 0.000000 126.448480 0.000000 0.000000 0.000000 0.000000 97.335265 96.665600 35.463332 0.000000 0.000000 106.688477 82.767574 111.339941 0.000000 101.350510 91.022635 0.000000 131.730336 101.736199 0.000000 13.682217 32.786464 100.619339 70.936704 0.000000 34.538288 52.926721 0.000000 78.203939 0.000000 65.005609 41.704062 73.938401 84.341414 53.803186 130.005733 0.000000 29.698808 40.416616
0.000000 118.223091 160.551581 82.112286 0.000000 135.575821 123.114949 146.517387 62.159799 137.761960 200.306365 120.671260 170.741946 151.929617 0.000000 107.803250 0.000000 0.000000 213.620644 100.741239 121.816287 54.010092 148.048429 97.936947 0.000000 188.063442 154.235751 120.610203 158.208802 124.559546 0.000000 173.916934 0.000000 146.558951 93.240998 68.253761 95.010801 25.378046 104.654663 88.550992 55.496775 106.769019 38.616330 66.915224 153.936492 23.861961 148.656927 115.962551 64.226823 17.048370 131.288719 162.785748 137.596673 19.523670 24.757441 36.036449 78.203939 0.000000 117.729453 128.682581 97.350411 20.635650 104.791305 88.424252 146.763705 124.251651 80.092234 98.045252
0.000000 0.000000 0.000000 0.000000 0.000000 0.000000 0.000000 0.000000 0.000000 0.000000 61.088896 0.000000 55.825848 0.000000 0.000000 0.000000 0.000000 0.000000 65.144573 0.000000 0.000000 0.000000 0.000000 0.000000 37.101087 60.257655 54.576693 0.000000 0.000000 0.000000 0.000000 0.000000 0.000000 0.000000 0.000000 26.930290 0.000000 0.000000 0.000000 0.000000 0.000000 114.474200 107.674400 0.000000 32.231011 0.000000 23.298827 114.913225 0.000000 0.000000 59.140587 42.528930 45.808050 0.000000 0.000000 64.836129 0.000000 117.729453 0.000000 37.669658 24.129786 0.000000 89.746416 0.000000 38.205616 75.394482 0.000000 45.850096
0.000000 112.956676 100.809325 0.000000 0.000000 0.000000 218.276108 167.376539 0.000000 0.000000 86.264099 202.899713 87.211347 162.685393 0.000000 162.246374 105.623136 96.933442 103.379604 0.000000 0.000000 0.000000 117.785469 200.677187 79.153813 94.587700 96.002063 212.333587 143.073162 0.000000 96.574706 155.004846 0.000000 124.909535 124.231794 62.206537 34.743652 0.000000 168.573871 150.758016 117.433519 144.941623 131.956862 144.323983 27.118758 170.333242 30.156788 135.715454 164.691356 112.199860 41.509681 31.291432 35.939454 172.166850 92.866243 92.449802 65.005609 128.682581 37.669658 0.000000 40.664964 129.875582 132.466735 117.808812 28.731361 119.440349 0.000000 63.798047
