1.000000000000000000e+00 -6.879485098100148084e-03 4.127619609419024282e-01 1.153505825528008955e-01 2.366715902265518687e-02 -2.568601181585813964e-02 3.724339520174891893e-01 -5.406695641648322920e-02 4.585073149805504178e-01 4.939915360867546540e-02 4.201414796846137528e-02 2.850344880447702386e-02 9.005721139212391479e-02 3.536813647887794843e-01 2.174485864092014220e-01 2.815592390400702971e-01 1.361152635683219869e-01 5.131540174222851691e-01 4.141541595044052060e-01 3.064269552958679976e-01 -7.653058812003330803e-03 1.901296180182044382e-01 2.657849786942815817e-01 4.062434421042515620e-01 3.683847674999166655e-01 3.419128275382514737e-01 5.438427435763144580e-01 -2.294600499746325684e-02 1.918771889715824852e-01 1.118320607514485948e-01 3.355404094572869700e-01 -6.412729402031934478e-02 1.545262500233348657e-01 5.189908988503795506e-02 3.598342582568647696e-01 6.762703221762871031e-02 2.304453341995445215e-01 -1.194840390618132249e-02 -3.168250838505039940e-02 4.598765420991399178e-03 2.972905119451810796e-01 -1.115596498064637121e-01 4.411049201550314436e-01 1.933440385942185313e-01 -1.236252334743284664e-02 2.817276392575630492e-02 1.853753354895544547e-01 2.863346512640819741e-01 8.221844481627775536e-02 2.899472744074272912e-01 5.774135199339730518e-02 4.956252813042251459e-02 1.110554591972831989e-01 4.065918902249489597e-01 6.122079414606172026e-02 2.122510256339652512e-01 2.222248208843636552e-01 2.822435182052155933e-01 2.374996729205755275e-01 1.747538701657589399e-01 4.766853760936415885e-01 2.384136265110566727e-02 4.815702703016465358e-02 -2.156995637675030233e-02 -2.116096961588672179e-02 1.459494238755666348e-02 3.770136779294528534e-02 -3.826099776178193412e-02
-6.879485098100148084e-03 1.000000000000000222e+00 2.410044719714580508e-01 3.818109004342983281e-01 -1.292538062215831951e-01 -8.543972872580653244e-02 5.913641818464342864e-02 2.123364217975638041e-02 -1.710012734855366132e-02 4.481286622522300672e-02 1.686658417884670802e-01 2.785569723537972830e-01 -1.081256176947695546e-01 -1.279603022802823786e-01 7.271296481538959411e-02 3.636495022881305883e-01 4.933392209155524344e-01 1.996881851584672019e-01 4.450264259564319369e-01 2.614471188500590570e-01 7.449244509385628543e-01 7.009046414835565786e-01 5.976853509356676586e-01 1.080624096655906502e-01 2.769137177798386418e-01 5.043347313893208339e-01 3.119957634759548681e-01 7.159681373990322006e-01 3.543777294121885357e-01 6.693269926843107287e-01 1.367273207828854573e-02 -1.627218275535257386e-01 4.449378057693456623e-01 6.853008876302628671e-01 3.141787108802566730e-01 6.363865257260533648e-01 4.516851262328323152e-02 3.342025518442638954e-01 -5.152443618025939059e-02 -2.402859912431366818e-03 1.276032409748648067e-01 1.056291193579600718e-01 -4.095292182164197298e-02 2.008365553991492240e-03 1.767320551207359203e-01 1.493607141981085351e-01 -1.122102809743643625e-01 -1.818819084822293278e-02 -9.947721259526877413e-02 4.358850412191482837e-01 5.202966082918262236e-01 -7.448688675670951664e-02 5.506899070465804957e-01 3.332114832316721009e-01 6.557043329998437642e-01 6.553017398884410927e-01 6.232808579342790090e-01 2.407945920438936405e-01 3.499718836537002442e-01 4.379917108459823738e-01 3.428512674901559865e-01 5.909518621644882508e-01 2.868706839519930551e-01 6.121100558246422851e-01 3.177340887409345060e-01 -1.966669317964575558e-02 1.819224376324571901e-01 5.844731104238078956e-01
4.127619609419024282e-01 2.410044719714580508e-01 1.000000000000000000e+00 -3.655160228052353744e-02 -3.060769893138827191e-01 -2.918618627782847419e-01 6.404279793554342737e-01 -2.851300833703460658e-01 5.209832809427860090e-01 -3.388185790972180755e-01 -1.096965028554790639e-01 2.222702134325734921e-02 -9.354575333123427150e-02 1.626409820805352902e-01 7.992598657959833208e-02 4.239560167966648918e-01 5.713325498109311784e-01 5.447962680278096714e-01 5.775211064598577693e-01 3.981670605963225085e-01 3.852269710203897746e-01 5.690622815018069325e-01 6.269039640648624845e-01 6.407102612442545642e-01 4.085155712176478660e-01 7.135935705332706602e-01 8.547117710621079389e-01 2.025451857332589700e-01 -5.615533596799881892e-03 4.532474598954468470e-01 4.033628685601487462e-01 -4.080540961849291048e-01 3.164279170167456634e-01 2.708418773046358807e-01 3.467524329730904409e-01 2.445202693330795207e-01 5.513654839494992466e-01 -9.521982880322538145e-02 -3.150505025945400384e-01 -2.435661541342196146e-01 4.379436970563276854e-01 -2.876162431520400964e-01 4.076392893323125266e-01 -2.262391764013507722e-01 -1.799425284817662007e-01 -1.100458994795843332e-01 1.022863576353370135e-01 1.189765682192559099e-01 -9.673259677518071531e-02 5.473606149588181591e-01 4.346980284568446318e-01 2.536222735276350004e-02 2.579086095583772442e-01 4.337629352476428113e-01 3.857673297731504247e-01 6.180940409106476796e-01 5.620500891732725934e-01 5.174777655302438273e-01 9.427202200521070385e-02 4.638595774215008016e-01 7.801172459151926031e-01 8.502508050730277211e-02 -8.262642673366286938e-02 2.888162574926667614e-01 1.057254918406247413e-01 -2.298125870133537474e-01 -5.083350682691722966e-02 1.230097227158309936e-01
1.153505825528008955e-01 3.818109004342983281e-01 -3.655160228052353744e-02 1.000000000000000222e+00 2.204392171487978835e-02 2.072483542460868411e-01 -2.230832894822709286e-02 2.683534896152050750e-02 9.954627651630473806e-02 4.078312567506841568e-01 1.953512330134854202e-01 6.402050201860176593e-01 1.230741659412844941e-01 -4.066028552081950645e-03 1.660955566911402892e-01 3.203203536952358710e-01 1.130710412875583493e-01 -1.360870185327872454e-02 1.884833484155237493e-01 4.250949138600493837e-01 4.245395476133657642e-01 2.906893099798332769e-01 4.369706324280512311e-01 9.142407867246887809e-02 2.489613631398111815e-01 1.793607287728664346e-01 8.196667734023713181e-02 5.543299101593468503e-01 5.220687575146314430e-01 2.106706242101270554e-01 3.469893307651041037e-02 -2.193173864631670425e-02 1.406690141835978958e-01 2.812623648820919420e-01 8.758706967169913038e-02 2.095636739811686522e-01 -2.411859013782005623e-01 8.152736653418304336e-01 4.701809394144467608e-02 2.433309080901031873e-01 -6.966920314635914602e-02 3.328535783757471944e-02 9.625116498534846965e-02 3.945542831886247326e-01 1.726584203933887451e-01 6.028866292481998013e-01 -9.279972251763707802e-04 -6.398090866327267590e-02 2.244859821350811413e-02 2.772050363810404927e-01 5.606689640194405244e-02 -2.063603013336145001e-02 1.106684205391653825e-01 5.828329272904754221e-01 4.631208847563093034e-01 1.615809241467923985e-01 3.627467086686884667e-01 6.471368471083538410e-02 2.530129043202579697e-01 1.116223156725894561e-01 1.344076022733394979e-02 3.767422533538066776e-01 3.713162191711243953e-01 1.642550423252404912e-01 1.993248619213266737e-01 9.990074084862403392e-03 2.232389128207726003e-01 2.717429656198467325e-01
2.366715902265518687e-02 -1.292538062215831951e-01 -3.060769893138827191e-01 2.204392171487978835e-02 1.000000000000000222e+00 6.765977837436180087e-01 6.897710176802085424e-02 7.838075401007518206e-01 -2.329775037445334374e-01 6.920582391596468153e-01 5.071216813238977883e-01 1.147431687480287982e-01 3.950433804183972053e-01 5.219557231185709689e-01 3.767431200171370564e-01 -1.977475665252328707e-01 -3.490704165922783320e-01 1.996695216306040507e-03 -1.500001080437065315e-01 -1.372645362107676459e-01 -3.321670623479276441e-01 -2.688654601890044793e-01 -4.115949614213457175e-01 -2.160753906352533560e-01 1.462019872047883376e-02 -1.956590976857944600e-02 -2.236162367266843753e-01 1.500609590635263065e-02 2.904451330226788808e-01 -1.263806935806608134e-01 -6.570285963656245787e-02 8.081590847595454541e-01 -1.938334415803737443e-01 -3.758396759909014839e-02 4.231071609383597193e-02 6.089548441944588747e-02 1.352292131704025679e-01 -1.841103104081574446e-02 6.622449689833389552e-01 5.838783735343117121e-01 1.302090845480085857e-01 6.720583528012460395e-01 5.428027090028338109e-02 6.147344376523804499e-01 5.077680592991236086e-01 1.085161958891769779e-01 4.056603421348118910e-01 5.282099811125882116e-01 4.622438468056879191e-01 -4.238766238196283176e-01 -2.574274996184013342e-01 4.103653074025611081e-01 4.951088320649027485e-03 -1.305513075071350337e-01 -2.867374810824663278e-01 -3.445278579876644431e-01 -2.606992988513047727e-01 -1.351563814366472382e-01 2.359297168832725222e-01 -3.038531243908227167e-02 -1.957564814063665615e-01 1.159370107447453280e-01 4.666332686551847853e-01 -2.287321298371781386e-01 1.189023498238154231e-01 6.463627536655311978e-01 2.528817589440193747e-01 2.660656913112146027e-01
-2.568601181585813964e-02 -8.543972872580653244e-02 -2.918618627782847419e-01 2.072483542460868411e-01 6.765977837436180087e-01 9.999999999999998890e-01 1.301321653540450929e-01 7.185059821676494929e-01 -1.495816872702410150e-01 8.722839356324945115e-01 7.237632518381830193e-01 5.377741281592468559e-01 6.892499460988896764e-01 6.308938290850666375e-01 4.413302811686769522e-01 -2.723236057861538328e-01 -2.375613377273516624e-01 6.074073241459995026e-02 -4.986287571861010987e-02 1.967748639472906014e-01 -2.387983633047231768e-01 -3.220170442066560001e-01 -3.274646981874755336e-01 -1.259082067385778048e-01 -7.488828927506345490e-02 4.500499698782309266e-02 -1.759204893864866892e-01 1.314379838971784786e-01 5.374046051640247734e-01 -1.109622649918229620e-01 2.282027796452093527e-01 5.900483556446453060e-01 -2.812427496935349658e-01 -3.742065782760328058e-02 -1.155267348715545081e-02 -7.583898989476937913e-02 2.280561850768283300e-02 2.505451879885223776e-01 6.132753654484160988e-01 8.619300609325866169e-01 1.102565702336692072e-01 6.601122906373338983e-01 1.102376489055789388e-01 7.764935327054278691e-01 7.542310515230623569e-01 5.095661174052094067e-01 5.081680915387727371e-01 5.772637236978164221e-01 5.833617044561273390e-01 -4.864082001244181552e-01 -2.354696584786722946e-01 6.873941175837487982e-01 6.899121842093851320e-02 1.206421137529377630e-01 -1.487508570818902309e-01 -3.101009766698426540e-01 -2.563719503095203134e-01 -1.915362127382575635e-02 1.294332757698299641e-01 5.802699202233619485e-02 -1.760010824820853192e-01 1.776196666478658537e-01 6.692147078584435027e-01 -2.275026641597996113e-01 4.043553998979698139e-01 6.510046572465278958e-01 4.029985496694372671e-01 2.827302715952708656e-01
3.724339520174891893e-01 5.913641818464342864e-02 6.404279793554342737e-01 -2.230832894822709286e-02 6.897710176802085424e-02 1.301321653540450929e-01 1.000000000000000000e+00 1.520769003791076213e-01 6.369115838938930185e-01 4.102645931272515950e-02 1.945562779965151479e-01 1.026902433864012448e-01 3.841638960302208861e-01 5.710148462055724128e-01 4.652196550863783031e-01 1.932976261713772459e-01 3.812540011890104830e-01 5.430492200943024539e-01 4.424823229640212352e-01 2.710265506232705235e-01 8.730707855800254324e-02 3.024111427207650804e-01 2.766863895456558309e-01 8.068589002303842017e-01 5.303911287394494911e-01 7.047158809302765947e-01 6.724952304446286666e-01 1.789373520634352510e-01 1.547216793702678450e-01 3.847294248006970507e-01 4.970688085832560832e-01 -9.022445076681068210e-02 2.383219071786444043e-01 2.050933707475913192e-01 4.646687318504058584e-01 1.247212177869275185e-01 5.814055549298757786e-01 -3.865826011144886387e-02 -5.058802801187523013e-02 1.268130682864785641e-01 7.259344010205859288e-01 9.641283764563168823e-02 7.531515038805384199e-01 1.228181258750964400e-01 1.361260516018916178e-01 5.634996636766233941e-02 4.610419962664248361e-01 5.027352917530072407e-01 2.630456809378993177e-01 1.617410262986809233e-01 2.217281439673292054e-01 3.137657367346174953e-01 2.709571670830107637e-01 3.866181034934651484e-01 1.469228414178178899e-01 3.059270371241502029e-01 2.590839704431597279e-01 7.301539648906893998e-01 2.676339855969097070e-01 4.953951579752706169e-01 6.485463511495394018e-01 1.361914545364526774e-01 1.917097582256805655e-01 1.524148726502971285e-01 3.617843588419446532e-01 2.284305579165240782e-02 1.027072034822256036e-01 1.125247097709151933e-01
-5.406695641648322920e-02 2.123364217975638041e-02 -2.851300833703460658e-01 2.683534896152050750e-02 7.838075401007518206e-01 7.185059821676494929e-01 1.520769003791076213e-01 1.000000000000000222e+00 -3.147784783056771230e-01 7.606843546810418966e-01 7.048399293070467531e-01 1.336568463488428948e-01 5.625852645216122827e-01 5.833945732259223638e-01 4.090814463055686412e-01 -1.061368722570042722e-01 -2.564414828250808909e-01 9.012703526902392237e-02 -8.781297733389241411e-02 -1.611549553144450697e-01 -1.767865091635437980e-01 -1.819375545034070674e-01 -3.395867943787873600e-01 -2.180777303688263280e-01 5.866740237046780271e-02 1.384975723590795849e-01 -2.330217527347811790e-01 2.670311695926091411e-01 3.228743001161935022e-01 7.126334132800510313e-02 -7.384077458102272784e-02 7.629597444857554311e-01 -1.249622384369161038e-01 8.243117740104138891e-02 1.471441519140288534e-01 1.421379488646956624e-01 2.703373064327231901e-01 -1.606597276185439682e-02 6.296600769116342811e-01 6.231646620264056358e-01 3.080633021454022291e-01 8.717276478789387495e-01 3.983006016705943619e-02 6.807986303096142944e-01 6.917018406483236292e-01 8.043548725207616545e-02 4.715421932685007200e-01 6.379565269880076439e-01 4.512276579328184933e-01 -3.824269380167924504e-01 -8.670367899764622188e-02 5.263026811508327851e-01 2.049946423566389453e-01 -1.464845232608213144e-01 -1.376647613690669680e-01 -2.214943694272595021e-01 -1.761049562066819008e-01 -4.185921984924690503e-02 4.244101661314717000e-01 2.015180485909973951e-01 -1.225667125490241538e-01 3.710417471914941867e-01 5.562366072180416898e-01 1.606225085628419993e-02 3.300111958629477482e-01 6.285855772758758286e-01 3.461113975815078847e-01 3.714624541530112678e-01
4.585073149805504178e-01 -1.710012734855366132e-02 5.209832809427860090e-01 9.954627651630473806e-02 -2.329775037445334374e-01 -1.495816872702410150e-01 6.369115838938930185e-01 -3.147784783056771230e-01 1.000000000000000000e+00 -1.783548876378752979e-01 -1.392474151348174205e-01 1.071577648932280913e-01 1.308281764817868509e-01 2.103080010952728951e-01 3.070687445345599564e-01 1.871108877145691574e-01 3.632454547792464128e-01 3.847590293910951864e-01 3.490170629372466027e-01 3.937501480379045904e-01 9.205738112919553684e-02 1.960365538271161556e-01 3.800911336256944106e-01 7.391497141021277084e-01 4.434291492241633770e-01 3.913824955677790429e-01 6.271261397397437376e-01 -6.384339431706301249e-02 9.857551930255158135e-02 6.994578228678249854e-02 4.899919734743716782e-01 -3.287856266863691257e-01 2.116625566728009000e-01 1.627949111162037277e-01 1.300326784327001384e-01 9.476786907189928277e-03 1.850477787367713622e-01 8.450754428808476826e-02 -2.489164186522129230e-01 -6.820646857006905373e-02 2.746505294590229629e-01 -3.756992903336646705e-01 7.707669364503100251e-01 -5.690538098092045444e-02 -1.918085689509786695e-01 1.403981863196344659e-01 2.622742373543147099e-01 8.329439318836968920e-02 1.695434009834297095e-01 2.699650137187932786e-01 1.120426087294629364e-01 -1.336680462235414514e-02 2.013848769686730697e-02 5.454644896646326790e-01 2.312246363475295441e-01 1.773840449801813157e-01 3.041748648478502237e-01 5.096567150204126539e-01 1.204431944249806791e-01 1.153149706788079987e-01 4.805048724178365704e-01 -1.592217639974222998e-01 4.934846105819934957e-03 -1.055276896745784704e-01 9.423263077547716637e-02 -1.847847755174032991e-01 7.450075087988969336e-02 -1.288491731197237422e-01
4.939915360867546540e-02 4.481286622522300672e-02 -3.388185790972180755e-01 4.078312567506841568e-01 6.920582391596468153e-01 8.722839356324945115e-01 4.102645931272515950e-02 7.606843546810418966e-01 -1.783548876378752979e-01 1.000000000000000000e+00 7.348098034988747029e-01 5.444547559495800382e-01 6.177370127726738991e-01 5.497726762577114235e-01 4.057929527949821202e-01 -1.389521320146948069e-01 -2.868310556344563778e-01 9.241990979392925021e-02 -5.545101435072249257e-02 1.958634543653014204e-01 -1.094712058788116366e-01 -2.243877484813286138e-01 -2.138793194605850267e-01 -2.001283409928485413e-01 1.373817819891185918e-04 5.626844886857162997e-02 -2.060442384995484766e-01 2.905379833811667090e-01 6.033271955941966747e-01 -5.525387552576259409e-02 1.039752812930999915e-01 6.436432464188454050e-01 -1.862078872729829859e-01 6.143282050530267380e-02 3.056692873797126411e-02 1.939644232550690947e-02 2.106196970696585027e-03 3.837233448530297242e-01 5.999873866003566647e-01 7.983199081215187620e-01 1.166843738318415341e-01 7.021277213948333706e-01 9.381145708019753005e-02 9.177475953463585245e-01 7.536440269102825384e-01 5.471868405448933048e-01 4.748371117859124801e-01 5.396520312441963618e-01 4.895198772327651882e-01 -3.880424841322994700e-01 -2.113849593486994138e-01 5.697592889135646432e-01 1.104834567986613669e-01 1.933083063157960413e-01 -3.336891771594607814e-02 -2.468557967983560641e-01 -1.284447541815240679e-01 -9.180614220922289626e-02 2.773851797148103038e-01 7.209954309792880600e-02 -1.850796331660619909e-01 3.646159642420735425e-01 6.722185577012657065e-01 -1.459874954373998057e-01 3.749439778513653510e-01 6.045083876905833487e-01 4.713810245789083475e-01 3.446177640967397759e-01
4.201414796846137528e-02 1.686658417884670802e-01 -1.096965028554790639e-01 1.953512330134854202e-01 5.071216813238977883e-01 7.237632518381830193e-01 1.945562779965151479e-01 7.048399293070467531e-01 -1.392474151348174205e-01 7.348098034988747029e-01 1.000000000000000222e+00 3.708203365063170165e-01 7.056793025815168985e-01 5.771484332301213271e-01 4.153151969940159782e-01 -5.561689129438689844e-02 -7.680763667903514613e-02 2.006484147180872257e-01 9.238615995282170590e-02 1.300768107125120365e-01 1.436156627044384709e-02 -9.422444459942186379e-02 -1.056014404607635154e-01 -6.790486360709535596e-02 9.300345137832398412e-02 2.555605577100655834e-01 -1.985840835209739391e-02 3.840599411867871016e-01 5.298569289722002695e-01 1.557885393358429127e-01 1.863830147881807564e-01 4.838867799858903584e-01 -5.874938728519768505e-02 1.903613458812233317e-01 1.447387987000026688e-01 9.871981129774717867e-02 1.693957623701553006e-01 1.894152272847625662e-01 5.003483540263811147e-01 7.169114594672945096e-01 2.800420600096280022e-01 7.189178858946814188e-01 1.154516919506182321e-01 6.769078264844410331e-01 8.638438673373597387e-01 3.501012673144709986e-01 5.120493543632438360e-01 6.039611446835282393e-01 4.709054101616638732e-01 -2.260669449608784243e-01 -2.325680207615778150e-02 6.762820216416839392e-01 2.955055953515543510e-01 1.562217996962685096e-01 5.741972128214425930e-02 -7.036953399608013304e-02 -1.891904458310241302e-02 8.850939986897282674e-02 3.248623659764433569e-01 2.443914984488773368e-01 3.867317336514960319e-02 4.258847216761393883e-01 5.953431691302921713e-01 4.931575935820597251e-02 5.928124418976187249e-01 5.212329221930305234e-01 4.233236572647455787e-01 3.667900059979004035e-01
2.850344880447702386e-02 2.785569723537972830e-01 2.222702134325734921e-02 6.402050201860176593e-01 1.147431687480287982e-01 5.377741281592468559e-01 1.026902433864012448e-01 1.336568463488428948e-01 1.071577648932280913e-01 5.444547559495800382e-01 3.708203365063170165e-01 1.000000000000000222e+00 3.350553042690005423e-01 2.276637285801292876e-01 3.004510447954685248e-01 1.626949977910815970e-02 1.725349059892761217e-01 1.600445566710220202e-01 3.289931028283382131e-01 6.198030236498872636e-01 2.171452805771397765e-01 1.425692723899770198e-01 2.013769278045101085e-01 9.727274865902535428e-02 8.775929523094791462e-02 2.802059618177087374e-01 1.711782311085808805e-01 4.288617083351851655e-01 6.332861919182125598e-01 1.900221377085659080e-01 3.831197809499113927e-01 -1.791029748074237163e-02 -6.186454361147146995e-03 2.823451350518913494e-01 7.597424630623296482e-02 1.961150008700530967e-01 -1.585242488320462162e-01 6.480100467309164447e-01 1.636548310918695404e-01 5.396581024304322183e-01 1.397103040817267508e-02 1.786765381802609964e-01 1.300297154160382773e-01 4.801988572012148015e-01 4.206233861622681869e-01 8.020704736457406892e-01 1.967978474802501432e-01 1.554771993101230765e-01 2.297838715859636116e-01 -1.717033602545289458e-02 3.091302720034311627e-02 3.853702814715821989e-01 2.338760798899181259e-01 5.593214356475089133e-01 2.969617419020854632e-01 1.069827773218800238e-01 1.429365326827412574e-01 1.188443341440500040e-01 4.579522550446165491e-02 2.223690175187742479e-01 7.893931705811403632e-02 2.852024147905604656e-01 5.255569177983097084e-01 8.059847894506705357e-02 4.754312694835545750e-01 2.018581108310302519e-01 2.882726506950959444e-01 4.436791049441533019e-01
9.005721139212391479e-02 -1.081256176947695546e-01 -9.354575333123427150e-02 1.230741659412844941e-01 3.950433804183972053e-01 6.892499460988896764e-01 3.841638960302208861e-01 5.625852645216122827e-01 1.308281764817868509e-01 6.177370127726738991e-01 7.056793025815168985e-01 3.350553042690005423e-01 1.000000000000000222e+00 5.816117572014302128e-01 5.222049888132792583e-01 -5.586553983741643359e-02 -1.331733939264031497e-01 1.499751445388014803e-01 2.501700505108125916e-02 1.204248169166752536e-01 -1.820190711906735648e-01 -2.013365962125217290e-01 -1.850235936104925039e-01 1.865188321273276439e-01 2.576579583530301254e-01 1.485514849763294731e-01 4.982984294652427482e-02 1.179091247023787148e-01 4.196645985333994355e-01 -1.247677253295271932e-01 3.931238038918873912e-01 3.662144203787041086e-01 -8.255516790224834422e-02 -1.622673407746137025e-02 8.843110096808838583e-02 -8.964594478788645571e-02 1.744396439220887995e-01 1.412428276925167536e-01 3.518923556910419914e-01 6.767930561376570564e-01 2.854880127906989085e-01 5.027485633841275448e-01 4.122562384352641551e-01 6.290172591425385873e-01 6.725471236099419547e-01 4.164606413694705300e-01 7.215614514188943840e-01 5.697998832858296447e-01 5.660206045503551886e-01 -2.538117528447350613e-01 -1.813000173426335959e-01 6.625684876830134629e-01 1.258612209857399022e-01 1.860649429616409722e-01 -4.949447320590136951e-02 -1.808791875346961453e-01 -1.292647323075340193e-01 2.167175192514009252e-01 2.489115089956842608e-01 1.175108764146012147e-01 7.211161395292950416e-02 1.471307009842740821e-01 4.698861204111721701e-01 -1.988529387502969981e-01 5.272049723114304864e-01 3.679987978218490219e-01 3.198652142037720636e-01 7.389627291508246709e-02
3.536813647887794843e-01 -1.279603022802823786e-01 1.626409820805352902e-01 -4.066028552081950645e-03 5.219557231185709689e-01 6.308938290850666375e-01 5.710148462055724128e-01 5.833945732259223638e-01 2.103080010952728951e-01 5.497726762577114235e-01 5.771484332301213271e-01 2.276637285801292876e-01 5.816117572014302128e-01 1.000000000000000222e+00 4.510284000304242702e-01 -8.638657875368488392e-02 -7.570083640184932516e-02 4.870842240937756085e-01 2.266247345101844446e-01 2.281513377766563599e-01 -2.726610026900030959e-01 -1.361030867880952677e-01 -1.787068173023645401e-01 2.353474455220573303e-01 2.604358639311876167e-01 3.930113551199008182e-01 2.849636163245561349e-01 3.433499697776687398e-02 4.148397028794891250e-01 5.035854041633767986e-02 3.640182395297311135e-01 4.849619853374907419e-01 -1.208883991398045088e-01 1.565728219184849349e-02 2.074549597446679883e-01 -9.211541730088045055e-02 3.423924170051024229e-01 -8.303296822178445058e-02 4.879890952795987169e-01 5.550773343221504508e-01 4.657633940638897241e-01 4.957021613614011613e-01 4.547589938147768018e-01 5.152001084438773137e-01 5.228717015553852043e-01 1.745792435150762545e-01 5.503288785493474222e-01 7.369186200024645528e-01 5.253468481049764494e-01 -2.500686544263851507e-01 -1.466567493453437010e-01 6.411616700005898783e-01 1.051903558625721935e-01 1.740806171349559839e-01 -1.824498116949583304e-01 -1.417369700803744192e-01 -1.567628745387975864e-01 2.276870699769132367e-01 2.484283810691181038e-01 2.441216993570391736e-01 2.310437722739454858e-01 7.125477150251922909e-02 4.743384596307423373e-01 -1.868896665661656242e-01 3.551521676252836213e-01 4.975481054184168750e-01 2.817887302911654679e-01 1.896562389227365586e-01
2.174485864092014220e-01 7.271296481538959411e-02 7.992598657959833208e-02 1.660955566911402892e-01 3.767431200171370564e-01 4.413302811686769522e-01 4.652196550863783031e-01 4.090814463055686412e-01 3.070687445345599564e-01 4.057929527949821202e-01 4.153151969940159782e-01 3.004510447954685248e-01 5.222049888132792583e-01 4.510284000304242702e-01 1.000000000000000000e+00 1.494699447252410829e-01 4.205719192235938403e-02 1.554409523577583996e-01 1.873864491775223129e-01 5.683949394304148306e-02 -4.051305092349491432e-02 2.794732533545701836e-02 3.018863453689506551e-02 3.325669174921637161e-01 3.736113063815478808e-01 2.931615111486907677e-01 2.474239492311346988e-01 2.028621870074010514e-01 3.047638797628917096e-01 5.432958899413191378e-02 2.886697756510732682e-01 2.628086733238685913e-01 2.876208138169831022e-02 1.612710965363107207e-01 1.514739037813932210e-01 1.722068345415323776e-01 1.256954200514723563e-01 1.728454598769227912e-01 2.305407822372468052e-01 4.256627911489779259e-01 2.795995109407358736e-01 3.332343402920600606e-01 4.767080482776854256e-01 4.064363432825529587e-01 3.610987989528014475e-01 2.976302563598354212e-01 5.316630929053842713e-01 3.791353439397412428e-01 5.222187111010526683e-01 1.624597144048192318e-02 -7.066038258616592904e-02 3.931655576716471812e-01 1.525979160988006067e-01 2.196077218113460794e-01 2.256846301512701117e-02 -3.926889124135845427e-02 7.010940542784992180e-02 2.989941650898604308e-01 2.835593731458133093e-01 1.644032686149433653e-01 1.850373600649102002e-01 1.619124784145498097e-01 3.739420788661244055e-01 -7.468665703927800104e-02 3.382952221507158908e-01 2.990677998503731838e-01 2.022635588230314030e-01 2.398610206996036887e-01
2.815592390400702971e-01 3.636495022881305883e-01 4.239560167966648918e-01 3.203203536952358710e-01 -1.977475665252328707e-01 -2.723236057861538328e-01 1.932976261713772459e-01 -1.061368722570042722e-01 1.871108877145691574e-01 -1.389521320146948069e-01 -5.561689129438689844e-02 1.626949977910815970e-02 -5.586553983741643359e-02 -8.638657875368488392e-02 1.494699447252410829e-01 1.000000000000000000e+00 1.085941360107342546e-01 1.746175800657829569e-01 2.125252906936729025e-01 4.503991255027232216e-02 4.951254254133164445e-01 6.068891393858124594e-01 6.088990500782317516e-01 3.320317694096139860e-01 4.838737213683370064e-01 3.040189009202008408e-01 4.608040421754712734e-01 4.502890465214479665e-01 3.366106071384863951e-02 2.379380936633964660e-01 -1.853204200807852123e-03 -2.374806669065991083e-01 3.687744732346293630e-01 2.883712718105030937e-01 1.508883395651547665e-01 3.830096749682811996e-01 1.378535173374986766e-01 1.338153021851848923e-01 -1.753601606092749232e-01 -1.897184107850886647e-01 7.919390501611618671e-02 -1.602724238102538890e-01 1.686205127895003819e-01 -2.960409338714662525e-02 -1.376697143130944101e-01 -3.323881937391379854e-02 -2.962219892958203524e-02 -1.324001174458203645e-01 -8.255707103073672837e-02 8.194900037323329389e-01 1.159851993378024221e-01 -2.595900823158437398e-01 7.869204374818775105e-02 2.309795678974477517e-01 5.180057510023584610e-01 4.415813614394025199e-01 5.933763194583997480e-01 2.162203142126477851e-01 3.796123559551755067e-01 1.572262110494475895e-01 4.457425438379005733e-01 3.155224439726717622e-01 -8.703289486907730965e-02 1.826259483680809925e-01 -4.579694782681146409e-02 -2.255598588526909754e-01 -8.574283436522112112e-02 7.338968625204060625e-02
1.361152635683219869e-01 4.933392209155524344e-01 5.713325498109311784e-01 1.130710412875583493e-01 -3.490704165922783320e-01 -2.375613377273516624e-01 3.812540011890104830e-01 -2.564414828250808909e-01 3.632454547792464128e-01 -2.868310556344563778e-01 -7.680763667903514613e-02 1.725349059892761217e-01 -1.331733939264031497e-01 -7.570083640184932516e-02 4.205719192235938403e-02 1.085941360107342546e-01 1.000000000000000000e+00 2.782638267020126066e-01 6.839844543889216366e-01 3.600433202710868752e-01 5.502181154901201188e-01 5.232449694474158308e-01 6.214367716419683108e-01 4.151084330252495236e-01 2.142451629873482200e-01 6.873969939843243004e-01 5.600647496193272845e-01 4.474033580314861758e-01 2.187413962839225012e-01 6.732946636325909395e-01 3.111189485072143879e-01 -4.506871801998592608e-01 4.015659426887414618e-01 5.555943524354686192e-01 3.273629845980950415e-01 3.955304110011667040e-01 3.463970954202755248e-01 1.814902185530314627e-01 -2.983041791447742508e-01 -1.481776830552422319e-01 3.555653654557233700e-01 -1.161703942315255728e-01 2.496524035165812450e-01 -2.958692636363867701e-01 -5.766569212624856472e-02 -5.282992507958815878e-03 -5.995270869990701468e-02 5.377116999103925821e-02 -1.214634415367245451e-01 3.281705496613521733e-01 8.312530542590137461e-01 -2.475859753360276985e-02 6.237641910051848759e-01 4.093610327965827023e-01 5.517187075803752228e-01 5.958550812974008348e-01 6.048386795226796675e-01 5.088536604913964645e-01 1.280491356860247731e-01 6.214624410592700654e-01 5.838114132868803541e-01 3.002465619922515261e-01 9.802671951693245345e-02 6.417093156337161375e-01 3.655259659616691414e-01 -1.421729148102260365e-01 1.692716466794298887e-03 3.788191529598806118e-01
5.131540174222851691e-01 1.996881851584672019e-01 5.447962680278096714e-01 -1.360870185327872454e-02 1.996695216306040507e-03 6.074073241459995026e-02 5.430492200943024539e-01 9.012703526902392237e-02 3.847590293910951864e-01 9.241990979392925021e-02 2.006484147180872257e-01 1.600445566710220202e-01 1.499751445388014803e-01 4.870842240937756085e-01 1.554409523577583996e-01 1.746175800657829569e-01 2.782638267020126066e-01 1.000000000000000000e+00 5.805195639956932663e-01 3.616246678965400752e-01 1.234294457392299815e-01 3.054091137014524615e-01 2.535319230379051159e-01 3.957589760048575434e-01 3.424898826574473976e-01 5.988567047155834988e-01 6.098345393783813906e-01 1.575268782438081772e-01 2.917232134766510887e-01 2.894408363995689681e-01 5.424559850895663837e-01 -1.012056048868446717e-01 2.821204886377015608e-01 2.964263282042740033e-01 4.386944970644371944e-01 2.286045322246020306e-01 4.200975042995522823e-01 -5.357538323017110860e-02 -2.464507449761832794e-02 9.875300080560665827e-02 4.966367000817100696e-01 7.323480784833609480e-02 3.938636668276999653e-01 1.802368033433642824e-01 2.062783939896711549e-01 1.035795973889050842e-01 3.851459481436017018e-01 4.110215012276045021e-01 1.748459184976604644e-02 1.598968651188453771e-01 1.862232671459214672e-01 3.451708831012577083e-01 3.561356893646694943e-01 3.956274779592642288e-01 1.619966171214174688e-01 3.575278992045078374e-01 2.806797139990474532e-01 3.134784323562698760e-01 2.000308458540701606e-01 4.288577733208151499e-01 5.571457967522984722e-01 2.040439352317218180e-01 1.753849610604601428e-01 1.428160596727016396e-01 3.177216948373453587e-01 -1.140194764833781351e-03 2.028525097959647250e-01 2.715774806446242806e-01
4.141541595044052060e-01 4.450264259564319369e-01 5.775211064598577693e-01 1.884833484155237493e-01 -1.500001080437065315e-01 -4.986287571861010987e-02 4.424823229640212352e-01 -8.781297733389241411e-02 3.490170629372466027e-01 -5.545101435072249257e-02 9.238615995282170590e-02 3.289931028283382131e-01 2.501700505108125916e-02 2.266247345101844446e-01 1.873864491775223129e-01 2.125252906936729025e-01 6.839844543889216366e-01 5.805195639956932663e-01 1.000000000000000000e+00 4.801176327683934764e-01 3.687300661287394310e-01 4.181672452215579594e-01 5.091056890779801503e-01 3.961103744633262536e-01 2.895930811819183992e-01 7.030959202986587497e-01 6.757362204888223145e-01 3.755158393750343548e-01 3.901473042613274322e-01 5.475477193426391276e-01 4.620616467518688375e-01 -2.866646374964195165e-01 3.482163964669248712e-01 5.601453011841588392e-01 4.466879187068403811e-01 4.149897201292744309e-01 2.775693079423090515e-01 2.048282701729049193e-01 -1.149589440997691447e-01 1.852517221702032826e-02 3.723351346267169126e-01 -4.424549423261413261e-02 3.135588373702551390e-01 -3.415190035553274800e-02 1.185941980549223979e-01 1.536857355200310915e-01 1.717325199109727141e-01 2.100681074981045893e-01 -6.252171682494801763e-02 3.121395943289586583e-01 5.392510120823004183e-01 1.976480300881030827e-01 6.489974751307237000e-01 5.045579495977350337e-01 3.772865076925940309e-01 4.791560663874594450e-01 4.604679894758017533e-01 3.965956825734648916e-01 9.318339146938166284e-02 5.414217517020754045e-01 5.953421671546587080e-01 2.355815286473750270e-01 2.093741478312773074e-01 4.136286240355172006e-01 4.514248396060276947e-01 -4.886025983924295601e-02 2.187484238348793783e-02 4.756372186598619711e-01
3.064269552958679976e-01 2.614471188500590570e-01 3.981670605963225085e-01 4.250949138600493837e-01 -1.372645362107676459e-01 1.967748639472906014e-01 2.710265506232705235e-01 -1.611549553144450697e-01 3.937501480379045904e-01 1.958634543653014204e-01 1.300768107125120365e-01 6.198030236498872636e-01 1.204248169166752536e-01 2.281513377766563599e-01 5.683949394304148306e-02 4.503991255027232216e-02 3.600433202710868752e-01 3.616246678965400752e-01 4.801176327683934764e-01 1.000000000000000000e+00 2.962759792375964096e-01 2.847964688451163906e-01 4.326321297352767048e-01 3.353456738401967563e-01 1.157100926418081488e-01 4.280788828467651519e-01 4.761808032653419009e-01 2.694223963319596349e-01 4.617224342416487715e-01 2.303035039837436626e-01 4.695745627216919016e-01 -2.617716487687675730e-01 8.155618071152447024e-02 2.993099874023096296e-01 1.730885424833959185e-01 7.095613295009838006e-02 6.054471929866807323e-02 3.581734561756842461e-01 -6.302904319504645803e-02 2.254850735627706437e-01 1.193318579937023283e-01 -1.295205378846254751e-01 2.877905981592238094e-01 2.325500018914197775e-01 1.690688034880637181e-01 5.582690336820809174e-01 1.146225190746187617e-01 1.385549147612044341e-01 1.146943687821445346e-01 1.318574378966146377e-01 2.147744522471236595e-01 2.038054380349535177e-01 2.456507365057625236e-01 7.862286887452758499e-01 3.664564170259562714e-01 3.436849247139154295e-01 3.416146828549311287e-01 2.690349547476748593e-01 -2.007232675498089522e-02 2.853003804096191920e-01 3.504770971970166960e-01 1.505446753003357452e-01 3.108486606992815204e-01 1.228999849860555188e-01 2.740980653639976672e-01 4.479734455846987734e-02 2.871844959282069953e-01 2.648274431464244794e-01
-7.653058812003330803e-03 7.449244509385628543e-01 3.852269710203897746e-01 4.245395476133657642e-01 -3.321670623479276441e-01 -2.387983633047231768e-01 8.730707855800254324e-02 -1.767865091635437980e-01 9.205738112919553684e-02 -1.094712058788116366e-01 1.436156627044384709e-02 2.171452805771397765e-01 -1.820190711906735648e-01 -2.726610026900030959e-01 -4.051305092349491432e-02 4.951254254133164445e-01 5.502181154901201188e-01 1.234294457392299815e-01 3.687300661287394310e-01 2.962759792375964096e-01 1.000000000000000000e+00 7.757494061394785145e-01 8.416885604996774406e-01 1.987533312748401004e-01 2.518038875223788109e-01 4.496436445447655195e-01 3.782180110095365588e-01 7.261212247746449133e-01 2.724715028106726167e-01 6.494975741484311227e-01 2.615919471062630799e-02 -3.925527934488498571e-01 4.375294227342130249e-01 5.846257471121316662e-01 2.458634828706157682e-01 5.437968561395231104e-01 8.980860838463525231e-02 4.129294491956008173e-01 -3.145257515738725251e-01 -1.601807468359184861e-01 9.930509538134062175e-02 -9.892798990487197686e-02 -1.493063741766879719e-02 -1.074624362705802055e-01 4.052709507315263408e-03 1.380167318947507216e-01 -2.125249728892469880e-01 -1.846439765099438524e-01 -2.297074252266520789e-01 6.244734370873539220e-01 5.782443129839587304e-01 -2.076445646604574979e-01 4.100255873892540981e-01 4.234742744651231461e-01 8.075161400444431647e-01 7.324385091318270646e-01 7.742929739241910525e-01 2.913282028003518764e-01 2.705606015052894331e-01 4.117333827041103622e-01 4.139539708678861563e-01 5.495465607235665573e-01 1.609556416598120210e-01 6.218752405891113666e-01 2.163186412901315359e-01 -2.301757320143732188e-01 1.119935743772489944e-01 4.021335099521016199e-01
1.901296180182044382e-01 7.009046414835565786e-01 5.690622815018069325e-01 2.906893099798332769e-01 -2.688654601890044793e-01 -3.220170442066560001e-01 3.024111427207650804e-01 -1.819375545034070674e-01 1.960365538271161556e-01 -2.243877484813286138e-01 -9.422444459942186379e-02 1.425692723899770198e-01 -2.013365962125217290e-01 -1.361030867880952677e-01 2.794732533545701836e-02 6.068891393858124594e-01 5.232449694474158308e-01 3.054091137014524615e-01 4.181672452215579594e-01 2.847964688451163906e-01 7.757494061394785145e-01 1.000000000000000222e+00 7.593003823299530053e-01 4.179438464019915589e-01 4.427952398367598907e-01 5.758241625682580800e-01 5.474501558200364215e-01 5.970874602277198573e-01 1.767692141881083423e-01 6.600950698053219545e-01 9.090975575817847321e-02 -3.910439900101531085e-01 5.432555984040917663e-01 5.636509319398330664e-01 4.528052397807445506e-01 5.921781688838531066e-01 2.676106655734842854e-01 1.992113562630227486e-01 -2.902107426344898711e-01 -2.251978192381972610e-01 2.914285387923123416e-01 -1.219821247153483890e-01 1.788601409477343085e-01 -1.826998250450140582e-01 -9.264160690554805455e-02 4.634523813643829163e-03 -1.375421516495343721e-01 -4.030084518394270315e-02 -1.827567419063578225e-01 7.126515404379197838e-01 5.229819306324904327e-01 -2.012596459356495171e-01 4.413802286197933133e-01 3.945513085354014349e-01 6.890172684601130193e-01 8.414710643467758766e-01 7.488910555517264145e-01 4.590723187748901313e-01 3.541742568497610599e-01 5.225335564483409856e-01 6.181791804057598094e-01 4.597301173788615469e-01 6.786494938687415157e-02 6.136791477342946610e-01 1.500458115192927766e-01 -2.515318144486940466e-01 -6.447738636550972690e-04 3.985827972658619878e-01
2.657849786942815817e-01 5.976853509356676586e-01 6.269039640648624845e-01 4.369706324280512311e-01 -4.115949614213457175e-01 -3.274646981874755336e-01 2.766863895456558309e-01 -3.395867943787873600e-01 3.800911336256944106e-01 -2.138793194605850267e-01 -1.056014404607635154e-01 2.013769278045101085e-01 -1.850235936104925039e-01 -1.787068173023645401e-01 3.018863453689506551e-02 6.088990500782317516e-01 6.214367716419683108e-01 2.535319230379051159e-01 5.091056890779801503e-01 4.326321297352767048e-01 8.416885604996774406e-01 7.593003823299530053e-01 1.000000000000000000e+00 4.262880034591648437e-01 3.697325481004176129e-01 5.396547426725553098e-01 6.191700747698997143e-01 5.640939110852525307e-01 2.008689067708284426e-01 5.507618389256596636e-01 1.867652980537597429e-01 -4.866354292273931681e-01 4.599242479614953916e-01 4.810809030995153446e-01 2.708187974159727562e-01 4.067427138428583167e-01 1.635235968041676424e-01 3.702482003740962258e-01 -3.796130603920562230e-01 -2.404182115281518484e-01 1.450370569013794131e-01 -2.922973434585856012e-01 2.188301883492359545e-01 -1.432739246006308753e-01 -1.521062373444314886e-01 1.133104438953927706e-01 -1.548552138940506306e-01 -1.706994795939763832e-01 -1.842013331965395850e-01 7.594565841240319415e-01 5.104259551830334640e-01 -2.414131399282897772e-01 3.249617854158347585e-01 5.910430490592336605e-01 7.558023809245513203e-01 7.081883675547279156e-01 8.428950538098682888e-01 3.838960349128902050e-01 1.980561411025205387e-01 3.686485157381059197e-01 5.763787053925002457e-01 3.573144662432648500e-01 2.235438739965250193e-02 4.616731556471757036e-01 1.440561355041288794e-01 -3.138103184744362451e-01 2.040749940016693340e-02 2.374202752407538475e-01
