0.000000 0.000000 104.394983 92.634585 0.000000 112.942907 37.850413 59.142420 0.000000 100.284894 112.040221 0.000000 0.000000 24.476283 0.000000 0.000000 107.249411 130.358545 118.553775 100.255495 77.784801 0.000000 94.312877 96.776422 0.000000 120.010512 0.000000 94.794302 30.187946 41.037781 0.000000 97.124673 37.467218 64.371271 0.000000 0.000000 0.000000 0.000000 0.000000 0.000000 0.000000 0.000000 0.000000 0.000000 0.000000 0.000000 0.000000 0.000000 0.000000 0.000000 0.000000 0.000000 0.000000 0.000000 0.000000 0.000000 0.000000 0.000000 0.000000 0.000000 0.000000 0.000000 0.000000 0.000000 0.000000 0.000000 0.000000 0.000000
0.000000 0.000000 45.191650 0.000000 142.134457 150.553198 0.000000 0.000000 77.580408 0.000000 0.000000 0.000000 45.103090 0.000000 114.597065 0.000000 55.866025 0.000000 0.000000 0.000000 0.000000 23.047307 62.204845 85.039878 26.122457 48.785072 32.579776 113.885496 0.000000 0.000000 62.208725 165.562656 0.000000 0.000000 0.000000 0.000000 52.853626 0.000000 0.000000 0.000000 0.000000 0.000000 0.000000 0.000000 88.058180 0.000000 91.018517 0.000000 0.000000 0.000000 0.000000 0.000000 0.000000 0.000000 0.000000 0.000000 0.000000 0.000000 0.000000 82.470985 71.708872 0.000000 0.000000 0.000000 105.956017 0.000000 0.000000 0.000000
104.394983 45.191650 0.000000 122.875710 0.000000 145.164606 103.158530 127.646634 119.805587 124.308180 0.000000 0.000000 0.000000 116.961866 0.000000 94.937348 45.823652 80.446633 73.599789 0.000000 59.826167 43.144511 40.245045 99.167910 0.000000 40.718390 37.819071 100.595983 137.352768 80.872815 0.000000 169.673961 0.000000 60.033015 0.000000 55.080218 99.640623 144.619941 0.000000 0.000000 190.148429 0.000000 0.000000 208.247049 0.000000 0.000000 0.000000 0.000000 0.000000 115.675653 109.435576 0.000000 110.736414 0.000000 0.000000 43.674533 108.595245 167.595860 0.000000 99.635673 98.067368 208.158691 0.000000 0.000000 0.000000 0.000000 0.000000 114.614320
92.634585 0.000000 122.875710 0.000000 118.757091 65.160842 59.014229 90.409283 70.718558 21.147599 0.000000 35.770248 0.000000 111.057830 111.296224 0.000000 0.000000 0.000000 0.000000 19.766967 0.000000 75.749478 0.000000 21.624776 0.000000 181.814786 133.888678 23.627238 117.650128 0.000000 0.000000 0.000000 0.000000 95.388105 0.000000 0.000000 0.000000 27.945089 157.839414 161.013763 137.552601 171.908639 85.614806 137.416558 0.000000 140.034445 0.000000 164.764522 0.000000 0.000000 0.000000 0.000000 0.000000 136.616532 0.000000 0.000000 0.000000 121.562950 0.000000 0.000000 0.000000 150.933966 0.000000 0.000000 0.000000 0.000000 0.000000 178.119257
0.000000 142.134457 0.000000 118.757091 0.000000 18.113954 115.645953 91.314602 75.707719 135.528953 58.892005 46.237834 191.461759 0.000000 26.933776 0.000000 0.000000 0.000000 0.000000 0.000000 0.000000 118.756969 0.000000 103.445689 178.270181 203.569497 160.359453 120.836032 0.000000 0.000000 211.903847 17.052648 0.000000 9.868969 0.000000 0.000000 0.000000 154.731528 0.000000 0.000000 0.000000 0.000000 0.000000 0.000000 0.000000 126.646408 0.000000 0.000000 0.000000 0.000000 0.000000 0.000000 0.000000 0.000000 0.000000 0.000000 0.000000 141.779089 0.000000 0.000000 0.000000 0.000000 0.000000 0.000000 0.000000 0.000000 0.000000 0.000000
112.942907 150.553198 145.164606 65.160842 18.113954 0.000000 63.165508 33.954968 78.503678 34.865813 91.509622 38.875785 105.938324 68.759043 29.253583 0.000000 162.296909 134.339669 141.078452 42.884529 0.000000 127.838759 141.870598 108.106391 173.033552 137.489190 170.190756 75.636261 92.003562 119.314311 139.136227 31.425877 0.000000 50.880488 0.000000 0.000000 0.000000 152.035566 0.000000 167.673543 152.192490 181.357898 0.000000 185.596284 0.000000 140.187189 0.000000 195.849737 0.000000 0.000000 0.000000 0.000000 0.000000 180.410172 0.000000 0.000000 0.000000 143.919777 0.000000 0.000000 0.000000 167.693103 0.000000 0.000000 0.000000 0.000000 0.000000 0.000000
37.850413 0.000000 103.158530 59.014229 115.645953 63.165508 0.000000 63.467119 75.635186 34.847501 134.836919 97.708630 175.531052 46.904241 87.579539 0.000000 109.273856 138.284528 118.514652 70.578673 80.830765 73.945258 88.628128 58.701241 0.000000 120.652880 124.145223 39.131945 89.705959 34.101948 184.765292 132.590206 88.337012 88.802084 0.000000 0.000000 0.000000 127.317464 0.000000 0.000000 129.512036 164.620210 85.606828 154.914591 0.000000 0.000000 0.000000 149.493236 0.000000 0.000000 0.000000 0.000000 0.000000 146.972559 0.000000 0.000000 0.000000 118.964779 0.000000 0.000000 0.000000 145.108101 186.091682 0.000000 0.000000 0.000000 0.000000 159.765435
59.142420 0.000000 127.646634 90.409283 91.314602 33.954968 63.467119 0.000000 90.758006 49.809616 89.813016 93.908699 92.739414 23.604031 53.084814 0.000000 136.532619 120.732568 139.727766 89.684360 112.635833 0.000000 118.607067 97.402462 0.000000 135.007016 159.604859 86.909657 52.056079 78.786570 119.583401 26.203663 110.700277 75.451493 165.367761 0.000000 0.000000 145.535029 0.000000 173.504844 149.463631 180.885123 106.083828 172.162793 0.000000 168.938184 0.000000 172.556468 0.000000 0.000000 0.000000 0.000000 0.000000 172.785206 0.000000 0.000000 0.000000 138.104738 0.000000 0.000000 0.000000 160.415398 181.599792 0.000000 0.000000 0.000000 0.000000 175.209808
0.000000 77.580408 119.805587 70.718558 75.707719 78.503678 75.635186 90.758006 0.000000 89.128232 149.655734 62.510574 133.219266 87.308752 55.439708 0.000000 0.000000 0.000000 0.000000 66.987901 0.000000 44.900944 0.000000 39.489987 116.207004 140.184549 105.309264 65.337818 89.491806 0.000000 148.447269 96.390265 58.812575 58.387389 0.000000 0.000000 0.000000 102.187772 0.000000 0.000000 0.000000 133.559770 10.462547 183.254581 173.461493 0.000000 172.994001 138.838353 0.000000 0.000000 0.000000 0.000000 0.000000 0.000000 0.000000 9.436389 0.000000 61.716731 0.000000 0.000000 0.000000 89.905294 94.710960 0.000000 0.000000 0.000000 0.000000 0.000000
100.284894 0.000000 124.308180 21.147599 135.528953 34.865813 34.847501 49.809616 89.128232 0.000000 155.675078 29.586761 163.918486 108.252250 72.627830 0.000000 162.765399 173.251993 165.567654 14.141282 98.692871 93.477859 114.112909 67.992050 0.000000 174.265627 148.051684 36.941353 115.144464 116.523121 190.622902 133.613754 95.766674 100.589885 0.000000 0.000000 0.000000 43.459837 0.000000 173.355897 150.478883 179.115193 104.443646 136.647440 0.000000 163.254291 0.000000 165.154735 0.000000 0.000000 0.000000 0.000000 0.000000 167.017971 0.000000 0.000000 0.000000 139.251696 0.000000 0.000000 0.000000 164.515931 208.697048 0.000000 0.000000 0.000000 0.000000 0.000000
112.040221 0.000000 0.000000 0.000000 58.892005 91.509622 134.836919 89.813016 149.655734 155.675078 0.000000 153.530029 26.228069 88.831432 106.560529 0.000000 48.903074 25.544666 28.299077 150.894261 94.140819 0.000000 121.370917 0.000000 24.216469 25.480529 62.073841 168.982972 86.179647 97.491510 30.389912 62.433858 99.682698 26.333815 0.000000 104.978782 0.000000 0.000000 0.000000 0.000000 0.000000 0.000000 175.762399 0.000000 78.277981 0.000000 69.984176 0.000000 0.000000 0.000000 0.000000 92.822402 116.060460 0.000000 0.000000 136.724816 0.000000 197.221967 36.993267 94.653093 97.361191 223.761752 0.000000 0.000000 95.630964 0.000000 0.000000 0.000000
0.000000 0.000000 0.000000 35.770248 46.237834 38.875785 97.708630 93.908699 62.510574 29.586761 153.530029 0.000000 159.335608 108.824167 18.049015 0.000000 0.000000 172.613489 174.085106 15.003792 0.000000 0.000000 0.000000 35.373825 0.000000 169.965273 173.329399 48.002510 115.714790 0.000000 190.560543 101.923154 0.000000 96.652265 0.000000 0.000000 0.000000 100.545653 123.903647 147.626180 129.477827 151.453006 0.000000 126.437061 0.000000 118.370462 0.000000 0.000000 0.000000 0.000000 0.000000 0.000000 0.000000 135.150808 0.000000 0.000000 0.000000 106.876995 0.000000 0.000000 0.000000 144.582887 0.000000 0.000000 0.000000 0.000000 0.000000 0.000000
0.000000 45.103090 0.000000 0.000000 191.461759 105.938324 175.531052 92.739414 133.219266 163.918486 26.228069 159.335608 0.000000 101.117717 180.020583 0.000000 0.000000 54.788181 60.923599 0.000000 0.000000 79.036896 0.000000 139.880071 22.545061 26.475005 24.943120 0.000000 87.693477 0.000000 16.147420 83.034086 0.000000 40.451184 0.000000 115.197398 0.000000 0.000000 0.000000 0.000000 0.000000 0.000000 175.100920 0.000000 83.202595 0.000000 78.369982 0.000000 0.000000 0.000000 0.000000 93.310917 105.385829 0.000000 0.000000 149.520535 0.000000 203.077621 46.313152 91.018021 95.125869 0.000000 0.000000 0.000000 93.599055 0.000000 0.000000 0.000000
24.476283 0.000000 116.961866 111.057830 0.000000 68.759043 46.904241 23.604031 87.308752 108.252250 88.831432 108.824167 101.117717 0.000000 0.000000 0.000000 124.090278 117.108431 127.471825 108.416183 98.954258 0.000000 107.648414 103.220216 0.000000 120.940976 131.951571 106.205179 32.516151 66.232139 114.810368 20.139098 77.448718 33.723927 0.000000 0.000000 0.000000 138.091020 0.000000 0.000000 164.964388 188.559886 95.553169 0.000000 0.000000 0.000000 0.000000 184.831264 0.000000 0.000000 0.000000 0.000000 0.000000 0.000000 0.000000 0.000000 0.000000 155.150279 0.000000 0.000000 0.000000 183.032451 191.676037 0.000000 0.000000 0.000000 0.000000 0.000000
0.000000 114.597065 0.000000 111.296224 26.933776 29.253583 87.579539 53.084814 55.439708 72.627830 106.560529 18.049015 180.020583 0.000000 0.000000 0.000000 0.000000 0.000000 0.000000 0.000000 0.000000 91.501585 0.000000 80.798664 155.769903 0.000000 135.685383 91.912847 0.000000 0.000000 0.000000 49.109558 0.000000 0.000000 0.000000 0.000000 0.000000 0.000000 0.000000 0.000000 0.000000 0.000000 0.000000 0.000000 0.000000 87.619792 0.000000 0.000000 0.000000 0.000000 0.000000 0.000000 0.000000 0.000000 0.000000 0.000000 0.000000 93.403208 0.000000 0.000000 0.000000 0.000000 0.000000 0.000000 0.000000 0.000000 0.000000 0.000000
0.000000 0.000000 94.937348 0.000000 0.000000 0.000000 0.000000 0.000000 0.000000 0.000000 0.000000 0.000000 0.000000 0.000000 0.000000 0.000000 114.028512 0.000000 131.547821 0.000000 22.230920 41.842059 27.645683 24.369810 0.000000 106.241057 24.761611 38.744131 0.000000 83.707443 0.000000 0.000000 0.000000 85.414079 0.000000 0.000000 110.945432 0.000000 0.000000 0.000000 0.000000 0.000000 0.000000 0.000000 0.000000 0.000000 0.000000 0.000000 0.000000 111.308548 0.000000 0.000000 0.000000 0.000000 132.199183 58.908094 118.492218 133.797511 0.000000 128.796153 99.541762 134.062485 0.000000 0.000000 0.000000 0.000000 0.000000 0.000000
107.249411 55.866025 45.823652 0.000000 0.000000 162.296909 109.273856 136.532619 0.000000 162.765399 48.903074 0.000000 0.000000 124.090278 0.000000 114.028512 0.000000 52.357657 23.496483 0.000000 73.364116 0.000000 38.052143 141.517168 0.000000 34.466490 72.584551 117.727180 111.921482 84.145427 0.000000 117.746850 0.000000 38.949521 0.000000 62.719563 107.074644 0.000000 0.000000 0.000000 0.000000 0.000000 0.000000 0.000000 0.000000 0.000000 0.000000 0.000000 0.000000 0.000000 111.782340 0.000000 107.760890 0.000000 0.000000 0.000000 145.424736 0.000000 0.000000 101.779570 106.693241 0.000000 0.000000 0.000000 0.000000 0.000000 0.000000 131.002647
130.358545 0.000000 80.446633 0.000000 0.000000 134.339669 138.284528 120.732568 0.000000 173.251993 25.544666 172.613489 54.788181 117.108431 0.000000 0.000000 52.357657 0.000000 24.956224 0.000000 107.806274 0.000000 88.203108 0.000000 0.000000 35.168627 71.206571 184.375565 118.443591 111.775574 59.413270 89.706455 118.761836 48.181525 0.000000 0.000000 0.000000 0.000000 0.000000 0.000000 0.000000 0.000000 0.000000 0.000000 100.388778 0.000000 97.973636 0.000000 0.000000 0.000000 0.000000 100.611537 110.077770 0.000000 0.000000 0.000000 0.000000 0.000000 0.000000 98.984737 103.410116 0.000000 0.000000 0.000000 105.096822 0.000000 0.000000 0.000000
118.553775 0.000000 73.599789 0.000000 0.000000 141.078452 118.514652 139.727766 0.000000 165.567654 28.299077 174.085106 60.923599 127.471825 0.000000 131.547821 23.496483 24.956224 0.000000 175.078696 86.838550 0.000000 81.265037 0.000000 0.000000 30.969838 88.833992 171.968929 118.585751 97.062042 61.568893 102.492125 104.290485 40.412416 0.000000 0.000000 117.179871 0.000000 0.000000 0.000000 0.000000 0.000000 0.000000 0.000000 0.000000 0.000000 0.000000 0.000000 0.000000 0.000000 119.955227 107.820402 107.065482 0.000000 0.000000 0.000000 0.000000 0.000000 0.000000 98.691088 104.059159 0.000000 0.000000 0.000000 0.000000 0.000000 0.000000 0.000000
100.255495 0.000000 0.000000 19.766967 0.000000 42.884529 70.578673 89.684360 66.987901 14.141282 150.894261 15.003792 0.000000 108.416183 0.000000 0.000000 0.000000 0.000000 175.078696 0.000000 0.000000 0.000000 0.000000 26.934834 0.000000 169.514023 150.782345 34.406125 115.790932 0.000000 0.000000 129.153525 0.000000 106.102714 0.000000 0.000000 0.000000 80.196891 0.000000 0.000000 138.882373 158.468582 0.000000 138.112377 0.000000 120.278596 0.000000 0.000000 0.000000 0.000000 0.000000 0.000000 0.000000 140.182283 0.000000 0.000000 0.000000 129.196474 0.000000 0.000000 0.000000 148.552371 0.000000 0.000000 0.000000 0.000000 0.000000 0.000000
77.784801 0.000000 59.826167 0.000000 0.000000 0.000000 80.830765 112.635833 0.000000 98.692871 94.140819 0.000000 0.000000 98.954258 0.000000 22.230920 73.364116 107.806274 86.838550 0.000000 0.000000 61.021774 33.614464 12.819498 0.000000 82.532643 82.917445 27.638331 29.071290 41.275197 0.000000 0.000000 0.000000 41.909410 0.000000 0.000000 0.000000 0.000000 0.000000 0.000000 0.000000 0.000000 0.000000 0.000000 0.000000 0.000000 0.000000 0.000000 0.000000 130.298068 0.000000 0.000000 0.000000 0.000000 142.872912 75.569097 143.427148 133.814816 0.000000 0.000000 0.000000 139.710745 0.000000 0.000000 0.000000 0.000000 0.000000 0.000000
0.000000 23.047307 43.144511 75.749478 118.756969 127.838759 73.945258 0.000000 44.900944 93.477859 0.000000 0.000000 79.036896 0.000000 91.501585 41.842059 0.000000 0.000000 0.000000 0.000000 61.021774 0.000000 56.698181 46.691664 61.700625 93.005963 38.915769 60.138214 114.687278 53.811534 95.103425 141.431688 0.000000 49.916360 0.000000 0.000000 0.000000 0.000000 0.000000 0.000000 0.000000 0.000000 9.109260 0.000000 0.000000 0.000000 131.240685 0.000000 0.000000 52.891683 0.000000 0.000000 0.000000 0.000000 77.340377 8.452658 67.527974 66.674470 0.000000 0.000000 69.136871 89.875604 0.000000 0.000000 0.000000 0.000000 0.000000 0.000000
94.312877 62.204845 40.245045 0.000000 0.000000 141.870598 88.628128 118.607067 0.000000 114.112909 121.370917 0.000000 0.000000 107.648414 0.000000 27.645683 38.052143 88.203108 81.265037 0.000000 33.614464 56.698181 0.000000 63.063802 0.000000 69.909123 64.898046 62.249609 114.385004 56.767224 0.000000 0.000000 114.369090 34.393366 0.000000 75.467062 102.087645 0.000000 0.000000 0.000000 189.529175 0.000000 0.000000 0.000000 0.000000 0.000000 0.000000 0.000000 0.000000 114.395269 128.702903 0.000000 0.000000 0.000000 138.271025 62.152170 113.780806 148.072595 0.000000 139.852624 100.388341 155.030820 0.000000 162.044937 0.000000 0.000000 0.000000 0.000000
96.776422 85.039878 99.167910 21.624776 103.445689 108.106391 58.701241 97.402462 39.489987 67.992050 0.000000 35.373825 139.880071 103.220216 80.798664 24.369810 141.517168 0.000000 0.000000 26.934834 12.819498 46.691664 63.063802 0.000000 120.257303 144.877174 90.145180 28.736081 102.776122 75.536905 154.195141 126.397437 83.368437 84.712231 133.948342 0.000000 167.454987 123.038198 0.000000 136.113618 114.924421 144.585677 55.645696 139.268039 0.000000 122.563048 0.000000 145.823066 0.000000 125.173880 167.866440 0.000000 0.000000 130.535114 137.079534 64.373860 0.000000 101.848811 0.000000 174.064669 177.939524 128.050488 149.184999 149.248930 0.000000 0.000000 135.598899 133.273826
0.000000 26.122457 0.000000 0.000000 178.270181 173.033552 0.000000 0.000000 116.207004 0.000000 24.216469 0.000000 22.545061 0.000000 155.769903 0.000000 0.000000 0.000000 0.000000 0.000000 0.000000 61.700625 0.000000 120.257303 0.000000 45.229952 31.353038 0.000000 89.444484 0.000000 46.382876 175.283811 0.000000 33.684048 0.000000 0.000000 0.000000 0.000000 0.000000 0.000000 0.000000 0.000000 0.000000 0.000000 71.723140 0.000000 67.701460 0.000000 0.000000 0.000000 0.000000 80.894902 0.000000 0.000000 0.000000 0.000000 0.000000 0.000000 21.957102 76.863125 82.234206 0.000000 0.000000 0.000000 86.312668 0.000000 0.000000 0.000000
120.010512 48.785072 40.718390 181.814786 203.569497 137.489190 120.652880 135.007016 140.184549 174.265627 25.480529 169.965273 26.475005 120.940976 0.000000 106.241057 34.466490 35.168627 30.969838 169.514023 82.532643 93.005963 69.909123 144.877174 45.229952 0.000000 50.286205 154.459057 119.344529 105.666426 18.633883 101.268061 116.833997 58.884114 0.000000 65.819845 103.626842 0.000000 0.000000 0.000000 0.000000 0.000000 0.000000 0.000000 101.439153 0.000000 95.716077 210.543683 0.000000 0.000000 107.365823 102.351800 103.342327 0.000000 159.727877 165.743798 143.912072 193.282008 54.790864 96.899594 101.195913 226.928107 0.000000 176.970437 106.630866 0.000000 0.000000 135.437518
0.000000 32.579776 37.819071 133.888678 160.359453 170.190756 124.145223 159.604859 105.309264 148.051684 62.073841 173.329399 24.943120 131.951571 135.685383 24.761611 72.584551 71.206571 88.833992 150.782345 82.917445 38.915769 64.898046 90.145180 31.353038 50.286205 0.000000 94.005396 140.566802 125.688114 44.392393 156.628965 146.995970 70.262388 0.000000 48.834553 94.602256 178.922028 0.000000 0.000000 198.148574 228.499716 0.000000 215.211338 102.399909 0.000000 95.739293 217.396276 0.000000 97.838943 104.605404 103.253858 102.049896 0.000000 137.201884 47.861837 107.416555 176.589559 56.157050 93.761103 93.575356 192.376152 226.913358 0.000000 105.636073 0.000000 0.000000 148.931781
94.794302 113.885496 100.595983 23.627238 120.836032 75.636261 39.131945 86.909657 65.337818 36.941353 168.982972 48.002510 0.000000 106.205179 91.912847 38.744131 117.727180 184.375565 171.968929 34.406125 27.638331 60.138214 62.249609 28.736081 0.000000 154.459057 94.005396 0.000000 102.380870 53.301919 0.000000 141.455780 82.428124 80.598852 152.221797 0.000000 182.985683 77.835342 172.733783 159.766658 134.539071 162.073572 72.691930 158.028550 0.000000 145.631838 0.000000 157.723435 0.000000 133.424470 0.000000 0.000000 0.000000 149.833810 140.518614 73.507963 161.419572 120.228957 0.000000 215.030951 200.425711 147.892636 162.211959 0.000000 0.000000 0.000000 0.000000 149.648397
30.187946 0.000000 137.352768 117.650128 0.000000 92.003562 89.705959 52.056079 89.491806 115.144464 86.179647 115.714790 87.693477 32.516151 0.000000 0.000000 111.921482 118.443591 118.585751 115.790932 29.071290 114.687278 114.385004 102.776122 89.444484 119.344529 140.566802 102.380870 0.000000 40.938324 107.936348 14.915176 21.271213 27.679261 0.000000 0.000000 0.000000 123.677705 0.000000 0.000000 179.430947 189.904254 96.322327 181.047450 0.000000 0.000000 110.026187 197.031104 0.000000 0.000000 0.000000 0.000000 0.000000 0.000000 0.000000 0.000000 0.000000 148.744091 0.000000 0.000000 0.000000 175.467740 186.311828 0.000000 0.000000 0.000000 0.000000 175.327111
41.037781 0.000000 80.872815 0.000000 0.000000 119.314311 34.101948 78.786570 0.000000 116.523121 97.491510 0.000000 0.000000 66.232139 0.000000 83.707443 84.145427 111.775574 97.062042 0.000000 41.275197 53.811534 56.767224 75.536905 0.000000 105.666426 125.688114 53.301919 40.938324 0.000000 0.000000 0.000000 49.679899 35.014519 0.000000 0.000000 0.000000 0.000000 0.000000 0.000000 171.002872 0.000000 0.000000 0.000000 0.000000 0.000000 0.000000 0.000000 0.000000 117.664693 0.000000 0.000000 0.000000 0.000000 129.607155 63.203885 0.000000 132.908389 0.000000 0.000000 0.000000 126.711321 0.000000 0.000000 0.000000 0.000000 0.000000 0.000000
0.000000 62.208725 0.000000 0.000000 211.903847 139.136227 184.765292 119.583401 148.447269 190.622902 30.389912 190.560543 16.147420 114.810368 0.000000 0.000000 0.000000 59.413270 61.568893 0.000000 0.000000 95.103425 0.000000 154.195141 46.382876 18.633883 44.392393 0.000000 107.936348 0.000000 0.000000 116.738068 0.000000 71.234824 0.000000 121.731167 0.000000 0.000000 0.000000 0.000000 0.000000 0.000000 0.000000 0.000000 101.006275 0.000000 96.495681 0.000000 0.000000 0.000000 0.000000 104.395837 112.721499 0.000000 0.000000 0.000000 0.000000 205.570450 58.979850 102.882899 106.609783 0.000000 0.000000 0.000000 109.161983 0.000000 0.000000 0.000000
97.124673 165.562656 169.673961 0.000000 17.052648 31.425877 132.590206 26.203663 96.390265 133.613754 62.433858 101.923154 83.034086 20.139098 49.109558 0.000000 117.746850 89.706455 102.492125 129.153525 0.000000 141.431688 0.000000 126.397437 175.283811 101.268061 156.628965 141.455780 14.915176 0.000000 116.738068 0.000000 0.000000 14.154008 0.000000 0.000000 0.000000 0.000000 0.000000 0.000000 0.000000 0.000000 0.000000 0.000000 0.000000 151.699902 109.729853 0.000000 0.000000 0.000000 0.000000 0.000000 0.000000 0.000000 0.000000 0.000000 0.000000 162.499290 0.000000 0.000000 0.000000 200.318361 0.000000 0.000000 0.000000 0.000000 0.000000 0.000000
37.467218 0.000000 0.000000 0.000000 0.000000 0.000000 88.337012 110.700277 58.812575 95.766674 99.682698 0.000000 0.000000 77.448718 0.000000 0.000000 0.000000 118.761836 104.290485 0.000000 0.000000 0.000000 114.369090 83.368437 0.000000 116.833997 146.995970 82.428124 21.271213 49.679899 0.000000 0.000000 0.000000 30.841671 0.000000 0.000000 0.000000 0.000000 0.000000 0.000000 0.000000 0.000000 0.000000 0.000000 0.000000 0.000000 0.000000 0.000000 0.000000 0.000000 0.000000 0.000000 0.000000 0.000000 0.000000 0.000000 0.000000 0.000000 0.000000 0.000000 0.000000 169.416054 0.000000 0.000000 0.000000 0.000000 0.000000 0.000000
64.371271 0.000000 60.033015 95.388105 9.868969 50.880488 88.802084 75.451493 58.387389 100.589885 26.333815 96.652265 40.451184 33.723927 0.000000 85.414079 38.949521 48.181525 40.412416 106.102714 41.909410 49.916360 34.393366 84.712231 33.684048 58.884114 70.262388 80.598852 27.679261 35.014519 71.234824 14.154008 30.841671 0.000000 153.692969 0.000000 0.000000 0.000000 0.000000 0.000000 168.728853 0.000000 74.794518 199.865404 80.169417 0.000000 77.744602 161.487511 0.000000 0.000000 0.000000 0.000000 0.000000 0.000000 136.908779 0.000000 0.000000 131.485504 0.000000 115.645674 157.329060 144.140140 161.195281 0.000000 0.000000 0.000000 0.000000 154.733210
0.000000 0.000000 0.000000 0.000000 0.000000 0.000000 0.000000 165.367761 0.000000 0.000000 0.000000 0.000000 0.000000 0.000000 0.000000 0.000000 0.000000 0.000000 0.000000 0.000000 0.000000 0.000000 0.000000 133.948342 0.000000 0.000000 0.000000 152.221797 0.000000 0.000000 0.000000 0.000000 0.000000 153.692969 0.000000 0.000000 115.580369 99.401614 0.000000 81.278532 44.207100 60.165880 74.453504 94.570105 123.965537 98.591326 151.260068 17.062644 0.000000 0.000000 116.895174 138.838003 127.504430 96.155756 99.464516 0.000000 102.295286 91.266955 0.000000 128.528908 143.246193 92.516188 20.822447 28.125125 0.000000 88.204918 34.999932 56.690522
0.000000 0.000000 55.080218 0.000000 0.000000 0.000000 0.000000 0.000000 0.000000 0.000000 104.978782 0.000000 115.197398 0.000000 0.000000 0.000000 62.719563 0.000000 0.000000 0.000000 0.000000 0.000000 75.467062 0.000000 0.000000 65.819845 48.834553 0.000000 0.000000 0.000000 121.731167 0.000000 0.000000 0.000000 0.000000 0.000000 43.175167 154.741522 148.249999 161.346198 0.000000 128.337516 71.571355 0.000000 59.828883 133.258149 58.399699 122.682221 0.000000 0.000000 51.590072 83.663538 49.510816 150.653313 0.000000 31.988804 61.222226 94.648228 30.581726 40.153012 36.023959 166.464486 0.000000 111.575958 75.581842 113.032159 0.000000 83.196250
0.000000 52.853626 99.640623 0.000000 0.000000 0.000000 0.000000 0.000000 0.000000 0.000000 0.000000 0.000000 0.000000 0.000000 0.000000 110.945432 107.074644 0.000000 117.179871 0.000000 0.000000 0.000000 102.087645 167.454987 0.000000 103.626842 94.602256 182.985683 0.000000 0.000000 0.000000 0.000000 0.000000 0.000000 115.580369 43.175167 0.000000 125.896124 0.000000 143.461320 106.817347 136.460408 0.000000 133.067482 81.267757 138.367776 0.000000 124.024548 0.000000 0.000000 39.618630 74.470049 51.100310 121.367651 77.915422 44.348380 39.216836 104.589997 0.000000 37.621587 42.622693 105.905379 141.057286 97.392754 87.297407 0.000000 0.000000 64.471543
0.000000 0.000000 144.619941 27.945089 154.731528 152.035566 127.317464 145.535029 102.187772 43.459837 0.000000 100.545653 0.000000 138.091020 0.000000 0.000000 0.000000 0.000000 0.000000 80.196891 0.000000 0.000000 0.000000 123.038198 0.000000 0.000000 178.922028 77.835342 123.677705 0.000000 0.000000 0.000000 0.000000 0.000000 99.401614 154.741522 125.896124 0.000000 117.830708 92.928820 76.077394 92.729625 77.591607 16.877514 160.455334 33.729457 0.000000 109.579152 83.680345 0.000000 0.000000 0.000000 179.130850 17.995052 0.000000 130.284907 123.832883 30.627449 0.000000 168.010695 169.716764 21.494690 117.055646 0.000000 0.000000 0.000000 0.000000 107.521321
0.000000 0.000000 0.000000 157.839414 0.000000 0.000000 0.000000 0.000000 0.000000 0.000000 0.000000 123.903647 0.000000 0.000000 0.000000 0.000000 0.000000 0.000000 0.000000 0.000000 0.000000 0.000000 0.000000 0.000000 0.000000 0.000000 0.000000 172.733783 0.000000 0.000000 0.000000 0.000000 0.000000 0.000000 0.000000 148.249999 0.000000 117.830708 0.000000 34.275291 123.838665 64.369866 89.299781 100.058825 48.347979 117.787711 109.330596 71.301806 25.422252 0.000000 0.000000 0.000000 0.000000 0.000000 0.000000 125.455304 0.000000 107.503461 183.429411 162.552354 185.736910 127.393207 0.000000 0.000000 114.606251 5.590413 0.000000 15.262757
0.000000 0.000000 0.000000 161.013763 0.000000 167.673543 0.000000 173.504844 0.000000 173.355897 0.000000 147.626180 0.000000 0.000000 0.000000 0.000000 0.000000 0.000000 0.000000 0.000000 0.000000 0.000000 0.000000 136.113618 0.000000 0.000000 0.000000 159.766658 0.000000 0.000000 0.000000 0.000000 0.000000 0.000000 81.278532 161.346198 143.461320 92.928820 34.275291 0.000000 61.075338 36.571477 86.271101 36.223454 124.425300 27.764583 0.000000 77.469085 28.165877 0.000000 0.000000 130.315549 143.035678 54.885767 0.000000 135.346461 0.000000 99.554961 0.000000 164.815878 178.977736 72.259600 100.670901 0.000000 0.000000 39.805138 0.000000 81.757366
0.000000 0.000000 190.148429 137.552601 0.000000 152.192490 129.512036 149.463631 0.000000 150.478883 0.000000 129.477827 0.000000 164.964388 0.000000 0.000000 0.000000 0.000000 0.000000 138.882373 0.000000 0.000000 189.529175 114.924421 0.000000 0.000000 198.148574 134.539071 179.430947 171.002872 0.000000 0.000000 0.000000 168.728853 44.207100 0.000000 106.817347 76.077394 123.838665 61.075338 0.000000 66.153656 58.026725 36.353398 134.766010 95.359059 180.520979 44.560000 80.896692 0.000000 111.686718 137.865170 124.910666 78.230239 84.972661 0.000000 97.183801 57.489368 0.000000 124.916631 129.293296 42.961618 94.896482 29.845414 172.947525 131.014282 94.542431 95.678664
0.000000 0.000000 0.000000 171.908639 0.000000 181.357898 164.620210 180.885123 133.559770 179.115193 0.000000 151.453006 0.000000 188.559886 0.000000 0.000000 0.000000 0.000000 0.000000 158.468582 0.000000 0.000000 0.000000 144.585677 0.000000 0.000000 228.499716 162.073572 189.904254 0.000000 0.000000 0.000000 0.000000 0.000000 60.165880 128.337516 136.460408 92.729625 64.369866 36.571477 66.153656 0.000000 85.207008 54.612614 84.608840 87.917278 106.697046 27.771232 49.528464 0.000000 147.635860 121.486950 123.219657 84.311545 124.428850 0.000000 131.641394 94.007538 0.000000 133.461235 142.700407 90.866102 66.402530 75.984880 125.588982 27.101726 0.000000 59.281261
0.000000 0.000000 0.000000 85.614806 0.000000 0.000000 85.606828 106.083828 10.462547 104.443646 175.762399 0.000000 175.100920 95.553169 0.000000 0.000000 0.000000 0.000000 0.000000 0.000000 0.000000 9.109260 0.000000 55.645696 0.000000 0.000000 0.000000 72.691930 96.322327 0.000000 0.000000 0.000000 0.000000 74.794518 74.453504 71.571355 0.000000 77.591607 89.299781 86.271101 58.026725 85.207008 0.000000 77.995611 148.763150 78.285187 142.294818 83.482699 0.000000 0.000000 0.000000 0.000000 0.000000 74.489334 0.000000 28.344620 0.000000 40.029350 114.943358 164.090925 116.664913 60.725580 87.188359 87.655620 0.000000 170.729159 76.486715 86.798558
0.000000 0.000000 208.247049 137.416558 0.000000 185.596284 154.914591 172.162793 183.254581 136.647440 0.000000 126.437061 0.000000 0.000000 0.000000 0.000000 0.000000 0.000000 0.000000 138.112377 0.000000 0.000000 0.000000 139.268039 0.000000 0.000000 215.211338 158.028550 181.047450 0.000000 0.000000 0.000000 0.000000 199.865404 94.570105 0.000000 133.067482 16.877514 100.058825 36.223454 36.353398 54.612614 77.995611 0.000000 141.424571 29.608204 184.938332 71.828953 68.262428 0.000000 172.925314 161.243366 166.205404 17.891155 110.719722 0.000000 126.359516 66.912908 0.000000 166.231622 170.111920 41.259518 109.312518 116.813422 179.434981 118.942241 0.000000 98.130772
0.000000 88.058180 0.000000 0.000000 0.000000 0.000000 0.000000 0.000000 173.461493 0.000000 78.277981 0.000000 83.202595 0.000000 0.000000 0.000000 0.000000 100.388778 0.000000 0.000000 0.000000 0.000000 0.000000 0.000000 71.723140 101.439153 102.399909 0.000000 0.000000 0.000000 101.006275 0.000000 0.000000 80.169417 123.965537 59.828883 81.267757 160.455334 48.347979 124.425300 134.766010 84.608840 148.763150 141.424571 0.000000 150.058504 22.054808 81.185817 0.000000 0.000000 54.576267 21.487231 34.397667 151.301395 106.697137 114.911263 87.464115 162.771958 41.236122 28.532149 59.094216 150.322620 74.834211 110.334076 30.743325 50.016758 0.000000 24.597899
0.000000 0.000000 0.000000 140.034445 126.646408 140.187189 0.000000 168.938184 0.000000 163.254291 0.000000 118.370462 0.000000 0.000000 87.619792 0.000000 0.000000 0.000000 0.000000 120.278596 0.000000 0.000000 0.000000 122.563048 0.000000 0.000000 0.000000 145.631838 0.000000 0.000000 0.000000 151.699902 0.000000 0.000000 98.591326 133.258149 138.367776 33.729457 117.787711 27.764583 95.359059 87.917278 78.285187 29.608204 150.058504 0.000000 187.785632 105.207716 77.612135 0.000000 0.000000 161.073496 166.346413 15.233881 0.000000 111.269774 134.262283 54.599389 166.216568 171.019791 173.797421 48.001402 112.753025 152.579740 181.690041 125.118879 0.000000 102.018874
0.000000 91.018517 0.000000 0.000000 0.000000 0.000000 0.000000 0.000000 172.994001 0.000000 69.984176 0.000000 78.369982 0.000000 0.000000 0.000000 0.000000 97.973636 0.000000 0.000000 0.000000 131.240685 0.000000 0.000000 67.701460 95.716077 95.739293 0.000000 110.026187 0.000000 96.495681 109.729853 0.000000 77.744602 151.260068 58.399699 0.000000 0.000000 109.330596 0.000000 180.520979 106.697046 142.294818 184.938332 22.054808 187.785632 0.000000 103.858442 0.000000 0.000000 0.000000 56.983209 89.286781 0.000000 0.000000 96.446309 0.000000 157.447816 20.227464 33.188313 36.919944 0.000000 77.793578 146.721240 20.207684 75.200772 0.000000 50.651462
0.000000 0.000000 0.000000 164.764522 0.000000 195.849737 149.493236 172.556468 138.838353 165.154735 0.000000 0.000000 0.000000 184.831264 0.000000 0.000000 0.000000 0.000000 0.000000 0.000000 0.000000 0.000000 0.000000 145.823066 0.000000 210.543683 217.396276 157.723435 197.031104 0.000000 0.000000 0.000000 0.000000 161.487511 17.062644 122.682221 124.024548 109.579152 71.301806 77.469085 44.560000 27.771232 83.482699 71.828953 81.185817 105.207716 103.858442 0.000000 0.000000 0.000000 132.176444 120.757541 121.839038 104.296169 105.974231 0.000000 112.428774 96.304659 0.000000 133.245347 134.769316 101.357668 30.680396 65.442076 121.665780 27.680972 0.000000 49.003055
0.000000 0.000000 0.000000 0.000000 0.000000 0.000000 0.000000 0.000000 0.000000 0.000000 0.000000 0.000000 0.000000 0.000000 0.000000 0.000000 0.000000 0.000000 0.000000 0.000000 0.000000 0.000000 0.000000 0.000000 0.000000 0.000000 0.000000 0.000000 0.000000 0.000000 0.000000 0.000000 0.000000 0.000000 0.000000 0.000000 0.000000 83.680345 25.422252 28.165877 80.896692 49.528464 0.000000 68.262428 0.000000 77.612135 0.000000 0.000000 0.000000 0.000000 0.000000 0.000000 0.000000 0.000000 0.000000 108.742205 0.000000 87.576246 0.000000 0.000000 163.022162 0.000000 0.000000 0.000000 0.000000 33.928110 0.000000 0.000000
0.000000 0.000000 115.675653 0.000000 0.000000 0.000000 0.000000 0.000000 0.000000 0.000000 0.000000 0.000000 0.000000 0.000000 0.000000 111.308548 0.000000 0.000000 0.000000 0.000000 130.298068 52.891683 114.395269 125.173880 0.000000 0.000000 97.838943 133.424470 0.000000 117.664693 0.000000 0.000000 0.000000 0.000000 0.000000 0.000000 0.000000 0.000000 0.000000 0.000000 0.000000 0.000000 0.000000 0.000000 0.000000 0.000000 0.000000 0.000000 0.000000 0.000000 0.000000 0.000000 0.000000 0.000000 17.543551 39.299773 22.018181 29.108239 0.000000 0.000000 28.370993 46.599859 0.000000 100.373650 0.000000 0.000000 0.000000 86.756229
0.000000 0.000000 109.435576 0.000000 0.000000 0.000000 0.000000 0.000000 0.000000 0.000000 0.000000 0.000000 0.000000 0.000000 0.000000 0.000000 111.782340 0.000000 119.955227 0.000000 0.000000 0.000000 128.702903 167.866440 0.000000 107.365823 104.605404 0.000000 0.000000 0.000000 0.000000 0.000000 0.000000 0.000000 116.895174 51.590072 39.618630 0.000000 0.000000 0.000000 111.686718 147.635860 0.000000 172.925314 54.576267 0.000000 0.000000 132.176444 0.000000 0.000000 0.000000 57.952980 22.349443 0.000000 57.104226 68.013910 42.127787 144.357581 0.000000 37.077576 70.874956 111.551025 117.640183 73.029791 0.000000 0.000000 0.000000 28.617177
0.000000 0.000000 0.000000 0.000000 0.000000 0.000000 0.000000 0.000000 0.000000 0.000000 92.822402 0.000000 93.310917 0.000000 0.000000 0.000000 0.000000 100.611537 107.820402 0.000000 0.000000 0.000000 0.000000 0.000000 80.894902 102.351800 103.253858 0.000000 0.000000 0.000000 104.395837 0.000000 0.000000 0.000000 138.838003 83.663538 74.470049 0.000000 0.000000 130.315549 137.865170 121.486950 0.000000 161.243366 21.487231 161.073496 56.983209 120.757541 0.000000 0.000000 57.952980 0.000000 32.021873 166.625167 112.180594 0.000000 92.784189 178.541840 47.814355 31.693908 67.233448 146.474344 124.326878 120.127431 52.927133 83.805099 0.000000 46.515622
0.000000 0.000000 110.736414 0.000000 0.000000 0.000000 0.000000 0.000000 0.000000 0.000000 116.060460 0.000000 105.385829 0.000000 0.000000 0.000000 107.760890 110.077770 107.065482 0.000000 0.000000 0.000000 0.000000 0.000000 0.000000 103.342327 102.049896 0.000000 0.000000 0.000000 112.721499 0.000000 0.000000 0.000000 127.504430 49.510816 51.100310 179.130850 0.000000 143.035678 124.910666 123.219657 0.000000 166.205404 34.397667 166.346413 89.286781 121.839038 0.000000 0.000000 22.349443 32.021873 0.000000 166.020673 87.463311 108.617621 74.851895 159.329541 0.000000 33.230400 63.695693 125.079760 119.480067 104.594208 81.996021 0.000000 0.000000 45.385792
0.000000 0.000000 0.000000 136.616532 0.000000 180.410172 146.972559 172.785206 0.000000 167.017971 0.000000 135.150808 0.000000 0.000000 0.000000 0.000000 0.000000 0.000000 0.000000 140.182283 0.000000 0.000000 0.000000 130.535114 0.000000 0.000000 0.000000 149.833810 0.000000 0.000000 0.000000 0.000000 0.000000 0.000000 96.155756 150.653313 121.367651 17.995052 0.000000 54.885767 78.230239 84.311545 74.489334 17.891155 151.301395 15.233881 0.000000 104.296169 0.000000 0.000000 0.000000 166.625167 166.020673 0.000000 0.000000 122.961960 111.813688 37.159858 0.000000 175.886731 167.920944 37.787006 114.207019 154.281107 0.000000 0.000000 0.000000 109.411611
0.000000 0.000000 0.000000 0.000000 0.000000 0.000000 0.000000 0.000000 0.000000 0.000000 0.000000 0.000000 0.000000 0.000000 0.000000 132.199183 0.000000 0.000000 0.000000 0.000000 142.872912 77.340377 138.271025 137.079534 0.000000 159.727877 137.201884 140.518614 0.000000 129.607155 0.000000 0.000000 0.000000 136.908779 99.464516 0.000000 77.915422 0.000000 0.000000 0.000000 84.972661 124.428850 0.000000 110.719722 106.697137 0.000000 0.000000 105.974231 0.000000 17.543551 57.104226 112.180594 87.463311 0.000000 0.000000 65.686311 38.540085 21.217733 0.000000 96.843143 92.917547 42.874223 94.103087 37.166121 0.000000 0.000000 0.000000 55.398773
0.000000 0.000000 43.674533 0.000000 0.000000 0.000000 0.000000 0.000000 9.436389 0.000000 136.724816 0.000000 149.520535 0.000000 0.000000 58.908094 0.000000 0.000000 0.000000 0.000000 75.569097 8.452658 62.152170 64.373860 0.000000 165.743798 47.861837 73.507963 0.000000 63.203885 0.000000 0.000000 0.000000 0.000000 0.000000 31.988804 44.348380 130.284907 125.455304 135.346461 0.000000 0.000000 28.344620 0.000000 114.911263 111.269774 96.446309 0.000000 108.742205 39.299773 68.013910 0.000000 108.617621 122.961960 65.686311 0.000000 59.918141 40.345761 60.129891 93.348468 39.047927 66.053913 84.282379 92.742590 0.000000 136.909389 0.000000 83.287196
0.000000 0.000000 108.595245 0.000000 0.000000 0.000000 0.000000 0.000000 0.000000 0.000000 0.000000 0.000000 0.000000 0.000000 0.000000 118.492218 145.424736 0.000000 0.000000 0.000000 143.427148 67.527974 113.780806 0.000000 0.000000 143.912072 107.416555 161.419572 0.000000 0.000000 0.000000 0.000000 0.000000 0.000000 102.295286 61.222226 39.216836 123.832883 0.000000 0.000000 97.183801 131.641394 0.000000 126.359516 87.464115 134.262283 0.000000 112.428774 0.000000 22.018181 42.127787 92.784189 74.851895 111.813688 38.540085 59.918141 0.000000 78.716693 0.000000 67.632852 63.782031 73.666536 124.409875 51.664194 143.353331 0.000000 0.000000 50.129771
0.000000 0.000000 167.595860 121.562950 141.779089 143.919777 118.964779 138.104738 61.716731 139.251696 197.221967 106.876995 203.077621 155.150279 93.403208 133.797511 0.000000 0.000000 0.000000 129.196474 133.814816 66.674470 148.072595 101.848811 0.000000 193.282008 176.589559 120.228957 148.744091 132.908389 205.570450 162.499290 0.000000 131.485504 91.266955 94.648228 104.589997 30.627449 107.503461 99.554961 57.489368 94.007538 40.029350 66.912908 162.771958 54.599389 157.447816 96.304659 87.576246 29.108239 144.357581 178.541840 159.329541 37.159858 21.217733 40.345761 78.716693 0.000000 123.440706 140.901628 100.381138 30.303936 100.699595 96.505020 160.423975 151.813391 80.987151 85.902373
0.000000 0.000000 0.000000 0.000000 0.000000 0.000000 0.000000 0.000000 0.000000 0.000000 36.993267 0.000000 46.313152 0.000000 0.000000 0.000000 0.000000 0.000000 0.000000 0.000000 0.000000 0.000000 0.000000 0.000000 21.957102 54.790864 56.157050 0.000000 0.000000 0.000000 58.979850 0.000000 0.000000 0.000000 0.000000 30.581726 0.000000 0.000000 183.429411 0.000000 0.000000 0.000000 114.943358 0.000000 41.236122 166.216568 20.227464 0.000000 0.000000 0.000000 0.000000 47.814355 0.000000 0.000000 0.000000 60.129891 0.000000 123.440706 0.000000 37.887212 32.178453 0.000000 0.000000 0.000000 44.002136 0.000000 0.000000 40.603009
0.000000 82.470985 99.635673 0.000000 0.000000 0.000000 0.000000 0.000000 0.000000 0.000000 94.653093 0.000000 91.018021 0.000000 0.000000 128.796153 101.779570 98.984737 98.691088 0.000000 0.000000 0.000000 139.852624 174.064669 76.863125 96.899594 93.761103 215.030951 0.000000 0.000000 102.882899 0.000000 0.000000 115.645674 128.528908 40.153012 37.621587 168.010695 162.552354 164.815878 124.916631 133.461235 164.090925 166.231622 28.532149 171.019791 33.188313 133.245347 0.000000 0.000000 37.077576 31.693908 33.230400 175.886731 96.843143 93.348468 67.632852 140.901628 37.887212 0.000000 42.692553 134.907186 126.621705 119.422250 25.282829 95.352529 0.000000 58.851250
