0.000000 0.000000 101.505092 83.043929 0.000000 0.000000 32.159094 80.058374 65.770597 79.688259 127.397526 0.000000 0.000000 13.356451 0.000000 0.000000 103.934062 128.874656 121.057158 0.000000 87.235145 0.000000 90.266490 77.897558 0.000000 130.497202 155.176364 81.000547 18.602656 39.657469 0.000000 0.000000 0.000000 105.423642 0.000000 0.000000 0.000000 0.000000 0.000000 0.000000 0.000000 160.100543 0.000000 169.273235 0.000000 0.000000 0.000000 166.318303 0.000000 0.000000 0.000000 0.000000 0.000000 0.000000 0.000000 0.000000 0.000000 121.614702 0.000000 0.000000 0.000000 141.566171 165.914153 137.827256 0.000000 0.000000 0.000000 0.000000
0.000000 0.000000 40.235153 0.000000 143.820728 0.000000 0.000000 0.000000 70.068464 0.000000 67.157532 0.000000 53.576396 0.000000 0.000000 0.000000 53.944246 67.759995 59.330719 0.000000 0.000000 24.331433 68.863214 83.734254 22.579949 51.023750 37.354147 0.000000 119.229968 0.000000 62.187745 141.878588 0.000000 68.006989 0.000000 0.000000 51.936857 0.000000 0.000000 0.000000 0.000000 0.000000 0.000000 0.000000 0.000000 0.000000 118.424966 0.000000 0.000000 0.000000 67.173165 99.615530 74.295645 0.000000 0.000000 0.000000 0.000000 132.687903 0.000000 73.247034 53.521092 0.000000 0.000000 0.000000 130.104936 0.000000 0.000000 57.376215
101.505092 40.235153 0.000000 122.488199 0.000000 0.000000 94.536278 111.757550 0.000000 114.417067 0.000000 0.000000 0.000000 105.154499 0.000000 0.000000 41.341768 80.788550 63.431118 0.000000 68.185725 42.106809 34.850752 117.616742 0.000000 47.604333 35.094928 85.884732 110.206760 84.602739 0.000000 0.000000 113.417305 71.152988 0.000000 52.480141 98.301238 0.000000 0.000000 0.000000 0.000000 0.000000 0.000000 0.000000 0.000000 0.000000 0.000000 181.170581 0.000000 104.521985 109.902967 149.083463 135.373539 0.000000 147.169840 63.151986 109.580942 158.879337 0.000000 106.993453 97.256651 158.455417 0.000000 0.000000 0.000000 0.000000 0.000000 106.130895
83.043929 0.000000 122.488199 0.000000 0.000000 62.035131 48.500144 72.239457 55.423807 27.953620 0.000000 34.971690 0.000000 84.810835 0.000000 0.000000 145.432021 0.000000 0.000000 17.024369 0.000000 0.000000 108.467241 19.576161 0.000000 157.712110 143.145391 23.487179 98.966207 0.000000 0.000000 137.826085 86.912885 90.415505 0.000000 0.000000 0.000000 102.352701 0.000000 157.817354 134.450270 153.470680 79.269924 141.761421 0.000000 96.484330 0.000000 180.909300 0.000000 0.000000 0.000000 0.000000 0.000000 67.478406 0.000000 0.000000 0.000000 109.405357 0.000000 0.000000 0.000000 113.124207 168.650372 0.000000 0.000000 0.000000 0.000000 0.000000
0.000000 143.820728 0.000000 0.000000 0.000000 17.847944 117.909888 0.000000 82.625148 120.418241 68.212580 0.000000 74.879311 110.014862 26.972269 0.000000 0.000000 0.000000 169.097788 0.000000 0.000000 116.601252 0.000000 88.288332 153.044960 171.226882 169.871233 118.747092 69.470581 0.000000 211.777893 16.488776 66.897108 13.005808 0.000000 0.000000 0.000000 0.000000 0.000000 0.000000 0.000000 0.000000 0.000000 0.000000 0.000000 0.000000 0.000000 0.000000 0.000000 0.000000 0.000000 0.000000 0.000000 0.000000 0.000000 0.000000 0.000000 0.000000 0.000000 0.000000 0.000000 0.000000 0.000000 0.000000 0.000000 0.000000 0.000000 0.000000
0.000000 0.000000 0.000000 62.035131 17.847944 0.000000 53.269171 13.255418 72.747166 33.103115 0.000000 35.030956 54.230466 30.355514 31.379888 0.000000 0.000000 0.000000 0.000000 51.362043 0.000000 130.134796 0.000000 68.772030 0.000000 196.213706 187.845928 66.678286 45.823737 0.000000 0.000000 12.401652 0.000000 59.476858 0.000000 0.000000 0.000000 146.677007 0.000000 0.000000 0.000000 155.440203 76.385992 156.422078 0.000000 162.476324 0.000000 173.099461 0.000000 0.000000 0.000000 0.000000 0.000000 167.462582 0.000000 0.000000 0.000000 124.591305 0.000000 0.000000 0.000000 153.034871 0.000000 0.000000 0.000000 0.000000 0.000000 0.000000
32.159094 0.000000 94.536278 48.500144 117.909888 53.269171 0.000000 50.161911 55.045500 25.111482 0.000000 85.547242 150.302592 45.291946 92.032057 109.305333 106.520033 129.905370 119.148813 64.442877 74.043562 72.658674 80.296823 57.046555 0.000000 128.486587 113.965320 37.564782 62.367299 18.891725 0.000000 121.246536 0.000000 88.373450 140.245424 0.000000 176.133051 138.972473 0.000000 0.000000 138.774897 140.061692 73.795945 139.966582 0.000000 157.266294 0.000000 151.296461 0.000000 132.225020 194.609633 0.000000 207.719643 144.957384 134.155459 0.000000 155.332028 114.284575 0.000000 189.827217 174.446004 127.503832 148.458985 132.988848 0.000000 0.000000 0.000000 146.171230
80.058374 0.000000 111.757550 72.239457 0.000000 13.255418 50.161911 0.000000 69.206208 28.771706 69.878668 50.655081 58.237139 14.151813 0.000000 0.000000 123.069212 125.002425 137.556745 65.392145 94.874148 0.000000 104.509314 69.998826 0.000000 133.850787 133.573296 72.457362 21.332647 66.448505 0.000000 26.432307 0.000000 58.194135 0.000000 0.000000 0.000000 150.741560 0.000000 0.000000 135.120852 154.002809 104.130408 153.227466 0.000000 0.000000 0.000000 167.053970 0.000000 0.000000 0.000000 0.000000 0.000000 157.158366 0.000000 0.000000 0.000000 119.327793 0.000000 0.000000 0.000000 149.425683 170.715043 0.000000 0.000000 175.349548 0.000000 0.000000
65.770597 70.068464 0.000000 55.423807 82.625148 72.747166 55.045500 69.206208 0.000000 59.346925 133.659083 46.538098 126.914984 68.957097 50.051699 44.560892 132.199596 139.288239 137.555345 48.836629 64.837161 29.571104 100.731990 35.890890 108.311321 129.517857 121.442716 60.384968 72.910455 61.201586 136.203194 103.121499 62.224837 84.858260 100.222257 0.000000 0.000000 83.039635 0.000000 0.000000 0.000000 96.325741 13.550447 90.726600 0.000000 0.000000 0.000000 100.283849 0.000000 0.000000 0.000000 0.000000 0.000000 94.579271 0.000000 0.000000 0.000000 53.609343 0.000000 215.251740 0.000000 76.318231 94.714395 79.983460 0.000000 0.000000 0.000000 0.000000
79.688259 0.000000 114.417067 27.953620 120.418241 33.103115 25.111482 28.771706 59.346925 0.000000 143.824804 31.977438 120.472020 48.408043 102.549968 0.000000 138.877367 0.000000 0.000000 27.366224 97.574867 0.000000 114.870714 54.041468 0.000000 154.319378 147.335341 27.793096 101.655603 0.000000 0.000000 131.166331 0.000000 95.840393 152.052028 0.000000 0.000000 121.504037 0.000000 176.490833 134.806090 150.248805 80.343511 149.211884 0.000000 154.615626 0.000000 161.599467 0.000000 0.000000 0.000000 0.000000 0.000000 154.741330 0.000000 0.000000 0.000000 117.294834 0.000000 234.470311 0.000000 146.243272 166.643669 0.000000 0.000000 205.419338 0.000000 161.932857
127.397526 67.157532 0.000000 0.000000 68.212580 0.000000 0.000000 69.878668 133.659083 143.824804 0.000000 0.000000 28.677286 81.091474 0.000000 0.000000 44.131226 25.582656 30.306209 0.000000 104.672480 90.035662 80.467057 151.398188 34.789873 26.766928 57.643938 146.753453 76.460806 96.483914 42.160148 65.157709 98.583573 29.928158 0.000000 0.000000 0.000000 0.000000 0.000000 0.000000 0.000000 147.946145 0.000000 0.000000 78.773297 0.000000 77.942007 112.960438 0.000000 0.000000 0.000000 99.030321 105.762854 0.000000 0.000000 0.000000 0.000000 0.000000 62.596025 92.856278 95.861884 0.000000 131.838291 0.000000 95.407778 105.045503 0.000000 81.481024
0.000000 0.000000 0.000000 34.971690 0.000000 35.030956 85.547242 50.655081 46.538098 31.977438 0.000000 0.000000 0.000000 77.026009 0.000000 0.000000 0.000000 0.000000 0.000000 13.563475 0.000000 0.000000 0.000000 20.060981 0.000000 0.000000 0.000000 45.232683 125.067194 0.000000 0.000000 0.000000 0.000000 0.000000 0.000000 0.000000 0.000000 88.910626 0.000000 0.000000 0.000000 141.191907 67.702216 136.866327 0.000000 124.560062 0.000000 0.000000 0.000000 0.000000 0.000000 0.000000 0.000000 140.989153 0.000000 0.000000 0.000000 115.506484 0.000000 0.000000 0.000000 134.477198 0.000000 0.000000 0.000000 0.000000 0.000000 0.000000
0.000000 53.576396 0.000000 0.000000 74.879311 54.230466 150.302592 58.237139 126.914984 120.472020 28.677286 0.000000 0.000000 54.847520 0.000000 0.000000 0.000000 55.711354 70.267727 0.000000 0.000000 84.558306 0.000000 143.867957 19.620015 37.039086 31.699687 133.624726 59.887517 0.000000 22.839249 52.382955 0.000000 19.405369 0.000000 0.000000 0.000000 0.000000 0.000000 0.000000 0.000000 139.060084 0.000000 0.000000 75.842496 0.000000 74.954209 123.195774 0.000000 0.000000 0.000000 96.619721 104.966837 0.000000 0.000000 0.000000 0.000000 201.372598 53.906229 87.503761 95.186622 0.000000 106.065564 0.000000 90.658423 109.459244 0.000000 83.573292
13.356451 0.000000 105.154499 84.810835 110.014862 30.355514 45.291946 14.151813 68.957097 48.408043 81.091474 77.026009 54.847520 0.000000 0.000000 0.000000 114.352019 125.756273 131.083908 67.200856 96.214791 0.000000 99.919402 81.133921 75.725348 129.650387 119.420108 80.767715 27.802672 59.128118 90.410098 19.483896 84.561349 36.769642 0.000000 0.000000 0.000000 153.115820 0.000000 183.281275 155.353557 161.359343 97.001160 159.165895 174.848967 0.000000 0.000000 168.301270 0.000000 0.000000 0.000000 0.000000 0.000000 160.790605 0.000000 0.000000 0.000000 129.177741 0.000000 173.973259 172.302158 156.897557 172.629269 154.223275 0.000000 201.916597 0.000000 153.245441
0.000000 0.000000 0.000000 0.000000 26.972269 31.379888 92.032057 0.000000 50.051699 102.549968 0.000000 0.000000 0.000000 0.000000 0.000000 0.000000 0.000000 0.000000 0.000000 0.000000 0.000000 97.499308 0.000000 43.082076 0.000000 0.000000 173.482391 0.000000 118.467469 0.000000 0.000000 43.482949 0.000000 0.000000 0.000000 0.000000 0.000000 0.000000 0.000000 0.000000 0.000000 0.000000 0.000000 0.000000 0.000000 0.000000 0.000000 0.000000 0.000000 0.000000 0.000000 0.000000 0.000000 0.000000 0.000000 0.000000 0.000000 0.000000 0.000000 0.000000 0.000000 0.000000 0.000000 0.000000 0.000000 0.000000 0.000000 0.000000
0.000000 0.000000 0.000000 0.000000 0.000000 0.000000 109.305333 0.000000 44.560892 0.000000 0.000000 0.000000 0.000000 0.000000 0.000000 0.000000 107.604621 0.000000 117.953053 0.000000 36.528085 36.536593 34.532957 44.963263 0.000000 107.906478 39.420997 27.538039 118.726177 78.863357 0.000000 0.000000 0.000000 82.325696 0.000000 0.000000 104.776414 0.000000 0.000000 0.000000 0.000000 0.000000 0.000000 0.000000 0.000000 0.000000 0.000000 0.000000 0.000000 98.524982 152.042831 0.000000 158.400235 0.000000 118.666261 46.025410 100.135929 116.894159 0.000000 143.407895 98.922591 121.390309 139.218737 122.250576 0.000000 0.000000 0.000000 0.000000
103.934062 53.944246 41.341768 145.432021 0.000000 0.000000 106.520033 123.069212 132.199596 138.877367 44.131226 0.000000 0.000000 114.352019 0.000000 107.604621 0.000000 45.799705 26.080510 0.000000 72.857194 88.809613 38.887174 137.263159 0.000000 36.564092 66.812698 123.157998 102.456000 79.138982 0.000000 0.000000 103.414377 22.389811 0.000000 66.426551 110.961718 0.000000 0.000000 0.000000 0.000000 0.000000 0.000000 0.000000 139.838109 0.000000 0.000000 0.000000 0.000000 0.000000 121.362186 137.833033 122.371944 0.000000 160.766359 0.000000 135.410554 179.368544 0.000000 109.327471 107.810601 179.126082 0.000000 177.610852 0.000000 0.000000 0.000000 121.076538
128.874656 67.759995 80.788550 0.000000 0.000000 0.000000 129.905370 125.002425 139.288239 0.000000 25.582656 0.000000 55.711354 125.756273 0.000000 0.000000 45.799705 0.000000 22.999888 0.000000 108.268330 100.035723 75.165809 154.128956 43.581383 28.482302 62.426838 125.658868 114.856053 109.732387 44.913087 89.918365 118.901984 44.827624 0.000000 0.000000 0.000000 0.000000 0.000000 0.000000 0.000000 0.000000 0.000000 0.000000 91.755525 0.000000 88.704102 0.000000 0.000000 0.000000 133.599542 100.662646 124.373818 0.000000 0.000000 0.000000 0.000000 0.000000 55.925217 95.960633 99.333479 0.000000 0.000000 185.876059 102.066243 0.000000 0.000000 0.000000
121.057158 59.330719 63.431118 0.000000 169.097788 0.000000 119.148813 137.556745 137.555345 0.000000 30.306209 0.000000 70.267727 131.083908 0.000000 117.953053 26.080510 22.999888 0.000000 0.000000 87.727222 94.153002 51.066144 146.956870 48.088296 38.197409 67.684009 135.044876 111.842905 91.933357 69.781371 107.155223 104.935835 34.937964 0.000000 68.781368 134.682467 0.000000 0.000000 0.000000 0.000000 0.000000 0.000000 0.000000 104.015341 0.000000 102.864102 0.000000 0.000000 0.000000 124.670639 112.885915 116.291494 0.000000 177.496323 0.000000 156.865409 198.679163 61.974275 103.262746 106.564981 0.000000 0.000000 188.456162 110.473301 0.000000 0.000000 115.915279
0.000000 0.000000 0.000000 17.024369 0.000000 51.362043 64.442877 65.392145 48.836629 27.366224 0.000000 13.563475 0.000000 67.200856 0.000000 0.000000 0.000000 0.000000 0.000000 0.000000 0.000000 0.000000 0.000000 28.731550 0.000000 0.000000 0.000000 26.826445 114.996355 0.000000 0.000000 0.000000 0.000000 90.167441 0.000000 0.000000 0.000000 35.902897 0.000000 0.000000 0.000000 146.258694 81.507414 143.123518 0.000000 146.169150 0.000000 0.000000 0.000000 0.000000 0.000000 0.000000 0.000000 149.352268 0.000000 0.000000 0.000000 108.443710 0.000000 0.000000 0.000000 141.909472 0.000000 0.000000 0.000000 0.000000 0.000000 0.000000
87.235145 0.000000 68.185725 0.000000 0.000000 0.000000 74.043562 94.874148 64.837161 97.574867 104.672480 0.000000 0.000000 96.214791 0.000000 36.528085 72.857194 108.268330 87.727222 0.000000 0.000000 57.945210 42.315887 85.220168 0.000000 103.145101 83.921260 24.154029 84.153499 46.912884 0.000000 102.374283 68.864531 55.799133 0.000000 0.000000 151.954113 0.000000 0.000000 0.000000 0.000000 0.000000 79.969883 0.000000 0.000000 0.000000 0.000000 0.000000 0.000000 122.636258 0.000000 0.000000 199.278067 0.000000 131.634507 69.982047 123.642350 133.836137 0.000000 172.153781 138.178656 127.555465 151.969760 133.900643 0.000000 0.000000 0.000000 118.701439
0.000000 24.331433 42.106809 0.000000 116.601252 130.134796 72.658674 0.000000 29.571104 0.000000 90.035662 0.000000 84.558306 0.000000 97.499308 36.536593 88.809613 100.035723 94.153002 0.000000 57.945210 0.000000 59.318095 45.482152 59.904628 82.693686 54.741702 55.642812 105.612793 61.102510 88.077716 135.830840 57.465272 99.520933 0.000000 45.398625 66.195801 0.000000 0.000000 0.000000 0.000000 0.000000 0.000000 0.000000 0.000000 0.000000 140.046193 0.000000 0.000000 67.429929 0.000000 0.000000 0.000000 0.000000 77.610578 27.721066 70.308321 65.242583 0.000000 140.968751 74.929423 68.449379 91.251481 74.458414 0.000000 0.000000 0.000000 0.000000
90.266490 68.863214 34.850752 108.467241 0.000000 0.000000 80.296823 104.509314 100.731990 114.870714 80.467057 0.000000 0.000000 99.919402 0.000000 34.532957 38.887174 75.165809 51.066144 0.000000 42.315887 59.318095 0.000000 70.481374 0.000000 78.983389 62.020975 58.911571 90.644628 63.509864 0.000000 102.514925 82.926368 43.251341 0.000000 109.979845 112.428407 0.000000 0.000000 0.000000 150.605179 0.000000 0.000000 0.000000 0.000000 0.000000 0.000000 0.000000 0.000000 104.162507 130.758218 0.000000 154.961956 0.000000 125.671750 61.927393 110.417419 151.820425 0.000000 145.340754 111.409460 146.543991 174.741021 135.446464 0.000000 0.000000 0.000000 131.737792
77.897558 83.734254 117.616742 19.576161 88.288332 68.772030 57.046555 69.998826 35.890890 54.041468 151.398188 20.060981 143.867957 81.133921 43.082076 44.963263 137.263159 154.128956 146.956870 28.731550 85.220168 45.482152 70.481374 0.000000 117.117291 131.531924 93.407516 22.251311 90.609262 77.014958 152.120497 124.712634 77.342008 89.026533 123.766476 0.000000 165.369019 110.224054 0.000000 0.000000 125.023043 140.278299 57.087810 126.955826 0.000000 137.212282 199.116592 142.722835 0.000000 116.741024 182.268503 0.000000 196.217325 133.331582 123.013844 62.441040 154.194142 99.924317 0.000000 175.324120 174.734604 114.688292 137.319562 121.707538 0.000000 0.000000 0.000000 140.701848
0.000000 22.579949 0.000000 0.000000 153.044960 0.000000 0.000000 0.000000 108.311321 0.000000 34.789873 0.000000 19.620015 75.725348 0.000000 0.000000 0.000000 43.581383 48.088296 0.000000 0.000000 59.904628 0.000000 117.117291 0.000000 33.499699 22.060017 0.000000 76.212408 0.000000 35.532227 111.284264 0.000000 61.635476 0.000000 0.000000 0.000000 0.000000 0.000000 0.000000 0.000000 0.000000 0.000000 0.000000 75.744885 0.000000 64.369857 0.000000 0.000000 0.000000 0.000000 0.000000 0.000000 0.000000 0.000000 0.000000 0.000000 0.000000 31.336694 77.791278 82.531464 0.000000 0.000000 0.000000 77.031876 0.000000 0.000000 0.000000
130.497202 51.023750 47.604333 157.712110 171.226882 196.213706 128.486587 133.850787 129.517857 154.319378 26.766928 0.000000 37.039086 129.650387 0.000000 107.906478 36.564092 28.482302 38.197409 0.000000 103.145101 82.693686 78.983389 131.531924 33.499699 0.000000 43.502779 136.172544 107.626807 118.265092 14.993640 109.120671 109.757300 55.444124 0.000000 57.276713 114.424728 0.000000 0.000000 0.000000 0.000000 0.000000 0.000000 0.000000 87.908873 0.000000 83.413325 0.000000 0.000000 0.000000 107.750915 100.642406 105.269916 0.000000 162.414305 0.000000 156.887758 191.227076 53.860182 91.739521 93.015734 211.308379 159.443774 169.416060 96.727125 0.000000 0.000000 101.778902
155.176364 37.354147 35.094928 143.145391 169.871233 187.845928 113.965320 133.573296 121.442716 147.335341 57.643938 0.000000 31.699687 119.420108 173.482391 39.420997 66.812698 62.426838 67.684009 0.000000 83.921260 54.741702 62.020975 93.407516 22.060017 43.502779 0.000000 75.415138 106.105624 126.985689 34.192458 125.662125 132.292156 67.712559 0.000000 47.142553 94.890539 198.571882 0.000000 0.000000 156.602588 0.000000 0.000000 213.653885 90.737451 0.000000 90.362178 169.440081 0.000000 101.832717 109.040496 104.246463 107.708860 0.000000 146.811097 53.106112 111.887069 159.731101 51.332176 94.260898 94.218001 157.121571 173.826202 189.035269 98.513728 0.000000 0.000000 107.714330
81.000547 0.000000 85.884732 23.487179 118.747092 66.678286 37.564782 72.457362 60.384968 27.793096 146.753453 45.232683 133.624726 80.767715 0.000000 27.538039 123.157998 125.658868 135.044876 26.826445 24.154029 55.642812 58.911571 22.251311 0.000000 136.172544 75.415138 0.000000 94.461953 52.350135 0.000000 130.853599 73.752620 77.090612 137.912496 0.000000 0.000000 108.326697 0.000000 157.530291 131.838705 152.118630 85.003445 150.360429 0.000000 154.414404 0.000000 162.351464 0.000000 125.683375 0.000000 0.000000 0.000000 157.339233 128.855723 61.377403 153.285000 116.692515 0.000000 178.973854 164.872500 137.008594 144.973475 129.820755 0.000000 0.000000 0.000000 0.000000
18.602656 119.229968 110.206760 98.966207 69.470581 45.823737 62.367299 21.332647 72.910455 101.655603 76.460806 125.067194 59.887517 27.802672 118.467469 118.726177 102.456000 114.856053 111.842905 114.996355 84.153499 105.612793 90.644628 90.609262 76.212408 107.626807 106.105624 94.461953 0.000000 43.302432 89.041349 31.527797 24.963893 27.581108 157.926915 0.000000 139.129697 163.812127 0.000000 0.000000 155.634480 170.222725 84.575803 171.727618 148.707883 0.000000 122.233415 175.218305 0.000000 137.777496 0.000000 0.000000 183.445824 176.436450 144.557436 0.000000 0.000000 134.147742 93.465193 166.119869 160.692298 142.389153 169.103947 148.213108 0.000000 200.146123 0.000000 159.867266
39.657469 0.000000 84.602739 0.000000 0.000000 0.000000 18.891725 66.448505 61.201586 0.000000 96.483914 0.000000 0.000000 59.128118 0.000000 78.863357 79.138982 109.732387 91.933357 0.000000 46.912884 61.102510 63.509864 77.014958 0.000000 118.265092 126.985689 52.350135 43.302432 0.000000 0.000000 108.842401 50.828175 44.160838 143.373656 0.000000 0.000000 0.000000 0.000000 0.000000 0.000000 164.534737 76.062681 0.000000 0.000000 0.000000 0.000000 157.875680 0.000000 124.037266 0.000000 0.000000 182.697558 0.000000 132.129771 72.803988 139.744074 122.387674 0.000000 175.176678 187.329086 126.977944 149.229842 133.099972 0.000000 0.000000 0.000000 144.017463
0.000000 62.187745 0.000000 0.000000 211.777893 0.000000 0.000000 0.000000 136.203194 0.000000 42.160148 0.000000 22.839249 90.410098 0.000000 0.000000 0.000000 44.913087 69.781371 0.000000 0.000000 88.077716 0.000000 152.120497 35.532227 14.993640 34.192458 0.000000 89.041349 0.000000 0.000000 118.027313 0.000000 69.088112 0.000000 0.000000 0.000000 0.000000 0.000000 0.000000 0.000000 0.000000 0.000000 0.000000 89.650358 0.000000 85.649079 0.000000 0.000000 0.000000 0.000000 100.128084 114.310164 0.000000 0.000000 0.000000 0.000000 0.000000 49.303878 95.914635 103.619220 0.000000 0.000000 0.000000 98.867336 0.000000 0.000000 0.000000
0.000000 141.878588 0.000000 137.826085 16.488776 12.401652 121.246536 26.432307 103.121499 131.166331 65.157709 0.000000 52.382955 19.483896 43.482949 0.000000 0.000000 89.918365 107.155223 0.000000 102.374283 135.830840 102.514925 124.712634 111.284264 109.120671 125.662125 130.853599 31.527797 108.842401 118.027313 0.000000 58.936909 21.319367 0.000000 0.000000 0.000000 0.000000 0.000000 0.000000 0.000000 172.441179 0.000000 206.855321 0.000000 0.000000 130.609645 172.053151 0.000000 0.000000 0.000000 0.000000 0.000000 0.000000 0.000000 0.000000 0.000000 170.564465 0.000000 147.305445 0.000000 180.209023 181.816467 195.202620 0.000000 138.863768 0.000000 0.000000
0.000000 0.000000 113.417305 86.912885 66.897108 0.000000 0.000000 0.000000 62.224837 0.000000 98.583573 0.000000 0.000000 84.561349 0.000000 0.000000 103.414377 118.901984 104.935835 0.000000 68.864531 57.465272 82.926368 77.342008 0.000000 109.757300 132.292156 73.752620 24.963893 50.828175 0.000000 58.936909 0.000000 20.059368 0.000000 0.000000 0.000000 0.000000 0.000000 0.000000 0.000000 154.317219 73.894293 146.315408 0.000000 0.000000 0.000000 160.106821 0.000000 130.157784 0.000000 0.000000 0.000000 0.000000 131.132327 0.000000 0.000000 119.519766 0.000000 0.000000 0.000000 127.700292 153.267482 133.983387 0.000000 0.000000 0.000000 0.000000
105.423642 68.006989 71.152988 90.415505 13.005808 59.476858 88.373450 58.194135 84.858260 95.840393 29.928158 0.000000 19.405369 36.769642 0.000000 82.325696 22.389811 44.827624 34.937964 90.167441 55.799133 99.520933 43.251341 89.026533 61.635476 55.444124 67.712559 77.090612 27.581108 44.160838 69.088112 21.319367 20.059368 0.000000 0.000000 0.000000 110.059149 0.000000 0.000000 162.026541 0.000000 156.749776 0.000000 164.137046 115.857969 0.000000 95.413608 162.067662 0.000000 126.905577 120.938586 0.000000 118.887996 0.000000 136.717739 0.000000 123.982161 137.025460 66.694976 111.368224 108.819125 136.376483 157.010376 138.502616 118.503383 0.000000 0.000000 123.005527
0.000000 0.000000 0.000000 0.000000 0.000000 0.000000 140.245424 0.000000 100.222257 152.052028 0.000000 0.000000 0.000000 0.000000 0.000000 0.000000 0.000000 0.000000 0.000000 0.000000 0.000000 0.000000 0.000000 123.766476 0.000000 0.000000 0.000000 137.912496 157.926915 143.373656 0.000000 0.000000 0.000000 0.000000 0.000000 0.000000 0.000000 97.951488 0.000000 0.000000 24.182465 89.121747 70.702090 85.125868 126.177125 0.000000 0.000000 15.940494 0.000000 0.000000 115.387236 136.472233 125.614937 0.000000 93.967540 0.000000 99.092421 82.808508 0.000000 132.231858 145.799617 82.900100 26.923356 42.952185 0.000000 0.000000 42.778789 57.056087
0.000000 0.000000 52.480141 0.000000 0.000000 0.000000 0.000000 0.000000 0.000000 0.000000 0.000000 0.000000 0.000000 0.000000 0.000000 0.000000 66.426551 0.000000 68.781368 0.000000 0.000000 45.398625 109.979845 0.000000 0.000000 57.276713 47.142553 0.000000 0.000000 0.000000 0.000000 0.000000 0.000000 0.000000 0.000000 0.000000 41.436087 0.000000 142.813062 154.915773 0.000000 0.000000 66.314572 0.000000 62.580093 0.000000 43.673850 0.000000 108.777896 65.280694 55.409894 80.162932 56.842953 0.000000 115.202631 26.879790 61.911614 85.157454 24.008643 45.027185 34.308264 102.237705 0.000000 0.000000 66.238576 166.210764 0.000000 51.825853
0.000000 51.936857 98.301238 0.000000 0.000000 0.000000 176.133051 0.000000 0.000000 0.000000 0.000000 0.000000 0.000000 0.000000 0.000000 104.776414 110.961718 0.000000 134.682467 0.000000 151.954113 66.195801 112.428407 165.369019 0.000000 114.424728 94.890539 0.000000 139.129697 0.000000 0.000000 0.000000 0.000000 110.059149 0.000000 41.436087 0.000000 122.271151 0.000000 0.000000 98.686146 120.317780 0.000000 114.470403 108.460632 0.000000 0.000000 116.114784 0.000000 88.948578 45.881142 87.156088 65.663391 0.000000 72.715245 0.000000 36.600449 80.565795 0.000000 37.664747 30.505057 78.872814 137.770595 91.584101 107.210489 126.182764 0.000000 68.258661
0.000000 0.000000 0.000000 102.352701 0.000000 146.677007 138.972473 150.741560 83.039635 121.504037 0.000000 88.910626 0.000000 153.115820 0.000000 0.000000 0.000000 0.000000 0.000000 35.902897 0.000000 0.000000 0.000000 110.224054 0.000000 0.000000 198.571882 108.326697 163.812127 0.000000 0.000000 0.000000 0.000000 0.000000 97.951488 0.000000 122.271151 0.000000 130.981867 75.862110 56.821661 103.284967 65.425485 19.961198 163.658213 33.580603 176.393181 109.305125 0.000000 0.000000 0.000000 170.880356 170.675243 18.524684 0.000000 0.000000 114.641006 33.922204 0.000000 173.692691 137.509680 26.832674 110.775251 94.788654 0.000000 140.980276 0.000000 100.219182
0.000000 0.000000 0.000000 0.000000 0.000000 0.000000 0.000000 0.000000 0.000000 0.000000 0.000000 0.000000 0.000000 0.000000 0.000000 0.000000 0.000000 0.000000 0.000000 0.000000 0.000000 0.000000 0.000000 0.000000 0.000000 0.000000 0.000000 0.000000 0.000000 0.000000 0.000000 0.000000 0.000000 0.000000 0.000000 142.813062 0.000000 130.981867 0.000000 35.430868 0.000000 44.356136 86.619710 114.800360 69.446630 114.938725 133.190481 96.767124 30.070832 0.000000 0.000000 107.501864 204.172758 0.000000 0.000000 113.467660 0.000000 105.341688 191.681435 177.381134 185.265543 0.000000 0.000000 0.000000 0.000000 12.016762 0.000000 24.890070
0.000000 0.000000 0.000000 157.817354 0.000000 0.000000 0.000000 0.000000 0.000000 176.490833 0.000000 0.000000 0.000000 183.281275 0.000000 0.000000 0.000000 0.000000 0.000000 0.000000 0.000000 0.000000 0.000000 0.000000 0.000000 0.000000 0.000000 157.530291 0.000000 0.000000 0.000000 0.000000 0.000000 162.026541 0.000000 154.915773 0.000000 75.862110 35.430868 0.000000 58.650794 26.882168 92.935355 43.235109 135.467526 38.325868 168.695046 83.886302 24.656185 0.000000 0.000000 147.758530 160.114695 51.012253 0.000000 118.990206 0.000000 98.148126 194.107773 176.709968 186.273896 80.599899 103.052634 0.000000 183.792959 32.015049 0.000000 95.609707
0.000000 0.000000 0.000000 134.450270 0.000000 0.000000 138.774897 135.120852 0.000000 134.806090 0.000000 0.000000 0.000000 155.353557 0.000000 0.000000 0.000000 0.000000 0.000000 0.000000 0.000000 0.000000 150.605179 125.023043 0.000000 0.000000 156.602588 131.838705 155.634480 0.000000 0.000000 0.000000 0.000000 0.000000 24.182465 0.000000 98.686146 56.821661 0.000000 58.650794 0.000000 52.851594 54.258189 30.160653 123.081938 106.379075 150.502303 36.103858 0.000000 0.000000 99.687695 129.916152 115.199896 0.000000 66.963907 0.000000 82.635036 55.107429 0.000000 119.958985 115.719242 37.365226 73.296020 20.649066 0.000000 125.000731 0.000000 87.970900
160.100543 0.000000 0.000000 153.470680 0.000000 155.440203 140.061692 154.002809 96.325741 150.248805 147.946145 141.191907 139.060084 161.359343 0.000000 0.000000 0.000000 0.000000 0.000000 146.258694 0.000000 0.000000 0.000000 140.278299 0.000000 0.000000 0.000000 152.118630 170.222725 164.534737 0.000000 172.441179 154.317219 156.749776 89.121747 0.000000 120.317780 103.284967 44.356136 26.882168 52.851594 0.000000 79.678771 45.164284 95.787338 91.031607 105.180270 28.498514 78.265034 0.000000 142.092505 120.050850 140.009841 92.446648 102.745241 0.000000 108.369728 82.415753 0.000000 134.796971 132.332274 88.686896 59.261082 85.273304 123.242361 26.154995 0.000000 51.893952
0.000000 0.000000 0.000000 79.269924 0.000000 76.385992 73.795945 104.130408 13.550447 80.343511 0.000000 67.702216 0.000000 97.001160 0.000000 0.000000 0.000000 0.000000 0.000000 81.507414 79.969883 0.000000 0.000000 57.087810 0.000000 0.000000 0.000000 85.003445 84.575803 76.062681 0.000000 0.000000 73.894293 0.000000 70.702090 66.314572 0.000000 65.425485 86.619710 92.935355 54.258189 79.678771 0.000000 70.206377 143.588652 51.247675 126.180243 88.521696 57.870970 43.367177 0.000000 0.000000 135.997806 65.693584 56.690665 28.322145 133.105501 34.105376 113.129837 125.372885 114.609303 62.099259 80.416928 65.787172 147.149815 110.521377 74.417342 78.857774
169.273235 0.000000 0.000000 141.761421 0.000000 156.422078 139.966582 153.227466 90.726600 149.211884 0.000000 136.866327 0.000000 159.165895 0.000000 0.000000 0.000000 0.000000 0.000000 143.123518 0.000000 0.000000 0.000000 126.955826 0.000000 0.000000 213.653885 150.360429 171.727618 0.000000 0.000000 206.855321 146.315408 164.137046 85.125868 0.000000 114.470403 19.961198 114.800360 43.235109 30.160653 45.164284 70.206377 0.000000 150.288981 29.095542 160.845843 87.627038 95.735607 0.000000 150.263896 162.303352 156.848950 21.677423 83.115773 0.000000 100.010614 49.909826 0.000000 147.957827 153.212939 36.712942 101.846928 83.728991 174.940360 125.966186 0.000000 85.534252
0.000000 0.000000 0.000000 0.000000 0.000000 0.000000 0.000000 0.000000 0.000000 0.000000 78.773297 0.000000 75.842496 174.848967 0.000000 0.000000 139.838109 91.755525 104.015341 0.000000 0.000000 0.000000 0.000000 0.000000 75.744885 87.908873 90.737451 0.000000 148.707883 0.000000 89.650358 0.000000 0.000000 115.857969 126.177125 62.580093 108.460632 163.658213 69.446630 135.467526 123.081938 95.787338 143.588652 150.288981 0.000000 155.866473 28.628762 91.643663 0.000000 0.000000 42.035379 25.000959 32.233847 154.593546 93.963452 109.801710 81.883947 157.805875 35.688003 28.662728 55.330055 159.118766 72.752457 112.719311 33.137179 57.420432 0.000000 28.833855
0.000000 0.000000 0.000000 96.484330 0.000000 162.476324 157.266294 0.000000 0.000000 154.615626 0.000000 124.560062 0.000000 0.000000 0.000000 0.000000 0.000000 0.000000 0.000000 146.169150 0.000000 0.000000 0.000000 137.212282 0.000000 0.000000 0.000000 154.414404 0.000000 0.000000 0.000000 0.000000 0.000000 0.000000 0.000000 0.000000 0.000000 33.580603 114.938725 38.325868 106.379075 91.031607 51.247675 29.095542 155.866473 0.000000 163.254988 107.132750 0.000000 0.000000 0.000000 166.144587 152.791828 15.958213 0.000000 0.000000 0.000000 36.428423 0.000000 171.478271 174.672338 45.991528 115.401206 0.000000 0.000000 121.821554 0.000000 100.629764
0.000000 118.424966 0.000000 0.000000 0.000000 0.000000 0.000000 0.000000 0.000000 0.000000 77.942007 0.000000 74.954209 0.000000 0.000000 0.000000 0.000000 88.704102 102.864102 0.000000 0.000000 140.046193 0.000000 199.116592 64.369857 83.413325 90.362178 0.000000 122.233415 0.000000 85.649079 130.609645 0.000000 95.413608 0.000000 43.673850 0.000000 176.393181 133.190481 168.695046 150.502303 105.180270 126.180243 160.845843 28.628762 163.254988 0.000000 99.263642 176.738658 128.712095 0.000000 56.746894 77.787180 160.136656 0.000000 91.228343 124.113935 146.632324 25.584896 32.376897 32.477397 172.272373 82.407863 164.676363 22.663530 78.940628 0.000000 43.540492
166.318303 0.000000 181.170581 180.909300 0.000000 173.099461 151.296461 167.053970 100.283849 161.599467 112.960438 0.000000 123.195774 168.301270 0.000000 0.000000 0.000000 0.000000 0.000000 0.000000 0.000000 0.000000 0.000000 142.722835 0.000000 0.000000 169.440081 162.351464 175.218305 157.875680 0.000000 172.053151 160.106821 162.067662 15.940494 0.000000 116.114784 109.305125 96.767124 83.886302 36.103858 28.498514 88.521696 87.627038 91.643663 107.132750 99.263642 0.000000 0.000000 0.000000 131.539474 126.954921 125.766545 107.548202 84.899851 0.000000 102.564055 99.698184 0.000000 129.218884 131.431254 99.372621 39.644398 69.617208 116.710253 19.624857 0.000000 47.120443
0.000000 0.000000 0.000000 0.000000 0.000000 0.000000 0.000000 0.000000 0.000000 0.000000 0.000000 0.000000 0.000000 0.000000 0.000000 0.000000 0.000000 0.000000 0.000000 0.000000 0.000000 0.000000 0.000000 0.000000 0.000000 0.000000 0.000000 0.000000 0.000000 0.000000 0.000000 0.000000 0.000000 0.000000 0.000000 108.777896 0.000000 0.000000 30.070832 24.656185 0.000000 78.265034 57.870970 95.735607 0.000000 0.000000 176.738658 0.000000 0.000000 0.000000 0.000000 0.000000 176.793967 0.000000 0.000000 92.785591 0.000000 63.889121 0.000000 167.677623 156.426599 94.243638 0.000000 0.000000 0.000000 38.191881 0.000000 0.000000
0.000000 0.000000 104.521985 0.000000 0.000000 0.000000 132.225020 0.000000 0.000000 0.000000 0.000000 0.000000 0.000000 0.000000 0.000000 98.524982 0.000000 0.000000 0.000000 0.000000 122.636258 67.429929 104.162507 116.741024 0.000000 0.000000 101.832717 125.683375 137.777496 124.037266 0.000000 0.000000 130.157784 126.905577 0.000000 65.280694 88.948578 0.000000 0.000000 0.000000 0.000000 0.000000 43.367177 0.000000 0.000000 0.000000 128.712095 0.000000 0.000000 0.000000 119.756675 0.000000 134.157333 0.000000 39.990012 38.225575 26.499359 40.344095 0.000000 121.047061 48.623253 39.115106 85.729726 81.037361 0.000000 0.000000 0.000000 87.136082
0.000000 67.173165 109.902967 0.000000 0.000000 0.000000 194.609633 0.000000 0.000000 0.000000 0.000000 0.000000 0.000000 0.000000 0.000000 152.042831 121.362186 133.599542 124.670639 0.000000 0.000000 0.000000 130.758218 182.268503 0.000000 107.750915 109.040496 0.000000 0.000000 0.000000 0.000000 0.000000 0.000000 120.938586 115.387236 55.409894 45.881142 0.000000 0.000000 0.000000 99.687695 142.092505 0.000000 150.263896 42.035379 0.000000 0.000000 131.539474 0.000000 119.756675 0.000000 56.141677 29.888750 0.000000 62.609764 0.000000 33.970495 141.869432 0.000000 38.077831 69.000047 100.166848 114.312899 80.105444 0.000000 0.000000 0.000000 27.314477
0.000000 99.615530 149.083463 0.000000 0.000000 0.000000 0.000000 0.000000 0.000000 0.000000 99.030321 0.000000 96.619721 0.000000 0.000000 0.000000 137.833033 100.662646 112.885915 0.000000 0.000000 0.000000 0.000000 0.000000 0.000000 100.642406 104.246463 0.000000 0.000000 0.000000 100.128084 0.000000 0.000000 0.000000 136.472233 80.162932 87.156088 170.880356 107.501864 147.758530 129.916152 120.050850 0.000000 162.303352 25.000959 166.144587 56.746894 126.954921 0.000000 0.000000 56.141677 0.000000 27.477106 174.676043 100.424059 0.000000 84.550365 167.130741 43.984930 24.005002 65.995612 145.421099 125.650810 120.747848 53.165614 101.043279 0.000000 50.400309
0.000000 74.295645 135.373539 0.000000 0.000000 0.000000 207.719643 0.000000 0.000000 0.000000 105.762854 0.000000 104.966837 0.000000 0.000000 158.400235 122.371944 124.373818 116.291494 0.000000 199.278067 0.000000 154.961956 196.217325 0.000000 105.269916 107.708860 0.000000 183.445824 182.697558 114.310164 0.000000 0.000000 118.887996 125.614937 56.842953 65.663391 170.675243 204.172758 160.114695 115.199896 140.009841 135.997806 156.848950 32.233847 152.791828 77.787180 125.766545 176.793967 134.157333 29.888750 27.477106 0.000000 157.194065 83.698623 100.127903 66.437951 144.309772 54.375685 35.578662 67.270004 125.655874 121.398026 99.565251 68.534662 181.701636 0.000000 41.313087
0.000000 0.000000 0.000000 67.478406 0.000000 167.462582 144.957384 157.158366 94.579271 154.741330 0.000000 140.989153 0.000000 160.790605 0.000000 0.000000 0.000000 0.000000 0.000000 149.352268 0.000000 0.000000 0.000000 133.331582 0.000000 0.000000 0.000000 157.339233 176.436450 0.000000 0.000000 0.000000 0.000000 0.000000 0.000000 0.000000 0.000000 18.524684 0.000000 51.012253 0.000000 92.446648 65.693584 21.677423 154.593546 15.958213 160.136656 107.548202 0.000000 0.000000 0.000000 174.676043 157.194065 0.000000 0.000000 0.000000 0.000000 46.448423 0.000000 166.293861 176.778471 36.704528 116.522421 0.000000 0.000000 127.279481 0.000000 98.862474
0.000000 0.000000 147.169840 0.000000 0.000000 0.000000 134.155459 0.000000 0.000000 0.000000 0.000000 0.000000 0.000000 0.000000 0.000000 118.666261 160.766359 0.000000 177.496323 0.000000 131.634507 77.610578 125.671750 123.013844 0.000000 162.414305 146.811097 128.855723 144.557436 132.129771 0.000000 0.000000 131.132327 136.717739 93.967540 115.202631 72.715245 0.000000 0.000000 0.000000 66.963907 102.745241 56.690665 83.115773 93.963452 0.000000 0.000000 84.899851 0.000000 39.990012 62.609764 100.424059 83.698623 0.000000 0.000000 58.436504 45.915957 16.128905 0.000000 98.055826 80.933210 30.837629 97.558761 38.271671 0.000000 94.434196 69.073617 53.417920
0.000000 0.000000 63.151986 0.000000 0.000000 0.000000 0.000000 0.000000 0.000000 0.000000 0.000000 0.000000 0.000000 0.000000 0.000000 46.025410 0.000000 0.000000 0.000000 0.000000 69.982047 27.721066 61.927393 62.441040 0.000000 0.000000 53.106112 61.377403 0.000000 72.803988 0.000000 0.000000 0.000000 0.000000 0.000000 26.879790 0.000000 0.000000 113.467660 118.990206 0.000000 0.000000 28.322145 0.000000 109.801710 0.000000 91.228343 0.000000 92.785591 38.225575 0.000000 0.000000 100.127903 0.000000 58.436504 0.000000 52.426064 43.712825 64.867963 93.071248 56.974175 57.268006 75.240088 61.253993 103.907639 134.537413 0.000000 81.284515
0.000000 0.000000 109.580942 0.000000 0.000000 0.000000 155.332028 0.000000 0.000000 0.000000 0.000000 0.000000 0.000000 0.000000 0.000000 100.135929 135.410554 0.000000 156.865409 0.000000 123.642350 70.308321 110.417419 154.194142 0.000000 156.887758 111.887069 153.285000 0.000000 139.744074 0.000000 0.000000 0.000000 123.982161 99.092421 61.911614 36.600449 114.641006 0.000000 0.000000 82.635036 108.369728 133.105501 100.010614 81.883947 0.000000 124.113935 102.564055 0.000000 26.499359 33.970495 84.550365 66.437951 0.000000 45.915957 52.426064 0.000000 65.371493 0.000000 71.018370 56.611135 52.475341 106.706148 51.755377 106.725909 92.972356 0.000000 51.602389
121.614702 132.687903 158.879337 109.405357 0.000000 124.591305 114.284575 119.327793 53.609343 117.294834 0.000000 115.506484 201.372598 129.177741 0.000000 116.894159 179.368544 0.000000 198.679163 108.443710 133.836137 65.242583 151.820425 99.924317 0.000000 191.227076 159.731101 116.692515 134.147742 122.387674 0.000000 170.564465 119.519766 137.025460 82.808508 85.157454 80.565795 33.922204 105.341688 98.148126 55.107429 82.415753 34.105376 49.909826 157.805875 36.428423 146.632324 99.698184 63.889121 40.344095 141.869432 167.130741 144.309772 46.448423 16.128905 43.712825 65.371493 0.000000 120.538475 134.000658 95.450593 26.213537 95.784605 81.237545 158.469990 118.897246 94.798843 99.652677
0.000000 0.000000 0.000000 0.000000 0.000000 0.000000 0.000000 0.000000 0.000000 0.000000 62.596025 0.000000 53.906229 0.000000 0.000000 0.000000 0.000000 55.925217 61.974275 0.000000 0.000000 0.000000 0.000000 0.000000 31.336694 53.860182 51.332176 0.000000 93.465193 0.000000 49.303878 0.000000 0.000000 66.694976 0.000000 24.008643 0.000000 0.000000 191.681435 194.107773 0.000000 0.000000 113.129837 0.000000 35.688003 0.000000 25.584896 0.000000 0.000000 0.000000 0.000000 43.984930 54.375685 0.000000 0.000000 64.867963 0.000000 120.538475 0.000000 35.037780 31.860125 0.000000 0.000000 0.000000 40.568531 0.000000 0.000000 60.948370
