0.000000 0.000000 0.000787 0.000600 0.000000 0.000000 0.021827 0.000080 0.000547 0.000907 0.000280 0.000000 0.000000 0.139947 0.000000 0.000000 0.005120 0.001173 0.003067 0.000000 0.000547 0.000000 0.002827 0.001533 0.000000 0.001733 0.000133 0.003067 0.151973 0.023147 0.000000 0.000000 0.000000 0.000213 0.000000 0.000000 0.000000 0.000000 0.000000 0.000000 0.000000 0.000480 0.000000 0.000093 0.000000 0.000000 0.000000 0.000227 0.000000 0.000000 0.000000 0.000000 0.000000 0.000000 0.000000 0.000000 0.000000 0.000307 0.000000 0.000000 0.000000 0.000187 0.000320 0.000173 0.000000 0.000000 0.000000 0.000000
0.000000 0.000000 0.000360 0.000000 0.000600 0.000000 0.000000 0.000000 0.000840 0.000000 0.000360 0.000000 0.004427 0.000000 0.000000 0.000000 0.002147 0.000373 0.001853 0.000000 0.000000 0.003827 0.000360 0.005147 0.013853 0.004840 0.028387 0.000000 0.000333 0.000000 0.001587 0.000133 0.000000 0.000613 0.000000 0.000000 0.000200 0.000000 0.000000 0.000000 0.000000 0.000000 0.000000 0.000000 0.000000 0.000000 0.000107 0.000000 0.000000 0.000000 0.000613 0.000093 0.000467 0.000000 0.000000 0.000000 0.000000 0.000067 0.000000 0.000493 0.001173 0.000000 0.000000 0.000000 0.000067 0.000000 0.000000 0.000107
0.000787 0.000360 0.000000 0.000107 0.000000 0.000000 0.031493 0.000813 0.000000 0.000280 0.000000 0.000000 0.000000 0.007427 0.000000 0.000000 0.056653 0.000280 0.002427 0.000000 0.014213 0.000493 0.110387 0.000067 0.000000 0.026160 0.064853 0.003760 0.001040 0.001760 0.000000 0.000000 0.000067 0.001093 0.000000 0.000533 0.022520 0.000000 0.000000 0.000000 0.000000 0.000000 0.000000 0.000000 0.000000 0.000000 0.000000 0.000067 0.000000 0.000787 0.004080 0.000067 0.000413 0.000000 0.000173 0.000360 0.007453 0.000560 0.000000 0.000813 0.018520 0.000427 0.000000 0.000000 0.000000 0.000000 0.000000 0.000373
0.000600 0.000000 0.000107 0.000000 0.000000 0.001200 0.004027 0.001093 0.012853 0.105413 0.000000 0.036773 0.000000 0.002747 0.000000 0.000000 0.000080 0.000000 0.000000 0.113600 0.000000 0.000000 0.000080 0.050200 0.000000 0.000133 0.000080 0.115027 0.004880 0.000000 0.000000 0.000240 0.000080 0.000520 0.000000 0.000000 0.000000 0.008440 0.000000 0.000147 0.000320 0.001400 0.001053 0.014920 0.000000 0.002160 0.000000 0.000133 0.000000 0.000000 0.000000 0.000000 0.000000 0.003293 0.000000 0.000000 0.000000 0.000760 0.000000 0.000000 0.000000 0.004427 0.000107 0.000000 0.000000 0.000000 0.000000 0.000000
0.000000 0.000600 0.000000 0.000000 0.000000 0.007213 0.000587 0.000000 0.001000 0.000213 0.000413 0.000000 0.000867 0.000187 0.028520 0.000000 0.000000 0.000000 0.000187 0.000000 0.000000 0.001760 0.000000 0.000240 0.000067 0.000840 0.001373 0.000093 0.001160 0.000000 0.000067 0.007520 0.000067 0.037133 0.000000 0.000000 0.000000 0.000000 0.000000 0.000000 0.000000 0.000000 0.000000 0.000000 0.000000 0.000000 0.000000 0.000000 0.000000 0.000000 0.000000 0.000000 0.000000 0.000000 0.000000 0.000000 0.000000 0.000000 0.000000 0.000000 0.000000 0.000000 0.000000 0.000000 0.000000 0.000000 0.000000 0.000000
0.000000 0.000000 0.000000 0.001200 0.007213 0.000000 0.011907 0.083960 0.000667 0.066320 0.000000 0.041013 0.000160 0.017920 0.015200 0.000000 0.000000 0.000000 0.000000 0.001867 0.000000 0.000240 0.000000 0.000787 0.000000 0.000120 0.000093 0.002293 0.002987 0.000000 0.000000 0.015760 0.000000 0.000187 0.000000 0.000000 0.000000 0.000413 0.000000 0.000000 0.000000 0.000733 0.000067 0.001480 0.000000 0.000067 0.000000 0.000133 0.000000 0.000000 0.000000 0.000000 0.000000 0.000173 0.000000 0.000000 0.000000 0.000147 0.000000 0.000000 0.000000 0.000280 0.000000 0.000000 0.000000 0.000000 0.000000 0.000000
0.021827 0.000000 0.031493 0.004027 0.000587 0.011907 0.000000 0.037467 0.007907 0.315107 0.000000 0.000133 0.000067 0.114680 0.000253 0.000067 0.012307 0.000827 0.003587 0.000200 0.018413 0.000120 0.025133 0.031693 0.000000 0.010200 0.003787 0.208400 0.017560 0.094587 0.000000 0.000653 0.000000 0.001320 0.000107 0.000000 0.000160 0.000787 0.000000 0.000000 0.000093 0.001427 0.000200 0.003387 0.000000 0.000147 0.000000 0.000280 0.000000 0.000320 0.000200 0.000000 0.000120 0.000253 0.000480 0.000000 0.000267 0.001733 0.000000 0.000133 0.000253 0.002107 0.001107 0.000987 0.000000 0.000000 0.000000 0.000133
0.000080 0.000000 0.000813 0.001093 0.000000 0.083960 0.037467 0.000000 0.001120 0.098320 0.000240 0.002720 0.000373 0.201187 0.000000 0.000000 0.000533 0.000107 0.000160 0.000693 0.000187 0.000000 0.000387 0.002653 0.000000 0.000547 0.000133 0.003693 0.015280 0.000773 0.000000 0.018133 0.000000 0.000307 0.000000 0.000000 0.000000 0.000440 0.000000 0.000000 0.000107 0.002213 0.000080 0.002907 0.000000 0.000000 0.000000 0.000533 0.000000 0.000000 0.000000 0.000000 0.000000 0.000133 0.000000 0.000000 0.000000 0.000347 0.000000 0.000000 0.000000 0.000533 0.000307 0.000000 0.000000 0.000067 0.000000 0.000000
0.000547 0.000840 0.000000 0.012853 0.001000 0.000667 0.007907 0.001120 0.000000 0.019813 0.000093 0.005800 0.000480 0.001707 0.000067 0.000200 0.000200 0.000120 0.000333 0.002187 0.000453 0.010080 0.000187 0.018133 0.000280 0.000907 0.001627 0.010653 0.008067 0.009267 0.000173 0.000307 0.001600 0.000333 0.000093 0.000000 0.000000 0.000653 0.000000 0.000000 0.000000 0.000573 0.000107 0.001987 0.000000 0.000000 0.000000 0.000573 0.000000 0.000000 0.000000 0.000000 0.000000 0.000067 0.000000 0.000000 0.000000 0.001987 0.000000 0.000080 0.000000 0.000800 0.001507 0.001107 0.000000 0.000000 0.000000 0.000000
0.000907 0.000000 0.000280 0.105413 0.000213 0.066320 0.315107 0.098320 0.019813 0.000000 0.000133 0.033400 0.000147 0.039533 0.000093 0.000000 0.000160 0.000000 0.000000 0.030933 0.000120 0.000000 0.000133 0.009693 0.000000 0.000200 0.000080 0.142013 0.004693 0.000000 0.000000 0.001333 0.000000 0.001760 0.000093 0.000000 0.000000 0.009573 0.000000 0.000440 0.001000 0.009400 0.001800 0.027333 0.000000 0.001413 0.000000 0.001187 0.000000 0.000000 0.000000 0.000000 0.000000 0.002120 0.000000 0.000000 0.000000 0.001920 0.000000 0.000080 0.000000 0.004627 0.000347 0.000000 0.000000 0.000107 0.000000 0.000200
0.000280 0.000360 0.000000 0.000000 0.000413 0.000000 0.000000 0.000240 0.000093 0.000133 0.000000 0.000000 0.043160 0.001853 0.000000 0.000000 0.003093 0.054320 0.006107 0.000000 0.000560 0.000253 0.001027 0.000467 0.001693 0.080653 0.004813 0.000147 0.007880 0.000267 0.006573 0.002907 0.000147 0.008213 0.000000 0.000000 0.000000 0.000000 0.000000 0.000000 0.000000 0.000080 0.000000 0.000000 0.001600 0.000000 0.007560 0.000147 0.000000 0.000000 0.000000 0.000747 0.000067 0.000000 0.000000 0.000000 0.000000 0.000000 0.000133 0.002573 0.002160 0.000000 0.000147 0.000000 0.001133 0.000120 0.000000 0.000427
0.000000 0.000000 0.000000 0.036773 0.000000 0.041013 0.000133 0.002720 0.005800 0.033400 0.000000 0.000000 0.000000 0.000373 0.000000 0.000000 0.000000 0.000000 0.000000 0.014707 0.000000 0.000000 0.000000 0.001840 0.000000 0.000000 0.000000 0.012760 0.000133 0.000000 0.000000 0.000000 0.000000 0.000000 0.000000 0.000000 0.000000 0.002307 0.000000 0.000000 0.000000 0.000147 0.000147 0.001853 0.000000 0.000213 0.000000 0.000000 0.000000 0.000000 0.000000 0.000000 0.000000 0.000240 0.000000 0.000000 0.000000 0.000120 0.000000 0.000000 0.000000 0.000680 0.000000 0.000000 0.000000 0.000000 0.000000 0.000000
0.000000 0.004427 0.000000 0.000000 0.000867 0.000160 0.000067 0.000373 0.000480 0.000147 0.043160 0.000000 0.000000 0.001720 0.000000 0.000000 0.000000 0.000493 0.000147 0.000000 0.000000 0.001787 0.000000 0.001880 0.041080 0.003200 0.045000 0.000093 0.005560 0.000000 0.011253 0.005507 0.000000 0.011133 0.000000 0.000000 0.000000 0.000000 0.000000 0.000000 0.000000 0.000107 0.000000 0.000000 0.006747 0.000000 0.019013 0.000293 0.000000 0.000000 0.000000 0.001067 0.000187 0.000000 0.000000 0.000000 0.000000 0.000067 0.000227 0.004667 0.003680 0.000000 0.000253 0.000000 0.001893 0.000173 0.000000 0.000573
0.139947 0.000000 0.007427 0.002747 0.000187 0.017920 0.114680 0.201187 0.001707 0.039533 0.001853 0.000373 0.001720 0.000000 0.000000 0.000000 0.013840 0.002587 0.005720 0.000653 0.002213 0.000000 0.008267 0.005187 0.000067 0.009440 0.001840 0.010120 0.091547 0.030067 0.000133 0.062360 0.000067 0.003280 0.000000 0.000000 0.000000 0.000400 0.000000 0.000080 0.000093 0.003013 0.000120 0.002147 0.000080 0.000000 0.000000 0.001040 0.000000 0.000000 0.000000 0.000000 0.000000 0.000187 0.000000 0.000000 0.000000 0.000707 0.000000 0.000173 0.000093 0.000333 0.000400 0.000227 0.000000 0.000107 0.000000 0.000067
0.000000 0.000000 0.000000 0.000000 0.028520 0.015200 0.000253 0.000000 0.000067 0.000093 0.000000 0.000000 0.000000 0.000000 0.000000 0.000000 0.000000 0.000000 0.000000 0.000000 0.000000 0.000240 0.000000 0.000173 0.000000 0.000000 0.000133 0.000000 0.000307 0.000000 0.000000 0.009747 0.000000 0.000000 0.000000 0.000000 0.000000 0.000000 0.000000 0.000000 0.000000 0.000000 0.000000 0.000000 0.000000 0.000000 0.000000 0.000000 0.000000 0.000000 0.000000 0.000000 0.000000 0.000000 0.000000 0.000000 0.000000 0.000000 0.000000 0.000000 0.000000 0.000000 0.000000 0.000000 0.000000 0.000000 0.000000 0.000000
0.000000 0.000000 0.000000 0.000000 0.000000 0.000000 0.000067 0.000000 0.000200 0.000000 0.000000 0.000000 0.000000 0.000000 0.000000 0.000000 0.000573 0.000000 0.000427 0.000000 0.066613 0.017747 0.070560 0.012467 0.000000 0.000653 0.020120 0.007933 0.000107 0.003800 0.000000 0.000000 0.000000 0.001680 0.000000 0.000000 0.000347 0.000000 0.000000 0.000000 0.000000 0.000000 0.000000 0.000000 0.000000 0.000000 0.000000 0.000000 0.000000 0.015760 0.000093 0.000000 0.000133 0.000000 0.006947 0.006493 0.023720 0.000280 0.000000 0.000213 0.003747 0.000440 0.000427 0.002960 0.000000 0.000000 0.000000 0.000000
0.005120 0.002147 0.056653 0.000080 0.000000 0.000000 0.012307 0.000533 0.000200 0.000160 0.003093 0.000000 0.000000 0.013840 0.000000 0.000573 0.000000 0.014640 0.071773 0.000000 0.006000 0.000333 0.032880 0.002573 0.000000 0.050947 0.099653 0.000987 0.017280 0.019827 0.000000 0.000000 0.000120 0.009387 0.000000 0.000733 0.005987 0.000000 0.000000 0.000000 0.000000 0.000000 0.000000 0.000000 0.000093 0.000000 0.000000 0.000000 0.000000 0.000000 0.003360 0.000320 0.002213 0.000000 0.000173 0.000000 0.000573 0.000307 0.000000 0.003493 0.007253 0.000133 0.000000 0.000147 0.000000 0.000000 0.000000 0.000507
0.001173 0.000373 0.000280 0.000000 0.000000 0.000000 0.000827 0.000107 0.000120 0.000000 0.054320 0.000000 0.000493 0.002587 0.000000 0.000000 0.014640 0.000000 0.071773 0.000000 0.000867 0.000413 0.003000 0.000413 0.000493 0.032160 0.012040 0.000107 0.007600 0.002093 0.001040 0.000533 0.000120 0.004653 0.000000 0.000000 0.000000 0.000000 0.000000 0.000000 0.000000 0.000000 0.000000 0.000000 0.000960 0.000000 0.002293 0.000000 0.000000 0.000000 0.000107 0.000787 0.000720 0.000000 0.000000 0.000000 0.000000 0.000000 0.000413 0.004693 0.003267 0.000000 0.000000 0.000067 0.000960 0.000000 0.000000 0.000000
0.003067 0.001853 0.002427 0.000000 0.000187 0.000000 0.003587 0.000160 0.000333 0.000000 0.006107 0.000000 0.000147 0.005720 0.000000 0.000427 0.071773 0.071773 0.000000 0.000000 0.002480 0.000960 0.013360 0.002053 0.000173 0.060480 0.046253 0.000453 0.013893 0.010813 0.000120 0.000227 0.000293 0.010920 0.000000 0.000240 0.000427 0.000000 0.000000 0.000000 0.000000 0.000000 0.000000 0.000000 0.000200 0.000000 0.000667 0.000000 0.000000 0.000000 0.000853 0.001053 0.004440 0.000000 0.000107 0.000000 0.000147 0.000267 0.000320 0.010333 0.009213 0.000000 0.000000 0.000080 0.000293 0.000000 0.000000 0.000187
0.000000 0.000000 0.000000 0.113600 0.000000 0.001867 0.000200 0.000693 0.002187 0.030933 0.000000 0.014707 0.000000 0.000653 0.000000 0.000000 0.000000 0.000000 0.000000 0.000000 0.000000 0.000000 0.000000 0.001307 0.000000 0.000000 0.000000 0.025907 0.000293 0.000000 0.000000 0.000000 0.000000 0.000067 0.000000 0.000000 0.000000 0.005440 0.000000 0.000000 0.000000 0.000307 0.000093 0.002440 0.000000 0.000147 0.000000 0.000000 0.000000 0.000000 0.000000 0.000000 0.000000 0.000187 0.000000 0.000000 0.000000 0.000107 0.000000 0.000000 0.000000 0.000493 0.000000 0.000000 0.000000 0.000000 0.000000 0.000000
0.000547 0.000000 0.014213 0.000000 0.000000 0.000000 0.018413 0.000187 0.000453 0.000120 0.000560 0.000000 0.000000 0.002213 0.000000 0.066613 0.006000 0.000867 0.002480 0.000000 0.000000 0.006707 0.238520 0.000293 0.000000 0.001587 0.009733 0.047040 0.002347 0.092360 0.000000 0.000093 0.000173 0.054107 0.000000 0.000000 0.000187 0.000000 0.000000 0.000000 0.000000 0.000000 0.000120 0.000000 0.000000 0.000000 0.000000 0.000000 0.000000 0.008147 0.000000 0.000000 0.000067 0.000000 0.010840 0.002587 0.006613 0.000440 0.000000 0.000133 0.000480 0.001493 0.001280 0.008933 0.000000 0.000000 0.000000 0.000080
0.000000 0.003827 0.000493 0.000000 0.001760 0.000240 0.000120 0.000000 0.010080 0.000000 0.000253 0.000000 0.001787 0.000000 0.000240 0.017747 0.000333 0.000413 0.000960 0.000000 0.006707 0.000000 0.001253 0.042533 0.002013 0.002907 0.014560 0.000987 0.000400 0.005040 0.000840 0.000467 0.000227 0.000467 0.000000 0.000067 0.000187 0.000000 0.000000 0.000000 0.000000 0.000000 0.000000 0.000000 0.000000 0.000000 0.000093 0.000000 0.000000 0.000547 0.000000 0.000000 0.000000 0.000000 0.000360 0.000200 0.000253 0.000120 0.000000 0.000107 0.000960 0.000227 0.000227 0.001320 0.000000 0.000000 0.000000 0.000000
0.002827 0.000360 0.110387 0.000080 0.000000 0.000000 0.025133 0.000387 0.000187 0.000133 0.001027 0.000000 0.000000 0.008267 0.000000 0.070560 0.032880 0.003000 0.013360 0.000000 0.238520 0.001253 0.000000 0.004747 0.000000 0.011747 0.169920 0.026227 0.005680 0.050453 0.000000 0.000133 0.000120 0.038560 0.000000 0.000173 0.007840 0.000000 0.000000 0.000000 0.000093 0.000000 0.000000 0.000000 0.000000 0.000000 0.000000 0.000000 0.000000 0.020787 0.000773 0.000000 0.000360 0.000000 0.005880 0.003520 0.061547 0.000387 0.000000 0.000520 0.014907 0.000440 0.000120 0.001133 0.000000 0.000000 0.000000 0.000160
0.001533 0.005147 0.000067 0.050200 0.000240 0.000787 0.031693 0.002653 0.018133 0.009693 0.000467 0.001840 0.001880 0.005187 0.000173 0.012467 0.002573 0.000413 0.002053 0.001307 0.000293 0.042533 0.004747 0.000000 0.001640 0.008040 0.041027 0.144560 0.019253 0.013547 0.000573 0.000547 0.004187 0.005320 0.000227 0.000000 0.000200 0.000667 0.000000 0.000000 0.000093 0.000253 0.001107 0.001347 0.000000 0.000107 0.000080 0.000613 0.000000 0.000853 0.000320 0.000000 0.000293 0.000080 0.001320 0.000080 0.000173 0.003160 0.000000 0.000587 0.000627 0.002387 0.003587 0.004307 0.000000 0.000000 0.000000 0.000093
0.000000 0.013853 0.000000 0.000000 0.000067 0.000000 0.000000 0.000000 0.000280 0.000000 0.001693 0.000000 0.041080 0.000067 0.000000 0.000000 0.000000 0.000493 0.000173 0.000000 0.000000 0.002013 0.000000 0.001640 0.000000 0.003173 0.015587 0.000000 0.000333 0.000000 0.003413 0.000160 0.000000 0.000307 0.000000 0.000000 0.000000 0.000000 0.000000 0.000000 0.000000 0.000000 0.000000 0.000000 0.000253 0.000000 0.000773 0.000000 0.000000 0.000000 0.000000 0.000000 0.000000 0.000000 0.000000 0.000000 0.000000 0.000000 0.000093 0.000533 0.000307 0.000000 0.000000 0.000000 0.000307 0.000000 0.000000 0.000000
0.001733 0.004840 0.026160 0.000133 0.000840 0.000120 0.010200 0.000547 0.000907 0.000200 0.080653 0.000000 0.003200 0.009440 0.000000 0.000653 0.050947 0.032160 0.060480 0.000000 0.001587 0.002907 0.011747 0.008040 0.003173 0.000000 0.148453 0.001733 0.010467 0.001640 0.014507 0.001400 0.000120 0.014347 0.000000 0.000613 0.001027 0.000000 0.000000 0.000000 0.000000 0.000000 0.000000 0.000000 0.002613 0.000000 0.010707 0.000000 0.000000 0.000000 0.004400 0.004600 0.011907 0.000000 0.000160 0.000000 0.000173 0.000600 0.001693 0.028480 0.027413 0.000213 0.000080 0.000227 0.002813 0.000000 0.000000 0.000893
0.000133 0.028387 0.064853 0.000080 0.001373 0.000093 0.003787 0.000133 0.001627 0.000080 0.004813 0.000000 0.045000 0.001840 0.000133 0.020120 0.099653 0.012040 0.046253 0.000000 0.009733 0.014560 0.169920 0.041027 0.015587 0.148453 0.000000 0.008987 0.005693 0.000907 0.010533 0.001133 0.000147 0.028187 0.000000 0.003213 0.026440 0.000120 0.000000 0.000000 0.000173 0.000000 0.000000 0.000067 0.002067 0.000000 0.005627 0.000173 0.000000 0.006640 0.013720 0.003600 0.011880 0.000000 0.000747 0.002667 0.016813 0.002133 0.000613 0.034853 0.063947 0.000720 0.000120 0.000187 0.001987 0.000000 0.000000 0.001547
0.003067 0.000000 0.003760 0.115027 0.000093 0.002293 0.208400 0.003693 0.010653 0.142013 0.000147 0.012760 0.000093 0.010120 0.000000 0.007933 0.000987 0.000107 0.000453 0.025907 0.047040 0.000987 0.026227 0.144560 0.000000 0.001733 0.008987 0.000000 0.022027 0.059533 0.000000 0.000720 0.004453 0.013880 0.000147 0.000000 0.000000 0.006560 0.000000 0.000093 0.000373 0.001880 0.001027 0.012053 0.000000 0.000667 0.000000 0.000427 0.000000 0.001000 0.000000 0.000000 0.000000 0.001067 0.002360 0.000080 0.000187 0.002520 0.000000 0.000080 0.000160 0.005493 0.003560 0.006600 0.000000 0.000000 0.000000 0.000000
0.151973 0.000333 0.001040 0.004880 0.001160 0.002987 0.017560 0.015280 0.008067 0.004693 0.007880 0.000133 0.005560 0.091547 0.000307 0.000107 0.017280 0.007600 0.013893 0.000293 0.002347 0.000400 0.005680 0.019253 0.000333 0.010467 0.005693 0.022027 0.000000 0.026960 0.000560 0.027160 0.063867 0.050600 0.000280 0.000000 0.000133 0.000120 0.000000 0.000000 0.000173 0.003133 0.000680 0.000947 0.000200 0.000000 0.000253 0.002347 0.000000 0.000520 0.000000 0.000000 0.000213 0.000080 0.000973 0.000000 0.000000 0.004453 0.000093 0.000640 0.000693 0.004107 0.005373 0.006147 0.000000 0.000227 0.000000 0.000307
0.023147 0.000000 0.001760 0.000000 0.000000 0.000000 0.094587 0.000773 0.009267 0.000000 0.000267 0.000000 0.000000 0.030067 0.000000 0.003800 0.019827 0.002093 0.010813 0.000000 0.092360 0.005040 0.050453 0.013547 0.000000 0.001640 0.000907 0.059533 0.026960 0.000000 0.000000 0.000093 0.001227 0.019040 0.000120 0.000000 0.000000 0.000000 0.000000 0.000000 0.000000 0.000213 0.000613 0.000000 0.000000 0.000000 0.000000 0.000320 0.000000 0.002093 0.000000 0.000000 0.000080 0.000000 0.005293 0.000733 0.000253 0.002013 0.000000 0.000160 0.000187 0.002867 0.002320 0.007240 0.000000 0.000000 0.000000 0.000173
0.000000 0.001587 0.000000 0.000000 0.000067 0.000000 0.000000 0.000000 0.000173 0.000000 0.006573 0.000000 0.011253 0.000133 0.000000 0.000000 0.000000 0.001040 0.000120 0.000000 0.000000 0.000840 0.000000 0.000573 0.003413 0.014507 0.010533 0.000000 0.000560 0.000000 0.000000 0.000173 0.000000 0.000693 0.000000 0.000000 0.000000 0.000000 0.000000 0.000000 0.000000 0.000000 0.000000 0.000000 0.000867 0.000000 0.003747 0.000000 0.000000 0.000000 0.000000 0.000360 0.000080 0.000000 0.000000 0.000000 0.000000 0.000000 0.000120 0.001347 0.001187 0.000000 0.000000 0.000000 0.000493 0.000000 0.000000 0.000000
0.000000 0.000133 0.000000 0.000240 0.007520 0.015760 0.000653 0.018133 0.000307 0.001333 0.002907 0.000000 0.005507 0.062360 0.009747 0.000000 0.000000 0.000533 0.000227 0.000000 0.000093 0.000467 0.000133 0.000547 0.000160 0.001400 0.001133 0.000720 0.027160 0.000093 0.000173 0.000000 0.000253 0.050200 0.000000 0.000000 0.000000 0.000000 0.000000 0.000000 0.000000 0.000360 0.000000 0.000173 0.000000 0.000000 0.000080 0.000240 0.000000 0.000000 0.000000 0.000000 0.000000 0.000000 0.000000 0.000000 0.000000 0.000067 0.000000 0.000080 0.000000 0.000080 0.000200 0.000120 0.000000 0.000187 0.000000 0.000000
0.000000 0.000000 0.000067 0.000080 0.000067 0.000000 0.000000 0.000000 0.001600 0.000000 0.000147 0.000000 0.000000 0.000067 0.000000 0.000000 0.000120 0.000120 0.000293 0.000000 0.000173 0.000227 0.000120 0.004187 0.000000 0.000120 0.000147 0.004453 0.063867 0.001227 0.000000 0.000253 0.000000 0.008960 0.000000 0.000000 0.000000 0.000000 0.000000 0.000000 0.000000 0.000200 0.000093 0.000067 0.000000 0.000000 0.000000 0.000173 0.000000 0.000107 0.000000 0.000000 0.000000 0.000000 0.000547 0.000000 0.000000 0.000480 0.000000 0.000000 0.000000 0.000480 0.000720 0.001267 0.000000 0.000000 0.000000 0.000000
0.000213 0.000613 0.001093 0.000520 0.037133 0.000187 0.001320 0.000307 0.000333 0.001760 0.008213 0.000000 0.011133 0.003280 0.000000 0.001680 0.009387 0.004653 0.010920 0.000067 0.054107 0.000467 0.038560 0.005320 0.000307 0.014347 0.028187 0.013880 0.050600 0.019040 0.000693 0.050200 0.008960 0.000000 0.000000 0.000000 0.001400 0.000000 0.000000 0.000067 0.000000 0.000640 0.000000 0.000173 0.000107 0.000000 0.000213 0.000480 0.000000 0.000480 0.000773 0.000000 0.000720 0.000000 0.000720 0.000000 0.000667 0.000733 0.000107 0.001427 0.002440 0.000787 0.000973 0.001293 0.000067 0.000000 0.000000 0.000080
0.000000 0.000000 0.000000 0.000000 0.000000 0.000000 0.000107 0.000000 0.000093 0.000093 0.000000 0.000000 0.000000 0.000000 0.000000 0.000000 0.000000 0.000000 0.000000 0.000000 0.000000 0.000000 0.000000 0.000227 0.000000 0.000000 0.000000 0.000147 0.000280 0.000120 0.000000 0.000000 0.000000 0.000000 0.000000 0.000000 0.000000 0.000213 0.000000 0.000000 0.007893 0.000093 0.000960 0.001160 0.000293 0.000000 0.000000 0.081280 0.000000 0.000000 0.000200 0.000293 0.000320 0.000000 0.000067 0.000000 0.000067 0.000827 0.000000 0.000840 0.000333 0.001453 0.085600 0.022573 0.000000 0.000000 0.000067 0.000813
0.000000 0.000000 0.000533 0.000000 0.000000 0.000000 0.000000 0.000000 0.000000 0.000000 0.000000 0.000000 0.000000 0.000000 0.000000 0.000000 0.000733 0.000000 0.000240 0.000000 0.000000 0.000067 0.000173 0.000000 0.000000 0.000613 0.003213 0.000000 0.000000 0.000000 0.000000 0.000000 0.000000 0.000000 0.000000 0.000000 0.002240 0.000000 0.000360 0.000133 0.000000 0.000000 0.001667 0.000000 0.000307 0.000000 0.004453 0.000000 0.000080 0.000200 0.003667 0.000187 0.002293 0.000000 0.000093 0.005720 0.000520 0.004773 0.014640 0.001840 0.045907 0.000320 0.000000 0.000000 0.000107 0.000067 0.000000 0.000507
0.000000 0.000200 0.022520 0.000000 0.000000 0.000000 0.000160 0.000000 0.000000 0.000000 0.000000 0.000000 0.000000 0.000000 0.000000 0.000347 0.005987 0.000000 0.000427 0.000000 0.000187 0.000187 0.007840 0.000200 0.000000 0.001027 0.026440 0.000000 0.000133 0.000000 0.000000 0.000000 0.000000 0.001400 0.000000 0.002240 0.000000 0.000480 0.000000 0.000000 0.030160 0.006933 0.000000 0.005627 0.000160 0.000000 0.000000 0.004893 0.000000 0.000200 0.071600 0.000493 0.006160 0.000000 0.015413 0.000000 0.127093 0.002573 0.000000 0.113547 0.032787 0.010080 0.000280 0.000360 0.000067 0.000067 0.000000 0.002107
0.000000 0.000000 0.000000 0.008440 0.000000 0.000413 0.000787 0.000440 0.000653 0.009573 0.000000 0.002307 0.000000 0.000400 0.000000 0.000000 0.000000 0.000000 0.000000 0.005440 0.000000 0.000000 0.000000 0.000667 0.000000 0.000000 0.000120 0.006560 0.000120 0.000000 0.000000 0.000000 0.000000 0.000000 0.000213 0.000000 0.000480 0.000000 0.000093 0.002013 0.001560 0.004240 0.018880 0.210907 0.000200 0.051587 0.000080 0.004653 0.000000 0.000000 0.000000 0.000080 0.000133 0.095027 0.000000 0.000000 0.000213 0.046960 0.000000 0.000253 0.001240 0.127240 0.003947 0.000120 0.000000 0.000360 0.000000 0.000760
0.000000 0.000000 0.000000 0.000000 0.000000 0.000000 0.000000 0.000000 0.000000 0.000000 0.000000 0.000000 0.000000 0.000000 0.000000 0.000000 0.000000 0.000000 0.000000 0.000000 0.000000 0.000000 0.000000 0.000000 0.000000 0.000000 0.000000 0.000000 0.000000 0.000000 0.000000 0.000000 0.000000 0.000000 0.000000 0.000360 0.000000 0.000093 0.000000 0.004800 0.000000 0.004187 0.001240 0.000907 0.000440 0.000373 0.000387 0.000120 0.022480 0.000000 0.000000 0.000080 0.000120 0.000000 0.000000 0.000427 0.000000 0.001507 0.000080 0.000467 0.001627 0.000000 0.000000 0.000000 0.000000 0.000800 0.000000 0.004560
0.000000 0.000000 0.000000 0.000147 0.000000 0.000000 0.000000 0.000000 0.000000 0.000440 0.000000 0.000000 0.000000 0.000080 0.000000 0.000000 0.000000 0.000000 0.000000 0.000000 0.000000 0.000000 0.000000 0.000000 0.000000 0.000000 0.000000 0.000093 0.000000 0.000000 0.000000 0.000000 0.000000 0.000067 0.000000 0.000133 0.000000 0.002013 0.004800 0.000000 0.001547 0.113760 0.000533 0.115693 0.000200 0.028480 0.000147 0.003187 0.005493 0.000000 0.000000 0.000080 0.000093 0.005880 0.000000 0.000213 0.000000 0.002253 0.000067 0.000373 0.000773 0.001280 0.000840 0.000000 0.000080 0.013067 0.000000 0.000507
0.000000 0.000000 0.000000 0.000320 0.000000 0.000000 0.000093 0.000107 0.000000 0.001000 0.000000 0.000000 0.000000 0.000093 0.000000 0.000000 0.000000 0.000000 0.000000 0.000000 0.000000 0.000000 0.000093 0.000093 0.000000 0.000000 0.000173 0.000373 0.000173 0.000000 0.000000 0.000000 0.000000 0.000000 0.007893 0.000000 0.030160 0.001560 0.000000 0.001547 0.000000 0.074053 0.000907 0.141040 0.002027 0.000080 0.000080 0.228773 0.000000 0.000000 0.012667 0.005093 0.006827 0.000000 0.012400 0.000000 0.012707 0.008547 0.000000 0.017267 0.004187 0.245827 0.004440 0.123813 0.000000 0.000107 0.000000 0.000973
0.000480 0.000000 0.000000 0.001400 0.000000 0.000733 0.001427 0.002213 0.000573 0.009400 0.000080 0.000147 0.000107 0.003013 0.000000 0.000000 0.000000 0.000000 0.000000 0.000307 0.000000 0.000000 0.000000 0.000253 0.000000 0.000000 0.000000 0.001880 0.003133 0.000213 0.000000 0.000360 0.000200 0.000640 0.000093 0.000000 0.006933 0.004240 0.004187 0.113760 0.074053 0.000000 0.004827 0.206787 0.005160 0.013187 0.002227 0.282733 0.000200 0.000000 0.000867 0.001013 0.000733 0.006787 0.000187 0.000000 0.000587 0.008840 0.000000 0.007720 0.001267 0.008773 0.016107 0.001053 0.000373 0.101147 0.000000 0.006907
0.000000 0.000000 0.000000 0.001053 0.000000 0.000067 0.000200 0.000080 0.000107 0.001800 0.000000 0.000147 0.000000 0.000120 0.000000 0.000000 0.000000 0.000000 0.000000 0.000093 0.000120 0.000000 0.000000 0.001107 0.000000 0.000000 0.000000 0.001027 0.000680 0.000613 0.000000 0.000000 0.000093 0.000000 0.000960 0.001667 0.000000 0.018880 0.001240 0.000533 0.000907 0.004827 0.000000 0.022640 0.000133 0.002693 0.000667 0.004707 0.000147 0.001467 0.000000 0.000000 0.000267 0.002693 0.000800 0.004947 0.000080 0.039427 0.000560 0.000667 0.004587 0.016573 0.014400 0.016093 0.000160 0.000360 0.000080 0.000253
0.000093 0.000000 0.000000 0.014920 0.000000 0.001480 0.003387 0.002907 0.001987 0.027333 0.000000 0.001853 0.000000 0.002147 0.000000 0.000000 0.000000 0.000000 0.000000 0.002440 0.000000 0.000000 0.000000 0.001347 0.000000 0.000000 0.000067 0.012053 0.000947 0.000000 0.000000 0.000173 0.000067 0.000173 0.001160 0.000000 0.005627 0.210907 0.000907 0.115693 0.141040 0.206787 0.022640 0.000000 0.001627 0.117587 0.000440 0.038347 0.000173 0.000000 0.000333 0.000853 0.000720 0.127227 0.000547 0.000000 0.001093 0.015787 0.000000 0.004467 0.002440 0.165827 0.020733 0.000400 0.000213 0.002493 0.000000 0.008280
0.000000 0.000000 0.000000 0.000000 0.000000 0.000000 0.000000 0.000000 0.000000 0.000000 0.001600 0.000000 0.006747 0.000080 0.000000 0.000000 0.000093 0.000960 0.000200 0.000000 0.000000 0.000000 0.000000 0.000000 0.000253 0.002613 0.002067 0.000000 0.000200 0.000000 0.000867 0.000000 0.000000 0.000107 0.000293 0.000307 0.000160 0.000200 0.000440 0.000200 0.002027 0.005160 0.000133 0.001627 0.000000 0.000480 0.026213 0.015720 0.000000 0.000000 0.006680 0.142280 0.021493 0.000240 0.000387 0.000093 0.000520 0.000613 0.001507 0.086227 0.007867 0.000400 0.011693 0.005147 0.013973 0.005147 0.000000 0.044400
0.000000 0.000000 0.000000 0.002160 0.000000 0.000067 0.000147 0.000000 0.000000 0.001413 0.000000 0.000213 0.000000 0.000000 0.000000 0.000000 0.000000 0.000000 0.000000 0.000147 0.000000 0.000000 0.000000 0.000107 0.000000 0.000000 0.000000 0.000667 0.000000 0.000000 0.000000 0.000000 0.000000 0.000000 0.000000 0.000000 0.000000 0.051587 0.000373 0.028480 0.000080 0.013187 0.002693 0.117587 0.000480 0.000000 0.000200 0.005040 0.000000 0.000000 0.000000 0.000253 0.000120 0.036080 0.000000 0.000000 0.000000 0.001080 0.000000 0.000493 0.000200 0.005600 0.001933 0.000000 0.000000 0.001067 0.000000 0.000827
0.000000 0.000107 0.000000 0.000000 0.000000 0.000000 0.000000 0.000000 0.000000 0.000000 0.007560 0.000000 0.019013 0.000000 0.000000 0.000000 0.000000 0.002293 0.000667 0.000000 0.000000 0.000093 0.000000 0.000080 0.000773 0.010707 0.005627 0.000000 0.000253 0.000000 0.003747 0.000080 0.000000 0.000213 0.000000 0.004453 0.000000 0.000080 0.000387 0.000147 0.000080 0.002227 0.000667 0.000440 0.026213 0.000200 0.000000 0.005760 0.000093 0.000093 0.000000 0.000520 0.000307 0.000093 0.000000 0.001013 0.000120 0.002133 0.025547 0.004213 0.053733 0.000347 0.004893 0.000120 0.019960 0.002027 0.000000 0.009973
0.000227 0.000000 0.000067 0.000133 0.000000 0.000133 0.000280 0.000533 0.000573 0.001187 0.000147 0.000000 0.000293 0.001040 0.000000 0.000000 0.000000 0.000000 0.000000 0.000000 0.000000 0.000000 0.000000 0.000613 0.000000 0.000000 0.000173 0.000427 0.002347 0.000320 0.000000 0.000240 0.000173 0.000480 0.081280 0.000000 0.004893 0.004653 0.000120 0.003187 0.228773 0.282733 0.004707 0.038347 0.015720 0.005040 0.005760 0.000000 0.000000 0.000000 0.003853 0.005787 0.003560 0.002600 0.000133 0.000000 0.000840 0.004827 0.000000 0.016653 0.003733 0.009067 0.129333 0.052240 0.001120 0.058067 0.000000 0.018027
0.000000 0.000000 0.000000 0.000000 0.000000 0.000000 0.000000 0.000000 0.000000 0.000000 0.000000 0.000000 0.000000 0.000000 0.000000 0.000000 0.000000 0.000000 0.000000 0.000000 0.000000 0.000000 0.000000 0.000000 0.000000 0.000000 0.000000 0.000000 0.000000 0.000000 0.000000 0.000000 0.000000 0.000000 0.000000 0.000080 0.000000 0.000000 0.022480 0.005493 0.000000 0.000200 0.000147 0.000173 0.000000 0.000000 0.000093 0.000000 0.000000 0.000000 0.000000 0.000000 0.000067 0.000000 0.000000 0.000133 0.000000 0.002773 0.000000 0.000147 0.000613 0.000080 0.000000 0.000000 0.000000 0.001760 0.000000 0.000000
0.000000 0.000000 0.000787 0.000000 0.000000 0.000000 0.000320 0.000000 0.000000 0.000000 0.000000 0.000000 0.000000 0.000000 0.000000 0.015760 0.000000 0.000000 0.000000 0.000000 0.008147 0.000547 0.020787 0.000853 0.000000 0.000000 0.006640 0.001000 0.000520 0.002093 0.000000 0.000000 0.000107 0.000480 0.000000 0.000200 0.000200 0.000000 0.000000 0.000000 0.000000 0.000000 0.001467 0.000000 0.000000 0.000000 0.000093 0.000000 0.000000 0.000000 0.000133 0.000000 0.000253 0.000000 0.061387 0.058600 0.077747 0.012320 0.000000 0.000373 0.012240 0.009587 0.000480 0.004947 0.000000 0.000000 0.000000 0.000573
0.000000 0.000613 0.004080 0.000000 0.000000 0.000000 0.000200 0.000000 0.000000 0.000000 0.000000 0.000000 0.000000 0.000000 0.000000 0.000093 0.003360 0.000107 0.000853 0.000000 0.000000 0.000000 0.000773 0.000320 0.000000 0.004400 0.013720 0.000000 0.000000 0.000000 0.000000 0.000000 0.000000 0.000773 0.000200 0.003667 0.071600 0.000000 0.000000 0.000000 0.012667 0.000867 0.000000 0.000333 0.006680 0.000000 0.000000 0.003853 0.000000 0.000133 0.000000 0.009000 0.045467 0.000000 0.010693 0.000000 0.037373 0.001160 0.000000 0.030133 0.055987 0.002320 0.000787 0.031293 0.000000 0.000000 0.000000 0.006800
0.000000 0.000093 0.000067 0.000000 0.000000 0.000000 0.000000 0.000000 0.000000 0.000000 0.000747 0.000000 0.001067 0.000000 0.000000 0.000000 0.000320 0.000787 0.001053 0.000000 0.000000 0.000000 0.000000 0.000000 0.000000 0.004600 0.003600 0.000000 0.000000 0.000000 0.000360 0.000000 0.000000 0.000000 0.000293 0.000187 0.000493 0.000080 0.000080 0.000080 0.005093 0.001013 0.000000 0.000853 0.142280 0.000253 0.000520 0.005787 0.000000 0.000000 0.009000 0.000000 0.120853 0.000093 0.001547 0.000000 0.001813 0.000253 0.000680 0.104933 0.008227 0.000240 0.003813 0.014293 0.001053 0.000240 0.000000 0.016453
0.000000 0.000467 0.000413 0.000000 0.000000 0.000000 0.000120 0.000000 0.000000 0.000000 0.000067 0.000000 0.000187 0.000000 0.000000 0.000133 0.002213 0.000720 0.004440 0.000000 0.000067 0.000000 0.000360 0.000293 0.000000 0.011907 0.011880 0.000000 0.000213 0.000080 0.000080 0.000000 0.000000 0.000720 0.000320 0.002293 0.006160 0.000133 0.000120 0.000093 0.006827 0.000733 0.000267 0.000720 0.021493 0.000120 0.000307 0.003560 0.000067 0.000253 0.045467 0.120853 0.000000 0.000107 0.005013 0.000227 0.004840 0.002640 0.000200 0.156373 0.047867 0.001253 0.002133 0.027733 0.000413 0.000120 0.000000 0.034827
0.000000 0.000000 0.000000 0.003293 0.000000 0.000173 0.000253 0.000133 0.000067 0.002120 0.000000 0.000240 0.000000 0.000187 0.000000 0.000000 0.000000 0.000000 0.000000 0.000187 0.000000 0.000000 0.000000 0.000080 0.000000 0.000000 0.000000 0.001067 0.000080 0.000000 0.000000 0.000000 0.000000 0.000000 0.000000 0.000000 0.000000 0.095027 0.000000 0.005880 0.000000 0.006787 0.002693 0.127227 0.000240 0.036080 0.000093 0.002600 0.000000 0.000000 0.000000 0.000093 0.000107 0.000000 0.000000 0.000000 0.000000 0.000947 0.000000 0.000320 0.000133 0.008080 0.001093 0.000000 0.000000 0.000440 0.000000 0.000613
0.000000 0.000000 0.000173 0.000000 0.000000 0.000000 0.000480 0.000000 0.000000 0.000000 0.000000 0.000000 0.000000 0.000000 0.000000 0.006947 0.000173 0.000000 0.000107 0.000000 0.010840 0.000360 0.005880 0.001320 0.000000 0.000160 0.000747 0.002360 0.000973 0.005293 0.000000 0.000000 0.000547 0.000720 0.000067 0.000093 0.015413 0.000000 0.000000 0.000000 0.012400 0.000187 0.000800 0.000547 0.000387 0.000000 0.000000 0.000133 0.000000 0.061387 0.010693 0.001547 0.005013 0.000000 0.000000 0.005040 0.180613 0.002867 0.000000 0.004453 0.010533 0.044213 0.001160 0.046080 0.000000 0.000187 0.000093 0.023200
0.000000 0.000000 0.000360 0.000000 0.000000 0.000000 0.000000 0.000000 0.000000 0.000000 0.000000 0.000000 0.000000 0.000000 0.000000 0.006493 0.000000 0.000000 0.000000 0.000000 0.002587 0.000200 0.003520 0.000080 0.000000 0.000000 0.002667 0.000080 0.000000 0.000733 0.000000 0.000000 0.000000 0.000000 0.000000 0.005720 0.000000 0.000000 0.000427 0.000213 0.000000 0.000000 0.004947 0.000000 0.000093 0.000000 0.001013 0.000000 0.000133 0.058600 0.000000 0.000000 0.000227 0.000000 0.005040 0.000000 0.005760 0.024560 0.001067 0.000840 0.015027 0.001547 0.000720 0.005173 0.000173 0.000133 0.000000 0.000093
0.000000 0.000000 0.007453 0.000000 0.000000 0.000000 0.000267 0.000000 0.000000 0.000000 0.000000 0.000000 0.000000 0.000000 0.000000 0.023720 0.000573 0.000000 0.000147 0.000000 0.006613 0.000253 0.061547 0.000173 0.000000 0.000173 0.016813 0.000187 0.000000 0.000253 0.000000 0.000000 0.000000 0.000667 0.000067 0.000520 0.127093 0.000213 0.000000 0.000000 0.012707 0.000587 0.000080 0.001093 0.000520 0.000000 0.000120 0.000840 0.000000 0.077747 0.037373 0.001813 0.004840 0.000000 0.180613 0.005760 0.000000 0.007973 0.000000 0.016987 0.128493 0.043653 0.000480 0.045480 0.000187 0.000320 0.000000 0.010200
0.000307 0.000067 0.000560 0.000760 0.000000 0.000147 0.001733 0.000347 0.001987 0.001920 0.000000 0.000120 0.000067 0.000707 0.000000 0.000280 0.000307 0.000000 0.000267 0.000107 0.000440 0.000120 0.000387 0.003160 0.000000 0.000600 0.002133 0.002520 0.004453 0.002013 0.000000 0.000067 0.000480 0.000733 0.000827 0.004773 0.002573 0.046960 0.001507 0.002253 0.008547 0.008840 0.039427 0.015787 0.000613 0.001080 0.002133 0.004827 0.002773 0.012320 0.001160 0.000253 0.002640 0.000947 0.002867 0.024560 0.007973 0.000000 0.001080 0.006040 0.049787 0.123427 0.011853 0.012787 0.000747 0.001067 0.000147 0.001520
0.000000 0.000000 0.000000 0.000000 0.000000 0.000000 0.000000 0.000000 0.000000 0.000000 0.000133 0.000000 0.000227 0.000000 0.000000 0.000000 0.000000 0.000413 0.000320 0.000000 0.000000 0.000000 0.000000 0.000000 0.000093 0.001693 0.000613 0.000000 0.000093 0.000000 0.000120 0.000000 0.000000 0.000107 0.000000 0.014640 0.000000 0.000000 0.000080 0.000067 0.000000 0.000000 0.000560 0.000000 0.001507 0.000000 0.025547 0.000000 0.000000 0.000000 0.000000 0.000680 0.000200 0.000000 0.000000 0.001067 0.000000 0.001080 0.000000 0.009040 0.022120 0.000000 0.000000 0.000000 0.004613 0.000000 0.000000 0.000093
0.000000 0.000493 0.000813 0.000000 0.000000 0.000000 0.000133 0.000000 0.000080 0.000080 0.002573 0.000000 0.004667 0.000173 0.000000 0.000213 0.003493 0.004693 0.010333 0.000000 0.000133 0.000107 0.000520 0.000587 0.000533 0.028480 0.034853 0.000080 0.000640 0.000160 0.001347 0.000080 0.000000 0.001427 0.000840 0.001840 0.113547 0.000253 0.000467 0.000373 0.017267 0.007720 0.000667 0.004467 0.086227 0.000493 0.004213 0.016653 0.000147 0.000373 0.030133 0.104933 0.156373 0.000320 0.004453 0.000840 0.016987 0.006040 0.009040 0.000000 0.089507 0.001440 0.005613 0.015027 0.010480 0.000573 0.000000 0.014800
0.000000 0.001173 0.018520 0.000000 0.000000 0.000000 0.000253 0.000000 0.000000 0.000000 0.002160 0.000000 0.003680 0.000093 0.000000 0.003747 0.007253 0.003267 0.009213 0.000000 0.000480 0.000960 0.014907 0.000627 0.000307 0.027413 0.063947 0.000160 0.000693 0.000187 0.001187 0.000000 0.000000 0.002440 0.000333 0.045907 0.032787 0.001240 0.001627 0.000773 0.004187 0.001267 0.004587 0.002440 0.007867 0.000200 0.053733 0.003733 0.000613 0.012240 0.055987 0.008227 0.047867 0.000133 0.010533 0.015027 0.128493 0.049787 0.022120 0.089507 0.000000 0.022667 0.003653 0.002693 0.012867 0.001067 0.000000 0.015800
0.000187 0.000000 0.000427 0.004427 0.000000 0.000280 0.002107 0.000533 0.000800 0.004627 0.000000 0.000680 0.000000 0.000333 0.000000 0.000440 0.000133 0.000000 0.000000 0.000493 0.001493 0.000227 0.000440 0.002387 0.000000 0.000213 0.000720 0.005493 0.004107 0.002867 0.000000 0.000080 0.000480 0.000787 0.001453 0.000320 0.010080 0.127240 0.000000 0.001280 0.245827 0.008773 0.016573 0.165827 0.000400 0.005600 0.000347 0.009067 0.000080 0.009587 0.002320 0.000240 0.001253 0.008080 0.044213 0.001547 0.043653 0.123427 0.000000 0.001440 0.022667 0.000000 0.021613 0.080640 0.000213 0.000293 0.000773 0.004413
0.000320 0.000000 0.000000 0.000107 0.000000 0.000000 0.001107 0.000307 0.001507 0.000347 0.000147 0.000000 0.000253 0.000400 0.000000 0.000427 0.000000 0.000000 0.000000 0.000000 0.001280 0.000227 0.000120 0.003587 0.000000 0.000080 0.000120 0.003560 0.005373 0.002320 0.000000 0.000200 0.000720 0.000973 0.085600 0.000000 0.000280 0.003947 0.000000 0.000840 0.004440 0.016107 0.014400 0.020733 0.011693 0.001933 0.004893 0.129333 0.000000 0.000480 0.000787 0.003813 0.002133 0.001093 0.001160 0.000720 0.000480 0.011853 0.000000 0.005613 0.003653 0.021613 0.000000 0.055360 0.000453 0.008760 0.045947 0.050373
0.000173 0.000000 0.000000 0.000000 0.000000 0.000000 0.000987 0.000000 0.001107 0.000000 0.000000 0.000000 0.000000 0.000227 0.000000 0.002960 0.000147 0.000067 0.000080 0.000000 0.008933 0.001320 0.001133 0.004307 0.000000 0.000227 0.000187 0.006600 0.006147 0.007240 0.000000 0.000120 0.001267 0.001293 0.022573 0.000000 0.000360 0.000120 0.000000 0.000000 0.123813 0.001053 0.016093 0.000400 0.005147 0.000000 0.000120 0.052240 0.000000 0.004947 0.031293 0.014293 0.027733 0.000000 0.046080 0.005173 0.045480 0.012787 0.000000 0.015027 0.002693 0.080640 0.055360 0.000000 0.000093 0.000120 0.000347 0.008253
0.000000 0.000067 0.000000 0.000000 0.000000 0.000000 0.000000 0.000000 0.000000 0.000000 0.001133 0.000000 0.001893 0.000000 0.000000 0.000000 0.000000 0.000960 0.000293 0.000000 0.000000 0.000000 0.000000 0.000000 0.000307 0.002813 0.001987 0.000000 0.000000 0.000000 0.000493 0.000000 0.000000 0.000067 0.000000 0.000107 0.000067 0.000000 0.000000 0.000080 0.000000 0.000373 0.000160 0.000213 0.013973 0.000000 0.019960 0.001120 0.000000 0.000000 0.000000 0.001053 0.000413 0.000000 0.000000 0.000173 0.000187 0.000747 0.004613 0.010480 0.012867 0.000213 0.000453 0.000093 0.000000 0.000080 0.000000 0.000800
