0.000000 0.000000 91.415025 95.190067 0.000000 85.226282 26.188994 49.619134 60.958329 96.887922 104.067956 123.332101 104.975085 25.154445 0.000000 0.000000 101.620625 130.139417 122.231894 87.118381 78.424522 63.037688 81.963022 90.459600 0.000000 127.347110 144.968289 82.799017 26.960331 33.492445 0.000000 82.685661 0.000000 65.805663 0.000000 0.000000 0.000000 0.000000 0.000000 0.000000 155.789661 0.000000 0.000000 0.000000 0.000000 0.000000 0.000000 0.000000 0.000000 0.000000 0.000000 0.000000 0.000000 0.000000 148.751048 0.000000 0.000000 147.893526 0.000000 0.000000 0.000000 154.823917 0.000000 149.992620 0.000000 0.000000 0.000000 0.000000
0.000000 0.000000 0.000000 0.000000 0.000000 0.000000 0.000000 0.000000 64.549543 0.000000 54.710910 0.000000 44.369381 0.000000 0.000000 0.000000 0.000000 0.000000 0.000000 0.000000 0.000000 22.767631 0.000000 69.636928 28.913945 38.275090 33.116467 0.000000 0.000000 0.000000 0.000000 152.723981 0.000000 67.474852 0.000000 29.154049 79.457638 0.000000 0.000000 0.000000 0.000000 0.000000 0.000000 0.000000 0.000000 0.000000 0.000000 0.000000 0.000000 0.000000 93.654505 0.000000 0.000000 0.000000 0.000000 0.000000 0.000000 0.000000 0.000000 81.102946 69.086772 0.000000 0.000000 0.000000 0.000000 0.000000 0.000000 0.000000
91.415025 0.000000 0.000000 112.211440 0.000000 124.274240 93.322315 111.655793 0.000000 113.493142 131.264873 0.000000 0.000000 106.363652 0.000000 0.000000 50.545041 83.942824 72.544440 135.316677 68.697838 0.000000 37.515296 102.735191 0.000000 46.718734 38.611524 100.468145 101.237651 75.062902 0.000000 0.000000 0.000000 55.375327 0.000000 52.723041 104.851129 0.000000 0.000000 0.000000 0.000000 0.000000 0.000000 0.000000 0.000000 0.000000 0.000000 0.000000 0.000000 0.000000 113.806477 128.911341 113.753093 0.000000 0.000000 0.000000 117.183692 0.000000 0.000000 106.162050 99.333628 0.000000 0.000000 159.231089 0.000000 0.000000 0.000000 0.000000
95.190067 0.000000 112.211440 0.000000 0.000000 59.902625 52.488845 89.672778 48.056517 30.327133 164.606638 44.826343 140.200196 112.206361 77.380031 0.000000 162.482123 0.000000 0.000000 17.881326 96.451177 0.000000 0.000000 25.354340 0.000000 143.331778 101.346855 24.283388 99.831923 97.787649 0.000000 129.694982 77.860925 105.118521 0.000000 0.000000 0.000000 82.532574 0.000000 143.035422 137.202875 146.417419 109.349084 138.109761 0.000000 66.278779 0.000000 147.786439 0.000000 0.000000 0.000000 0.000000 0.000000 71.141058 0.000000 0.000000 0.000000 126.100671 0.000000 0.000000 0.000000 145.700029 0.000000 0.000000 0.000000 0.000000 0.000000 0.000000
0.000000 0.000000 0.000000 0.000000 0.000000 16.441273 0.000000 95.830347 0.000000 0.000000 0.000000 0.000000 0.000000 0.000000 16.762857 0.000000 0.000000 0.000000 0.000000 0.000000 0.000000 0.000000 0.000000 0.000000 0.000000 0.000000 191.776016 0.000000 21.334777 0.000000 0.000000 9.231291 0.000000 7.561953 0.000000 0.000000 0.000000 0.000000 0.000000 0.000000 0.000000 0.000000 0.000000 0.000000 0.000000 0.000000 0.000000 0.000000 0.000000 0.000000 0.000000 0.000000 0.000000 0.000000 0.000000 0.000000 0.000000 0.000000 0.000000 0.000000 0.000000 0.000000 0.000000 0.000000 0.000000 0.000000 0.000000 0.000000
85.226282 0.000000 124.274240 59.902625 16.441273 0.000000 45.895240 29.323885 63.058014 27.750515 120.190585 29.450311 145.821443 62.869010 15.395518 0.000000 0.000000 142.621340 0.000000 37.095293 102.049074 108.148402 122.726517 84.132783 0.000000 155.799567 167.836191 61.962144 77.034033 88.574485 0.000000 40.836635 0.000000 79.118702 0.000000 0.000000 0.000000 132.552716 0.000000 0.000000 152.923278 156.190615 0.000000 159.199413 0.000000 164.230714 0.000000 170.141078 0.000000 0.000000 0.000000 0.000000 0.000000 157.376526 0.000000 0.000000 0.000000 135.893227 0.000000 0.000000 0.000000 159.693507 0.000000 0.000000 0.000000 0.000000 0.000000 0.000000
26.188994 0.000000 93.322315 52.488845 0.000000 45.895240 0.000000 58.168268 55.888001 33.627184 132.806702 66.411274 140.385664 41.351126 0.000000 0.000000 101.269652 147.965369 124.529200 58.818857 68.558700 62.148157 81.328384 59.036290 0.000000 135.576894 119.110532 43.182689 76.525382 24.822610 0.000000 113.475158 68.616673 80.359677 0.000000 0.000000 174.547528 129.539102 0.000000 0.000000 139.372253 141.566480 0.000000 149.932376 0.000000 166.591956 0.000000 174.624939 0.000000 0.000000 0.000000 0.000000 0.000000 151.592335 163.197739 0.000000 0.000000 124.161116 0.000000 0.000000 162.665640 146.968523 0.000000 159.502738 0.000000 0.000000 0.000000 0.000000
49.619134 0.000000 111.655793 89.672778 95.830347 29.323885 58.168268 0.000000 72.961241 51.798099 100.672756 79.095163 101.279151 23.869617 84.790386 0.000000 121.387385 147.078225 140.436015 85.285278 94.773052 83.588090 104.616858 90.517027 0.000000 146.548446 141.689212 89.352494 35.978489 67.459614 0.000000 31.053312 0.000000 51.465054 0.000000 0.000000 182.538036 157.083534 0.000000 197.275903 159.195428 162.090916 107.782106 161.415826 0.000000 0.000000 0.000000 176.673145 0.000000 0.000000 0.000000 0.000000 0.000000 161.793442 167.794086 0.000000 209.108514 140.660075 0.000000 0.000000 0.000000 159.700269 180.868036 162.546551 0.000000 0.000000 0.000000 0.000000
60.958329 64.549543 0.000000 48.056517 0.000000 63.058014 55.888001 72.961241 0.000000 67.210418 121.588768 43.081897 116.057253 83.387443 44.086823 0.000000 0.000000 0.000000 0.000000 51.850461 0.000000 39.146136 0.000000 27.522924 110.764240 142.790982 114.661856 64.600539 77.527472 58.590867 0.000000 106.283216 0.000000 114.114774 0.000000 0.000000 0.000000 72.838063 0.000000 0.000000 87.220537 0.000000 0.000000 101.125151 0.000000 0.000000 163.124039 0.000000 0.000000 0.000000 0.000000 0.000000 0.000000 0.000000 89.595503 0.000000 0.000000 71.508960 0.000000 0.000000 0.000000 91.983425 0.000000 89.602703 0.000000 0.000000 0.000000 0.000000
96.887922 0.000000 113.493142 30.327133 0.000000 27.750515 33.627184 51.798099 67.210418 0.000000 138.067904 18.668212 146.450179 56.087977 83.495114 0.000000 137.883937 158.302311 161.330499 19.699966 91.090323 0.000000 95.870680 64.513848 0.000000 151.609271 147.864579 37.627997 99.236159 72.719930 0.000000 116.904392 91.188087 94.381971 0.000000 0.000000 0.000000 120.055243 0.000000 161.907764 150.757690 153.520860 102.786206 161.163911 0.000000 173.467017 0.000000 187.421311 0.000000 0.000000 0.000000 0.000000 0.000000 160.226166 0.000000 0.000000 0.000000 130.988117 0.000000 0.000000 0.000000 157.041832 173.896078 150.882431 0.000000 0.000000 0.000000 0.000000
104.067956 54.710910 131.264873 164.606638 0.000000 120.190585 132.806702 100.672756 121.588768 138.067904 0.000000 142.988507 30.668351 86.251474 0.000000 0.000000 48.380304 21.685183 24.229018 144.497175 81.279782 86.925108 81.756222 137.244749 29.514360 27.677505 55.842447 136.419091 62.248947 105.169738 35.520518 53.533719 0.000000 21.739939 0.000000 0.000000 0.000000 0.000000 0.000000 0.000000 204.569637 0.000000 0.000000 0.000000 0.000000 0.000000 85.132278 0.000000 0.000000 0.000000 0.000000 0.000000 0.000000 0.000000 0.000000 0.000000 0.000000 213.808258 0.000000 104.221232 94.483104 214.383224 0.000000 0.000000 0.000000 0.000000 0.000000 0.000000
123.332101 0.000000 0.000000 44.826343 0.000000 29.450311 66.411274 79.095163 43.081897 18.668212 142.988507 0.000000 155.153345 102.421089 0.000000 0.000000 0.000000 0.000000 0.000000 13.215936 0.000000 0.000000 0.000000 11.605943 0.000000 0.000000 181.300244 58.841730 111.716448 0.000000 0.000000 115.195841 0.000000 105.947947 0.000000 0.000000 0.000000 83.050377 0.000000 62.771534 159.886578 154.079998 0.000000 131.519939 0.000000 28.542548 0.000000 0.000000 0.000000 0.000000 0.000000 0.000000 0.000000 162.443244 0.000000 0.000000 0.000000 152.797147 0.000000 0.000000 0.000000 161.114054 0.000000 0.000000 0.000000 0.000000 0.000000 0.000000
104.975085 44.369381 0.000000 140.200196 0.000000 145.821443 140.385664 101.279151 116.057253 146.450179 30.668351 155.153345 0.000000 95.945616 147.736620 0.000000 104.952673 49.462115 64.053582 145.462385 0.000000 73.776970 131.760591 123.586915 21.582635 36.091795 30.573614 171.706045 65.021125 131.595366 10.849565 72.057949 0.000000 40.521719 0.000000 61.359986 0.000000 0.000000 0.000000 0.000000 0.000000 0.000000 0.000000 0.000000 79.107091 0.000000 83.285514 0.000000 0.000000 0.000000 0.000000 94.454961 100.451833 0.000000 0.000000 132.845944 0.000000 0.000000 33.785417 89.813064 88.774221 220.782263 0.000000 0.000000 89.748818 0.000000 0.000000 0.000000
25.154445 0.000000 106.363652 112.206361 0.000000 62.869010 41.351126 23.869617 83.387443 56.087977 86.251474 102.421089 95.945616 0.000000 0.000000 0.000000 116.583554 143.902863 139.130546 102.003932 92.933890 83.145745 100.964257 105.044432 0.000000 143.536203 142.225825 101.327747 34.825598 60.635927 131.251681 28.375384 70.706421 47.401726 0.000000 0.000000 0.000000 182.923340 0.000000 0.000000 171.703243 0.000000 0.000000 179.615259 0.000000 0.000000 0.000000 189.653162 0.000000 0.000000 0.000000 0.000000 0.000000 189.743946 172.866010 0.000000 188.538141 159.486201 0.000000 0.000000 188.040792 175.464620 0.000000 175.666215 0.000000 0.000000 0.000000 0.000000
0.000000 0.000000 0.000000 77.380031 16.762857 15.395518 0.000000 84.790386 44.086823 83.495114 0.000000 0.000000 147.736620 0.000000 0.000000 0.000000 0.000000 0.000000 0.000000 0.000000 0.000000 81.318701 0.000000 0.000000 0.000000 0.000000 144.362102 0.000000 0.000000 0.000000 0.000000 35.721379 0.000000 0.000000 0.000000 0.000000 0.000000 0.000000 0.000000 0.000000 0.000000 0.000000 0.000000 0.000000 0.000000 0.000000 0.000000 0.000000 0.000000 0.000000 0.000000 0.000000 0.000000 0.000000 0.000000 0.000000 0.000000 0.000000 0.000000 0.000000 0.000000 0.000000 0.000000 0.000000 0.000000 0.000000 0.000000 0.000000
0.000000 0.000000 0.000000 0.000000 0.000000 0.000000 0.000000 0.000000 0.000000 0.000000 0.000000 0.000000 0.000000 0.000000 0.000000 0.000000 0.000000 0.000000 0.000000 0.000000 27.190694 47.357075 40.293682 41.527451 0.000000 117.272903 43.614778 40.056044 95.288653 75.763140 0.000000 0.000000 0.000000 0.000000 0.000000 0.000000 125.779583 0.000000 0.000000 0.000000 160.416550 0.000000 0.000000 0.000000 0.000000 0.000000 0.000000 0.000000 0.000000 127.874945 0.000000 0.000000 0.000000 0.000000 135.696092 0.000000 132.417536 83.660820 0.000000 0.000000 114.091940 145.413956 0.000000 144.784581 0.000000 0.000000 0.000000 0.000000
101.620625 0.000000 50.545041 162.482123 0.000000 0.000000 101.269652 121.387385 0.000000 137.883937 48.380304 0.000000 104.952673 116.583554 0.000000 0.000000 0.000000 58.202888 27.632809 0.000000 70.143584 0.000000 41.539992 137.789361 0.000000 42.268772 72.812002 124.164492 99.475660 80.669219 79.221819 159.516043 92.327844 27.695865 0.000000 0.000000 113.434279 0.000000 0.000000 0.000000 0.000000 0.000000 0.000000 0.000000 0.000000 0.000000 0.000000 0.000000 0.000000 0.000000 119.646282 0.000000 0.000000 0.000000 0.000000 0.000000 0.000000 0.000000 0.000000 111.003353 109.922737 0.000000 0.000000 0.000000 0.000000 0.000000 0.000000 0.000000
130.139417 0.000000 83.942824 0.000000 0.000000 142.621340 147.965369 147.078225 0.000000 158.302311 21.685183 0.000000 49.462115 143.902863 0.000000 0.000000 58.202888 0.000000 24.011240 0.000000 116.005378 0.000000 93.321203 0.000000 0.000000 30.601301 59.656269 159.236010 123.800624 121.438073 49.803918 114.799527 127.963271 55.988367 0.000000 0.000000 0.000000 0.000000 0.000000 0.000000 0.000000 0.000000 0.000000 0.000000 96.273396 0.000000 92.317412 0.000000 0.000000 0.000000 0.000000 0.000000 116.205825 0.000000 0.000000 0.000000 0.000000 0.000000 0.000000 98.676995 103.066515 0.000000 0.000000 0.000000 0.000000 0.000000 0.000000 0.000000
122.231894 0.000000 72.544440 0.000000 0.000000 0.000000 124.529200 140.436015 0.000000 161.330499 24.229018 0.000000 64.053582 139.130546 0.000000 0.000000 27.632809 24.011240 0.000000 0.000000 96.740572 0.000000 78.047519 0.000000 51.419590 35.129907 65.828950 153.385178 124.051576 106.998621 63.137592 0.000000 105.530353 46.757700 0.000000 0.000000 0.000000 0.000000 0.000000 0.000000 0.000000 0.000000 0.000000 0.000000 0.000000 0.000000 106.106888 0.000000 0.000000 0.000000 0.000000 109.844922 113.973284 0.000000 0.000000 0.000000 0.000000 0.000000 0.000000 103.558327 101.562809 0.000000 0.000000 0.000000 0.000000 0.000000 0.000000 0.000000
87.118381 0.000000 135.316677 17.881326 0.000000 37.095293 58.818857 85.285278 51.850461 19.699966 144.497175 13.215936 145.462385 102.003932 0.000000 0.000000 0.000000 0.000000 0.000000 0.000000 0.000000 0.000000 0.000000 27.821344 0.000000 0.000000 194.747794 34.138509 107.567919 94.758050 0.000000 116.141463 93.133748 99.561374 0.000000 0.000000 0.000000 68.547207 0.000000 0.000000 143.601281 143.198050 0.000000 154.579911 0.000000 144.548743 0.000000 166.692569 0.000000 0.000000 0.000000 0.000000 0.000000 156.299572 0.000000 0.000000 0.000000 133.128710 0.000000 0.000000 0.000000 153.877979 0.000000 0.000000 0.000000 0.000000 0.000000 0.000000
78.424522 0.000000 68.697838 96.451177 0.000000 102.049074 68.558700 94.773052 0.000000 91.090323 81.279782 0.000000 0.000000 92.933890 0.000000 27.190694 70.143584 116.005378 96.740572 0.000000 0.000000 64.484284 38.444094 13.768698 0.000000 111.101542 76.502753 19.489719 83.523882 35.673621 0.000000 0.000000 22.207485 36.709614 0.000000 0.000000 0.000000 0.000000 0.000000 0.000000 162.100889 0.000000 0.000000 0.000000 0.000000 0.000000 0.000000 0.000000 0.000000 114.659399 0.000000 0.000000 0.000000 0.000000 147.328770 0.000000 148.181086 157.422675 0.000000 170.947947 141.826606 158.469430 142.156384 150.197632 0.000000 0.000000 0.000000 0.000000
63.037688 22.767631 0.000000 0.000000 0.000000 108.148402 62.148157 83.588090 39.146136 0.000000 86.925108 0.000000 73.776970 83.145745 81.318701 47.357075 0.000000 0.000000 0.000000 0.000000 64.484284 0.000000 56.571180 37.502975 64.179502 0.000000 49.604615 57.570420 71.127894 57.296869 95.131248 118.589233 0.000000 115.516945 0.000000 0.000000 64.805833 0.000000 0.000000 0.000000 97.534234 0.000000 0.000000 0.000000 0.000000 0.000000 0.000000 0.000000 0.000000 69.339138 0.000000 0.000000 0.000000 0.000000 87.117164 0.000000 80.836584 96.434039 0.000000 0.000000 56.154417 98.965288 0.000000 88.982890 0.000000 0.000000 0.000000 0.000000
81.963022 0.000000 37.515296 0.000000 0.000000 122.726517 81.328384 104.616858 0.000000 95.870680 81.756222 0.000000 131.760591 100.964257 0.000000 40.293682 41.539992 93.321203 78.047519 0.000000 38.444094 56.571180 0.000000 65.872221 0.000000 80.379102 44.336107 58.744612 82.585919 60.102798 0.000000 0.000000 0.000000 39.048077 0.000000 0.000000 118.152995 0.000000 0.000000 0.000000 165.154072 0.000000 0.000000 0.000000 0.000000 0.000000 0.000000 0.000000 0.000000 124.016216 131.924118 0.000000 0.000000 0.000000 144.769815 99.515109 136.179950 0.000000 0.000000 147.346863 114.945094 176.821963 0.000000 152.044230 0.000000 0.000000 0.000000 122.423209
90.459600 69.636928 102.735191 25.354340 0.000000 84.132783 59.036290 90.517027 27.522924 64.513848 137.244749 11.605943 123.586915 105.044432 0.000000 41.527451 137.789361 0.000000 0.000000 27.821344 13.768698 37.502975 65.872221 0.000000 114.855900 133.591615 90.992635 18.113240 98.543763 79.225383 135.991453 127.596648 79.532267 116.725231 0.000000 0.000000 157.829741 119.495289 0.000000 0.000000 139.303109 127.075543 0.000000 134.793753 0.000000 0.000000 0.000000 148.254868 0.000000 117.471208 0.000000 0.000000 0.000000 137.217330 137.694639 0.000000 150.322504 125.508315 0.000000 173.932240 161.669600 139.626777 145.664139 141.815802 0.000000 0.000000 0.000000 0.000000
0.000000 28.913945 0.000000 0.000000 0.000000 0.000000 0.000000 0.000000 110.764240 0.000000 29.514360 0.000000 21.582635 0.000000 0.000000 0.000000 0.000000 0.000000 51.419590 0.000000 0.000000 64.179502 0.000000 114.855900 0.000000 55.681108 25.357239 0.000000 0.000000 0.000000 0.000000 0.000000 0.000000 50.923421 0.000000 0.000000 0.000000 0.000000 0.000000 0.000000 0.000000 0.000000 0.000000 0.000000 77.044261 0.000000 0.000000 0.000000 0.000000 0.000000 0.000000 0.000000 0.000000 0.000000 0.000000 0.000000 0.000000 0.000000 0.000000 87.200108 83.575722 0.000000 0.000000 0.000000 0.000000 0.000000 0.000000 0.000000
127.347110 38.275090 46.718734 143.331778 0.000000 155.799567 135.576894 146.548446 142.790982 151.609271 27.677505 0.000000 36.091795 143.536203 0.000000 117.272903 42.268772 30.601301 35.129907 0.000000 111.101542 0.000000 80.379102 133.591615 55.681108 0.000000 39.010966 145.179622 130.032204 123.593980 29.246731 138.010996 0.000000 56.061179 0.000000 46.892148 99.922379 0.000000 0.000000 0.000000 0.000000 0.000000 0.000000 0.000000 101.714600 0.000000 96.503726 0.000000 0.000000 0.000000 106.908196 106.856696 106.221036 0.000000 0.000000 0.000000 0.000000 0.000000 0.000000 96.819337 92.818476 0.000000 0.000000 0.000000 0.000000 0.000000 0.000000 113.938816
144.968289 33.116467 38.611524 101.346855 191.776016 167.836191 119.110532 141.689212 114.661856 147.864579 55.842447 181.300244 30.573614 142.225825 144.362102 43.614778 72.812002 59.656269 65.828950 194.747794 76.502753 49.604615 44.336107 90.992635 25.357239 39.010966 0.000000 78.065331 135.983306 131.834064 36.253284 174.006423 134.825562 68.921126 0.000000 48.306782 104.557901 0.000000 0.000000 0.000000 0.000000 0.000000 0.000000 0.000000 105.509941 0.000000 100.643688 0.000000 0.000000 91.978961 116.075338 116.961890 113.881209 0.000000 141.349296 82.883133 122.597518 183.977451 92.374849 103.279838 97.859168 0.000000 132.273572 161.965605 108.803624 0.000000 0.000000 114.688148
82.799017 0.000000 100.468145 24.283388 0.000000 61.962144 43.182689 89.352494 64.600539 37.627997 136.419091 58.841730 171.706045 101.327747 0.000000 40.056044 124.164492 159.236010 153.385178 34.138509 19.489719 57.570420 58.744612 18.113240 0.000000 145.179622 78.065331 0.000000 99.736459 58.199186 0.000000 135.408313 79.386523 81.240584 0.000000 0.000000 0.000000 65.131084 0.000000 175.951311 148.490251 158.181428 82.989923 155.291814 0.000000 167.533307 0.000000 171.974660 0.000000 69.261931 0.000000 0.000000 0.000000 154.504664 143.275827 0.000000 149.676465 136.335003 0.000000 183.839047 170.085986 154.761034 150.138951 147.073320 0.000000 0.000000 0.000000 0.000000
26.960331 0.000000 101.237651 99.831923 21.334777 77.034033 76.525382 35.978489 77.527472 99.236159 62.248947 111.716448 65.021125 34.825598 0.000000 95.288653 99.475660 123.800624 124.051576 107.567919 83.523882 71.127894 82.585919 98.543763 0.000000 130.032204 135.983306 99.736459 0.000000 39.441486 101.292274 15.668692 19.358794 30.626533 0.000000 0.000000 0.000000 153.410555 0.000000 0.000000 170.321933 187.105588 0.000000 188.929571 0.000000 0.000000 0.000000 174.848314 0.000000 0.000000 0.000000 0.000000 0.000000 0.000000 158.475682 0.000000 190.353671 163.303047 0.000000 190.745523 178.956346 174.545318 0.000000 160.516413 0.000000 0.000000 0.000000 0.000000
33.492445 0.000000 75.062902 97.787649 0.000000 88.574485 24.822610 67.459614 58.590867 72.719930 105.169738 0.000000 131.595366 60.635927 0.000000 75.763140 80.669219 121.438073 106.998621 94.758050 35.673621 57.296869 60.102798 79.225383 0.000000 123.593980 131.834064 58.199186 39.441486 0.000000 0.000000 113.702645 42.972740 39.914624 0.000000 0.000000 0.000000 0.000000 0.000000 0.000000 151.679984 0.000000 0.000000 0.000000 0.000000 0.000000 0.000000 0.000000 0.000000 0.000000 0.000000 0.000000 0.000000 0.000000 140.262386 0.000000 155.826664 145.361775 0.000000 0.000000 0.000000 153.661770 148.867800 144.282490 0.000000 0.000000 0.000000 0.000000
0.000000 0.000000 0.000000 0.000000 0.000000 0.000000 0.000000 0.000000 0.000000 0.000000 35.520518 0.000000 10.849565 131.251681 0.000000 0.000000 79.221819 49.803918 63.137592 0.000000 0.000000 95.131248 0.000000 135.991453 0.000000 29.246731 36.253284 0.000000 101.292274 0.000000 0.000000 0.000000 0.000000 73.457672 0.000000 0.000000 0.000000 0.000000 0.000000 0.000000 0.000000 0.000000 0.000000 0.000000 0.000000 0.000000 96.495745 0.000000 0.000000 0.000000 0.000000 0.000000 0.000000 0.000000 0.000000 0.000000 0.000000 0.000000 0.000000 105.019822 101.476192 0.000000 0.000000 0.000000 0.000000 0.000000 0.000000 0.000000
82.685661 152.723981 0.000000 129.694982 9.231291 40.836635 113.475158 31.053312 106.283216 116.904392 53.533719 115.195841 72.057949 28.375384 35.721379 0.000000 159.516043 114.799527 0.000000 116.141463 0.000000 118.589233 0.000000 127.596648 0.000000 138.010996 174.006423 135.408313 15.668692 113.702645 0.000000 0.000000 0.000000 13.370334 0.000000 0.000000 0.000000 191.105014 0.000000 0.000000 196.513954 0.000000 0.000000 200.029028 0.000000 0.000000 0.000000 0.000000 0.000000 0.000000 0.000000 0.000000 0.000000 0.000000 185.020807 0.000000 0.000000 187.250152 0.000000 0.000000 0.000000 201.186071 0.000000 193.159058 0.000000 0.000000 0.000000 0.000000
0.000000 0.000000 0.000000 77.860925 0.000000 0.000000 68.616673 0.000000 0.000000 91.188087 0.000000 0.000000 0.000000 70.706421 0.000000 0.000000 92.327844 127.963271 105.530353 93.133748 22.207485 0.000000 0.000000 79.532267 0.000000 0.000000 134.825562 79.386523 19.358794 42.972740 0.000000 0.000000 0.000000 25.357162 0.000000 0.000000 0.000000 0.000000 0.000000 0.000000 0.000000 0.000000 0.000000 0.000000 0.000000 0.000000 0.000000 0.000000 0.000000 0.000000 0.000000 0.000000 0.000000 0.000000 0.000000 0.000000 0.000000 145.191536 0.000000 0.000000 0.000000 0.000000 0.000000 0.000000 0.000000 0.000000 0.000000 0.000000
65.805663 67.474852 55.375327 105.118521 7.561953 79.118702 80.359677 51.465054 114.114774 94.381971 21.739939 105.947947 40.521719 47.401726 0.000000 0.000000 27.695865 55.988367 46.757700 99.561374 36.709614 115.516945 39.048077 116.725231 50.923421 56.061179 68.921126 81.240584 30.626533 39.914624 73.457672 13.370334 25.357162 0.000000 0.000000 0.000000 0.000000 0.000000 0.000000 0.000000 172.376947 0.000000 0.000000 184.595541 0.000000 0.000000 0.000000 0.000000 0.000000 0.000000 0.000000 0.000000 0.000000 0.000000 0.000000 0.000000 0.000000 160.710271 0.000000 117.973779 116.975044 173.380300 0.000000 167.889806 0.000000 0.000000 0.000000 0.000000
0.000000 0.000000 0.000000 0.000000 0.000000 0.000000 0.000000 0.000000 0.000000 0.000000 0.000000 0.000000 0.000000 0.000000 0.000000 0.000000 0.000000 0.000000 0.000000 0.000000 0.000000 0.000000 0.000000 0.000000 0.000000 0.000000 0.000000 0.000000 0.000000 0.000000 0.000000 0.000000 0.000000 0.000000 0.000000 0.000000 100.874038 97.406969 0.000000 0.000000 19.119810 51.766535 0.000000 88.299558 99.031228 0.000000 0.000000 16.365634 0.000000 0.000000 100.014262 116.351725 104.270615 87.794207 0.000000 0.000000 99.381928 88.670632 0.000000 111.923686 0.000000 89.899363 19.008382 13.217952 0.000000 0.000000 31.931408 49.855646
0.000000 29.154049 52.723041 0.000000 0.000000 0.000000 0.000000 0.000000 0.000000 0.000000 0.000000 0.000000 61.359986 0.000000 0.000000 0.000000 0.000000 0.000000 0.000000 0.000000 0.000000 0.000000 0.000000 0.000000 0.000000 46.892148 48.306782 0.000000 0.000000 0.000000 0.000000 0.000000 0.000000 0.000000 0.000000 0.000000 49.680802 0.000000 0.000000 0.000000 0.000000 0.000000 0.000000 0.000000 50.330184 0.000000 47.272510 0.000000 0.000000 0.000000 67.119814 71.634403 67.995745 0.000000 0.000000 15.972645 0.000000 81.297596 25.667479 57.808271 37.756336 0.000000 0.000000 0.000000 0.000000 0.000000 0.000000 65.006765
0.000000 79.457638 104.851129 0.000000 0.000000 0.000000 174.547528 182.538036 0.000000 0.000000 0.000000 0.000000 0.000000 0.000000 0.000000 125.779583 113.434279 0.000000 0.000000 0.000000 0.000000 64.805833 118.152995 157.829741 0.000000 99.922379 104.557901 0.000000 0.000000 0.000000 0.000000 0.000000 0.000000 0.000000 100.874038 49.680802 0.000000 0.000000 0.000000 0.000000 104.493586 116.042322 103.746164 114.899085 0.000000 0.000000 0.000000 112.595118 0.000000 98.574966 53.413290 66.727397 53.879919 0.000000 66.619425 66.991653 31.315980 122.047754 0.000000 29.388883 43.300583 113.146000 96.319242 92.056810 0.000000 0.000000 0.000000 67.890240
0.000000 0.000000 0.000000 82.532574 0.000000 132.552716 129.539102 157.083534 72.838063 120.055243 0.000000 83.050377 0.000000 182.923340 0.000000 0.000000 0.000000 0.000000 0.000000 68.547207 0.000000 0.000000 0.000000 119.495289 0.000000 0.000000 0.000000 65.131084 153.410555 0.000000 0.000000 191.105014 0.000000 0.000000 97.406969 0.000000 0.000000 0.000000 101.765917 79.314597 50.070071 90.590544 58.249438 23.530737 167.143341 45.484796 0.000000 111.871347 81.111707 100.164741 0.000000 0.000000 0.000000 17.568464 63.833880 0.000000 125.065670 19.820425 0.000000 0.000000 126.085895 15.453511 110.360029 120.194761 0.000000 121.783242 0.000000 108.520052
0.000000 0.000000 0.000000 0.000000 0.000000 0.000000 0.000000 0.000000 0.000000 0.000000 0.000000 0.000000 0.000000 0.000000 0.000000 0.000000 0.000000 0.000000 0.000000 0.000000 0.000000 0.000000 0.000000 0.000000 0.000000 0.000000 0.000000 0.000000 0.000000 0.000000 0.000000 0.000000 0.000000 0.000000 0.000000 0.000000 0.000000 101.765917 0.000000 12.955514 0.000000 18.337950 48.306387 108.180732 56.900238 0.000000 76.589740 51.481137 18.518031 0.000000 0.000000 81.907688 83.967400 0.000000 0.000000 0.000000 0.000000 78.839781 0.000000 86.445837 100.595876 120.336610 28.773199 0.000000 0.000000 17.015126 0.000000 16.393260
0.000000 0.000000 0.000000 143.035422 0.000000 0.000000 0.000000 197.275903 0.000000 161.907764 0.000000 62.771534 0.000000 0.000000 0.000000 0.000000 0.000000 0.000000 0.000000 0.000000 0.000000 0.000000 0.000000 0.000000 0.000000 0.000000 0.000000 175.951311 0.000000 0.000000 0.000000 0.000000 0.000000 0.000000 0.000000 0.000000 0.000000 79.314597 12.955514 0.000000 61.442122 18.163503 59.012517 35.921414 65.302999 27.501625 79.562202 42.931279 19.376250 0.000000 0.000000 91.724084 95.425301 54.224721 0.000000 0.000000 0.000000 85.249741 0.000000 93.445375 123.529488 84.136467 41.161339 0.000000 0.000000 26.124939 0.000000 27.481334
155.789661 0.000000 0.000000 137.202875 0.000000 152.923278 139.372253 159.195428 87.220537 150.757690 204.569637 159.886578 0.000000 171.703243 0.000000 160.416550 0.000000 0.000000 0.000000 143.601281 162.100889 97.534234 165.154072 139.303109 0.000000 0.000000 0.000000 148.490251 170.321933 151.679984 0.000000 196.513954 0.000000 172.376947 19.119810 0.000000 104.493586 50.070071 0.000000 61.442122 0.000000 55.354868 61.775100 25.046074 106.160238 68.739862 0.000000 40.529996 0.000000 124.576634 103.288102 123.295870 116.631859 48.018767 66.108536 0.000000 97.278053 56.952875 0.000000 112.385808 126.557550 28.371274 66.041346 19.130726 0.000000 106.828627 72.508833 74.475853
0.000000 0.000000 0.000000 146.417419 0.000000 156.190615 141.566480 162.090916 0.000000 153.520860 0.000000 154.079998 0.000000 0.000000 0.000000 0.000000 0.000000 0.000000 0.000000 143.198050 0.000000 0.000000 0.000000 127.075543 0.000000 0.000000 0.000000 158.181428 187.105588 0.000000 0.000000 0.000000 0.000000 0.000000 51.766535 0.000000 116.042322 90.590544 18.337950 18.163503 55.354868 0.000000 78.854433 46.481326 80.655133 86.412569 96.720449 23.496685 18.594717 132.020415 132.085522 108.902787 112.967413 85.887958 94.941380 0.000000 113.320124 103.471908 0.000000 122.859958 125.627486 77.472818 40.827744 76.135152 0.000000 23.390143 0.000000 32.922648
0.000000 0.000000 0.000000 109.349084 0.000000 0.000000 0.000000 107.782106 0.000000 102.786206 0.000000 0.000000 0.000000 0.000000 0.000000 0.000000 0.000000 0.000000 0.000000 0.000000 0.000000 0.000000 0.000000 0.000000 0.000000 0.000000 0.000000 82.989923 0.000000 0.000000 0.000000 0.000000 0.000000 0.000000 0.000000 0.000000 103.746164 58.249438 48.306387 59.012517 61.775100 78.854433 0.000000 77.101962 0.000000 42.238265 0.000000 0.000000 25.614170 0.000000 0.000000 0.000000 129.837575 62.839341 0.000000 0.000000 103.477372 30.222975 0.000000 120.685611 96.223647 73.625693 0.000000 0.000000 0.000000 63.236140 0.000000 0.000000
0.000000 0.000000 0.000000 138.109761 0.000000 159.199413 149.932376 161.415826 101.125151 161.163911 0.000000 131.519939 0.000000 179.615259 0.000000 0.000000 0.000000 0.000000 0.000000 154.579911 0.000000 0.000000 0.000000 134.793753 0.000000 0.000000 0.000000 155.291814 188.929571 0.000000 0.000000 200.029028 0.000000 184.595541 88.299558 0.000000 114.899085 23.530737 108.180732 35.921414 25.046074 46.481326 77.101962 0.000000 139.243663 26.404117 160.090128 66.007493 85.498745 0.000000 143.744432 162.124752 146.690842 18.139849 83.661889 0.000000 109.599290 47.519266 0.000000 138.226982 155.294110 30.770542 103.500635 95.204432 0.000000 117.956342 0.000000 97.691606
0.000000 0.000000 0.000000 0.000000 0.000000 0.000000 0.000000 0.000000 0.000000 0.000000 0.000000 0.000000 79.107091 0.000000 0.000000 0.000000 0.000000 96.273396 0.000000 0.000000 0.000000 0.000000 0.000000 0.000000 77.044261 101.714600 105.509941 0.000000 0.000000 0.000000 0.000000 0.000000 0.000000 0.000000 99.031228 50.330184 0.000000 167.143341 56.900238 65.302999 106.160238 80.655133 0.000000 139.243663 0.000000 150.441673 24.486219 81.224753 0.000000 0.000000 40.640746 19.858083 20.944479 151.122322 55.405704 69.853238 97.609313 138.603703 26.354198 25.609210 55.994808 0.000000 73.374740 90.289226 31.794939 55.292472 63.658185 23.169843
0.000000 0.000000 0.000000 66.278779 0.000000 164.230714 166.591956 0.000000 0.000000 173.467017 0.000000 28.542548 0.000000 0.000000 0.000000 0.000000 0.000000 0.000000 0.000000 144.548743 0.000000 0.000000 0.000000 0.000000 0.000000 0.000000 0.000000 167.533307 0.000000 0.000000 0.000000 0.000000 0.000000 0.000000 0.000000 0.000000 0.000000 45.484796 0.000000 27.501625 68.739862 86.412569 42.238265 26.404117 150.441673 0.000000 0.000000 98.651070 31.981966 0.000000 0.000000 151.301120 153.722326 19.423033 0.000000 0.000000 0.000000 17.358649 0.000000 0.000000 0.000000 57.986968 107.074288 0.000000 0.000000 119.660063 0.000000 99.428649
0.000000 0.000000 0.000000 0.000000 0.000000 0.000000 0.000000 0.000000 163.124039 0.000000 85.132278 0.000000 83.285514 0.000000 0.000000 0.000000 0.000000 92.317412 106.106888 0.000000 0.000000 0.000000 0.000000 0.000000 0.000000 96.503726 100.643688 0.000000 0.000000 0.000000 96.495745 0.000000 0.000000 0.000000 0.000000 47.272510 0.000000 0.000000 76.589740 79.562202 0.000000 96.720449 0.000000 160.090128 24.486219 0.000000 0.000000 96.965135 0.000000 0.000000 0.000000 43.524626 58.669329 0.000000 0.000000 72.957849 0.000000 143.205431 30.085110 22.464363 41.286979 0.000000 81.302462 0.000000 10.013007 73.064273 0.000000 36.224188
0.000000 0.000000 0.000000 147.786439 0.000000 170.141078 174.624939 176.673145 0.000000 187.421311 0.000000 0.000000 0.000000 189.653162 0.000000 0.000000 0.000000 0.000000 0.000000 166.692569 0.000000 0.000000 0.000000 148.254868 0.000000 0.000000 0.000000 171.974660 174.848314 0.000000 0.000000 0.000000 0.000000 0.000000 16.365634 0.000000 112.595118 111.871347 51.481137 42.931279 40.529996 23.496685 0.000000 66.007493 81.224753 98.651070 96.965135 0.000000 55.864314 135.266056 125.856843 111.112917 114.001316 100.554147 97.016141 0.000000 107.658663 117.270208 0.000000 119.175619 126.332137 104.740970 28.071012 67.892300 0.000000 25.568786 30.698596 46.257497
0.000000 0.000000 0.000000 0.000000 0.000000 0.000000 0.000000 0.000000 0.000000 0.000000 0.000000 0.000000 0.000000 0.000000 0.000000 0.000000 0.000000 0.000000 0.000000 0.000000 0.000000 0.000000 0.000000 0.000000 0.000000 0.000000 0.000000 0.000000 0.000000 0.000000 0.000000 0.000000 0.000000 0.000000 0.000000 0.000000 0.000000 81.111707 18.518031 19.376250 0.000000 18.594717 25.614170 85.498745 0.000000 31.981966 0.000000 55.864314 0.000000 0.000000 0.000000 0.000000 0.000000 50.785281 0.000000 0.000000 0.000000 49.954909 0.000000 0.000000 0.000000 95.224296 44.629143 0.000000 0.000000 40.231691 0.000000 0.000000
0.000000 0.000000 0.000000 0.000000 0.000000 0.000000 0.000000 0.000000 0.000000 0.000000 0.000000 0.000000 0.000000 0.000000 0.000000 127.874945 0.000000 0.000000 0.000000 0.000000 114.659399 69.339138 124.016216 117.471208 0.000000 0.000000 91.978961 69.261931 0.000000 0.000000 0.000000 0.000000 0.000000 0.000000 0.000000 0.000000 98.574966 100.164741 0.000000 0.000000 124.576634 132.020415 0.000000 0.000000 0.000000 0.000000 0.000000 135.266056 0.000000 0.000000 92.382152 0.000000 89.955858 0.000000 27.720657 33.801821 21.299774 49.227077 0.000000 79.464695 30.008081 100.351358 0.000000 114.396573 0.000000 0.000000 0.000000 97.371524
0.000000 93.654505 113.806477 0.000000 0.000000 0.000000 0.000000 0.000000 0.000000 0.000000 0.000000 0.000000 0.000000 0.000000 0.000000 0.000000 119.646282 0.000000 0.000000 0.000000 0.000000 0.000000 131.924118 0.000000 0.000000 106.908196 116.075338 0.000000 0.000000 0.000000 0.000000 0.000000 0.000000 0.000000 100.014262 67.119814 53.413290 0.000000 0.000000 0.000000 103.288102 132.085522 0.000000 143.744432 40.640746 0.000000 0.000000 125.856843 0.000000 92.382152 0.000000 38.790179 17.765233 0.000000 62.706537 80.120168 37.663204 144.770847 0.000000 47.880878 73.237153 124.131846 13.951633 81.663147 0.000000 0.000000 0.000000 20.105941
0.000000 0.000000 128.911341 0.000000 0.000000 0.000000 0.000000 0.000000 0.000000 0.000000 0.000000 0.000000 94.454961 0.000000 0.000000 0.000000 0.000000 0.000000 109.844922 0.000000 0.000000 0.000000 0.000000 0.000000 0.000000 106.856696 116.961890 0.000000 0.000000 0.000000 0.000000 0.000000 0.000000 0.000000 116.351725 71.634403 66.727397 0.000000 81.907688 91.724084 123.295870 108.902787 0.000000 162.124752 19.858083 151.301120 43.524626 111.112917 0.000000 0.000000 38.790179 0.000000 15.101245 0.000000 76.103700 92.934699 84.086977 156.813132 55.888299 33.930936 60.040668 170.268332 100.747945 108.394038 44.127696 80.565808 85.043256 52.495857
0.000000 0.000000 113.753093 0.000000 0.000000 0.000000 0.000000 0.000000 0.000000 0.000000 0.000000 0.000000 100.451833 0.000000 0.000000 0.000000 0.000000 116.205825 113.973284 0.000000 0.000000 0.000000 0.000000 0.000000 0.000000 106.221036 113.881209 0.000000 0.000000 0.000000 0.000000 0.000000 0.000000 0.000000 104.270615 67.995745 53.879919 0.000000 83.967400 95.425301 116.631859 112.967413 129.837575 146.690842 20.944479 153.722326 58.669329 114.001316 0.000000 89.955858 17.765233 15.101245 0.000000 0.000000 73.494373 84.384861 70.130009 146.550406 61.405559 38.340556 64.073232 142.664207 102.683954 103.581130 61.132965 80.356009 78.926824 38.372433
0.000000 0.000000 0.000000 71.141058 0.000000 157.376526 151.592335 161.793442 0.000000 160.226166 0.000000 162.443244 0.000000 189.743946 0.000000 0.000000 0.000000 0.000000 0.000000 156.299572 0.000000 0.000000 0.000000 137.217330 0.000000 0.000000 0.000000 154.504664 0.000000 0.000000 0.000000 0.000000 0.000000 0.000000 87.794207 0.000000 0.000000 17.568464 0.000000 54.224721 48.018767 85.887958 62.839341 18.139849 151.122322 19.423033 0.000000 100.554147 50.785281 0.000000 0.000000 0.000000 0.000000 0.000000 0.000000 0.000000 0.000000 21.313162 0.000000 0.000000 0.000000 36.065077 105.490567 0.000000 0.000000 126.208030 0.000000 99.600186
148.751048 0.000000 0.000000 0.000000 0.000000 0.000000 163.197739 167.794086 89.595503 0.000000 0.000000 0.000000 0.000000 172.866010 0.000000 135.696092 0.000000 0.000000 0.000000 0.000000 147.328770 87.117164 144.769815 137.694639 0.000000 0.000000 141.349296 143.275827 158.475682 140.262386 0.000000 185.020807 0.000000 0.000000 0.000000 0.000000 66.619425 63.833880 0.000000 0.000000 66.108536 94.941380 0.000000 83.661889 55.405704 0.000000 0.000000 97.016141 0.000000 27.720657 62.706537 76.103700 73.494373 0.000000 0.000000 56.989998 28.908478 51.228715 0.000000 74.952628 78.581042 49.729054 13.150590 24.973923 0.000000 0.000000 11.162945 26.328639
0.000000 0.000000 0.000000 0.000000 0.000000 0.000000 0.000000 0.000000 0.000000 0.000000 0.000000 0.000000 132.845944 0.000000 0.000000 0.000000 0.000000 0.000000 0.000000 0.000000 0.000000 0.000000 99.515109 0.000000 0.000000 0.000000 82.883133 0.000000 0.000000 0.000000 0.000000 0.000000 0.000000 0.000000 0.000000 15.972645 66.991653 0.000000 0.000000 0.000000 0.000000 0.000000 0.000000 0.000000 69.853238 0.000000 72.957849 0.000000 0.000000 33.801821 80.120168 92.934699 84.384861 0.000000 56.989998 0.000000 52.871801 59.493718 43.748680 74.028747 43.288296 90.320567 0.000000 101.050125 0.000000 0.000000 0.000000 81.773916
0.000000 0.000000 117.183692 0.000000 0.000000 0.000000 0.000000 209.108514 0.000000 0.000000 0.000000 0.000000 0.000000 188.538141 0.000000 132.417536 0.000000 0.000000 0.000000 0.000000 148.181086 80.836584 136.179950 150.322504 0.000000 0.000000 122.597518 149.676465 190.353671 155.826664 0.000000 0.000000 0.000000 0.000000 99.381928 0.000000 31.315980 125.065670 0.000000 0.000000 97.278053 113.320124 103.477372 109.599290 97.609313 0.000000 0.000000 107.658663 0.000000 21.299774 37.663204 84.086977 70.130009 0.000000 28.908478 52.871801 0.000000 94.335118 0.000000 54.229668 44.450104 101.053929 25.646170 58.629387 0.000000 0.000000 0.000000 30.526673
147.893526 0.000000 0.000000 126.100671 0.000000 135.893227 124.161116 140.660075 71.508960 130.988117 213.808258 152.797147 0.000000 159.486201 0.000000 83.660820 0.000000 0.000000 0.000000 133.128710 157.422675 96.434039 0.000000 125.508315 0.000000 0.000000 183.977451 136.335003 163.303047 145.361775 0.000000 187.250152 145.191536 160.710271 88.670632 81.297596 122.047754 19.820425 78.839781 85.249741 56.952875 103.471908 30.222975 47.519266 138.603703 17.358649 143.205431 117.270208 49.954909 49.227077 144.770847 156.813132 146.550406 21.313162 51.228715 59.493718 94.335118 0.000000 0.000000 133.849865 104.970751 17.762201 94.836254 102.973690 0.000000 111.043349 0.000000 121.403968
0.000000 0.000000 0.000000 0.000000 0.000000 0.000000 0.000000 0.000000 0.000000 0.000000 0.000000 0.000000 33.785417 0.000000 0.000000 0.000000 0.000000 0.000000 0.000000 0.000000 0.000000 0.000000 0.000000 0.000000 0.000000 0.000000 92.374849 0.000000 0.000000 0.000000 0.000000 0.000000 0.000000 0.000000 0.000000 25.667479 0.000000 0.000000 0.000000 0.000000 0.000000 0.000000 0.000000 0.000000 26.354198 0.000000 30.085110 0.000000 0.000000 0.000000 0.000000 55.888299 61.405559 0.000000 0.000000 43.748680 0.000000 0.000000 0.000000 45.212143 46.845623 0.000000 0.000000 0.000000 48.055174 0.000000 0.000000 45.597632
0.000000 81.102946 106.162050 0.000000 0.000000 0.000000 0.000000 0.000000 0.000000 0.000000 104.221232 0.000000 89.813064 0.000000 0.000000 0.000000 111.003353 98.676995 103.558327 0.000000 170.947947 0.000000 147.346863 173.932240 87.200108 96.819337 103.279838 183.839047 190.745523 0.000000 105.019822 0.000000 0.000000 117.973779 111.923686 57.808271 29.388883 0.000000 86.445837 93.445375 112.385808 122.859958 120.685611 138.226982 25.609210 0.000000 22.464363 119.175619 0.000000 79.464695 47.880878 33.930936 38.340556 0.000000 74.952628 74.028747 54.229668 133.849865 45.212143 0.000000 44.314751 126.598097 105.254981 101.827347 23.902128 88.853797 0.000000 59.562005
