0.000000 0.000000 109.051667 0.000000 0.000000 81.770213 26.943302 52.945064 72.608702 72.657914 123.866860 0.000000 123.724390 20.940053 0.000000 0.000000 118.463844 142.862028 132.631801 0.000000 88.495357 0.000000 94.591821 0.000000 0.000000 129.550702 140.208348 75.446148 26.812228 33.911465 0.000000 80.683796 0.000000 88.018074 0.000000 0.000000 0.000000 0.000000 0.000000 0.000000 0.000000 0.000000 0.000000 0.000000 0.000000 0.000000 0.000000 0.000000 0.000000 0.000000 0.000000 0.000000 0.000000 0.000000 0.000000 0.000000 0.000000 132.301237 0.000000 0.000000 0.000000 148.684820 0.000000 0.000000 0.000000 0.000000 0.000000 0.000000
0.000000 0.000000 44.488154 0.000000 140.022013 144.870873 137.260480 0.000000 75.489348 143.188734 70.290754 0.000000 61.559351 0.000000 127.783312 0.000000 51.930867 72.067836 54.004077 0.000000 0.000000 33.244807 57.237364 89.565431 31.696855 41.904824 34.446098 117.816413 125.447782 0.000000 71.986405 118.511152 0.000000 68.781916 0.000000 0.000000 54.636935 0.000000 0.000000 0.000000 0.000000 0.000000 0.000000 0.000000 106.507113 0.000000 115.862219 0.000000 0.000000 0.000000 67.402724 88.286379 64.537011 0.000000 0.000000 0.000000 65.034083 135.873625 0.000000 50.859693 51.154337 0.000000 0.000000 0.000000 0.000000 0.000000 0.000000 0.000000
109.051667 44.488154 0.000000 146.990559 0.000000 136.662924 113.763324 127.085940 129.657899 129.600099 100.987687 0.000000 186.927165 124.434600 0.000000 0.000000 46.580514 85.908402 65.042311 0.000000 69.311103 42.401146 46.331273 99.961723 0.000000 40.861688 38.877378 105.477616 123.710998 81.353420 0.000000 194.375327 0.000000 61.629538 0.000000 58.796100 103.583379 0.000000 0.000000 0.000000 0.000000 0.000000 0.000000 0.000000 137.930255 0.000000 0.000000 0.000000 0.000000 117.623901 115.251773 149.359017 123.735213 0.000000 150.334748 53.779374 109.749978 163.998150 0.000000 112.884052 100.619361 171.233416 0.000000 0.000000 0.000000 0.000000 0.000000 116.533657
0.000000 0.000000 146.990559 0.000000 117.017688 73.424864 60.297080 100.474869 67.909543 23.595193 0.000000 33.432398 0.000000 112.534134 100.715952 0.000000 0.000000 0.000000 0.000000 17.859602 0.000000 89.450110 0.000000 33.344494 0.000000 171.485745 154.648210 21.635833 104.632534 0.000000 0.000000 0.000000 0.000000 94.773236 0.000000 0.000000 0.000000 169.169607 0.000000 180.862846 150.982765 0.000000 0.000000 172.186297 0.000000 143.455868 0.000000 170.547779 0.000000 0.000000 0.000000 0.000000 0.000000 173.552713 0.000000 0.000000 0.000000 136.156616 0.000000 0.000000 0.000000 164.652205 0.000000 0.000000 0.000000 0.000000 0.000000 0.000000
0.000000 140.022013 0.000000 117.017688 0.000000 20.047662 115.396233 54.619047 69.702057 115.040848 67.422046 89.866375 111.621856 68.211874 19.595611 0.000000 0.000000 86.334596 117.983353 109.465725 0.000000 106.363757 0.000000 96.537188 138.393206 114.817863 155.283143 113.362687 0.000000 110.342063 94.551770 9.128688 0.000000 14.251970 0.000000 0.000000 0.000000 0.000000 0.000000 0.000000 0.000000 0.000000 0.000000 0.000000 0.000000 0.000000 0.000000 0.000000 0.000000 0.000000 0.000000 0.000000 0.000000 0.000000 0.000000 0.000000 0.000000 0.000000 0.000000 0.000000 0.000000 0.000000 0.000000 0.000000 0.000000 0.000000 0.000000 0.000000
81.770213 144.870873 136.662924 73.424864 20.047662 0.000000 56.395329 32.772559 67.865010 41.923523 127.186232 38.521712 124.356023 64.703204 20.864232 0.000000 150.937679 151.537401 170.900038 50.687176 113.775899 144.546687 122.570689 55.713848 146.218796 155.740588 173.631070 62.158568 92.402507 87.771270 0.000000 36.889070 0.000000 82.661529 0.000000 0.000000 0.000000 163.652175 0.000000 0.000000 156.108821 0.000000 0.000000 176.779527 0.000000 142.998713 0.000000 0.000000 0.000000 0.000000 0.000000 0.000000 0.000000 170.353470 0.000000 0.000000 0.000000 161.330416 0.000000 0.000000 0.000000 165.421711 0.000000 0.000000 0.000000 0.000000 0.000000 0.000000
26.943302 137.260480 113.763324 60.297080 115.396233 56.395329 0.000000 55.597586 64.060979 24.338628 156.987201 78.593348 173.238886 36.649304 94.830951 77.467734 114.485016 159.808853 147.335779 70.060322 85.916849 76.953129 93.360163 57.173294 165.472930 145.762373 136.462505 38.593481 80.570607 24.066429 183.476300 120.551295 77.438839 85.286846 0.000000 0.000000 0.000000 165.688728 0.000000 187.855585 149.848804 0.000000 91.002763 163.024270 0.000000 0.000000 0.000000 0.000000 0.000000 0.000000 0.000000 0.000000 0.000000 163.813239 160.730207 0.000000 0.000000 138.068053 0.000000 207.236327 217.800480 152.203479 0.000000 156.517674 0.000000 0.000000 0.000000 0.000000
52.945064 0.000000 127.085940 100.474869 54.619047 32.772559 55.597586 0.000000 85.141487 45.733276 126.218045 93.625619 120.140586 24.495035 56.830771 0.000000 141.876537 160.585145 158.282820 82.031649 103.258649 0.000000 112.427748 78.901726 121.151439 146.251755 157.049961 87.064800 63.222848 71.299617 138.131360 35.318568 0.000000 77.382669 0.000000 0.000000 0.000000 0.000000 0.000000 0.000000 0.000000 0.000000 104.319455 169.628653 0.000000 0.000000 0.000000 0.000000 0.000000 0.000000 0.000000 0.000000 0.000000 0.000000 0.000000 0.000000 0.000000 156.664930 0.000000 0.000000 0.000000 168.073419 0.000000 168.165623 0.000000 0.000000 0.000000 0.000000
72.608702 75.489348 129.657899 67.909543 69.702057 67.865010 64.060979 85.141487 0.000000 74.143305 140.972671 39.394313 137.121641 89.317458 42.878445 0.000000 0.000000 0.000000 0.000000 54.423439 74.832788 33.581619 0.000000 33.842863 113.307156 151.060937 107.797349 67.082914 80.876338 60.806437 0.000000 143.167380 66.457295 106.369969 0.000000 0.000000 0.000000 92.175193 0.000000 0.000000 82.343075 0.000000 0.000000 114.932182 173.877706 69.553391 0.000000 0.000000 0.000000 0.000000 0.000000 0.000000 0.000000 103.963662 0.000000 0.000000 0.000000 70.106229 0.000000 0.000000 0.000000 87.993997 0.000000 80.322573 0.000000 0.000000 0.000000 0.000000
72.657914 143.188734 129.600099 23.595193 115.040848 41.923523 24.338628 45.733276 74.143305 0.000000 154.337737 28.142688 167.341580 71.841306 95.184320 0.000000 157.772812 168.057275 159.522335 19.060653 100.046036 97.243255 108.123202 55.503502 175.748338 168.763775 165.706173 34.442049 103.347782 62.797442 0.000000 124.190061 0.000000 92.707092 0.000000 0.000000 0.000000 176.220438 0.000000 202.117332 163.030556 202.058777 0.000000 181.377611 0.000000 162.348363 0.000000 183.921938 0.000000 0.000000 0.000000 0.000000 0.000000 169.240678 0.000000 0.000000 0.000000 150.048232 0.000000 0.000000 230.062341 171.261662 0.000000 0.000000 0.000000 0.000000 0.000000 0.000000
123.866860 70.290754 100.987687 0.000000 67.422046 127.186232 156.987201 126.218045 140.972671 154.337737 0.000000 151.206118 33.381905 131.125319 168.075806 0.000000 61.108349 28.552452 31.894184 152.046097 0.000000 114.516680 115.378917 163.523263 40.534429 32.872886 61.090990 173.491535 93.736897 111.938971 34.921418 70.400706 0.000000 32.117240 0.000000 0.000000 0.000000 0.000000 0.000000 0.000000 0.000000 0.000000 0.000000 0.000000 75.069643 0.000000 85.255668 0.000000 0.000000 0.000000 0.000000 100.821788 112.658380 0.000000 208.402934 0.000000 0.000000 212.268777 59.649930 102.576388 109.674732 210.733686 120.278505 212.682200 102.262716 115.582961 0.000000 87.191403
0.000000 0.000000 0.000000 33.432398 89.866375 38.521712 78.593348 93.625619 39.394313 28.142688 151.206118 0.000000 158.621180 96.246460 45.417719 0.000000 0.000000 171.037540 164.983772 14.280070 0.000000 0.000000 0.000000 34.159038 160.717323 166.762161 182.192444 42.868020 113.060640 0.000000 0.000000 120.945248 0.000000 95.779804 0.000000 0.000000 0.000000 148.289195 0.000000 0.000000 132.086516 0.000000 0.000000 149.945543 0.000000 106.632100 0.000000 0.000000 0.000000 0.000000 0.000000 0.000000 0.000000 131.245341 0.000000 0.000000 0.000000 120.638941 0.000000 0.000000 0.000000 141.491165 0.000000 0.000000 0.000000 0.000000 0.000000 0.000000
123.724390 61.559351 186.927165 0.000000 111.621856 124.356023 173.238886 120.140586 137.121641 167.341580 33.381905 158.621180 0.000000 114.168193 187.253041 0.000000 0.000000 53.519765 71.552699 160.590493 0.000000 100.802724 0.000000 152.035921 25.362720 32.463932 37.580025 174.296604 86.373397 161.206860 24.379354 80.005979 0.000000 36.962678 0.000000 96.761383 0.000000 0.000000 0.000000 0.000000 0.000000 0.000000 0.000000 0.000000 72.099130 0.000000 80.121177 0.000000 0.000000 0.000000 0.000000 95.884480 124.927652 0.000000 0.000000 0.000000 0.000000 212.954317 42.640151 94.625151 97.750342 232.280876 115.385938 0.000000 94.310998 112.043626 0.000000 83.463228
20.940053 0.000000 124.434600 112.534134 68.211874 64.703204 36.649304 24.495035 89.317458 71.841306 131.125319 96.246460 114.168193 0.000000 0.000000 0.000000 133.049505 156.821838 152.999756 92.810848 101.716919 148.401093 107.286537 87.119624 118.673207 138.451960 147.143193 92.244120 40.880889 59.808217 0.000000 48.031174 0.000000 59.746922 0.000000 0.000000 0.000000 0.000000 0.000000 219.692575 173.099691 0.000000 106.738837 194.941418 0.000000 0.000000 0.000000 0.000000 0.000000 0.000000 0.000000 0.000000 0.000000 0.000000 162.673241 0.000000 0.000000 155.906590 0.000000 0.000000 0.000000 163.221004 0.000000 170.052749 0.000000 0.000000 0.000000 0.000000
0.000000 127.783312 0.000000 100.715952 19.595611 20.864232 94.830951 56.830771 42.878445 95.184320 168.075806 45.417719 187.253041 0.000000 0.000000 0.000000 0.000000 0.000000 0.000000 97.283367 0.000000 85.315152 0.000000 79.339671 163.285012 0.000000 146.418522 97.085376 85.385984 0.000000 0.000000 31.905266 0.000000 0.000000 0.000000 0.000000 0.000000 0.000000 0.000000 0.000000 0.000000 0.000000 0.000000 0.000000 0.000000 0.000000 0.000000 0.000000 0.000000 0.000000 0.000000 0.000000 0.000000 0.000000 0.000000 0.000000 0.000000 0.000000 0.000000 0.000000 0.000000 0.000000 0.000000 0.000000 0.000000 0.000000 0.000000 0.000000
0.000000 0.000000 0.000000 0.000000 0.000000 0.000000 77.467734 0.000000 0.000000 0.000000 0.000000 0.000000 0.000000 0.000000 0.000000 0.000000 0.000000 0.000000 0.000000 0.000000 22.817754 36.878177 17.369824 37.698321 0.000000 112.118654 15.659083 44.370708 0.000000 68.327383 0.000000 0.000000 0.000000 75.720285 0.000000 0.000000 0.000000 0.000000 0.000000 0.000000 0.000000 0.000000 0.000000 0.000000 0.000000 0.000000 0.000000 0.000000 0.000000 105.576743 0.000000 0.000000 0.000000 0.000000 120.315637 56.780507 107.536274 117.456041 0.000000 0.000000 104.201937 126.634398 0.000000 0.000000 0.000000 0.000000 0.000000 0.000000
118.463844 51.930867 46.580514 0.000000 0.000000 150.937679 114.485016 141.876537 0.000000 157.772812 61.108349 0.000000 0.000000 133.049505 0.000000 0.000000 0.000000 61.223247 25.463317 0.000000 60.474338 107.482920 34.014464 140.750472 0.000000 43.438943 67.997805 138.740153 126.777125 78.146883 0.000000 0.000000 0.000000 40.655450 0.000000 65.585495 112.577676 0.000000 0.000000 0.000000 0.000000 0.000000 0.000000 0.000000 0.000000 0.000000 0.000000 0.000000 0.000000 0.000000 122.783443 140.958930 127.081679 0.000000 0.000000 0.000000 123.671882 183.008234 0.000000 105.419752 108.115813 189.508241 0.000000 0.000000 0.000000 0.000000 0.000000 0.000000
142.862028 72.067836 85.908402 0.000000 86.334596 151.537401 159.808853 160.585145 0.000000 168.057275 28.552452 171.037540 53.519765 156.821838 0.000000 0.000000 61.223247 0.000000 26.445109 177.093852 103.440848 121.707202 97.590611 171.212221 47.085761 30.676413 64.730419 169.459015 131.675171 121.446611 55.423733 90.587809 0.000000 51.708365 0.000000 100.162989 0.000000 0.000000 0.000000 0.000000 0.000000 0.000000 0.000000 0.000000 87.238194 0.000000 90.326701 0.000000 0.000000 0.000000 0.000000 102.761369 119.593084 0.000000 0.000000 0.000000 0.000000 225.353456 63.570742 106.772021 107.545636 228.234553 0.000000 0.000000 101.536967 0.000000 0.000000 0.000000
132.631801 54.004077 65.042311 0.000000 117.983353 170.900038 147.335779 158.282820 0.000000 159.522335 31.894184 164.983772 71.552699 152.999756 0.000000 0.000000 25.463317 26.445109 0.000000 0.000000 105.512173 118.557142 78.367672 158.896221 49.383195 38.292424 66.256806 160.151411 142.205858 109.741460 73.583557 95.418716 136.350229 39.443525 0.000000 75.038194 131.762579 0.000000 0.000000 0.000000 0.000000 0.000000 0.000000 0.000000 121.069676 0.000000 100.384730 0.000000 0.000000 0.000000 0.000000 110.816794 120.188064 0.000000 0.000000 0.000000 0.000000 208.690727 68.010390 104.994533 106.581691 227.568552 0.000000 0.000000 105.802823 0.000000 0.000000 0.000000
0.000000 0.000000 0.000000 17.859602 109.465725 50.687176 70.060322 82.031649 54.423439 19.060653 152.046097 14.280070 160.590493 92.810848 97.283367 0.000000 0.000000 177.093852 0.000000 0.000000 0.000000 0.000000 0.000000 15.521011 0.000000 194.782253 153.421253 33.063480 111.872632 0.000000 0.000000 114.203053 0.000000 100.381909 0.000000 0.000000 0.000000 160.779191 0.000000 0.000000 160.740307 0.000000 0.000000 173.188939 0.000000 124.547474 0.000000 0.000000 0.000000 0.000000 0.000000 0.000000 0.000000 137.839546 0.000000 0.000000 0.000000 138.350608 0.000000 0.000000 0.000000 164.198052 0.000000 0.000000 0.000000 0.000000 0.000000 0.000000
88.495357 0.000000 69.311103 0.000000 0.000000 113.775899 85.916849 103.258649 74.832788 100.046036 0.000000 0.000000 0.000000 101.716919 0.000000 22.817754 60.474338 103.440848 105.512173 0.000000 0.000000 56.268405 35.039935 12.788570 0.000000 96.543495 61.553390 20.233564 85.209927 39.976705 0.000000 0.000000 0.000000 50.985721 0.000000 0.000000 0.000000 0.000000 0.000000 0.000000 169.112924 0.000000 108.222595 0.000000 0.000000 0.000000 0.000000 0.000000 0.000000 125.261245 0.000000 0.000000 0.000000 0.000000 127.845893 69.346806 129.634739 124.510851 0.000000 0.000000 133.507023 131.001181 0.000000 141.275195 0.000000 0.000000 0.000000 0.000000
0.000000 33.244807 42.401146 89.450110 106.363757 144.546687 76.953129 0.000000 33.581619 97.243255 114.516680 0.000000 100.802724 148.401093 85.315152 36.878177 107.482920 121.707202 118.557142 0.000000 56.268405 0.000000 53.115615 36.654136 76.934277 106.317853 35.999288 55.662409 108.596617 56.468790 118.973459 151.150652 0.000000 111.221113 0.000000 0.000000 54.527775 0.000000 0.000000 0.000000 0.000000 0.000000 9.834805 0.000000 145.310304 0.000000 148.625488 0.000000 0.000000 60.873983 0.000000 0.000000 0.000000 0.000000 68.945147 0.000000 66.199176 62.744883 0.000000 158.376179 61.976014 71.398280 0.000000 79.060511 0.000000 0.000000 0.000000 0.000000
94.591821 57.237364 46.331273 0.000000 0.000000 122.570689 93.360163 112.427748 0.000000 108.123202 115.378917 0.000000 0.000000 107.286537 0.000000 17.369824 34.014464 97.590611 78.367672 0.000000 35.039935 53.115615 0.000000 68.324903 0.000000 61.676439 54.488833 69.229395 100.389439 52.414451 0.000000 0.000000 0.000000 33.771038 0.000000 62.378340 106.064719 0.000000 0.000000 0.000000 0.000000 0.000000 0.000000 0.000000 0.000000 0.000000 0.000000 0.000000 0.000000 114.547842 125.961306 0.000000 0.000000 0.000000 127.190323 64.590944 114.405529 146.847829 0.000000 145.392073 107.402176 152.135892 0.000000 0.000000 0.000000 0.000000 0.000000 0.000000
0.000000 89.565431 99.961723 33.344494 96.537188 55.713848 57.173294 78.901726 33.842863 55.503502 163.523263 34.159038 152.035921 87.119624 79.339671 37.698321 140.750472 171.212221 158.896221 15.521011 12.788570 36.654136 68.324903 0.000000 127.925417 136.028496 87.364925 25.087802 84.704385 65.923113 158.432184 167.297546 72.643041 91.245648 0.000000 0.000000 172.477158 130.463761 0.000000 162.137491 138.718160 0.000000 57.972465 140.530571 204.237434 160.594741 203.219849 173.019994 0.000000 123.725475 0.000000 0.000000 0.000000 0.000000 122.369768 0.000000 160.567787 113.547221 0.000000 189.599478 169.908827 121.163875 0.000000 136.947073 0.000000 0.000000 0.000000 0.000000
0.000000 31.696855 0.000000 0.000000 138.393206 146.218796 165.472930 121.151439 113.307156 175.748338 40.534429 160.717323 25.362720 118.673207 163.285012 0.000000 0.000000 47.085761 49.383195 0.000000 0.000000 76.934277 0.000000 127.925417 0.000000 37.411320 26.769016 161.043619 93.662247 143.056343 41.666143 81.273048 0.000000 46.976072 0.000000 0.000000 0.000000 0.000000 0.000000 0.000000 0.000000 0.000000 0.000000 0.000000 57.885832 0.000000 57.978970 0.000000 0.000000 0.000000 0.000000 72.945694 0.000000 0.000000 0.000000 0.000000 0.000000 200.107095 23.467507 65.077976 65.726957 203.591995 0.000000 0.000000 70.764194 0.000000 0.000000 54.438482
129.550702 41.904824 40.861688 171.485745 114.817863 155.740588 145.762373 146.251755 151.060937 168.763775 32.872886 166.762161 32.463932 138.451960 0.000000 112.118654 43.438943 30.676413 38.292424 194.782253 96.543495 106.317853 61.676439 136.028496 37.411320 0.000000 46.450036 145.205133 122.248976 105.683822 32.041471 103.103706 0.000000 58.136781 0.000000 56.369694 107.509078 0.000000 0.000000 0.000000 0.000000 0.000000 0.000000 0.000000 85.600418 0.000000 85.530021 0.000000 0.000000 142.643231 108.060710 97.906089 108.962798 0.000000 190.254639 132.626704 153.316473 180.521704 56.112522 93.966439 95.426429 200.885297 0.000000 0.000000 96.002700 0.000000 0.000000 126.089789
140.208348 34.446098 38.877378 154.648210 155.283143 173.631070 136.462505 157.049961 107.797349 165.706173 61.090990 182.192444 37.580025 147.143193 146.418522 15.659083 67.997805 64.730419 66.256806 153.421253 61.553390 35.999288 54.488833 87.364925 26.769016 46.450036 0.000000 98.420291 128.557038 118.522375 43.597562 102.585347 143.233198 66.940726 0.000000 48.868738 95.269644 0.000000 0.000000 0.000000 206.959173 0.000000 0.000000 0.000000 96.095475 0.000000 94.241717 0.000000 0.000000 107.792246 111.729317 103.767722 119.824067 0.000000 139.183505 52.826461 104.136911 162.231160 56.435765 100.031353 95.711554 169.635916 0.000000 211.697962 100.825166 0.000000 0.000000 111.319294
75.446148 117.816413 105.477616 21.635833 113.362687 62.158568 38.593481 87.064800 67.082914 34.442049 173.491535 42.868020 174.296604 92.244120 97.085376 44.370708 138.740153 169.459015 160.151411 33.063480 20.233564 55.662409 69.229395 25.087802 161.043619 145.205133 98.420291 0.000000 92.235475 47.392948 176.879469 135.228903 76.270002 87.068297 0.000000 0.000000 0.000000 171.277305 0.000000 188.398518 156.435760 193.681819 90.005897 172.742380 0.000000 151.728642 0.000000 185.505888 0.000000 128.279849 0.000000 0.000000 0.000000 175.279078 125.822500 0.000000 170.369932 129.445005 0.000000 211.919107 186.256877 154.254982 0.000000 135.433323 0.000000 0.000000 0.000000 0.000000
26.812228 125.447782 123.710998 104.632534 0.000000 92.402507 80.570607 63.222848 80.876338 103.347782 93.736897 113.060640 86.373397 40.880889 85.385984 0.000000 126.777125 131.675171 142.205858 111.872632 85.209927 108.596617 100.389439 84.704385 93.662247 122.248976 128.557038 92.235475 0.000000 39.395550 106.028472 35.800995 26.874236 43.277924 0.000000 0.000000 0.000000 0.000000 0.000000 205.233022 176.486431 205.351236 106.958758 183.201375 133.715276 0.000000 134.266550 214.354382 0.000000 156.537541 0.000000 0.000000 0.000000 0.000000 150.549275 0.000000 0.000000 151.023453 0.000000 195.385517 193.205381 157.950418 0.000000 167.429227 0.000000 0.000000 0.000000 0.000000
33.911465 0.000000 81.353420 0.000000 110.342063 87.771270 24.066429 71.299617 60.806437 62.797442 111.938971 0.000000 161.206860 59.808217 0.000000 68.327383 78.146883 121.446611 109.741460 0.000000 39.976705 56.468790 52.414451 65.923113 143.056343 105.683822 118.522375 47.392948 39.395550 0.000000 0.000000 124.265403 50.809488 46.553537 0.000000 0.000000 0.000000 0.000000 0.000000 0.000000 0.000000 0.000000 83.109335 0.000000 0.000000 0.000000 0.000000 179.998487 0.000000 125.257609 0.000000 0.000000 0.000000 0.000000 124.482277 76.582449 127.592675 125.636326 0.000000 178.325824 155.348218 133.427184 0.000000 132.757794 0.000000 0.000000 0.000000 0.000000
0.000000 71.986405 0.000000 0.000000 94.551770 0.000000 183.476300 138.131360 0.000000 0.000000 34.921418 0.000000 24.379354 0.000000 0.000000 0.000000 0.000000 55.423733 73.583557 0.000000 0.000000 118.973459 0.000000 158.432184 41.666143 32.041471 43.597562 176.879469 106.028472 0.000000 0.000000 107.799510 0.000000 75.445939 0.000000 0.000000 0.000000 0.000000 0.000000 0.000000 0.000000 0.000000 0.000000 0.000000 90.941599 0.000000 90.540425 0.000000 0.000000 0.000000 0.000000 106.961300 0.000000 0.000000 0.000000 0.000000 0.000000 0.000000 64.015200 100.301059 105.759833 0.000000 0.000000 0.000000 108.125944 0.000000 0.000000 0.000000
80.683796 118.511152 194.375327 0.000000 9.128688 36.889070 120.551295 35.318568 143.167380 124.190061 70.400706 120.945248 80.005979 48.031174 31.905266 0.000000 0.000000 90.587809 95.418716 114.203053 0.000000 151.150652 0.000000 167.297546 81.273048 103.103706 102.585347 135.228903 35.800995 124.265403 107.799510 0.000000 0.000000 21.952715 0.000000 0.000000 0.000000 0.000000 0.000000 0.000000 0.000000 0.000000 0.000000 0.000000 122.356761 0.000000 0.000000 0.000000 0.000000 0.000000 0.000000 0.000000 0.000000 0.000000 183.060290 0.000000 0.000000 178.603615 0.000000 0.000000 0.000000 187.040168 0.000000 190.766012 0.000000 0.000000 0.000000 0.000000
0.000000 0.000000 0.000000 0.000000 0.000000 0.000000 77.438839 0.000000 66.457295 0.000000 0.000000 0.000000 0.000000 0.000000 0.000000 0.000000 0.000000 0.000000 136.350229 0.000000 0.000000 0.000000 0.000000 72.643041 0.000000 0.000000 143.233198 76.270002 26.874236 50.809488 0.000000 0.000000 0.000000 19.820618 0.000000 0.000000 0.000000 0.000000 0.000000 0.000000 0.000000 0.000000 0.000000 0.000000 0.000000 0.000000 0.000000 0.000000 0.000000 0.000000 0.000000 0.000000 0.000000 0.000000 125.237272 0.000000 0.000000 0.000000 0.000000 0.000000 0.000000 141.902394 0.000000 0.000000 0.000000 0.000000 0.000000 0.000000
88.018074 68.781916 61.629538 94.773236 14.251970 82.661529 85.286846 77.382669 106.369969 92.707092 32.117240 95.779804 36.962678 59.746922 0.000000 75.720285 40.655450 51.708365 39.443525 100.381909 50.985721 111.221113 33.771038 91.245648 46.976072 58.136781 66.940726 87.068297 43.277924 46.553537 75.445939 21.952715 19.820618 0.000000 0.000000 76.108462 109.660804 0.000000 0.000000 0.000000 162.401158 0.000000 0.000000 182.086777 84.732369 0.000000 109.655853 0.000000 0.000000 0.000000 0.000000 139.209055 117.872743 0.000000 136.955629 0.000000 131.764914 147.410819 0.000000 106.557880 106.493277 156.735748 0.000000 159.125378 0.000000 0.000000 0.000000 0.000000
0.000000 0.000000 0.000000 0.000000 0.000000 0.000000 0.000000 0.000000 0.000000 0.000000 0.000000 0.000000 0.000000 0.000000 0.000000 0.000000 0.000000 0.000000 0.000000 0.000000 0.000000 0.000000 0.000000 0.000000 0.000000 0.000000 0.000000 0.000000 0.000000 0.000000 0.000000 0.000000 0.000000 0.000000 0.000000 0.000000 0.000000 0.000000 0.000000 75.071690 22.932314 52.749028 0.000000 0.000000 144.598042 0.000000 0.000000 18.357421 0.000000 0.000000 119.607576 146.465691 0.000000 0.000000 91.422192 0.000000 102.180321 0.000000 0.000000 138.830973 0.000000 0.000000 68.041308 27.373682 0.000000 84.204979 0.000000 88.175926
0.000000 0.000000 58.796100 0.000000 0.000000 0.000000 0.000000 0.000000 0.000000 0.000000 0.000000 0.000000 96.761383 0.000000 0.000000 0.000000 65.585495 100.162989 75.038194 0.000000 0.000000 0.000000 62.378340 0.000000 0.000000 56.369694 48.868738 0.000000 0.000000 0.000000 0.000000 0.000000 0.000000 76.108462 0.000000 0.000000 47.316225 0.000000 150.673781 162.598061 0.000000 0.000000 64.961909 0.000000 73.847412 0.000000 51.541000 0.000000 129.382027 84.642239 56.065498 68.366783 54.475697 0.000000 0.000000 24.483495 57.636165 87.051887 27.687142 38.566428 35.187045 120.047898 0.000000 0.000000 63.570419 164.871207 0.000000 55.087468
0.000000 54.636935 103.583379 0.000000 0.000000 0.000000 0.000000 0.000000 0.000000 0.000000 0.000000 0.000000 0.000000 0.000000 0.000000 0.000000 112.577676 0.000000 131.762579 0.000000 0.000000 54.527775 106.064719 172.477158 0.000000 107.509078 95.269644 0.000000 0.000000 0.000000 0.000000 0.000000 0.000000 109.660804 0.000000 47.316225 0.000000 145.832803 0.000000 162.075060 109.962193 153.330287 0.000000 135.610015 88.133242 152.467141 0.000000 129.893280 186.152225 87.608510 47.774520 80.412995 60.539924 146.519309 74.609585 46.583058 33.139161 116.002002 0.000000 36.878051 39.519687 122.072917 0.000000 106.222137 0.000000 0.000000 0.000000 80.059858
0.000000 0.000000 0.000000 169.169607 0.000000 163.652175 165.688728 0.000000 92.175193 176.220438 0.000000 148.289195 0.000000 0.000000 0.000000 0.000000 0.000000 0.000000 0.000000 160.779191 0.000000 0.000000 0.000000 130.463761 0.000000 0.000000 0.000000 171.277305 0.000000 0.000000 0.000000 0.000000 0.000000 0.000000 0.000000 0.000000 145.832803 0.000000 0.000000 73.743368 94.237615 94.595866 72.842995 14.519749 0.000000 39.864159 0.000000 0.000000 106.159464 0.000000 175.244034 0.000000 0.000000 24.242834 112.082597 0.000000 128.592849 18.746367 0.000000 166.187220 146.047657 26.914137 0.000000 0.000000 0.000000 0.000000 0.000000 0.000000
0.000000 0.000000 0.000000 0.000000 0.000000 0.000000 0.000000 0.000000 0.000000 0.000000 0.000000 0.000000 0.000000 0.000000 0.000000 0.000000 0.000000 0.000000 0.000000 0.000000 0.000000 0.000000 0.000000 0.000000 0.000000 0.000000 0.000000 0.000000 0.000000 0.000000 0.000000 0.000000 0.000000 0.000000 0.000000 150.673781 0.000000 0.000000 0.000000 24.512880 125.310793 48.940600 78.399907 117.056642 64.714040 116.720790 176.148864 63.207666 28.312195 0.000000 0.000000 86.957062 212.098351 124.939373 0.000000 126.616143 0.000000 112.933406 192.964620 172.883181 188.809932 141.544628 0.000000 130.354281 0.000000 14.483653 0.000000 25.913583
0.000000 0.000000 0.000000 180.862846 0.000000 0.000000 187.855585 0.000000 0.000000 202.117332 0.000000 0.000000 0.000000 219.692575 0.000000 0.000000 0.000000 0.000000 0.000000 0.000000 0.000000 0.000000 0.000000 162.137491 0.000000 0.000000 0.000000 188.398518 205.233022 0.000000 0.000000 0.000000 0.000000 0.000000 75.071690 162.598061 162.075060 73.743368 24.512880 0.000000 70.862676 28.039225 96.961522 46.086006 92.108804 48.857949 138.433239 35.855551 30.242994 0.000000 186.591207 144.919286 0.000000 56.996403 138.588643 133.929845 157.742165 99.710373 198.776501 156.297251 187.775482 63.122891 37.931400 114.004348 0.000000 18.870501 0.000000 44.492172
0.000000 0.000000 0.000000 150.982765 0.000000 156.108821 149.848804 0.000000 82.343075 163.030556 0.000000 132.086516 0.000000 173.099691 0.000000 0.000000 0.000000 0.000000 0.000000 160.740307 169.112924 0.000000 0.000000 138.718160 0.000000 0.000000 206.959173 156.435760 176.486431 0.000000 0.000000 0.000000 0.000000 162.401158 22.932314 0.000000 109.962193 94.237615 125.310793 70.862676 0.000000 66.357123 61.408852 33.750856 145.170328 78.251194 152.275632 41.303616 108.820482 0.000000 122.817728 155.951091 143.167928 86.394412 81.356241 0.000000 97.045205 67.658272 0.000000 134.685883 124.685156 35.316007 80.081582 32.240834 0.000000 139.910688 0.000000 103.205129
0.000000 0.000000 0.000000 0.000000 0.000000 0.000000 0.000000 0.000000 0.000000 202.058777 0.000000 0.000000 0.000000 0.000000 0.000000 0.000000 0.000000 0.000000 0.000000 0.000000 0.000000 0.000000 0.000000 0.000000 0.000000 0.000000 0.000000 193.681819 205.351236 0.000000 0.000000 0.000000 0.000000 0.000000 52.749028 0.000000 153.330287 94.595866 48.940600 28.039225 66.357123 0.000000 109.984655 47.492707 123.221216 92.247879 117.379907 22.887390 51.491895 0.000000 166.176761 126.357178 150.017969 90.763769 123.939841 0.000000 141.469272 85.833101 0.000000 146.235059 149.972467 82.505038 36.105788 91.049302 127.973749 17.964168 0.000000 92.459104
0.000000 0.000000 0.000000 0.000000 0.000000 0.000000 91.002763 104.319455 0.000000 0.000000 0.000000 0.000000 0.000000 106.738837 0.000000 0.000000 0.000000 0.000000 0.000000 0.000000 108.222595 9.834805 0.000000 57.972465 0.000000 0.000000 0.000000 90.005897 106.958758 83.109335 0.000000 0.000000 0.000000 0.000000 0.000000 64.961909 0.000000 72.842995 78.399907 96.961522 61.408852 109.984655 0.000000 78.700327 124.488008 21.294128 121.067860 76.990428 68.116319 35.727305 0.000000 0.000000 0.000000 63.348028 53.311912 23.061855 0.000000 39.910937 106.084050 124.724379 109.001200 58.333204 0.000000 64.108077 0.000000 102.548880 0.000000 0.000000
0.000000 0.000000 0.000000 172.186297 0.000000 176.779527 163.024270 169.628653 114.932182 181.377611 0.000000 149.945543 0.000000 194.941418 0.000000 0.000000 0.000000 0.000000 0.000000 173.188939 0.000000 0.000000 0.000000 140.530571 0.000000 0.000000 0.000000 172.742380 183.201375 0.000000 0.000000 0.000000 0.000000 182.086777 0.000000 0.000000 135.610015 14.519749 117.056642 46.086006 33.750856 47.492707 78.700327 0.000000 163.746101 40.899174 146.119120 45.091175 100.497225 0.000000 150.447812 178.672459 173.836423 18.336279 102.174774 0.000000 118.915372 64.990118 0.000000 161.124091 145.117191 35.734448 125.602562 101.114868 0.000000 136.257056 0.000000 125.543486
0.000000 106.507113 137.930255 0.000000 0.000000 0.000000 0.000000 0.000000 173.877706 0.000000 75.069643 0.000000 72.099130 0.000000 0.000000 0.000000 0.000000 87.238194 121.069676 0.000000 0.000000 145.310304 0.000000 204.237434 57.885832 85.600418 96.095475 0.000000 133.715276 0.000000 90.941599 122.356761 0.000000 84.732369 144.598042 73.847412 88.133242 0.000000 64.714040 92.108804 145.170328 123.221216 124.488008 163.746101 0.000000 156.869653 32.092384 125.620663 0.000000 127.931199 56.765740 22.720396 34.517535 167.499939 112.434859 0.000000 102.031937 153.095714 27.433062 26.242462 69.678373 151.027204 67.971287 123.560337 29.715503 61.835136 0.000000 24.492023
0.000000 0.000000 0.000000 143.455868 0.000000 142.998713 0.000000 0.000000 69.553391 162.348363 0.000000 106.632100 0.000000 0.000000 0.000000 0.000000 0.000000 0.000000 0.000000 124.547474 0.000000 0.000000 0.000000 160.594741 0.000000 0.000000 0.000000 151.728642 0.000000 0.000000 0.000000 0.000000 0.000000 0.000000 0.000000 0.000000 152.467141 39.864159 116.720790 48.857949 78.251194 92.247879 21.294128 40.899174 156.869653 0.000000 0.000000 111.643108 99.117435 0.000000 0.000000 180.167679 173.798063 13.740980 0.000000 0.000000 0.000000 28.702522 0.000000 176.122646 164.496201 53.413127 116.434157 0.000000 0.000000 127.782172 0.000000 0.000000
0.000000 115.862219 0.000000 0.000000 0.000000 0.000000 0.000000 0.000000 0.000000 0.000000 85.255668 0.000000 80.121177 0.000000 0.000000 0.000000 0.000000 90.326701 100.384730 0.000000 0.000000 148.625488 0.000000 203.219849 57.978970 85.530021 94.241717 0.000000 134.266550 0.000000 90.540425 0.000000 0.000000 109.655853 0.000000 51.541000 0.000000 0.000000 176.148864 138.433239 152.275632 117.379907 121.067860 146.119120 32.092384 0.000000 0.000000 110.534026 180.438868 125.915118 0.000000 58.771833 70.590148 159.873999 0.000000 86.929207 0.000000 140.341667 27.000579 24.381450 45.520491 162.382190 89.482072 178.883069 26.429166 88.465584 0.000000 44.840766
0.000000 0.000000 0.000000 170.547779 0.000000 0.000000 0.000000 0.000000 0.000000 183.921938 0.000000 0.000000 0.000000 0.000000 0.000000 0.000000 0.000000 0.000000 0.000000 0.000000 0.000000 0.000000 0.000000 173.019994 0.000000 0.000000 0.000000 185.505888 214.354382 179.998487 0.000000 0.000000 0.000000 0.000000 18.357421 0.000000 129.893280 0.000000 63.207666 35.855551 41.303616 22.887390 76.990428 45.091175 125.620663 111.643108 110.534026 0.000000 60.337185 0.000000 143.877890 128.088190 142.517142 108.889743 105.296375 0.000000 121.953869 108.439071 89.418397 133.574437 144.588755 79.252365 27.734424 70.139101 122.131513 18.365048 0.000000 83.145238
0.000000 0.000000 0.000000 0.000000 0.000000 0.000000 0.000000 0.000000 0.000000 0.000000 0.000000 0.000000 0.000000 0.000000 0.000000 0.000000 0.000000 0.000000 0.000000 0.000000 0.000000 0.000000 0.000000 0.000000 0.000000 0.000000 0.000000 0.000000 0.000000 0.000000 0.000000 0.000000 0.000000 0.000000 0.000000 129.382027 186.152225 106.159464 28.312195 30.242994 108.820482 51.491895 68.116319 100.497225 0.000000 99.117435 180.438868 60.337185 0.000000 0.000000 0.000000 0.000000 187.189011 103.669948 0.000000 100.334027 0.000000 101.120074 173.612416 183.041266 169.668408 124.524125 75.385476 123.120950 0.000000 33.364417 0.000000 0.000000
0.000000 0.000000 117.623901 0.000000 0.000000 0.000000 0.000000 0.000000 0.000000 0.000000 0.000000 0.000000 0.000000 0.000000 0.000000 105.576743 0.000000 0.000000 0.000000 0.000000 125.261245 60.873983 114.547842 123.725475 0.000000 142.643231 107.792246 128.279849 156.537541 125.257609 0.000000 0.000000 0.000000 0.000000 0.000000 84.642239 87.608510 0.000000 0.000000 0.000000 0.000000 0.000000 35.727305 0.000000 127.931199 0.000000 125.915118 0.000000 0.000000 0.000000 106.640838 137.408574 120.153777 0.000000 22.007579 42.714007 12.779892 25.775633 108.158699 99.734935 24.393162 44.370180 0.000000 0.000000 0.000000 0.000000 0.000000 93.485669
0.000000 67.402724 115.251773 0.000000 0.000000 0.000000 0.000000 0.000000 0.000000 0.000000 0.000000 0.000000 0.000000 0.000000 0.000000 0.000000 122.783443 0.000000 0.000000 0.000000 0.000000 0.000000 125.961306 0.000000 0.000000 108.060710 111.729317 0.000000 0.000000 0.000000 0.000000 0.000000 0.000000 0.000000 119.607576 56.065498 47.774520 175.244034 0.000000 186.591207 122.817728 166.176761 0.000000 150.447812 56.765740 0.000000 0.000000 143.877890 0.000000 106.640838 0.000000 61.293013 19.243527 0.000000 82.060890 0.000000 45.959046 137.272183 0.000000 29.623970 72.145723 124.667393 0.000000 94.155673 0.000000 0.000000 0.000000 31.259957
0.000000 88.286379 149.359017 0.000000 0.000000 0.000000 0.000000 0.000000 0.000000 0.000000 100.821788 0.000000 95.884480 0.000000 0.000000 0.000000 140.958930 102.761369 110.816794 0.000000 0.000000 0.000000 0.000000 0.000000 72.945694 97.906089 103.767722 0.000000 0.000000 0.000000 106.961300 0.000000 0.000000 139.209055 146.465691 68.366783 80.412995 0.000000 86.957062 144.919286 155.951091 126.357178 0.000000 178.672459 22.720396 180.167679 58.771833 128.088190 0.000000 137.408574 61.293013 0.000000 24.780408 0.000000 126.918350 0.000000 109.989488 163.058400 43.804630 28.569509 62.370165 160.018644 93.007986 135.890008 52.590561 88.815371 0.000000 49.378314
0.000000 64.537011 123.735213 0.000000 0.000000 0.000000 0.000000 0.000000 0.000000 0.000000 112.658380 0.000000 124.927652 0.000000 0.000000 0.000000 127.081679 119.593084 120.188064 0.000000 0.000000 0.000000 0.000000 0.000000 0.000000 108.962798 119.824067 0.000000 0.000000 0.000000 0.000000 0.000000 0.000000 117.872743 0.000000 54.475697 60.539924 0.000000 212.098351 0.000000 143.167928 150.017969 0.000000 173.836423 34.517535 173.798063 70.590148 142.517142 187.189011 120.153777 19.243527 24.780408 0.000000 182.533206 115.643306 92.332959 91.542610 149.349614 55.138231 31.754715 65.259964 145.482536 100.558070 124.921320 71.184661 98.282941 0.000000 41.583353
0.000000 0.000000 0.000000 173.552713 0.000000 170.353470 163.813239 0.000000 103.963662 169.240678 0.000000 131.245341 0.000000 0.000000 0.000000 0.000000 0.000000 0.000000 0.000000 137.839546 0.000000 0.000000 0.000000 0.000000 0.000000 0.000000 0.000000 175.279078 0.000000 0.000000 0.000000 0.000000 0.000000 0.000000 0.000000 0.000000 146.519309 24.242834 124.939373 56.996403 86.394412 90.763769 63.348028 18.336279 167.499939 13.740980 159.873999 108.889743 103.669948 0.000000 0.000000 0.000000 182.533206 0.000000 0.000000 0.000000 0.000000 27.762272 0.000000 164.530284 145.574950 40.259880 129.878519 0.000000 0.000000 0.000000 0.000000 0.000000
0.000000 0.000000 150.334748 0.000000 0.000000 0.000000 160.730207 0.000000 0.000000 0.000000 208.402934 0.000000 0.000000 162.673241 0.000000 120.315637 0.000000 0.000000 0.000000 0.000000 127.845893 68.945147 127.190323 122.369768 0.000000 190.254639 139.183505 125.822500 150.549275 124.482277 0.000000 183.060290 125.237272 136.955629 91.422192 0.000000 74.609585 112.082597 0.000000 138.588643 81.356241 123.939841 53.311912 102.174774 112.434859 0.000000 0.000000 105.296375 0.000000 22.007579 82.060890 126.918350 115.643306 0.000000 0.000000 55.176021 30.682508 22.393504 0.000000 103.234735 58.475785 40.470421 0.000000 36.853686 0.000000 0.000000 0.000000 64.094569
0.000000 0.000000 53.779374 0.000000 0.000000 0.000000 0.000000 0.000000 0.000000 0.000000 0.000000 0.000000 0.000000 0.000000 0.000000 56.780507 0.000000 0.000000 0.000000 0.000000 69.346806 0.000000 64.590944 0.000000 0.000000 132.626704 52.826461 0.000000 0.000000 76.582449 0.000000 0.000000 0.000000 0.000000 0.000000 24.483495 46.583058 0.000000 126.616143 133.929845 0.000000 0.000000 23.061855 0.000000 0.000000 0.000000 86.929207 0.000000 100.334027 42.714007 0.000000 0.000000 92.332959 0.000000 55.176021 0.000000 48.687075 48.448747 67.356409 83.065317 38.046081 62.048954 0.000000 0.000000 0.000000 137.170765 0.000000 96.708395
0.000000 65.034083 109.749978 0.000000 0.000000 0.000000 0.000000 0.000000 0.000000 0.000000 0.000000 0.000000 0.000000 0.000000 0.000000 107.536274 123.671882 0.000000 0.000000 0.000000 129.634739 66.199176 114.405529 160.567787 0.000000 153.316473 104.136911 170.369932 0.000000 127.592675 0.000000 0.000000 0.000000 131.764914 102.180321 57.636165 33.139161 128.592849 0.000000 157.742165 97.045205 141.469272 0.000000 118.915372 102.031937 0.000000 0.000000 121.953869 0.000000 12.779892 45.959046 109.989488 91.542610 0.000000 30.682508 48.687075 0.000000 65.643696 0.000000 74.126829 47.556601 70.762499 162.594353 66.210418 0.000000 0.000000 0.000000 54.163412
132.301237 135.873625 163.998150 136.156616 0.000000 161.330416 138.068053 156.664930 70.106229 150.048232 212.268777 120.638941 212.954317 155.906590 0.000000 117.456041 183.008234 225.353456 208.690727 138.350608 124.510851 62.744883 146.847829 113.547221 200.107095 180.521704 162.231160 129.445005 151.023453 125.636326 0.000000 178.603615 0.000000 147.410819 0.000000 87.051887 116.002002 18.746367 112.933406 99.710373 67.658272 85.833101 39.910937 64.990118 153.095714 28.702522 140.341667 108.439071 101.120074 25.775633 137.272183 163.058400 149.349614 27.762272 22.393504 48.448747 65.643696 0.000000 122.850875 131.277215 88.628752 24.195800 0.000000 0.000000 159.836087 0.000000 0.000000 142.801436
0.000000 0.000000 0.000000 0.000000 0.000000 0.000000 0.000000 0.000000 0.000000 0.000000 59.649930 0.000000 42.640151 0.000000 0.000000 0.000000 0.000000 63.570742 68.010390 0.000000 0.000000 0.000000 0.000000 0.000000 23.467507 56.112522 56.435765 0.000000 0.000000 0.000000 64.015200 0.000000 0.000000 0.000000 0.000000 27.687142 0.000000 0.000000 192.964620 198.776501 0.000000 0.000000 106.084050 0.000000 27.433062 0.000000 27.000579 89.418397 173.612416 108.158699 0.000000 43.804630 55.138231 0.000000 0.000000 67.356409 0.000000 122.850875 0.000000 36.039020 34.566991 150.516951 71.583295 0.000000 40.813949 88.080161 0.000000 40.663709
0.000000 50.859693 112.884052 0.000000 0.000000 0.000000 207.236327 0.000000 0.000000 0.000000 102.576388 0.000000 94.625151 0.000000 0.000000 0.000000 105.419752 106.772021 104.994533 0.000000 0.000000 158.376179 145.392073 189.599478 65.077976 93.966439 100.031353 211.919107 195.385517 178.325824 100.301059 0.000000 0.000000 106.557880 138.830973 38.566428 36.878051 166.187220 172.883181 156.297251 134.685883 146.235059 124.724379 161.124091 26.242462 176.122646 24.381450 133.574437 183.041266 99.734935 29.623970 28.569509 31.754715 164.530284 103.234735 83.065317 74.126829 131.277215 36.039020 0.000000 43.145344 144.301158 91.679504 123.201520 22.925851 92.293416 0.000000 52.879288
