0.000000 0.000000 0.000853 0.000000 0.000000 0.000293 0.014640 0.004693 0.000373 0.000867 0.000573 0.000000 0.000133 0.107227 0.000000 0.000000 0.001227 0.000440 0.001133 0.000000 0.000267 0.000000 0.000667 0.000000 0.000000 0.000373 0.000173 0.000173 0.055707 0.022907 0.000000 0.000267 0.000000 0.000347 0.000000 0.000000 0.000000 0.000000 0.000000 0.000000 0.000000 0.000000 0.000000 0.000000 0.000000 0.000000 0.000000 0.000000 0.000000 0.000000 0.000000 0.000000 0.000000 0.000000 0.000000 0.000000 0.000000 0.000187 0.000000 0.000000 0.000000 0.000080 0.000000 0.000000 0.000000 0.000000 0.000000 0.000000
0.000000 0.000000 0.001413 0.000000 0.001320 0.000253 0.000320 0.000000 0.003707 0.000173 0.000573 0.000000 0.006480 0.000000 0.001160 0.000000 0.004400 0.000107 0.001467 0.000000 0.000000 0.008213 0.000120 0.006707 0.010533 0.002027 0.012533 0.000493 0.000280 0.000000 0.000093 0.000080 0.000000 0.000773 0.000000 0.000000 0.000173 0.000000 0.000000 0.000000 0.000000 0.000000 0.000000 0.000000 0.000133 0.000000 0.000093 0.000000 0.000000 0.000000 0.000120 0.000080 0.000507 0.000000 0.000000 0.000000 0.000080 0.000080 0.000000 0.001933 0.002240 0.000000 0.000000 0.000000 0.000000 0.000000 0.000000 0.000000
0.000853 0.001413 0.000000 0.000173 0.000000 0.002080 0.044653 0.009280 0.000093 0.004853 0.000587 0.000000 0.000067 0.009440 0.000000 0.000000 0.079693 0.001920 0.014573 0.000000 0.019880 0.000267 0.087680 0.003000 0.000000 0.072680 0.043853 0.016907 0.004507 0.010587 0.000000 0.000067 0.000000 0.002600 0.000000 0.001707 0.025413 0.000000 0.000000 0.000000 0.000000 0.000000 0.000000 0.000000 0.000067 0.000000 0.000000 0.000000 0.000000 0.000520 0.003187 0.000120 0.000547 0.000000 0.000320 0.000080 0.009133 0.001067 0.000000 0.005880 0.032280 0.000400 0.000000 0.000000 0.000000 0.000000 0.000000 0.000173
0.000000 0.000000 0.000173 0.000000 0.000467 0.000893 0.003640 0.000080 0.008813 0.057133 0.000000 0.018880 0.000000 0.000227 0.000573 0.000000 0.000000 0.000000 0.000000 0.086293 0.000000 0.000147 0.000000 0.004907 0.000000 0.000187 0.000320 0.151213 0.000480 0.000000 0.000000 0.000000 0.000000 0.000253 0.000000 0.000000 0.000000 0.000947 0.000000 0.000107 0.000600 0.000000 0.000000 0.002747 0.000000 0.000320 0.000000 0.000107 0.000000 0.000000 0.000000 0.000000 0.000000 0.000253 0.000000 0.000000 0.000000 0.001147 0.000000 0.000000 0.000000 0.005333 0.000000 0.000000 0.000000 0.000000 0.000000 0.000000
0.000000 0.001320 0.000000 0.000467 0.000000 0.038627 0.000187 0.007347 0.002787 0.001120 0.001613 0.001253 0.002027 0.000333 0.036133 0.000000 0.000000 0.000253 0.000067 0.000427 0.000000 0.002173 0.000000 0.000307 0.000813 0.000280 0.000707 0.001200 0.000000 0.000093 0.000093 0.002787 0.000000 0.027827 0.000000 0.000000 0.000000 0.000000 0.000000 0.000000 0.000000 0.000000 0.000000 0.000000 0.000000 0.000000 0.000000 0.000000 0.000000 0.000000 0.000000 0.000000 0.000000 0.000000 0.000000 0.000000 0.000000 0.000000 0.000000 0.000000 0.000000 0.000000 0.000000 0.000000 0.000000 0.000000 0.000000 0.000000
0.000293 0.000253 0.002080 0.000893 0.038627 0.000000 0.019253 0.167720 0.001573 0.143413 0.000867 0.044587 0.000573 0.008347 0.019973 0.000000 0.000160 0.000347 0.000280 0.006733 0.000627 0.000107 0.000800 0.002400 0.000187 0.000493 0.000293 0.007080 0.003973 0.001133 0.000000 0.019147 0.000000 0.001600 0.000000 0.000000 0.000000 0.000427 0.000000 0.000000 0.000253 0.000000 0.000000 0.000627 0.000000 0.000107 0.000000 0.000000 0.000000 0.000000 0.000000 0.000000 0.000000 0.000080 0.000000 0.000000 0.000000 0.000307 0.000000 0.000000 0.000000 0.001387 0.000000 0.000000 0.000000 0.000000 0.000000 0.000000
0.014640 0.000320 0.044653 0.003640 0.000187 0.019253 0.000000 0.042560 0.005987 0.181320 0.000653 0.000187 0.000293 0.143520 0.000147 0.000120 0.003987 0.000640 0.002693 0.000267 0.019333 0.000787 0.023680 0.027573 0.000160 0.006867 0.007600 0.345533 0.011693 0.074947 0.000120 0.000240 0.000440 0.003053 0.000000 0.000000 0.000000 0.000280 0.000000 0.000067 0.000200 0.000000 0.000133 0.000413 0.000000 0.000000 0.000000 0.000000 0.000000 0.000000 0.000000 0.000000 0.000000 0.000067 0.000200 0.000000 0.000000 0.000680 0.000000 0.000240 0.000093 0.001907 0.000000 0.000133 0.000000 0.000000 0.000000 0.000000
0.004693 0.000000 0.009280 0.000080 0.007347 0.167720 0.042560 0.000000 0.001240 0.053573 0.001747 0.003147 0.000933 0.202227 0.000653 0.000000 0.002040 0.000853 0.002187 0.001253 0.001707 0.000000 0.003800 0.000520 0.000373 0.001787 0.000360 0.001027 0.014960 0.013960 0.000080 0.071200 0.000000 0.001213 0.000000 0.000000 0.000000 0.000000 0.000000 0.000000 0.000000 0.000000 0.000147 0.000067 0.000000 0.000000 0.000000 0.000000 0.000000 0.000000 0.000000 0.000000 0.000000 0.000000 0.000000 0.000000 0.000000 0.000280 0.000000 0.000000 0.000000 0.000467 0.000000 0.000093 0.000000 0.000000 0.000000 0.000000
0.000373 0.003707 0.000093 0.008813 0.002787 0.001573 0.005987 0.001240 0.000000 0.007467 0.000613 0.004213 0.001867 0.002440 0.003413 0.000000 0.000000 0.000000 0.000000 0.002947 0.000067 0.013280 0.000000 0.032147 0.002627 0.000253 0.001227 0.014387 0.007413 0.003400 0.000000 0.000253 0.000427 0.000493 0.000000 0.000000 0.000000 0.000280 0.000000 0.000000 0.000107 0.000000 0.000000 0.000387 0.000160 0.000160 0.000000 0.000000 0.000000 0.000000 0.000000 0.000000 0.000000 0.000107 0.000000 0.000000 0.000000 0.000387 0.000000 0.000000 0.000000 0.001027 0.000000 0.000120 0.000000 0.000000 0.000000 0.000000
0.000867 0.000173 0.004853 0.057133 0.001120 0.143413 0.181320 0.053573 0.007467 0.000000 0.000867 0.084107 0.000707 0.027427 0.000720 0.000000 0.000227 0.000400 0.000293 0.096133 0.001507 0.000427 0.001587 0.013733 0.000253 0.001080 0.001547 0.165333 0.016080 0.001333 0.000000 0.001933 0.000000 0.005427 0.000000 0.000000 0.000000 0.001160 0.000000 0.000133 0.000720 0.000080 0.000000 0.002760 0.000000 0.000187 0.000000 0.000107 0.000000 0.000000 0.000000 0.000000 0.000000 0.000373 0.000000 0.000000 0.000000 0.001120 0.000000 0.000000 0.000067 0.006600 0.000000 0.000000 0.000000 0.000000 0.000000 0.000000
0.000573 0.000573 0.000587 0.000000 0.001613 0.000867 0.000653 0.001747 0.000613 0.000867 0.000000 0.000667 0.099893 0.003267 0.000133 0.000000 0.002387 0.059120 0.038787 0.000360 0.000000 0.000427 0.000187 0.000493 0.016827 0.050280 0.015773 0.000347 0.011133 0.003347 0.010693 0.006120 0.000000 0.036853 0.000000 0.000000 0.000000 0.000000 0.000000 0.000000 0.000000 0.000000 0.000000 0.000000 0.007080 0.000000 0.005800 0.000000 0.000000 0.000000 0.000000 0.000920 0.000067 0.000000 0.000133 0.000000 0.000000 0.000213 0.000360 0.002653 0.001587 0.000320 0.000187 0.000080 0.000587 0.000147 0.000000 0.000147
0.000000 0.000000 0.000000 0.018880 0.001253 0.044587 0.000187 0.003147 0.004213 0.084107 0.000667 0.000000 0.000320 0.002813 0.000707 0.000000 0.000000 0.000107 0.000080 0.090213 0.000000 0.000000 0.000000 0.003587 0.000080 0.000107 0.000120 0.006760 0.002560 0.000000 0.000000 0.001720 0.000000 0.001040 0.000000 0.000000 0.000000 0.000787 0.000000 0.000000 0.000133 0.000000 0.000000 0.001067 0.000000 0.000387 0.000000 0.000000 0.000000 0.000000 0.000000 0.000000 0.000000 0.000280 0.000000 0.000000 0.000000 0.000467 0.000000 0.000000 0.000000 0.003333 0.000000 0.000000 0.000000 0.000000 0.000000 0.000000
0.000133 0.006480 0.000067 0.000000 0.002027 0.000573 0.000293 0.000933 0.001867 0.000707 0.099893 0.000320 0.000000 0.000653 0.000467 0.000000 0.000000 0.003533 0.001320 0.000187 0.000000 0.003520 0.000000 0.002307 0.055480 0.010733 0.033560 0.000333 0.005227 0.000160 0.023480 0.005147 0.000000 0.015827 0.000000 0.000093 0.000000 0.000000 0.000000 0.000000 0.000000 0.000000 0.000000 0.000000 0.016307 0.000000 0.006293 0.000000 0.000000 0.000000 0.000000 0.000800 0.000067 0.000000 0.000000 0.000000 0.000000 0.000213 0.001613 0.001387 0.000667 0.000173 0.000373 0.000000 0.000373 0.000307 0.000000 0.000440
0.107227 0.000000 0.009440 0.000227 0.000333 0.008347 0.143520 0.202227 0.002440 0.027427 0.003267 0.002813 0.000653 0.000000 0.000000 0.000000 0.004413 0.001693 0.004333 0.001640 0.001227 0.000093 0.004173 0.000573 0.000413 0.002280 0.000600 0.001253 0.115533 0.056000 0.000000 0.014067 0.000000 0.002813 0.000000 0.000000 0.000000 0.000000 0.000000 0.000067 0.000080 0.000000 0.000267 0.000107 0.000000 0.000000 0.000000 0.000000 0.000000 0.000000 0.000000 0.000000 0.000000 0.000000 0.000320 0.000000 0.000000 0.001147 0.000000 0.000000 0.000000 0.001773 0.000000 0.000227 0.000000 0.000000 0.000000 0.000000
0.000000 0.001160 0.000000 0.000573 0.036133 0.019973 0.000147 0.000653 0.003413 0.000720 0.000133 0.000707 0.000467 0.000000 0.000000 0.000000 0.000000 0.000000 0.000000 0.000107 0.000000 0.002200 0.000000 0.000147 0.000600 0.000000 0.000440 0.001147 0.000080 0.000000 0.000000 0.001107 0.000000 0.000000 0.000000 0.000000 0.000000 0.000000 0.000000 0.000000 0.000000 0.000000 0.000000 0.000000 0.000000 0.000000 0.000000 0.000000 0.000000 0.000000 0.000000 0.000000 0.000000 0.000000 0.000000 0.000000 0.000000 0.000000 0.000000 0.000000 0.000000 0.000000 0.000000 0.000000 0.000000 0.000000 0.000000 0.000000
0.000000 0.000000 0.000000 0.000000 0.000000 0.000000 0.000120 0.000000 0.000000 0.000000 0.000000 0.000000 0.000000 0.000000 0.000000 0.000000 0.000000 0.000000 0.000000 0.000000 0.036147 0.028533 0.041733 0.007813 0.000000 0.000147 0.040933 0.001613 0.000000 0.000440 0.000000 0.000000 0.000000 0.000147 0.000000 0.000000 0.000000 0.000000 0.000000 0.000000 0.000000 0.000000 0.000000 0.000000 0.000000 0.000000 0.000000 0.000000 0.000000 0.009627 0.000000 0.000000 0.000000 0.000000 0.002880 0.001520 0.008733 0.000387 0.000000 0.000000 0.003120 0.000200 0.000000 0.000000 0.000000 0.000000 0.000000 0.000000
0.001227 0.004400 0.079693 0.000000 0.000000 0.000160 0.003987 0.002040 0.000000 0.000227 0.002387 0.000000 0.000000 0.004413 0.000000 0.000000 0.000000 0.005107 0.031853 0.000000 0.008813 0.000080 0.025547 0.000960 0.000000 0.016880 0.115747 0.001160 0.004400 0.022920 0.000000 0.000000 0.000000 0.003667 0.000000 0.001227 0.002160 0.000000 0.000000 0.000000 0.000000 0.000000 0.000000 0.000000 0.000000 0.000000 0.000000 0.000000 0.000000 0.000000 0.000360 0.000080 0.000493 0.000000 0.000000 0.000000 0.000467 0.000187 0.000000 0.005467 0.005547 0.000133 0.000000 0.000000 0.000000 0.000000 0.000000 0.000000
0.000440 0.000107 0.001920 0.000000 0.000253 0.000347 0.000640 0.000853 0.000000 0.000400 0.059120 0.000107 0.003533 0.001693 0.000000 0.000000 0.005107 0.000000 0.070213 0.000093 0.000107 0.000080 0.000453 0.000280 0.005160 0.047520 0.012573 0.000227 0.004533 0.003600 0.002053 0.000840 0.000000 0.007547 0.000000 0.000107 0.000000 0.000000 0.000000 0.000000 0.000000 0.000000 0.000000 0.000000 0.001707 0.000000 0.003573 0.000000 0.000000 0.000000 0.000000 0.001013 0.000107 0.000000 0.000000 0.000000 0.000000 0.000160 0.000320 0.003147 0.002227 0.000187 0.000000 0.000000 0.000627 0.000000 0.000000 0.000000
0.001133 0.001467 0.014573 0.000000 0.000067 0.000280 0.002693 0.002187 0.000000 0.000293 0.038787 0.000080 0.001320 0.004333 0.000000 0.000000 0.031853 0.070213 0.000000 0.000000 0.000747 0.000120 0.005093 0.001320 0.005493 0.107280 0.049200 0.000973 0.006667 0.008147 0.000347 0.000173 0.000080 0.021400 0.000000 0.000600 0.000147 0.000000 0.000000 0.000000 0.000000 0.000000 0.000000 0.000000 0.000387 0.000000 0.000947 0.000000 0.000000 0.000000 0.000000 0.000813 0.001067 0.000000 0.000000 0.000000 0.000000 0.000307 0.000347 0.014987 0.011067 0.000213 0.000000 0.000000 0.000280 0.000000 0.000000 0.000000
0.000000 0.000000 0.000000 0.086293 0.000427 0.006733 0.000267 0.001253 0.002947 0.096133 0.000360 0.090213 0.000187 0.001640 0.000107 0.000000 0.000000 0.000093 0.000000 0.000000 0.000000 0.000000 0.000000 0.004413 0.000000 0.000093 0.000093 0.018627 0.001747 0.000000 0.000000 0.000467 0.000000 0.000387 0.000000 0.000000 0.000000 0.000333 0.000000 0.000000 0.000147 0.000000 0.000000 0.000840 0.000000 0.000173 0.000000 0.000000 0.000000 0.000000 0.000000 0.000000 0.000000 0.000107 0.000000 0.000000 0.000000 0.000307 0.000000 0.000000 0.000000 0.001640 0.000000 0.000000 0.000000 0.000000 0.000000 0.000000
0.000267 0.000000 0.019880 0.000000 0.000000 0.000627 0.019333 0.001707 0.000067 0.001507 0.000000 0.000000 0.000000 0.001227 0.000000 0.036147 0.008813 0.000107 0.000747 0.000000 0.000000 0.011853 0.134133 0.002213 0.000000 0.000987 0.008027 0.041680 0.000760 0.121253 0.000000 0.000000 0.000000 0.011013 0.000000 0.000000 0.000000 0.000000 0.000000 0.000000 0.000067 0.000000 0.000120 0.000000 0.000000 0.000000 0.000000 0.000000 0.000000 0.004587 0.000000 0.000000 0.000000 0.000000 0.017973 0.001213 0.003360 0.002480 0.000000 0.000000 0.000360 0.001800 0.000000 0.000667 0.000000 0.000000 0.000000 0.000000
0.000000 0.008213 0.000267 0.000147 0.002173 0.000107 0.000787 0.000000 0.013280 0.000427 0.000427 0.000000 0.003520 0.000093 0.002200 0.028533 0.000080 0.000080 0.000120 0.000000 0.011853 0.000000 0.013493 0.035093 0.004680 0.000507 0.049667 0.004440 0.000427 0.000813 0.000067 0.000200 0.000000 0.000280 0.000000 0.000000 0.000080 0.000000 0.000000 0.000000 0.000000 0.000000 0.000133 0.000000 0.000120 0.000000 0.000080 0.000000 0.000000 0.002520 0.000000 0.000000 0.000000 0.000000 0.004587 0.000000 0.001080 0.001120 0.000000 0.000093 0.001080 0.000813 0.000000 0.000080 0.000000 0.000000 0.000000 0.000000
0.000667 0.000120 0.087680 0.000000 0.000000 0.000800 0.023680 0.003800 0.000000 0.001587 0.000187 0.000000 0.000000 0.004173 0.000000 0.041733 0.025547 0.000453 0.005093 0.000000 0.134133 0.013493 0.000000 0.004093 0.000000 0.007000 0.090573 0.023640 0.001053 0.055027 0.000000 0.000000 0.000000 0.026067 0.000000 0.000240 0.004000 0.000000 0.000000 0.000000 0.000000 0.000000 0.000000 0.000000 0.000000 0.000000 0.000000 0.000000 0.000000 0.023173 0.000080 0.000000 0.000000 0.000000 0.004587 0.001747 0.029107 0.000693 0.000000 0.000107 0.021307 0.000400 0.000000 0.000000 0.000000 0.000000 0.000000 0.000000
0.000000 0.006707 0.003000 0.004907 0.000307 0.002400 0.027573 0.000520 0.032147 0.013733 0.000493 0.003587 0.002307 0.000573 0.000147 0.007813 0.000960 0.000280 0.001320 0.004413 0.002213 0.035093 0.004093 0.000000 0.002773 0.004000 0.050640 0.077493 0.006053 0.004307 0.000173 0.000133 0.001573 0.003067 0.000000 0.000000 0.000107 0.000160 0.000000 0.000067 0.000240 0.000000 0.001040 0.000307 0.000160 0.000080 0.000133 0.000080 0.000000 0.000160 0.000000 0.000000 0.000000 0.000000 0.003520 0.000000 0.000080 0.004000 0.000000 0.000467 0.000280 0.005067 0.000000 0.000507 0.000000 0.000000 0.000000 0.000000
0.000000 0.010533 0.000000 0.000000 0.000813 0.000187 0.000160 0.000373 0.002627 0.000253 0.016827 0.000080 0.055480 0.000413 0.000600 0.000000 0.000000 0.005160 0.005493 0.000000 0.000000 0.004680 0.000000 0.002773 0.000000 0.015080 0.026480 0.000240 0.001360 0.000080 0.003653 0.001280 0.000000 0.003627 0.000000 0.000000 0.000000 0.000000 0.000000 0.000000 0.000000 0.000000 0.000000 0.000000 0.001947 0.000000 0.002360 0.000000 0.000000 0.000000 0.000000 0.000267 0.000000 0.000000 0.000000 0.000000 0.000000 0.000093 0.000253 0.001027 0.000880 0.000093 0.000000 0.000000 0.000147 0.000000 0.000000 0.000067
0.000373 0.002027 0.072680 0.000187 0.000280 0.000493 0.006867 0.001787 0.000253 0.001080 0.050280 0.000107 0.010733 0.002280 0.000000 0.000147 0.016880 0.047520 0.107280 0.000093 0.000987 0.000507 0.007000 0.004000 0.015080 0.000000 0.136027 0.004827 0.003827 0.002693 0.006333 0.000720 0.000000 0.005360 0.000000 0.002307 0.001707 0.000000 0.000000 0.000000 0.000000 0.000000 0.000000 0.000000 0.003267 0.000000 0.007627 0.000000 0.000000 0.000173 0.000747 0.002453 0.002667 0.000000 0.000107 0.000133 0.000173 0.000960 0.001253 0.038907 0.029627 0.000453 0.000000 0.000000 0.001187 0.000000 0.000000 0.000093
0.000173 0.012533 0.043853 0.000320 0.000707 0.000293 0.007600 0.000360 0.001227 0.001547 0.015773 0.000120 0.033560 0.000600 0.000440 0.040933 0.115747 0.012573 0.049200 0.000093 0.008027 0.049667 0.090573 0.050640 0.026480 0.136027 0.000000 0.026227 0.002747 0.001640 0.007960 0.000533 0.000080 0.023853 0.000000 0.003813 0.022427 0.000000 0.000000 0.000000 0.000107 0.000000 0.000000 0.000000 0.002213 0.000000 0.004267 0.000000 0.000000 0.006573 0.003320 0.001787 0.001640 0.000000 0.000653 0.001507 0.018600 0.001440 0.000520 0.018120 0.055733 0.000893 0.000000 0.000107 0.000653 0.000000 0.000000 0.000267
0.000173 0.000493 0.016907 0.151213 0.001200 0.007080 0.345533 0.001027 0.014387 0.165333 0.000347 0.006760 0.000333 0.001253 0.001147 0.001613 0.001160 0.000227 0.000973 0.018627 0.041680 0.004440 0.023640 0.077493 0.000240 0.004827 0.026227 0.000000 0.007187 0.069413 0.000093 0.000067 0.002360 0.003240 0.000000 0.000000 0.000000 0.001227 0.000000 0.000093 0.000747 0.000240 0.000333 0.003187 0.000000 0.000253 0.000000 0.000187 0.000000 0.000227 0.000000 0.000000 0.000000 0.000373 0.003787 0.000000 0.000080 0.003600 0.000000 0.000173 0.000200 0.009733 0.000000 0.000387 0.000000 0.000000 0.000000 0.000000
0.055707 0.000280 0.004507 0.000480 0.000000 0.003973 0.011693 0.014960 0.007413 0.016080 0.011133 0.002560 0.005227 0.115533 0.000080 0.000000 0.004400 0.004533 0.006667 0.001747 0.000760 0.000427 0.001053 0.006053 0.001360 0.003827 0.002747 0.007187 0.000000 0.058693 0.000493 0.001173 0.027013 0.016973 0.000000 0.000000 0.000000 0.000000 0.000000 0.000120 0.000213 0.000067 0.000507 0.000160 0.000147 0.000000 0.000067 0.000107 0.000000 0.000120 0.000000 0.000000 0.000000 0.000000 0.001653 0.000000 0.000000 0.002960 0.000000 0.000173 0.000107 0.004800 0.000000 0.000640 0.000000 0.000000 0.000000 0.000000
0.022907 0.000000 0.010587 0.000000 0.000093 0.001133 0.074947 0.013960 0.003400 0.001333 0.003347 0.000000 0.000160 0.056000 0.000000 0.000440 0.022920 0.003600 0.008147 0.000000 0.121253 0.000813 0.055027 0.004307 0.000080 0.002693 0.001640 0.069413 0.058693 0.000000 0.000000 0.000160 0.005507 0.031853 0.000000 0.000000 0.000000 0.000000 0.000000 0.000000 0.000000 0.000000 0.000173 0.000000 0.000000 0.000000 0.000000 0.000080 0.000000 0.000800 0.000000 0.000000 0.000000 0.000000 0.004053 0.000200 0.000667 0.001360 0.000000 0.000133 0.000160 0.001747 0.000000 0.000360 0.000000 0.000000 0.000000 0.000000
0.000000 0.000093 0.000000 0.000000 0.000093 0.000000 0.000120 0.000080 0.000000 0.000000 0.010693 0.000000 0.023480 0.000000 0.000000 0.000000 0.000000 0.002053 0.000347 0.000000 0.000000 0.000067 0.000000 0.000173 0.003653 0.006333 0.007960 0.000093 0.000493 0.000000 0.000000 0.000267 0.000000 0.000653 0.000000 0.000000 0.000000 0.000000 0.000000 0.000000 0.000000 0.000000 0.000000 0.000000 0.001120 0.000000 0.001667 0.000000 0.000000 0.000000 0.000000 0.000227 0.000000 0.000000 0.000000 0.000000 0.000000 0.000000 0.000080 0.000427 0.000213 0.000000 0.000000 0.000000 0.000107 0.000000 0.000000 0.000000
0.000267 0.000080 0.000067 0.000000 0.002787 0.019147 0.000240 0.071200 0.000253 0.001933 0.006120 0.001720 0.005147 0.014067 0.001107 0.000000 0.000000 0.000840 0.000173 0.000467 0.000000 0.000200 0.000000 0.000133 0.001280 0.000720 0.000533 0.000067 0.001173 0.000160 0.000267 0.000000 0.000000 0.019520 0.000000 0.000000 0.000000 0.000000 0.000000 0.000000 0.000000 0.000000 0.000000 0.000000 0.000080 0.000000 0.000000 0.000000 0.000000 0.000000 0.000000 0.000000 0.000000 0.000000 0.000080 0.000000 0.000000 0.000080 0.000000 0.000000 0.000000 0.000280 0.000000 0.000080 0.000000 0.000000 0.000000 0.000000
0.000000 0.000000 0.000000 0.000000 0.000000 0.000000 0.000440 0.000000 0.000427 0.000000 0.000000 0.000000 0.000000 0.000000 0.000000 0.000000 0.000000 0.000000 0.000080 0.000000 0.000000 0.000000 0.000000 0.001573 0.000000 0.000000 0.000080 0.002360 0.027013 0.005507 0.000000 0.000000 0.000000 0.005640 0.000000 0.000000 0.000000 0.000000 0.000000 0.000000 0.000000 0.000000 0.000000 0.000000 0.000000 0.000000 0.000000 0.000000 0.000000 0.000000 0.000000 0.000000 0.000000 0.000000 0.000107 0.000000 0.000000 0.000000 0.000000 0.000000 0.000000 0.000093 0.000000 0.000000 0.000000 0.000000 0.000000 0.000000
0.000347 0.000773 0.002600 0.000253 0.027827 0.001600 0.003053 0.001213 0.000493 0.005427 0.036853 0.001040 0.015827 0.002813 0.000000 0.000147 0.003667 0.007547 0.021400 0.000387 0.011013 0.000280 0.026067 0.003067 0.003627 0.005360 0.023853 0.003240 0.016973 0.031853 0.000653 0.019520 0.005640 0.000000 0.000000 0.000080 0.000147 0.000000 0.000000 0.000000 0.000147 0.000000 0.000000 0.000093 0.000400 0.000000 0.000333 0.000000 0.000000 0.000000 0.000000 0.000067 0.000093 0.000000 0.000520 0.000000 0.000093 0.000947 0.000000 0.001560 0.001240 0.002253 0.000000 0.000240 0.000000 0.000000 0.000000 0.000000
0.000000 0.000000 0.000000 0.000000 0.000000 0.000000 0.000000 0.000000 0.000000 0.000000 0.000000 0.000000 0.000000 0.000000 0.000000 0.000000 0.000000 0.000000 0.000000 0.000000 0.000000 0.000000 0.000000 0.000000 0.000000 0.000000 0.000000 0.000000 0.000000 0.000000 0.000000 0.000000 0.000000 0.000000 0.000000 0.000000 0.000000 0.000000 0.000000 0.000533 0.017520 0.003973 0.000000 0.000000 0.000160 0.000000 0.000000 0.117427 0.000000 0.000000 0.000187 0.000080 0.000000 0.000000 0.000133 0.000000 0.000173 0.000000 0.000000 0.000160 0.000000 0.000000 0.000733 0.017587 0.000000 0.000067 0.000000 0.000320
0.000000 0.000000 0.001707 0.000000 0.000000 0.000000 0.000000 0.000000 0.000000 0.000000 0.000000 0.000000 0.000093 0.000000 0.000000 0.000000 0.001227 0.000107 0.000600 0.000000 0.000000 0.000000 0.000240 0.000000 0.000000 0.002307 0.003813 0.000000 0.000000 0.000000 0.000000 0.000000 0.000000 0.000080 0.000000 0.000000 0.002147 0.000000 0.001333 0.000213 0.000000 0.000000 0.001293 0.000000 0.000387 0.000000 0.011213 0.000000 0.000747 0.000333 0.001867 0.000680 0.003227 0.000000 0.000000 0.004173 0.000853 0.006333 0.012293 0.017227 0.069667 0.000480 0.000000 0.000000 0.000093 0.000120 0.000000 0.000400
0.000000 0.000173 0.025413 0.000000 0.000000 0.000000 0.000000 0.000000 0.000000 0.000000 0.000000 0.000000 0.000000 0.000000 0.000000 0.000000 0.002160 0.000000 0.000147 0.000000 0.000000 0.000080 0.004000 0.000107 0.000000 0.001707 0.022427 0.000000 0.000000 0.000000 0.000000 0.000000 0.000000 0.000147 0.000000 0.002147 0.000000 0.000613 0.000000 0.000373 0.018667 0.001960 0.000000 0.005733 0.000747 0.000093 0.000000 0.005547 0.000067 0.000600 0.034707 0.001053 0.009680 0.000120 0.007093 0.000160 0.135800 0.003480 0.000000 0.050867 0.079387 0.007280 0.000000 0.004707 0.000000 0.000000 0.000000 0.000400
0.000000 0.000000 0.000000 0.000947 0.000000 0.000427 0.000280 0.000000 0.000280 0.001160 0.000000 0.000787 0.000000 0.000000 0.000000 0.000000 0.000000 0.000000 0.000000 0.000333 0.000000 0.000000 0.000000 0.000160 0.000000 0.000000 0.000000 0.001227 0.000000 0.000000 0.000000 0.000000 0.000000 0.000000 0.000000 0.000000 0.000613 0.000000 0.000000 0.001213 0.000133 0.000187 0.001107 0.082840 0.000000 0.022533 0.000000 0.000000 0.000187 0.000000 0.000080 0.000000 0.000000 0.051320 0.000093 0.000000 0.000093 0.027000 0.000000 0.000533 0.000240 0.103600 0.000000 0.000000 0.000000 0.000000 0.000000 0.000000
0.000000 0.000000 0.000000 0.000000 0.000000 0.000000 0.000000 0.000000 0.000000 0.000000 0.000000 0.000000 0.000000 0.000000 0.000000 0.000000 0.000000 0.000000 0.000000 0.000000 0.000000 0.000000 0.000000 0.000000 0.000000 0.000000 0.000000 0.000000 0.000000 0.000000 0.000000 0.000000 0.000000 0.000000 0.000000 0.001333 0.000000 0.000000 0.000000 0.041840 0.000733 0.008507 0.000773 0.003013 0.000653 0.000507 0.001227 0.001360 0.042093 0.000000 0.000000 0.000107 0.000173 0.000307 0.000000 0.001253 0.000000 0.000147 0.000400 0.000413 0.001360 0.000413 0.000000 0.000200 0.000000 0.016880 0.000000 0.005653
0.000000 0.000000 0.000000 0.000107 0.000000 0.000000 0.000067 0.000000 0.000000 0.000133 0.000000 0.000000 0.000000 0.000067 0.000000 0.000000 0.000000 0.000000 0.000000 0.000000 0.000000 0.000000 0.000000 0.000067 0.000000 0.000000 0.000000 0.000093 0.000120 0.000000 0.000000 0.000000 0.000000 0.000000 0.000533 0.000213 0.000373 0.001213 0.041840 0.000000 0.016067 0.140253 0.000227 0.116880 0.000440 0.011467 0.000467 0.033893 0.046960 0.000000 0.000147 0.000187 0.000000 0.004707 0.000680 0.000227 0.000240 0.000280 0.000107 0.000427 0.000280 0.017507 0.003213 0.000800 0.000000 0.017600 0.000000 0.002187
0.000000 0.000000 0.000000 0.000600 0.000000 0.000253 0.000200 0.000000 0.000107 0.000720 0.000000 0.000133 0.000000 0.000080 0.000000 0.000000 0.000000 0.000000 0.000000 0.000147 0.000067 0.000000 0.000000 0.000240 0.000000 0.000000 0.000107 0.000747 0.000213 0.000000 0.000000 0.000000 0.000000 0.000147 0.017520 0.000000 0.018667 0.000133 0.000733 0.016067 0.000000 0.051333 0.000800 0.264400 0.002427 0.000160 0.000227 0.277467 0.001560 0.000000 0.008653 0.000960 0.002400 0.000120 0.036267 0.000000 0.021280 0.000827 0.000000 0.005693 0.002107 0.262813 0.000920 0.130387 0.000000 0.000160 0.000000 0.002787
0.000000 0.000000 0.000000 0.000000 0.000000 0.000000 0.000000 0.000000 0.000000 0.000080 0.000000 0.000000 0.000000 0.000000 0.000000 0.000000 0.000000 0.000000 0.000000 0.000000 0.000000 0.000000 0.000000 0.000000 0.000000 0.000000 0.000000 0.000240 0.000067 0.000000 0.000000 0.000000 0.000000 0.000000 0.003973 0.000000 0.001960 0.000187 0.008507 0.140253 0.051333 0.000000 0.000093 0.120160 0.001587 0.001560 0.000773 0.351680 0.011920 0.000000 0.001867 0.001627 0.001520 0.000973 0.002200 0.000000 0.001480 0.000133 0.000000 0.002280 0.000427 0.005253 0.024387 0.009040 0.000120 0.018440 0.000000 0.002493
0.000000 0.000000 0.000000 0.000000 0.000000 0.000000 0.000133 0.000147 0.000000 0.000000 0.000000 0.000000 0.000000 0.000267 0.000000 0.000000 0.000000 0.000000 0.000000 0.000000 0.000120 0.000133 0.000000 0.001040 0.000000 0.000000 0.000000 0.000333 0.000507 0.000173 0.000000 0.000000 0.000000 0.000000 0.000000 0.001293 0.000000 0.001107 0.000773 0.000227 0.000800 0.000093 0.000000 0.001440 0.000093 0.001747 0.001680 0.000187 0.000293 0.000427 0.000000 0.000000 0.000000 0.000333 0.003067 0.014240 0.000000 0.025653 0.000640 0.000267 0.001440 0.013147 0.000000 0.000427 0.000000 0.000147 0.000000 0.000000
0.000000 0.000000 0.000000 0.002747 0.000000 0.000627 0.000413 0.000067 0.000387 0.002760 0.000000 0.001067 0.000000 0.000107 0.000000 0.000000 0.000000 0.000000 0.000000 0.000840 0.000000 0.000000 0.000000 0.000307 0.000000 0.000000 0.000000 0.003187 0.000160 0.000000 0.000000 0.000000 0.000000 0.000093 0.000000 0.000000 0.005733 0.082840 0.003013 0.116880 0.264400 0.120160 0.001440 0.000000 0.000587 0.028640 0.000387 0.035987 0.006333 0.000000 0.000547 0.000547 0.000533 0.095640 0.007093 0.000000 0.003560 0.004613 0.000000 0.003053 0.001173 0.364987 0.000920 0.001067 0.000000 0.000453 0.000000 0.000547
0.000000 0.000133 0.000067 0.000000 0.000000 0.000000 0.000000 0.000000 0.000160 0.000000 0.007080 0.000000 0.016307 0.000000 0.000000 0.000000 0.000000 0.001707 0.000387 0.000000 0.000000 0.000120 0.000000 0.000160 0.001947 0.003267 0.002213 0.000000 0.000147 0.000000 0.001120 0.000080 0.000000 0.000400 0.000160 0.000387 0.000747 0.000000 0.000653 0.000440 0.002427 0.001587 0.000093 0.000587 0.000000 0.000093 0.058653 0.005280 0.000000 0.000187 0.008907 0.133747 0.048280 0.000067 0.003493 0.000000 0.005840 0.000293 0.015320 0.079160 0.005200 0.000387 0.016560 0.006027 0.008613 0.008413 0.000000 0.049027
0.000000 0.000000 0.000000 0.000320 0.000000 0.000107 0.000000 0.000000 0.000160 0.000187 0.000000 0.000387 0.000000 0.000000 0.000000 0.000000 0.000000 0.000000 0.000000 0.000173 0.000000 0.000000 0.000000 0.000080 0.000000 0.000000 0.000000 0.000253 0.000000 0.000000 0.000000 0.000000 0.000000 0.000000 0.000000 0.000000 0.000093 0.022533 0.000507 0.011467 0.000160 0.001560 0.001747 0.028640 0.000093 0.000000 0.000000 0.000347 0.001040 0.000000 0.000000 0.000107 0.000080 0.030827 0.000000 0.000000 0.000000 0.003440 0.000000 0.000147 0.000107 0.014987 0.000120 0.000000 0.000000 0.000080 0.000000 0.000000
0.000000 0.000093 0.000000 0.000000 0.000000 0.000000 0.000000 0.000000 0.000000 0.000000 0.005800 0.000000 0.006293 0.000000 0.000000 0.000000 0.000000 0.003573 0.000947 0.000000 0.000000 0.000080 0.000000 0.000133 0.002360 0.007627 0.004267 0.000000 0.000067 0.000000 0.001667 0.000000 0.000000 0.000333 0.000000 0.011213 0.000000 0.000000 0.001227 0.000467 0.000227 0.000773 0.001680 0.000387 0.058653 0.000000 0.000000 0.001373 0.000733 0.000173 0.000000 0.003293 0.000333 0.000067 0.000000 0.002653 0.000000 0.005627 0.048773 0.026200 0.069467 0.000387 0.005080 0.000067 0.022053 0.002893 0.000000 0.006000
0.000000 0.000000 0.000000 0.000107 0.000000 0.000000 0.000000 0.000000 0.000000 0.000107 0.000000 0.000000 0.000000 0.000000 0.000000 0.000000 0.000000 0.000000 0.000000 0.000000 0.000000 0.000000 0.000000 0.000080 0.000000 0.000000 0.000000 0.000187 0.000107 0.000080 0.000000 0.000000 0.000000 0.000000 0.117427 0.000000 0.005547 0.000000 0.001360 0.033893 0.277467 0.351680 0.000187 0.035987 0.005280 0.000347 0.001373 0.000000 0.001160 0.000000 0.008440 0.003653 0.004480 0.000267 0.006467 0.000000 0.006867 0.000067 0.000093 0.005427 0.000867 0.002600 0.099320 0.051507 0.000453 0.046733 0.000000 0.009787
0.000000 0.000000 0.000000 0.000000 0.000000 0.000000 0.000000 0.000000 0.000000 0.000000 0.000000 0.000000 0.000000 0.000000 0.000000 0.000000 0.000000 0.000000 0.000000 0.000000 0.000000 0.000000 0.000000 0.000000 0.000000 0.000000 0.000000 0.000000 0.000000 0.000000 0.000000 0.000000 0.000000 0.000000 0.000000 0.000747 0.000067 0.000187 0.042093 0.046960 0.001560 0.011920 0.000293 0.006333 0.000000 0.001040 0.000733 0.001160 0.000000 0.000000 0.000000 0.000000 0.000107 0.000373 0.000000 0.000947 0.000000 0.000120 0.000320 0.000200 0.000987 0.000653 0.000120 0.000133 0.000000 0.007200 0.000000 0.000000
0.000000 0.000000 0.000520 0.000000 0.000000 0.000000 0.000000 0.000000 0.000000 0.000000 0.000000 0.000000 0.000000 0.000000 0.000000 0.009627 0.000000 0.000000 0.000000 0.000000 0.004587 0.002520 0.023173 0.000160 0.000000 0.000173 0.006573 0.000227 0.000120 0.000800 0.000000 0.000000 0.000000 0.000000 0.000000 0.000333 0.000600 0.000000 0.000000 0.000000 0.000000 0.000000 0.000427 0.000000 0.000187 0.000000 0.000173 0.000000 0.000000 0.000000 0.000387 0.000093 0.000253 0.000000 0.036440 0.029133 0.068520 0.008960 0.000093 0.001240 0.031973 0.001280 0.000000 0.000000 0.000000 0.000000 0.000000 0.000400
0.000000 0.000120 0.003187 0.000000 0.000000 0.000000 0.000000 0.000000 0.000000 0.000000 0.000000 0.000000 0.000000 0.000000 0.000000 0.000000 0.000360 0.000000 0.000000 0.000000 0.000000 0.000000 0.000080 0.000000 0.000000 0.000747 0.003320 0.000000 0.000000 0.000000 0.000000 0.000000 0.000000 0.000000 0.000187 0.001867 0.034707 0.000080 0.000000 0.000147 0.008653 0.001867 0.000000 0.000547 0.008907 0.000000 0.000000 0.008440 0.000000 0.000387 0.000000 0.003347 0.029707 0.000000 0.014773 0.000000 0.067987 0.001413 0.000000 0.040280 0.040373 0.002253 0.000000 0.025173 0.000000 0.000000 0.000000 0.023293
0.000000 0.000080 0.000120 0.000000 0.000000 0.000000 0.000000 0.000000 0.000000 0.000000 0.000920 0.000000 0.000800 0.000000 0.000000 0.000000 0.000080 0.001013 0.000813 0.000000 0.000000 0.000000 0.000000 0.000000 0.000267 0.002453 0.001787 0.000000 0.000000 0.000000 0.000227 0.000000 0.000000 0.000067 0.000080 0.000680 0.001053 0.000000 0.000107 0.000187 0.000960 0.001627 0.000000 0.000547 0.133747 0.000107 0.003293 0.003653 0.000000 0.000093 0.003347 0.000000 0.064187 0.000000 0.001000 0.000000 0.001693 0.000307 0.001427 0.072667 0.011947 0.000267 0.004720 0.001907 0.001640 0.001120 0.000000 0.008800
0.000000 0.000507 0.000547 0.000000 0.000000 0.000000 0.000000 0.000000 0.000000 0.000000 0.000067 0.000000 0.000067 0.000000 0.000000 0.000000 0.000493 0.000107 0.001067 0.000000 0.000000 0.000000 0.000000 0.000000 0.000000 0.002667 0.001640 0.000000 0.000000 0.000000 0.000000 0.000000 0.000000 0.000093 0.000000 0.003227 0.009680 0.000000 0.000173 0.000000 0.002400 0.001520 0.000000 0.000533 0.048280 0.000080 0.000333 0.004480 0.000107 0.000253 0.029707 0.064187 0.000000 0.000067 0.002267 0.000173 0.007600 0.001587 0.000613 0.104707 0.032760 0.000680 0.001973 0.005547 0.000240 0.000413 0.000000 0.035533
0.000000 0.000000 0.000000 0.000253 0.000000 0.000080 0.000067 0.000000 0.000107 0.000373 0.000000 0.000280 0.000000 0.000000 0.000000 0.000000 0.000000 0.000000 0.000000 0.000107 0.000000 0.000000 0.000000 0.000000 0.000000 0.000000 0.000000 0.000373 0.000000 0.000000 0.000000 0.000000 0.000000 0.000000 0.000000 0.000000 0.000120 0.051320 0.000307 0.004707 0.000120 0.000973 0.000333 0.095640 0.000067 0.030827 0.000067 0.000267 0.000373 0.000000 0.000000 0.000000 0.000067 0.000000 0.000000 0.000000 0.000000 0.003240 0.000000 0.000093 0.000093 0.022947 0.000067 0.000000 0.000000 0.000000 0.000000 0.000000
0.000000 0.000000 0.000320 0.000000 0.000000 0.000000 0.000200 0.000000 0.000000 0.000000 0.000133 0.000000 0.000000 0.000320 0.000000 0.002880 0.000000 0.000000 0.000000 0.000000 0.017973 0.004587 0.004587 0.003520 0.000000 0.000107 0.000653 0.003787 0.001653 0.004053 0.000000 0.000080 0.000107 0.000520 0.000133 0.000000 0.007093 0.000093 0.000000 0.000680 0.036267 0.002200 0.003067 0.007093 0.003493 0.000000 0.000000 0.006467 0.000000 0.036440 0.014773 0.001000 0.002267 0.000000 0.000000 0.008520 0.298787 0.008120 0.000000 0.003160 0.011200 0.065680 0.000000 0.097893 0.000000 0.000000 0.000000 0.018293
0.000000 0.000000 0.000080 0.000000 0.000000 0.000000 0.000000 0.000000 0.000000 0.000000 0.000000 0.000000 0.000000 0.000000 0.000000 0.001520 0.000000 0.000000 0.000000 0.000000 0.001213 0.000000 0.001747 0.000000 0.000000 0.000133 0.001507 0.000000 0.000000 0.000200 0.000000 0.000000 0.000000 0.000000 0.000000 0.004173 0.000160 0.000000 0.001253 0.000227 0.000000 0.000000 0.014240 0.000000 0.000000 0.000000 0.002653 0.000000 0.000947 0.029133 0.000000 0.000000 0.000173 0.000000 0.008520 0.000000 0.006973 0.017587 0.001533 0.000493 0.030013 0.001867 0.000000 0.000000 0.000000 0.000240 0.000000 0.000107
0.000000 0.000080 0.009133 0.000000 0.000000 0.000000 0.000000 0.000000 0.000000 0.000000 0.000000 0.000000 0.000000 0.000000 0.000000 0.008733 0.000467 0.000000 0.000000 0.000000 0.003360 0.001080 0.029107 0.000080 0.000000 0.000173 0.018600 0.000080 0.000000 0.000667 0.000000 0.000000 0.000000 0.000093 0.000173 0.000853 0.135800 0.000093 0.000000 0.000240 0.021280 0.001480 0.000000 0.003560 0.005840 0.000000 0.000000 0.006867 0.000000 0.068520 0.067987 0.001693 0.007600 0.000000 0.298787 0.006973 0.000000 0.005467 0.000000 0.018080 0.059240 0.016453 0.000080 0.050320 0.000000 0.000000 0.000000 0.018573
0.000187 0.000080 0.001067 0.001147 0.000000 0.000307 0.000680 0.000280 0.000387 0.001120 0.000213 0.000467 0.000213 0.001147 0.000000 0.000387 0.000187 0.000160 0.000307 0.000307 0.002480 0.001120 0.000693 0.004000 0.000093 0.000960 0.001440 0.003600 0.002960 0.001360 0.000000 0.000080 0.000000 0.000947 0.000000 0.006333 0.003480 0.027000 0.000147 0.000280 0.000827 0.000133 0.025653 0.004613 0.000293 0.003440 0.005627 0.000067 0.000120 0.008960 0.001413 0.000307 0.001587 0.003240 0.008120 0.017587 0.005467 0.000000 0.002693 0.010867 0.037653 0.134400 0.000000 0.000000 0.000173 0.000000 0.000000 0.000987
0.000000 0.000000 0.000000 0.000000 0.000000 0.000000 0.000000 0.000000 0.000000 0.000000 0.000360 0.000000 0.001613 0.000000 0.000000 0.000000 0.000000 0.000320 0.000347 0.000000 0.000000 0.000000 0.000000 0.000000 0.000253 0.001253 0.000520 0.000000 0.000000 0.000000 0.000080 0.000000 0.000000 0.000000 0.000000 0.012293 0.000000 0.000000 0.000400 0.000107 0.000000 0.000000 0.000640 0.000000 0.015320 0.000000 0.048773 0.000093 0.000320 0.000093 0.000000 0.001427 0.000613 0.000000 0.000000 0.001533 0.000000 0.002693 0.000000 0.015573 0.059813 0.000187 0.000520 0.000000 0.003920 0.000440 0.000000 0.000520
0.000000 0.001933 0.005880 0.000000 0.000000 0.000000 0.000240 0.000000 0.000000 0.000000 0.002653 0.000000 0.001387 0.000000 0.000000 0.000000 0.005467 0.003147 0.014987 0.000000 0.000000 0.000093 0.000107 0.000467 0.001027 0.038907 0.018120 0.000173 0.000173 0.000133 0.000427 0.000000 0.000000 0.001560 0.000160 0.017227 0.050867 0.000533 0.000413 0.000427 0.005693 0.002280 0.000267 0.003053 0.079160 0.000147 0.026200 0.005427 0.000200 0.001240 0.040280 0.072667 0.104707 0.000093 0.003160 0.000493 0.018080 0.010867 0.015573 0.000000 0.180653 0.005933 0.004240 0.003000 0.009707 0.001533 0.000000 0.007600
0.000000 0.002240 0.032280 0.000000 0.000000 0.000000 0.000093 0.000000 0.000000 0.000067 0.001587 0.000000 0.000667 0.000000 0.000000 0.003120 0.005547 0.002227 0.011067 0.000000 0.000360 0.001080 0.021307 0.000280 0.000880 0.029627 0.055733 0.000200 0.000107 0.000160 0.000213 0.000000 0.000000 0.001240 0.000000 0.069667 0.079387 0.000240 0.001360 0.000280 0.002107 0.000427 0.001440 0.001173 0.005200 0.000107 0.069467 0.000867 0.000987 0.031973 0.040373 0.011947 0.032760 0.000093 0.011200 0.030013 0.059240 0.037653 0.059813 0.180653 0.000000 0.016000 0.000880 0.000893 0.008560 0.000333 0.000000 0.020893
0.000080 0.000000 0.000400 0.005333 0.000000 0.001387 0.001907 0.000467 0.001027 0.006600 0.000320 0.003333 0.000173 0.001773 0.000000 0.000200 0.000133 0.000187 0.000213 0.001640 0.001800 0.000813 0.000400 0.005067 0.000093 0.000453 0.000893 0.009733 0.004800 0.001747 0.000000 0.000280 0.000093 0.002253 0.000000 0.000480 0.007280 0.103600 0.000413 0.017507 0.262813 0.005253 0.013147 0.364987 0.000387 0.014987 0.000387 0.002600 0.000653 0.001280 0.002253 0.000267 0.000680 0.022947 0.065680 0.001867 0.016453 0.134400 0.000187 0.005933 0.016000 0.000000 0.000080 0.057213 0.000067 0.000133 0.000000 0.000787
0.000000 0.000000 0.000000 0.000000 0.000000 0.000000 0.000000 0.000000 0.000000 0.000000 0.000187 0.000000 0.000373 0.000000 0.000000 0.000000 0.000000 0.000000 0.000000 0.000000 0.000000 0.000000 0.000000 0.000000 0.000000 0.000000 0.000000 0.000000 0.000000 0.000000 0.000000 0.000000 0.000000 0.000000 0.000733 0.000000 0.000000 0.000000 0.000000 0.003213 0.000920 0.024387 0.000000 0.000920 0.016560 0.000120 0.005080 0.099320 0.000120 0.000000 0.000000 0.004720 0.001973 0.000067 0.000000 0.000000 0.000080 0.000000 0.000520 0.004240 0.000880 0.000080 0.000000 0.005053 0.000907 0.035333 0.000000 0.044947
0.000000 0.000000 0.000000 0.000000 0.000000 0.000000 0.000133 0.000093 0.000120 0.000000 0.000080 0.000000 0.000000 0.000227 0.000000 0.000000 0.000000 0.000000 0.000000 0.000000 0.000667 0.000080 0.000000 0.000507 0.000000 0.000000 0.000107 0.000387 0.000640 0.000360 0.000000 0.000080 0.000000 0.000240 0.017587 0.000000 0.004707 0.000000 0.000200 0.000800 0.130387 0.009040 0.000427 0.001067 0.006027 0.000000 0.000067 0.051507 0.000133 0.000000 0.025173 0.001907 0.005547 0.000000 0.097893 0.000000 0.050320 0.000000 0.000000 0.003000 0.000893 0.057213 0.005053 0.000000 0.000000 0.000000 0.000000 0.020240
0.000000 0.000000 0.000000 0.000000 0.000000 0.000000 0.000000 0.000000 0.000000 0.000000 0.000587 0.000000 0.000373 0.000000 0.000000 0.000000 0.000000 0.000627 0.000280 0.000000 0.000000 0.000000 0.000000 0.000000 0.000147 0.001187 0.000653 0.000000 0.000000 0.000000 0.000107 0.000000 0.000000 0.000000 0.000000 0.000093 0.000000 0.000000 0.000000 0.000000 0.000000 0.000120 0.000000 0.000000 0.008613 0.000000 0.022053 0.000453 0.000000 0.000000 0.000000 0.001640 0.000240 0.000000 0.000000 0.000000 0.000000 0.000173 0.003920 0.009707 0.008560 0.000067 0.000907 0.000000 0.000000 0.000453 0.000000 0.000987
