1.000000000000000000e+00 2.817198967257064091e-01 -4.411461267416886822e-01 6.048833293208091266e-01 -4.970505119660311166e-01 -1.394811731920117814e-01 5.260928277663794450e-01 -6.112917008229983296e-01 4.699165363237557402e-01 3.658583105628915311e-02 -5.196446317698042439e-01 4.701569759839936413e-01 -4.397261713416787954e-01 -2.536426753432664549e-01 4.543291234975747189e-02 9.770958790430746277e-02 5.809394965865526395e-01 -8.320245499474103468e-02 4.725311990215909641e-01 6.889042104197531380e-01 -2.222663539732077156e-02 4.898029336724705751e-01 4.675521330675204423e-02 5.512973064457872274e-01 1.402420430091658177e-01 2.571032914490859467e-01 -3.882021796948292303e-01 4.536528816194818070e-01 4.760661054846950790e-01 2.862501461439916906e-01 2.363629171032186893e-01 -5.405245048093005877e-01 3.806325277600604018e-01 4.211906586364830285e-01 6.217471624655315221e-01 1.009732015507940617e-01 -3.129980750797068945e-01 5.814680459826147008e-01 -3.459370161316455139e-01 -2.946107051902879248e-01 4.654126504425099009e-01 -5.671186207062932638e-01 1.572832101401601956e-01 2.378396679386895474e-01 -4.516934179771124325e-01 1.873097814048884091e-01 -3.864336545524263977e-01 -5.638925208687481372e-02 -1.222925444675038442e-01 7.508231575756599274e-02 4.369125232688206850e-01 -5.985145153470297075e-01 1.056143482801472494e-01 6.111564630217417582e-01 2.659242551838438828e-01 3.282499125805450335e-01 1.556049311287086186e-02 5.293931774169700066e-01 6.094605810798721379e-02 2.119837837801251401e-01 -4.772468548077318795e-01 3.757336796816247437e-01 3.180954965266816759e-01 4.791673327260955184e-01 4.047669905543886670e-02 -1.382444588828357912e-01 -3.261945142919723400e-02 3.830202323683296606e-01
2.817198967257064091e-01 1.000000000000000000e+00 5.937581801567300144e-02 1.362759552466016044e-01 1.878091756766180412e-02 9.896253654935313615e-02 4.767456701048255474e-01 -6.102920884632814097e-02 2.555360047328621431e-01 1.379782033510537076e-01 -4.386664874576317458e-02 1.442116205308410781e-01 -1.698888958789764383e-02 1.717225767878600429e-01 4.355735973282200135e-02 2.256926060267077094e-01 3.132454084812692496e-01 -5.823787059726878018e-02 1.493856548943374996e-01 1.916891340894776030e-01 1.739301710409479618e-01 6.311569220022037463e-01 2.586776539203105019e-01 5.317232227883795792e-01 4.652030684915767766e-01 6.112836555294667296e-01 2.777336485686244250e-01 4.069879954875046391e-01 4.348494847788439421e-01 5.663881616092063531e-01 9.335410228422987011e-02 -1.078776733552023748e-01 3.818149497019733274e-01 3.949567006380595435e-01 4.722915456294891068e-01 6.196163151348895726e-01 1.503655062281528676e-01 2.079982581755604742e-01 7.841826596354029011e-02 6.602153287848532004e-02 6.035826536232691275e-01 -2.153620222338521479e-03 3.046689262860172165e-01 1.959591041227008168e-01 9.278293908319119876e-02 1.089317596216474587e-01 -1.071989405295481652e-02 3.316539354160732422e-01 1.014450934873420695e-01 3.054306757671544914e-01 3.871555811988890428e-01 -3.272081940935372968e-02 2.896320342169830253e-01 2.429252547380263971e-01 1.872115756793870101e-01 6.772652580640616815e-01 2.203718350238026980e-01 6.015032148908888709e-01 4.582473325797017383e-01 5.650244472829425435e-01 1.650857739243394851e-01 2.966414210190049805e-01 4.491256767310868869e-01 5.193983329071766297e-01 1.495541475700548108e-02 3.926653097204849813e-02 1.938765655448118908e-01 4.951813754822235181e-01
-4.411461267416886822e-01 5.937581801567300144e-02 1.000000000000000000e+00 -1.125467288372585667e-01 5.569308102882016831e-01 2.777680700359552723e-01 2.498216890952436112e-03 7.302171135909455435e-01 -3.122720968322996726e-01 4.446878633432185257e-01 3.732792609836558806e-01 -6.279559983955594615e-02 5.009421669238982577e-01 6.540510521050977299e-01 -1.374903092546066741e-01 6.685014869456813447e-01 -3.696939895959207578e-01 2.536715605754678513e-02 -4.780262595417363314e-01 -2.174665905995121495e-01 7.398723192549010452e-01 -7.749342348326704322e-02 7.344400899058992627e-01 -1.213335542471691009e-01 1.998294241107465286e-01 4.209696150411640914e-01 8.941634332135558472e-01 2.640676751864507454e-01 -7.969118566474193976e-02 -6.040436960411028205e-02 -1.058436706892326301e-01 6.172139245578034394e-01 -8.028932251751140503e-02 -3.591338043125610335e-01 -2.588118362953655827e-01 1.888336572068398389e-01 8.594227042127505767e-01 -1.595271613116988896e-01 2.504699344925747084e-01 6.450272789355074865e-01 6.149938562154345922e-02 7.743946760092184078e-01 -1.246497074515134224e-01 3.182176935367885817e-01 3.188410795486490978e-01 8.502886533125852964e-02 3.669987114389924310e-01 3.981684744062496950e-01 1.176127691162271033e-01 6.089703278286964228e-01 -2.975896769993217617e-01 4.378482692618437255e-01 -2.300166399714733967e-01 -1.700559269037240362e-01 5.125317238116259277e-01 -1.701071550190285178e-02 7.072653197178599971e-01 -1.413741472067485960e-01 3.426000137398767936e-02 2.981239822483803259e-01 8.632312610941917930e-01 3.467680605006875916e-01 5.338113506382476808e-02 -1.892023650049511896e-01 -1.525980215513316474e-01 -9.757196833980377737e-02 2.274798315301813645e-01 -2.648477327439652251e-01
6.048833293208091266e-01 1.362759552466016044e-01 -1.125467288372585667e-01 1.000000000000000000e+00 -2.349169199174642175e-01 3.406416456125383463e-01 5.808450739511684668e-01 -1.983757301638747750e-01 5.741354603936617007e-01 5.438517107103004733e-01 -1.830655051005096179e-01 8.676666120087357381e-01 4.776490339719247774e-02 4.965653834570446512e-02 2.775058931135633289e-01 3.610583074080626620e-01 2.111194915765113866e-01 1.185879178822824148e-01 2.375076218823198859e-01 8.289565592691378049e-01 3.544842356591550447e-01 4.282335694672265713e-01 4.207394965369639639e-01 6.432493403448955593e-01 1.982813920933206575e-01 2.235753229736978653e-01 -6.033982756307991469e-02 7.065611878611759433e-01 4.945279165879645777e-01 -5.422731294467077884e-02 1.025762237005731908e-01 -1.716874989061765722e-01 4.520101591292552401e-01 3.418226269383071170e-01 4.840888388088209759e-01 -3.464887329153920614e-02 -1.148646487780108916e-01 9.258332105847125737e-01 -1.327853304598083373e-01 1.794234216296596018e-01 3.995019763828104864e-01 -2.507729894487364386e-01 3.751329806464970273e-01 6.802942816117776292e-01 -2.024910572260278097e-01 7.147319947009387331e-01 5.937415002672011624e-03 2.507817761648757360e-01 1.489456177705140993e-01 4.209754563664175331e-01 6.240163371783965379e-02 -3.033287890954247668e-01 -6.900809878888167215e-02 8.615600449095032198e-01 5.196069483820818791e-01 2.851772303350754711e-01 3.750992839860949335e-01 5.895378674854733214e-01 -8.547793012886208130e-02 1.312262828757266020e-01 -1.742566773357568100e-01 7.272864229089737176e-01 4.259998305461299428e-01 6.548506841881653051e-02 2.134865087181742616e-01 -5.219559274689788975e-02 1.270406169242236372e-01 2.634052111837820731e-01
-4.970505119660311166e-01 1.878091756766180412e-02 5.569308102882016831e-01 -2.349169199174642175e-01 1.000000000000000000e+00 3.945457216012064894e-01 -1.841670776958246603e-01 6.944926427550511816e-01 -2.083210602957325241e-01 3.342708571128315542e-01 5.304771378488098987e-01 -1.075410257569620748e-01 4.641119471409581587e-01 5.275308536793713587e-01 4.565460676619750857e-02 1.736204268009905460e-01 -4.996401980355650863e-01 9.237841746373211260e-02 -3.882223365276433746e-01 -3.474116149059866543e-01 2.631114183437510690e-01 -2.051731811791127624e-01 2.279333268477816143e-01 -2.135705929731362973e-01 -2.985090895759009988e-02 -4.516173317196864323e-02 5.598295859977381328e-01 -1.308635201443843210e-01 -1.088449114538320682e-02 -2.425385099868259120e-01 -2.732186102292389895e-01 6.838315226183989681e-01 -1.379122441326783299e-01 -2.643756670911531215e-01 -2.845682032091230163e-01 2.036329297794582938e-01 3.773412489981202156e-01 -2.065055246758042418e-01 5.512442072489360800e-01 5.413132934413711350e-01 -2.292480917043607236e-01 6.018207893423743737e-01 9.693683648227427452e-02 1.828673010711017732e-01 5.107868476682265735e-01 1.135465328508131894e-01 4.687505042755261697e-01 4.010765994905815535e-01 2.422113764619472642e-01 2.721915251309163231e-01 -3.496388282621712973e-01 5.714658324022636737e-01 -1.398599712209126211e-01 -2.747767382630880717e-01 -3.269016990020066210e-02 -4.231471928448121006e-02 2.296262048709379888e-01 -1.960375283677379399e-01 -1.012676606387756702e-02 -8.743791774189983712e-02 5.974536525715873347e-01 -2.003604306767685708e-02 2.719817934226118582e-03 -4.198267276976468398e-01 9.482242597850186472e-02 2.573731055483888808e-01 2.086214630125554359e-01 -2.128152598355148306e-01
-1.394811731920117814e-01 9.896253654935313615e-02 2.777680700359552723e-01 3.406416456125383463e-01 3.945457216012064894e-01 1.000000000000000222e+00 1.362603942521709577e-01 5.614144911769710644e-01 1.950631242381624386e-01 7.798046101408360187e-01 6.398153957593596397e-01 5.343634007310831269e-01 6.010981245186687305e-01 5.656032446515721901e-01 4.210671105480494614e-01 1.605391210574893535e-01 -3.652848966504592121e-01 3.305515063280349275e-01 -1.100159566514869180e-01 2.090390522282901398e-01 2.635179257159917521e-01 3.029900928589523632e-02 3.424309948291684447e-01 1.988531559037940988e-01 6.569142678025105542e-02 -1.331471864243523491e-02 3.785965094074172921e-01 2.255142525631768369e-01 3.739509760150629969e-01 -2.070195054056803707e-01 -4.175386254053534141e-01 5.111821076824840659e-01 3.595374267640701338e-01 1.986116879005170310e-01 1.878300578282402211e-01 6.550893391180068193e-02 1.385840348611590278e-01 3.700750115218975900e-01 4.615836790049271943e-01 6.759933775475832629e-01 2.848621846833790730e-02 4.050658402562347105e-01 3.931711166884258035e-01 6.850505934284328857e-01 6.022738076558321607e-01 7.472054397201002285e-01 6.577242395452576051e-01 6.457092144117924093e-01 4.466286372981621566e-01 3.894370412538640802e-01 -1.926122351403497523e-01 5.656923787373334678e-01 6.574182379911978902e-02 3.155175586027921808e-01 1.349880350808228269e-01 1.236277901836179416e-01 3.374314406970951863e-01 1.985453398311835815e-01 -3.384294913336609312e-02 -8.026190783888874358e-02 3.901018034581066884e-01 2.995109862566066594e-01 4.434985866800794652e-01 -3.594386613796461960e-01 3.638061859563559985e-01 3.270917330193182648e-01 3.314471344924356244e-01 1.073065341389636274e-01
5.260928277663794450e-01 4.767456701048255474e-01 2.498216890952436112e-03 5.808450739511684668e-01 -1.841670776958246603e-01 1.362603942521709577e-01 9.999999999999997780e-01 -2.404155010310505824e-01 6.702596971930891989e-01 2.909285962685710381e-01 -3.089496617944330614e-01 4.641574401277626105e-01 -3.057426575420220741e-02 8.668352874255115526e-02 1.730486573254802762e-01 3.387618352933773336e-01 4.135824704816829511e-01 8.627977143197157472e-02 2.933592879521665364e-01 5.383894486322565731e-01 2.625291525101464130e-01 6.505368865748805129e-01 3.308717421325372832e-01 8.689812960228497918e-01 5.504494056794810852e-01 5.939431737602687278e-01 1.332924574549463059e-01 7.099175690680199491e-01 4.647306258644630095e-01 3.762989087179131609e-01 2.028749609854470504e-01 -2.431154270678025364e-01 4.841112578456169269e-01 3.045434897879796265e-01 4.815449303506033618e-01 2.595095280818702221e-01 6.287530073606274750e-02 6.105636352981635984e-01 -6.982421317365671010e-02 3.832198124153015500e-02 8.313787998099289034e-01 -2.020119230778434916e-01 4.893347105872373759e-01 4.355053654502147875e-01 -2.132394132642149165e-01 3.245917937105215478e-01 -1.193976488342544245e-01 2.644022587804207847e-01 1.683511648455635890e-01 3.309789669515884603e-01 1.983620607900884458e-01 -3.063274923825735074e-01 -7.666170563469057800e-03 5.771985951284126504e-01 4.191622728401666609e-01 5.519357648387475113e-01 2.747400212466086233e-01 7.982689798176103579e-01 3.639854922090510203e-01 5.025232971738268217e-01 -5.683632307353801011e-02 5.878508084889303431e-01 4.641739205139440716e-01 4.454438226821326174e-01 6.028178665057615931e-02 -1.161681341135744477e-02 1.134129881944860030e-01 3.773520167888149146e-01
-6.112917008229983296e-01 -6.102920884632814097e-02 7.302171135909455435e-01 -1.983757301638747750e-01 6.944926427550511816e-01 5.614144911769710644e-01 -2.404155010310505824e-01 1.000000000000000000e+00 -3.437685995895851110e-01 5.480713990326083751e-01 7.018151789153680431e-01 -2.825167700415495697e-02 6.952828144150908773e-01 7.952023122920143239e-01 -2.015513899673774048e-02 3.069780481210016010e-01 -6.367679781723832866e-01 1.292493770393827179e-01 -5.561706165693566239e-01 -3.280366883980930237e-01 4.480261889471056080e-01 -2.816204338409189489e-01 4.811501304396065271e-01 -3.067555641553828538e-01 -8.136170291854816217e-02 5.683226212423637264e-02 7.304358037947265014e-01 -2.206320660020573768e-02 1.229581355433425824e-02 -2.539689625862943667e-01 -4.159868532770923388e-01 8.810745639106816185e-01 1.144368838800534447e-03 -2.917001918903409097e-01 -3.432676303220707492e-01 4.515144968967559763e-02 6.260220197251562535e-01 -2.004996961891142015e-01 4.584926416026542939e-01 8.327211418055066039e-01 -2.070856986381319764e-01 9.188264954712930255e-01 6.359370137333896465e-03 3.522329249182332145e-01 6.569178150593582011e-01 2.586030784477870714e-01 6.971459410475775442e-01 5.217624843607129304e-01 2.320997658748006620e-01 4.216973547246934961e-01 -4.125768814676743501e-01 7.987862252946777986e-01 -1.546150526105352641e-01 -2.127929615451790712e-01 1.969215135371256697e-01 -6.797815378540415787e-02 5.075859933171668059e-01 -2.730300316376963465e-01 -1.104267620585399901e-01 -5.399221948194816122e-03 8.320871746556329773e-01 1.033298155362851606e-01 1.310724289703011358e-01 -4.585891869776799190e-01 3.776108258913484644e-02 1.204388589375843949e-01 3.090763746024106640e-01 -2.676920685555265189e-01
4.699165363237557402e-01 2.555360047328621431e-01 -3.122720968322996726e-01 5.741354603936617007e-01 -2.083210602957325241e-01 1.950631242381624386e-01 6.702596971930891989e-01 -3.437685995895851110e-01 9.999999999999998890e-01 1.961932856940358794e-01 -1.769296264576391831e-01 5.386819782756496755e-01 2.067315585090130983e-02 -1.207428041408493552e-01 4.014753347920199111e-01 -3.644304080327444295e-02 2.836332868549659714e-01 2.735374378046162569e-01 4.276234023166142206e-01 5.339596859455165712e-01 -8.057056996637983193e-02 4.017701645884315109e-01 -1.510216369662929943e-02 7.510304311432954849e-01 3.786131498242614191e-01 9.242917469940961639e-02 -1.783200230709281187e-01 3.592421894902868562e-01 4.045708849501917781e-01 4.610663998787486312e-02 8.686508247314711495e-02 -2.923476718976278921e-01 4.508751148527135877e-01 5.017530896108050031e-01 4.543955203517728303e-01 1.133173292653940206e-01 -3.342730667769961972e-01 6.548444937488419049e-01 7.110978934452644173e-02 -8.814728442151811838e-02 4.436607538898623693e-01 -4.187392418132021565e-01 7.236313512378917956e-01 3.096922160098010135e-01 -1.193636720304343396e-01 4.554632810778048158e-01 -4.639586256685546140e-02 1.648535327029189146e-01 2.736284740381632608e-01 3.305833001135079219e-02 1.438846048230813524e-01 -2.527122268192031895e-01 1.045280667198532770e-01 5.716219028914991673e-01 5.028365201509452098e-02 3.208075276860891667e-01 -3.428254589036132394e-02 6.688081202534278402e-01 2.676498795167575606e-01 5.016806056046684698e-02 -2.965412989030962732e-01 2.874148364030175706e-01 3.525250241766804127e-01 1.064763823062233605e-01 2.995563707892717753e-01 1.446110367841266786e-01 1.355343069017100888e-01 4.098725278823132090e-01
3.658583105628915311e-02 1.379782033510537076e-01 4.446878633432185257e-01 5.438517107103004733e-01 3.342708571128315542e-01 7.798046101408360187e-01 2.909285962685710381e-01 5.480713990326083751e-01 1.961932856940358794e-01 1.000000000000000222e+00 3.914955869244449715e-01 6.924393276894399429e-01 5.324058228651170621e-01 6.253019800434208575e-01 2.652012242454129254e-01 5.369232672008565910e-01 -3.276632752141662164e-01 1.315418280011895757e-01 -2.965084688509825872e-01 4.032336376239691877e-01 6.286881959327964564e-01 1.720554170424375418e-01 6.714692379580006198e-01 3.235736414321223053e-01 1.554720973517996763e-01 2.176279753740669176e-01 5.336430848530705484e-01 5.581432221260700377e-01 4.442466927232968099e-01 -2.023786131673835642e-01 -2.376868095650891410e-01 5.190197823968021318e-01 4.000430503291029782e-01 6.699388865458130726e-02 2.259337692293500455e-01 1.062288058769655930e-01 3.713388930184527981e-01 5.085950667390679580e-01 2.951321381514219189e-01 8.005150044599100845e-01 1.786023794374441420e-01 5.037088074351879774e-01 3.048385185372953221e-01 9.533686300237055322e-01 3.574276124234398999e-01 8.011334307075197447e-01 5.057921786988043289e-01 5.945348302864763568e-01 3.380896268789986281e-01 6.414298027027990345e-01 -2.641354694657266355e-01 3.870543749354930507e-01 -1.397328466301855365e-01 5.014359796508061073e-01 5.425808777548284390e-01 2.325810882984567507e-01 6.440298129609115518e-01 3.092738523343294688e-01 -5.624062796462966918e-02 1.175554658167256433e-01 5.071673518393231550e-01 6.600675560909391448e-01 4.576743022455428966e-01 -2.503780299988243585e-01 1.369146483830411820e-01 6.397118073052904252e-02 3.929963959469070511e-01 5.258716009910322647e-02
-5.196446317698042439e-01 -4.386664874576317458e-02 3.732792609836558806e-01 -1.830655051005096179e-01 5.304771378488098987e-01 6.398153957593596397e-01 -3.089496617944330614e-01 7.018151789153680431e-01 -1.769296264576391831e-01 3.914955869244449715e-01 1.000000000000000222e+00 6.358111238800295828e-02 7.636014625674030221e-01 5.867504083430286066e-01 2.831588988526710926e-01 -2.390686986858117993e-02 -5.583366594710645892e-01 3.911332471052962889e-01 -1.669970589157812879e-01 -2.439278729887642272e-01 4.835112232663058007e-02 -3.620920986158696064e-01 1.406902488398549533e-01 -3.127765275336704121e-01 -6.474687164302270204e-02 -1.822475374782686064e-01 4.289265562784431718e-01 -2.846052084061957421e-01 -1.017012170884531649e-02 -3.364289367305398071e-01 -5.811511240882379914e-01 5.990305411759325738e-01 1.746188306122711809e-02 1.632375632826646786e-02 -1.563390332420219742e-01 2.546949515863099200e-02 2.143580878353108510e-01 -1.889927251154765175e-01 4.842586546790877411e-01 5.753142037247629403e-01 -3.437556223612512341e-01 5.630621737565919549e-01 1.383374317833604705e-01 2.093284862397621626e-01 8.437792313079094386e-01 3.536645388148068059e-01 8.333717291376381286e-01 5.417949981334884146e-01 3.502874861988223287e-01 1.999228028632063225e-01 -2.399061420219865681e-01 8.656619299426449032e-01 1.608827553500228880e-01 -1.849269272254321916e-01 -1.626174088358004755e-01 -2.041955881796583272e-01 1.722403543416077265e-01 -2.988317814334676137e-01 -2.829747871354870714e-02 -2.245903733867961327e-01 5.331535958161947031e-01 -1.830324584541093424e-01 1.135783032391846775e-01 -5.333682455293639046e-01 4.059325467066169368e-01 3.982379334773196722e-01 2.471063111484524122e-01 -1.509010104636556437e-01
4.701569759839936413e-01 1.442116205308410781e-01 -6.279559983955594615e-02 8.676666120087357381e-01 -1.075410257569620748e-01 5.343634007310831269e-01 4.641574401277626105e-01 -2.825167700415495697e-02 5.386819782756496755e-01 6.924393276894399429e-01 6.358111238800295828e-02 1.000000000000000000e+00 2.138792553872461699e-01 1.963927570887631646e-01 4.153094022719074907e-01 3.364926927879439700e-01 -8.484140255799391475e-03 2.621662845891312710e-01 1.316954799268479637e-01 7.989683192779710730e-01 3.598721886134040315e-01 3.328832290163520335e-01 4.246834537401822929e-01 5.573681364917916214e-01 1.168917621690731545e-01 1.282585016259342736e-01 3.300190599154127769e-02 6.163229018304470230e-01 5.656291584888287760e-01 -1.856890900161772828e-01 -1.023373361569782231e-01 -2.846446052557572576e-02 4.755770466494951276e-01 4.051461697818768970e-01 4.782748653455778376e-01 -8.603785605337280207e-02 -9.221881981918533810e-02 8.416399382180577149e-01 5.911590010979208415e-03 3.446541597544993119e-01 2.708705210942823349e-01 -1.145514286166334772e-01 4.586503370462715612e-01 7.817750431860096549e-01 1.979088327034152911e-02 8.832272492925967722e-01 2.148990691127023178e-01 3.817167484203105032e-01 2.685555482714123698e-01 4.423883216532512042e-01 -4.333324987734989142e-02 -3.862151315417458597e-02 -2.023152155605841343e-02 8.693053814807397695e-01 4.428987381313002070e-01 2.470801953820797869e-01 3.811596262614395103e-01 5.295585675142510107e-01 -1.352620665106793463e-01 1.972640530966854669e-02 -4.889803828643699696e-02 6.581317487214886075e-01 4.808130206263182549e-01 -1.201200233757957203e-01 3.229160402648124095e-01 2.985871519585442738e-02 2.360147820197323332e-01 2.929918279412530024e-01
-4.397261713416787954e-01 -1.698888958789764383e-02 5.009421669238982577e-01 4.776490339719247774e-02 4.641119471409581587e-01 6.010981245186687305e-01 -3.057426575420220741e-02 6.952828144150908773e-01 2.067315585090130983e-02 5.324058228651170621e-01 7.636014625674030221e-01 2.138792553872461699e-01 1.000000000000000000e+00 6.119009461719344678e-01 2.384338040071346532e-01 2.254165627606868894e-01 -5.538330575723273697e-01 2.652594460185304648e-01 -2.828902738487902857e-01 -7.187661464487191121e-02 2.831949307212026090e-01 -2.042729683296486132e-01 3.570338271885860615e-01 -7.312834116568701914e-02 1.313927239885643583e-01 -2.157310598445934952e-02 5.330568479581839769e-01 -5.024496919500727118e-03 4.961646877827174257e-02 -3.933825361346667826e-01 -2.659291919520136438e-01 5.820279999358097811e-01 7.660316925539556454e-02 -8.044056757868271734e-02 -2.082513883157929291e-01 4.321687015643237151e-02 3.574083035700251765e-01 3.354962403686003597e-02 4.363475470735114770e-01 6.562721817111978329e-01 -1.268073678164952367e-01 5.998870314455289066e-01 2.577690396161023134e-01 3.879733777567359043e-01 6.928448656196308786e-01 4.396875542858631469e-01 7.943114376507858232e-01 5.520817141765277380e-01 3.512630607193851229e-01 3.299705496989430165e-01 -4.014230190992278402e-01 7.304003518496133829e-01 -4.856959939268354343e-02 2.323726994776427381e-03 7.649891625439951548e-02 -6.842935279508657875e-02 3.363691429425196833e-01 -1.150501630515372853e-01 7.234920993675286738e-02 -8.381813157186210339e-02 5.856322272401449647e-01 8.660008708093035190e-02 1.727313226422662051e-01 -5.453074527946284444e-01 2.891736911677296185e-01 2.492765559298047995e-01 2.568528540890652190e-01 -1.721698026297375506e-01
-2.536426753432664549e-01 1.717225767878600429e-01 6.540510521050977299e-01 4.965653834570446512e-02 5.275308536793713587e-01 5.656032446515721901e-01 8.668352874255115526e-02 7.952023122920143239e-01 -1.207428041408493552e-01 6.253019800434208575e-01 5.867504083430286066e-01 1.963927570887631646e-01 6.119009461719344678e-01 1.000000000000000222e+00 1.376039461990099799e-01 4.317901614405645905e-01 -3.622600304075912492e-01 1.094982680731993729e-01 -3.107157965626997087e-01 -6.078882116241521999e-02 5.192488077079211450e-01 1.317756184089924863e-02 5.973341031954378932e-01 -1.609772802885216583e-02 1.377243914701470062e-01 3.334804494405624875e-01 7.592175246402385058e-01 2.222088949591647933e-01 3.446685414988465146e-01 -5.380575412258119250e-02 -3.076658983103401912e-01 6.621358844773910235e-01 2.022267572823726323e-01 -8.484610736768077865e-02 7.999316184929919707e-03 1.777388838586891340e-01 6.079195053294227380e-01 2.967691423603981832e-02 3.481650459413264675e-01 8.144449072153501223e-01 1.122780027175040579e-01 7.972845163923583112e-01 1.358898799413305880e-01 4.934832620308281514e-01 5.740388720031153191e-01 3.958057233109531503e-01 5.771161834228258902e-01 7.338265054184274216e-01 2.987496633225150688e-01 5.367162702278155395e-01 -2.042170129278191026e-01 6.401692641338306844e-01 -2.529464542033945176e-02 3.524558965106209391e-02 3.706260230901434749e-01 1.186815227189617350e-01 5.976504910993805098e-01 6.854820771507672168e-03 4.592819498202110190e-02 2.772918287299050988e-01 7.630484342027300526e-01 3.046502082602878247e-01 3.957787040040799398e-01 -2.187107942851604370e-01 4.088244177889308051e-02 1.454088103566521517e-01 4.393464587582603942e-01 -3.170223452685710930e-02
4.543291234975747189e-02 4.355735973282200135e-02 -1.374903092546066741e-01 2.775058931135633289e-01 4.565460676619750857e-02 4.210671105480494614e-01 1.730486573254802762e-01 -2.015513899673774048e-02 4.014753347920199111e-01 2.652012242454129254e-01 2.831588988526710926e-01 4.153094022719074907e-01 2.384338040071346532e-01 1.376039461990099799e-01 9.999999999999998890e-01 -1.350914011179449870e-01 -3.869668946840978171e-03 2.992410149750560633e-01 2.120392731058699520e-01 2.549803650795091636e-01 -5.002162432282344223e-02 -2.005553354639393743e-02 -2.197077304515299145e-02 2.649320499114589111e-01 1.051882511214868449e-01 -1.219347855856195845e-01 -4.846537742560137751e-02 4.025769948257067882e-02 2.358188868939463667e-01 -1.609320427854842861e-01 -1.528999475940637787e-01 -6.176166560422467755e-02 1.420164332255589856e-01 2.810394762613228070e-01 2.633079899117848344e-01 2.144968592630602799e-02 -2.241628519323736191e-01 2.896020388920592104e-01 1.751182575654293694e-01 7.777032991634337533e-02 8.745896417804829848e-02 -1.362217419093594284e-01 5.117467457827208355e-01 2.558812330826144565e-01 2.561868190857508609e-01 5.028713374461377672e-01 2.718080537398375185e-01 3.749294791779914648e-01 4.588968494895847017e-01 1.176616082095716456e-02 1.954020133698504413e-02 1.898879538287834012e-01 1.371834594264722818e-01 2.783756505629044753e-01 -9.773017861982895294e-02 -2.236955315963951030e-02 -4.062849273588768281e-03 2.431882529543935023e-01 -2.107036523398189004e-02 -1.084539995466300699e-01 -5.139305414197872790e-02 4.398293485837372757e-02 2.045896372300133048e-01 -1.849613633945779989e-01 3.144570234175463330e-01 2.644377148312213599e-01 1.586557422014136798e-01 1.540808723310032047e-01
9.770958790430746277e-02 2.256926060267077094e-01 6.685014869456813447e-01 3.610583074080626620e-01 1.736204268009905460e-01 1.605391210574893535e-01 3.387618352933773336e-01 3.069780481210016010e-01 -3.644304080327444295e-02 5.369232672008565910e-01 -2.390686986858117993e-02 3.364926927879439700e-01 2.254165627606868894e-01 4.317901614405645905e-01 -1.350914011179449870e-01 9.999999999999997780e-01 -5.351952830837899272e-02 -1.399184014744032645e-01 -3.226927704844134714e-01 2.720712990964834765e-01 8.588312963581267168e-01 3.080444746120125643e-01 8.627530638880632763e-01 2.944320965283476754e-01 3.498403921173346420e-01 5.817492855258565854e-01 6.725038213797389641e-01 6.844944776132878550e-01 1.855602680667484683e-01 6.940173356673760841e-02 9.294646438880128925e-02 2.411000279455634276e-01 1.043363442034630495e-01 -1.854058161468425947e-01 8.377424071788169835e-02 1.658968599692438040e-01 6.905626918500881173e-01 2.933424567125410554e-01 -6.162130005646309847e-03 4.847241146517051735e-01 3.992499255204913222e-01 4.315538578570524697e-01 -4.609894309379090893e-02 5.721355754546847416e-01 -7.294877338299320113e-02 2.624156711717158252e-01 9.929402643324172772e-02 2.611098780687010623e-01 2.344196233740150973e-02 7.752188427183398511e-01 -1.459897587423385212e-01 5.694482500425577989e-04 -2.864330319521664059e-01 2.899685268768669721e-01 8.325198672225535557e-01 2.566613836317523933e-01 7.817056031006113237e-01 2.838589726771135191e-01 5.440646491404496632e-02 4.888147921869713253e-01 5.616857164216212395e-01 7.433807028926633365e-01 1.759469469200595493e-01 1.134678902520010885e-01 -1.089490456035376031e-01 -2.741469385616799870e-01 2.408709457791558817e-01 -7.968961727468866496e-02
5.809394965865526395e-01 3.132454084812692496e-01 -3.696939895959207578e-01 2.111194915765113866e-01 -4.996401980355650863e-01 -3.652848966504592121e-01 4.135824704816829511e-01 -6.367679781723832866e-01 2.836332868549659714e-01 -3.276632752141662164e-01 -5.583366594710645892e-01 -8.484140255799391475e-03 -5.538330575723273697e-01 -3.622600304075912492e-01 -3.869668946840978171e-03 -5.351952830837899272e-02 1.000000000000000000e+00 -1.733637811008784391e-01 6.040899018362206885e-01 3.160549311190396504e-01 -1.398493657566140524e-01 4.297975614268714772e-01 -9.521249040785331741e-02 3.813397708270784836e-01 3.117546037530868897e-01 3.542995269730958574e-01 -3.010398801773389033e-01 2.364644492955227939e-01 1.549760308957240929e-01 5.886748269368039521e-01 3.495014007663447830e-01 -6.012942351328564028e-01 1.545166198074879038e-01 3.281174642768164840e-01 3.836752375799323267e-01 2.592001614337902660e-01 -2.238588015746253712e-01 2.108445965539014200e-01 -3.838351630307629270e-01 -5.055414334942117671e-01 5.171988172602340894e-01 -5.365491627647023254e-01 -2.971683255376410260e-02 -1.598049614237642968e-01 -4.652146775799985146e-01 -2.150430287444170530e-01 -5.292535919276371015e-01 -2.122373651209776280e-01 -2.007613102917120140e-01 -1.168583810463165035e-01 6.634768287990462365e-01 -5.993040070542317022e-01 3.037107434076306012e-01 2.335970191371167515e-01 1.199550592444315056e-01 2.683502933025397330e-01 -8.304450807144174440e-02 3.879708053476422225e-01 2.149140783691400047e-01 4.067744725716060938e-01 -4.041808651336823432e-01 1.301863740378673140e-01 1.753927036778790138e-01 6.986682888887086884e-01 -2.189983897504823307e-01 -8.329667881532980267e-02 -9.574715688117392542e-02 4.260075665974135117e-01
-8.320245499474103468e-02 -5.823787059726878018e-02 2.536715605754678513e-02 1.185879178822824148e-01 9.237841746373211260e-02 3.305515063280349275e-01 8.627977143197157472e-02 1.292493770393827179e-01 2.735374378046162569e-01 1.315418280011895757e-01 3.911332471052962889e-01 2.621662845891312710e-01 2.652594460185304648e-01 1.094982680731993729e-01 2.992410149750560633e-01 -1.399184014744032645e-01 -1.733637811008784391e-01 1.000000000000000000e+00 3.643421251171852782e-01 1.626685114154136358e-01 -9.840322892432194768e-02 -8.565076450696999799e-02 4.663930620333438942e-02 8.460624393201703758e-03 6.129671565746687423e-02 -1.026406753056993137e-01 4.837403491895525542e-02 -9.115124235589697199e-02 9.069992584084302090e-02 -1.354303651375626250e-01 -4.523983175020181990e-01 9.172705818518127330e-02 2.168519248452026871e-01 3.898858356479774079e-01 1.040636644503365460e-01 -1.304188319533751139e-01 -1.073144276844268524e-01 1.718382558102304059e-01 2.244998663397884398e-01 8.111858606042833542e-02 -1.019679394482970736e-01 -9.375512001823955999e-02 3.010799010851019086e-01 9.388009692034068876e-02 2.887019521728244054e-01 3.646441629019469555e-01 2.542665910650718786e-01 2.700143676421236094e-01 1.828451058733470969e-01 1.454138851307053837e-01 8.294094580932420691e-02 2.588091110841915787e-01 3.727995437977921767e-01 1.748799063417881827e-01 -1.437288412045996389e-01 -1.785224278756579117e-02 5.039733435669559170e-02 -2.017315367698809328e-02 -1.075308709817425212e-01 -1.808257371601190155e-01 6.870088967445393824e-02 -9.454749426954385527e-02 2.134468017097402581e-01 -2.564884681114394938e-01 4.094976770509754505e-01 3.717267767823886349e-01 3.083684873354881548e-02 2.352918920690956761e-01
4.725311990215909641e-01 1.493856548943374996e-01 -4.780262595417363314e-01 2.375076218823198859e-01 -3.882223365276433746e-01 -1.100159566514869180e-01 2.933592879521665364e-01 -5.561706165693566239e-01 4.276234023166142206e-01 -2.965084688509825872e-01 -1.669970589157812879e-01 1.316954799268479637e-01 -2.828902738487902857e-01 -3.107157965626997087e-01 2.120392731058699520e-01 -3.226927704844134714e-01 6.040899018362206885e-01 3.643421251171852782e-01 1.000000000000000000e+00 3.517249243219202626e-01 -4.521997285042786419e-01 2.747533937483875865e-01 -2.956627071688990860e-01 2.813861830252358809e-01 1.539040742547357898e-01 4.405732723154660857e-02 -4.136366731048583545e-01 2.182614862285896587e-03 2.238636919122735658e-01 3.095088574970666917e-01 8.913539428900037198e-02 -5.189753594577550810e-01 2.749548079341495033e-01 6.024035266762335361e-01 4.543326569372331813e-01 9.913159321585227057e-02 -4.834989972677339876e-01 2.695219230806437660e-01 -1.466112974562577553e-01 -4.626707586353005497e-01 2.366079464173633518e-01 -6.420686492900615772e-01 1.772537898360083131e-01 -1.801571486967001035e-01 -9.070471423767174912e-02 2.040872765309555831e-02 -2.082384692365430168e-01 -3.474208933046466809e-03 3.252819062466231516e-03 -1.603111704792261893e-01 6.481809239397193778e-01 -3.129117666969511435e-01 6.405939975122487695e-01 2.737707706035861777e-01 -2.264858328471630045e-01 1.845018960069508551e-01 -2.703331941127252724e-01 2.778509909649054532e-01 1.167528099832486760e-01 4.188290483567642941e-02 -4.762986865210571130e-01 -1.007271051670249745e-01 2.738283695504579729e-01 3.444530823968942612e-01 2.174717386256903862e-01 2.098945268720648072e-01 -1.340353044593819154e-01 4.977940469750101737e-01
6.889042104197531380e-01 1.916891340894776030e-01 -2.174665905995121495e-01 8.289565592691378049e-01 -3.474116149059866543e-01 2.090390522282901398e-01 5.383894486322565731e-01 -3.280366883980930237e-01 5.339596859455165712e-01 4.032336376239691877e-01 -2.439278729887642272e-01 7.989683192779710730e-01 -7.187661464487191121e-02 -6.078882116241521999e-02 2.549803650795091636e-01 2.720712990964834765e-01 3.160549311190396504e-01 1.626685114154136358e-01 3.517249243219202626e-01 1.000000000000000000e+00 2.431197159586568901e-01 4.469636706925598224e-01 3.420214580810400640e-01 5.972204759748582781e-01 1.691116053825819920e-01 2.188613731516036165e-01 -1.580192556741459031e-01 6.148946810941549046e-01 4.916569074965529973e-01 4.125842120082304915e-02 5.837992812329475395e-02 -2.955345174928938334e-01 4.013707973589227818e-01 4.218334528441328724e-01 6.085107596680578990e-01 -3.987516624378754405e-03 -1.847782095190712848e-01 8.170109257218661769e-01 -1.774709798377810122e-01 4.134673238462654304e-02 4.020766401576170712e-01 -3.666848258483519363e-01 3.178047305632732411e-01 5.555197213773921394e-01 -2.443650894853204580e-01 5.969250683011518843e-01 -7.351505805554996165e-02 1.845295289357693214e-01 9.886012685393920363e-02 3.561144187323976862e-01 2.449245924712993572e-01 -3.553856711885152730e-01 1.019253021704826234e-01 9.052045137948671050e-01 4.354363434737361649e-01 3.227088686110230475e-01 3.175169978025029760e-01 5.656279392717609156e-01 -7.669628869844280494e-02 1.273729849567172279e-01 -2.519613378186149610e-01 6.003163818210767166e-01 4.108746243932707154e-01 1.817196846509723240e-01 1.949328443176044923e-01 -6.554234950544683691e-02 8.867193234393440371e-02 3.603390959803002280e-01
-2.222663539732077156e-02 1.739301710409479618e-01 7.398723192549010452e-01 3.544842356591550447e-01 2.631114183437510690e-01 2.635179257159917521e-01 2.625291525101464130e-01 4.480261889471056080e-01 -8.057056996637983193e-02 6.286881959327964564e-01 4.835112232663058007e-02 3.598721886134040315e-01 2.831949307212026090e-01 5.192488077079211450e-01 -5.002162432282344223e-02 8.588312963581267168e-01 -1.398493657566140524e-01 -9.840322892432194768e-02 -4.521997285042786419e-01 2.431197159586568901e-01 1.000000000000000000e+00 2.486935622191510376e-01 9.132390198585731422e-01 2.233312624534236623e-01 2.728072099834801256e-01 5.369540430696624345e-01 7.297429635969898687e-01 6.773008632238263216e-01 2.299198630447371605e-01 2.743980628986262410e-02 6.218983004562355504e-02 4.004540517904508490e-01 1.267096131023981442e-01 -2.015453111758885307e-01 2.948627294979047631e-02 1.738923927012852033e-01 7.013590643653152545e-01 2.664295602515619477e-01 3.632589020556288573e-02 5.960350963933612745e-01 2.978191781140913097e-01 5.388519406126109912e-01 -2.417541339015477631e-02 6.235206628185726574e-01 2.017380600662697140e-03 3.467185922517488361e-01 1.408836819223212300e-01 3.474768083215885595e-01 5.827795485742956472e-02 7.522569482716406908e-01 -2.253710473956884452e-01 8.848414557039498141e-02 -3.591156792719394364e-01 3.053833531620121500e-01 8.404467203797948427e-01 2.098915228437831793e-01 8.440040143072412571e-01 2.151349571346244105e-01 -2.863222405764202436e-02 4.169955476503579561e-01 6.193632528310335505e-01 7.376309541680673432e-01 2.267566076969677047e-01 -7.588153074252281015e-04 -1.393715217748455470e-01 -2.295288457729970089e-01 3.113806970227305237e-01 -6.983526316065559458e-02
4.898029336724705751e-01 6.311569220022037463e-01 -7.749342348326704322e-02 4.282335694672265713e-01 -2.051731811791127624e-01 3.029900928589523632e-02 6.505368865748805129e-01 -2.816204338409189489e-01 4.017701645884315109e-01 1.720554170424375418e-01 -3.620920986158696064e-01 3.328832290163520335e-01 -2.042729683296486132e-01 1.317756184089924863e-02 -2.005553354639393743e-02 3.080444746120125643e-01 4.297975614268714772e-01 -8.565076450696999799e-02 2.747533937483875865e-01 4.469636706925598224e-01 2.486935622191510376e-01 9.999999999999998890e-01 2.875251296852413541e-01 7.041725632373997401e-01 4.088782985257363167e-01 5.216452896311858378e-01 9.246148711577943657e-02 6.512210742530950558e-01 5.269818211424478482e-01 5.078338437904542646e-01 2.245904002707117819e-01 -2.517735293048354306e-01 5.142155532692385123e-01 3.859655292798900850e-01 4.679304134072593269e-01 4.382094411179859872e-01 2.005430173109751940e-02 4.764459233129937910e-01 -8.440731075309969300e-02 -5.505174820523353607e-02 6.695919771070889537e-01 -2.244185548369437289e-01 2.488414992844790730e-01 2.979002627300512684e-01 -2.266346009297557917e-01 1.718721266009112514e-01 -2.433193204175704005e-01 1.557647928676390015e-01 -2.875721918857922395e-04 3.736530879738514388e-01 3.742351700194070929e-01 -3.553387724557078853e-01 1.933437493606145474e-01 4.943523694381152245e-01 3.815358703338064816e-01 7.822098003102869734e-01 2.666168130030591721e-01 7.491053878996921656e-01 3.275248129396923225e-01 5.270413686181552038e-01 -6.457133112651775031e-02 5.191154237946414840e-01 4.887011499398933312e-01 5.640897730373861663e-01 1.166042663666199200e-03 -2.670599965357450464e-02 1.755889824838492430e-01 5.601218629901874024e-01
4.675521330675204423e-02 2.586776539203105019e-01 7.344400899058992627e-01 4.207394965369639639e-01 2.279333268477816143e-01 3.424309948291684447e-01 3.308717421325372832e-01 4.811501304396065271e-01 -1.510216369662929943e-02 6.714692379580006198e-01 1.406902488398549533e-01 4.246834537401822929e-01 3.570338271885860615e-01 5.973341031954378932e-01 -2.197077304515299145e-02 8.627530638880632763e-01 -9.521249040785331741e-02 4.663930620333438942e-02 -2.956627071688990860e-01 3.420214580810400640e-01 9.132390198585731422e-01 2.875251296852413541e-01 1.000000000000000222e+00 2.674076982217631904e-01 2.912760182996708136e-01 6.143652277740153655e-01 7.499226600291771794e-01 7.036272232164391127e-01 3.005220399217979343e-01 6.146687377984053069e-02 -6.348628206558236398e-02 3.885537088822880736e-01 2.372697187587615997e-01 -7.056116601216946838e-02 1.238541256763438236e-01 2.043743542433666127e-01 7.326210573249085645e-01 3.524780637851667731e-01 6.627946412062002413e-02 6.393865072025983753e-01 3.850346927932992158e-01 5.424663344750505489e-01 4.276325909014205146e-02 6.612268373087251128e-01 1.055142813025821413e-01 4.252440226739533369e-01 2.697932298954934249e-01 4.504995966697351029e-01 6.847952326784588484e-02 8.424381028838159313e-01 -9.585581229627115896e-02 1.772823909377850282e-01 -1.752439767254452274e-01 3.792520479614163165e-01 8.470450786064861459e-01 2.706348071082091966e-01 9.303811934391389427e-01 2.740503928829872704e-01 -1.433967506172710918e-02 4.935153332070735810e-01 6.766556065345931126e-01 7.611627474217790290e-01 3.494255870726032942e-01 4.686206672530421335e-02 -7.579783015169458404e-02 -1.943922333306298267e-01 3.345652088712667838e-01 4.153724611113610021e-02
