1.000000000000000222e+00 3.694844923605595799e-01 6.729419551143255018e-02 3.638760679237600382e-01 -3.051317692235386292e-01 -4.272552587981450628e-02 2.640222852176234425e-01 -2.438375843422729006e-01 2.701025991080639455e-01 1.417603445403511353e-01 2.041402160872949068e-01 5.824118355425194071e-01 1.836065561140204083e-01 2.095536494377787384e-01 -5.078089819545310579e-01 2.308975840322871620e-01 2.518119311600259813e-01 2.466494958121301720e-02 1.388875927784009312e-01 6.824291292700261913e-01 1.726284785432249946e-02 2.675322232243612652e-01 3.236607283281369707e-01 4.713176554960076259e-01 1.653295956525285271e-01 3.802934911778226845e-01 2.141426025561185831e-01 2.549362972469901290e-01 4.094099102138405444e-01 3.871153130995244607e-01 7.070746842296300738e-02 -1.733658819182395117e-01 -8.301613361588973394e-02 3.235865448421225143e-01 3.570107112249334969e-01 2.895957439304832626e-01 -5.401219996234662112e-03 4.768258957781372209e-01 -2.378014071698761889e-01 4.046881051667768070e-02 1.415146538637151452e-01 -2.119772478105368119e-01 3.360015552809637041e-01 5.326013256691792819e-01 -7.822774565818078896e-02 3.354778793530072689e-01 1.671006164250650738e-01 9.291472669845395049e-02 -3.770279532474022921e-01 4.392511639831623294e-01 2.329229945805860180e-01 -4.124225378745949994e-02 1.894311534606762937e-01 5.414871972368634490e-01 1.735520886376249738e-01 1.504888020295916118e-01 2.516963300238711509e-01 4.600059935661238719e-01 1.046283007750651584e-01 2.535913108179191355e-01 2.710580288915917513e-01 1.176677718002676065e-01 4.133945282750369210e-01 4.615989344127272576e-01 1.072821730053933470e-01 -2.553721771630960702e-01 3.597186803750638817e-01 2.857980587974361941e-01
3.694844923605595799e-01 1.000000000000000222e+00 1.444597890157102993e-01 3.367783912132333857e-01 3.428348065271553113e-01 3.835342694542366315e-01 1.384556350948060871e-03 3.281289211465732714e-01 2.021630739241799257e-01 4.160271581664463647e-01 4.348776279538107414e-01 4.676336887800356390e-01 1.131903420384114262e-01 3.396564492975956973e-01 -2.480879902772736498e-02 -9.984270222973790077e-02 5.508010665831178931e-01 -8.725681569019340161e-05 2.400373290191716580e-01 5.190164812398889715e-01 2.233080847577384176e-01 4.711465057227839925e-01 5.764289281238579310e-01 1.321413600623921047e-01 1.687748436402637386e-01 1.811126055765898413e-01 1.596076887584237380e-01 5.395547196715527738e-02 4.901827876236979908e-01 4.084015616947698213e-01 -9.891712400146160378e-02 4.351674151596117146e-01 1.640357711265014728e-01 5.818791631839900225e-01 4.293313085711978894e-01 7.578300019852544089e-01 8.028482532871111799e-02 1.916237203582334125e-01 2.865094000960811127e-01 4.711795044562779866e-01 -2.282986714938953221e-01 2.922103186167918087e-01 1.914981982263924964e-01 3.703242817126477515e-01 1.069245354306321560e-01 3.814272902463883286e-01 3.533070424063524118e-01 2.114601096255409318e-01 1.932671268744184934e-01 3.462854733680020280e-01 4.531909505143676409e-01 -2.690859522402964943e-02 5.752944587397399445e-01 5.730700791750140688e-01 2.873983128336051740e-01 3.432015251583429571e-01 5.872065501613329408e-01 9.838009512725082173e-02 3.969855146898543796e-01 4.193381715502141754e-02 2.864504875514117255e-01 -1.587335305894768123e-01 5.933839411665831065e-01 4.665798758761085518e-01 -2.602343043499180664e-01 3.720361500577427094e-01 3.358416613386132066e-01 4.910846722587339785e-01
6.729419551143255018e-02 1.444597890157102993e-01 1.000000000000000000e+00 8.051408617788663458e-02 2.744402197286255896e-01 2.069005975014815701e-01 4.843371559427523954e-01 5.212789819506140621e-01 3.395060473450418614e-01 -5.849356480514056322e-02 4.577858738126693861e-01 -2.463621861397699286e-01 3.038849170224490193e-01 4.397788994988168776e-01 1.855373586192490543e-01 1.937374119438287356e-01 -1.151029027250377729e-01 1.954496882580044892e-01 1.686627283133302346e-01 -4.853022566236189772e-02 5.360167515603331267e-01 1.283681732008610521e-01 4.081138454961418804e-01 1.235786105612575181e-01 3.657502021621845123e-01 4.049649067277930614e-01 7.922818652220288138e-01 3.394464979282573180e-01 -6.226808296658407904e-02 5.069471902450518597e-01 7.960004456154151642e-02 1.939025581086900041e-01 -1.310928019949234025e-01 -8.346789787106652370e-02 -3.964123774954765866e-01 2.699182335553016454e-01 8.993351469154895472e-01 9.914441178630360729e-02 3.687216788006271173e-01 1.435426578320654623e-01 3.362680486410703495e-01 4.920741388471274180e-01 2.987358163026786473e-01 -1.480879631511690664e-01 4.658514846684457811e-01 -3.373481663967191624e-01 5.912401212620550517e-01 1.659018820388460103e-01 1.594039393796861381e-01 2.835096361192860348e-01 2.690198502535256705e-02 2.126711913609629634e-01 -3.240304842888672154e-02 -9.465512783453723655e-02 3.623116355410076483e-01 -8.972314842958030445e-02 2.159971271779760338e-01 8.372789887349815774e-02 2.374078324362972336e-01 4.931342165042301162e-01 7.043088674699046203e-01 5.874688722828063335e-03 -3.121305574867315122e-02 2.835805021019570660e-01 8.710935069782092810e-02 3.153270649925475622e-02 1.845198794127963782e-01 -1.274157264682183599e-01
3.638760679237600382e-01 3.367783912132333857e-01 8.051408617788663458e-02 1.000000000000000000e+00 1.374389027453367107e-01 2.533160169039587184e-01 4.528021570891486713e-01 5.437866498947550170e-02 4.379231731937925365e-01 4.404104991873832864e-01 7.540551889680796593e-02 5.378470368555501313e-01 1.699781039793098192e-01 2.719628874544184338e-01 6.979280252587173605e-02 2.413144495212912188e-01 2.477861480906795866e-01 5.675857397215980371e-02 5.369029803464782369e-02 4.844547832549687127e-01 2.512858377001833121e-01 3.457372016027095429e-01 3.534653894518959838e-01 6.033914969938105610e-01 1.381732833953975281e-01 2.434046225423616983e-01 2.254347557503299515e-01 4.928067446840181387e-01 5.279413516173235843e-01 3.690202598105119525e-01 3.819161289109002100e-03 1.005864826107105148e-01 1.290767097726968904e-01 3.094407272825610566e-01 3.534252307254268644e-01 2.619264576225303065e-01 -6.376956470823337553e-02 8.430358911149995471e-01 9.352745396133703426e-02 3.608536580541665262e-01 3.475150854173215675e-01 1.016690204581923301e-01 3.543575480738906935e-01 5.741249466740626639e-01 4.732109386694475887e-03 4.303925529995014099e-01 6.133308728799984760e-02 3.310254707399056806e-01 2.123492202839111498e-01 3.220172811213378172e-01 2.113084631688203763e-01 -8.775693455632586903e-02 5.686881625332632778e-02 5.031805733093472899e-01 3.439298732575875039e-01 3.365619877234007351e-01 1.594419108792655415e-01 5.978902942835480072e-01 6.821984328733887715e-02 1.511188391296611200e-01 1.187734335559235688e-01 5.462330034161448911e-01 3.554304446258237382e-01 1.284366424221002612e-01 1.756930603033151350e-01 2.321001148884876131e-01 2.876912770998771296e-01 3.187100587957897857e-01
-3.051317692235386292e-01 3.428348065271553113e-01 2.744402197286255896e-01 1.374389027453367107e-01 1.000000000000000000e+00 7.164296052054011099e-01 -1.903473465686831012e-01 7.334309391612876539e-01 -9.401132667755238148e-02 5.039788859666278764e-01 3.449907423624810621e-01 -1.196896735378808613e-01 2.360786146979369504e-01 2.181266567152325697e-01 7.260586198905892852e-01 2.728262317118793773e-02 4.103610406356565654e-02 -1.508565409457013513e-02 -1.255276688981182553e-01 -1.527964668795841197e-01 5.766421110357387025e-01 -5.519144894694291703e-02 4.371611754952877682e-01 -3.144878463424846116e-01 -2.562857182011922443e-03 -1.776681602270959170e-01 1.417838013879091641e-01 1.009958985708217516e-01 1.688561799572094457e-01 2.716880645977639772e-02 -1.468075598140485827e-01 7.157335975283554141e-01 9.611986470340115607e-02 2.205340241531991985e-01 2.090144738832179147e-02 2.464628945317984265e-01 2.612302092515871865e-01 -1.424824316071817143e-01 8.133543742468046789e-01 7.013139125198500912e-01 -3.148995431025417013e-01 7.684748059049012481e-01 -1.882009902873885143e-01 1.166111247313972483e-02 3.477483304120532748e-01 4.483350364147219852e-02 4.343661075857478959e-01 2.445995028824263506e-01 7.558898391109732939e-01 1.828231116216006147e-01 -6.637301493442977762e-02 -6.804617385833441889e-02 6.369712511445480008e-02 3.819160088246330992e-02 4.674007454378387161e-01 -1.524902646310714593e-01 3.556943074153482987e-01 -3.261113600240833077e-01 1.003590539538088688e-01 -1.527764495165243319e-01 8.951877327988758126e-02 -1.601904709770411370e-02 1.612879316414258246e-01 -5.143741859177099890e-02 -2.279197549079335638e-01 6.669573415321210508e-01 2.024994692730485227e-02 1.455195502445117972e-01
-4.272552587981450628e-02 3.835342694542366315e-01 2.069005975014815701e-01 2.533160169039587184e-01 7.164296052054011099e-01 1.000000000000000222e+00 -2.710494083861533232e-01 7.420584750146517194e-01 -1.769144082009173058e-01 7.057960880166268547e-01 3.335741486904275077e-01 1.080145203654407915e-01 3.195087957249095334e-01 1.641740608776397770e-01 6.645393907041937664e-01 1.760975458252612147e-01 -2.898948693537009569e-02 -1.006375938978025658e-01 -1.910983428831267428e-01 -6.196124262991214993e-02 6.755667121856898660e-01 -7.852755221665116969e-02 5.856036540191039697e-01 -2.491769156271379793e-01 -8.496288859149121742e-02 -2.694544430173447316e-02 1.505055791812920096e-01 3.679722839018426672e-01 2.638387282152515612e-01 -4.519140552790027604e-02 -1.734908255629115381e-01 6.499039706225838708e-01 1.333508666954593205e-02 2.950906595577167391e-01 1.327711729967568921e-01 2.405707454283450841e-01 1.574593308155898819e-01 -8.222262800941982806e-04 7.520625213882693449e-01 8.492287414934359679e-01 -3.482459840735476764e-01 7.252490286877357750e-01 -2.736029299600734044e-01 3.084364207743323094e-01 1.491849607926408194e-01 2.453269049756924836e-01 4.218645897778138809e-01 2.675954534993375544e-01 6.809458780258083044e-01 4.060881875671678576e-01 -8.235862657179546242e-02 -3.185345632489010592e-01 2.478916715058720327e-02 1.522721152723649496e-01 6.499651786746839521e-01 -1.173622987904388709e-01 5.341886737153060949e-01 -2.400518272976896739e-01 7.228390611746547852e-03 -1.148384654031981700e-01 1.035220923997117043e-01 1.957307727050879298e-01 2.802109096435318469e-01 6.183428439114471709e-02 -1.637580622916665063e-01 5.258085775817936680e-01 2.010500750558339156e-01 1.699009819378939079e-01
2.640222852176234425e-01 1.384556350948060871e-03 4.843371559427523954e-01 4.528021570891486713e-01 -1.903473465686831012e-01 -2.710494083861533232e-01 9.999999999999997780e-01 -1.163478942816948969e-01 8.302005464195486573e-01 -1.983835737302354074e-01 7.278809579149715658e-02 1.349938923672979185e-01 1.450910035534071496e-01 5.028355256916551275e-01 -2.236603465495514420e-01 1.714445439253630132e-01 6.538485713503960906e-02 2.177902225237560996e-01 2.515445967793341064e-01 2.842568538006624568e-01 -7.467558591438612503e-02 4.023585020860578898e-01 -6.291629378121829652e-02 7.768695941516970960e-01 4.768400141178209539e-01 3.885668962898189416e-01 5.474963642167972599e-01 2.257341058246886134e-01 1.227609738400863848e-01 5.117406746145545249e-01 1.479723694594126393e-01 -2.932653137598676407e-01 -5.020034587599990494e-02 -3.202038125868967439e-02 -1.015413679436729805e-01 1.029396564008712434e-01 3.802048487639948515e-01 5.257054198720295668e-01 -2.018533297809138594e-01 -2.067007903702197946e-01 8.655714796981444081e-01 -1.406903108340207820e-01 7.739393013918114406e-01 8.436403039748602284e-02 2.236348866883474396e-01 -1.135680369641573796e-02 1.476743975138280207e-01 2.759651111067942253e-01 -1.209101076606072661e-01 3.657999666217699036e-02 2.247905209831234929e-01 3.076045599730030111e-01 -5.506171417909833804e-02 1.538247077556322562e-01 -1.027330327918830610e-01 2.829221775711389664e-01 -2.562515402776052720e-01 7.580705544535637497e-01 1.945504945336970770e-01 4.598449466399635588e-01 4.657667668642808123e-01 2.335068342837103295e-01 -9.977591709228491104e-03 1.363584216057546483e-01 3.970392577170675508e-01 -1.750451403907539172e-01 5.345711264585083916e-02 -9.490709316030933380e-07
-2.438375843422729006e-01 3.281289211465732714e-01 5.212789819506140621e-01 5.437866498947550170e-02 7.334309391612876539e-01 7.420584750146517194e-01 -1.163478942816948969e-01 1.000000000000000000e+00 -7.446392263859305527e-02 3.949004798730148535e-01 4.585812489185275287e-01 -2.492565385552828194e-01 2.550489433337086997e-01 3.045173383906204512e-01 6.610486183021669904e-01 4.176630427192173922e-02 -7.636844390160461848e-02 -6.614817792306698814e-03 -5.926725906151664863e-02 -2.066805165311857428e-01 6.993931122703119785e-01 -5.293282083694104967e-02 5.453687341053952142e-01 -3.136034205361742377e-01 5.910713318020752866e-02 5.236883926213673802e-03 3.602463307920423241e-01 2.800486677022419046e-01 1.027818251155867245e-02 1.038353413642228995e-01 -1.342633999520248811e-01 6.459876221084246417e-01 8.384621265681775279e-03 9.687840068396431914e-02 -1.482881778966441688e-01 3.070582284912816151e-01 5.058220778878345092e-01 -1.900898507693479511e-01 7.982922770871293539e-01 6.355985057035864472e-01 -2.505794233662065884e-01 8.551757508445078093e-01 -1.816486575254631641e-01 -7.334950520176747313e-02 2.961143744127930355e-01 -8.823347551145996337e-02 5.448572059172310800e-01 1.677865953651019870e-01 6.206119609548725879e-01 2.712884416194775161e-01 -4.968183799337264062e-02 -9.970495811454715973e-02 5.856890033209059127e-02 -3.787443113059719979e-02 5.490295038793419069e-01 -1.858448021387907878e-01 4.893629514070008679e-01 -3.369956916515459699e-01 1.830749897559961759e-01 -7.058728979478653791e-03 3.343017786085538678e-01 -5.774443281628813783e-03 5.249619168692013643e-02 8.349886170074352632e-02 -1.913047463806687165e-01 4.296275281750784325e-01 1.241571946443464497e-01 -1.205882919980779538e-02
2.701025991080639455e-01 2.021630739241799257e-01 3.395060473450418614e-01 4.379231731937925365e-01 -9.401132667755238148e-02 -1.769144082009173058e-01 8.302005464195486573e-01 -7.446392263859305527e-02 1.000000000000000000e+00 -8.130494473071234185e-02 1.353806714309557235e-01 3.218050267701714207e-01 1.364211220485928022e-01 5.808360285738609630e-01 -2.264672360995292066e-01 -3.733893825178420667e-02 2.939775907913687591e-01 1.357993902867621616e-01 2.793358769358035287e-01 3.842226644503329291e-01 -1.573258752458490395e-01 5.168301167436502030e-01 -6.943791549995445567e-02 7.483565582121964876e-01 5.021574236663208790e-01 2.034423686323884040e-01 3.747724626600367759e-01 -1.105606265154478185e-02 1.887196738455748368e-01 3.876102406762111929e-01 1.496982066747273021e-01 -1.545029877017723985e-01 4.361897412461392814e-02 1.364312443002253239e-01 9.692197327265346385e-02 1.289039039975588830e-01 2.222023405744442959e-01 4.503275639269671005e-01 -9.384680755589608347e-02 -5.258882017720910990e-02 6.831286332176151888e-01 -1.163002758838689171e-01 8.455966724144446944e-01 1.998280153528733949e-01 7.862283850479195868e-02 2.366952369728986538e-01 2.280780714003446119e-01 2.919613373204429929e-01 1.318998712889879812e-02 -5.025882974940903275e-02 3.316411909746228570e-01 1.850071389504560904e-01 9.659700045858504724e-02 3.127691277643770973e-01 -1.825160650227237447e-01 3.879593589066896997e-01 -1.759206546712869801e-01 6.890774768749550194e-01 2.773519912887716932e-01 2.350162218929981728e-01 3.608502951651992308e-01 4.740084332786163868e-02 6.534517205983125798e-02 6.589578071259778735e-02 2.221951952103417005e-01 -8.555114115230878780e-02 5.066573360020627803e-02 1.023749274650912061e-01
1.417603445403511353e-01 4.160271581664463647e-01 -5.849356480514056322e-02 4.404104991873832864e-01 5.039788859666278764e-01 7.057960880166268547e-01 -1.983835737302354074e-01 3.949004798730148535e-01 -8.130494473071234185e-02 1.000000000000000222e+00 1.330787645247613893e-01 4.754893830475999117e-01 2.066458213948931533e-01 2.191023483480960543e-01 4.537250876936068655e-01 2.863434895860075269e-01 2.434878280887340651e-01 1.067774569096840986e-02 -7.219834409088203564e-02 2.434686771375470515e-01 4.244763614473671121e-01 6.148141495913702660e-03 5.042010394039921906e-01 -3.515197936865226136e-02 -1.301318862777835761e-01 -2.126347191521962277e-01 -5.758461030774709305e-02 3.638553737044057379e-01 5.005803553615589818e-01 -1.173841913023758177e-01 -2.105260595670279677e-01 4.415363844318737074e-01 1.825679562565861447e-01 4.290470730712770409e-01 4.637511045910616692e-01 1.615560982144536861e-01 -1.856594020352184404e-01 2.513277351487111511e-01 4.773353810346088189e-01 7.774491573719074511e-01 -2.779631717680624003e-01 4.757749352335146065e-01 -2.012038849571581300e-01 7.334566719858698347e-01 6.876376533483966047e-02 5.965779856477004817e-01 2.495350815704335257e-01 3.931674414153275010e-01 4.883875893102405108e-01 4.687993655741195531e-01 2.829261905863092105e-02 -3.020462948324185715e-01 3.290422931972892401e-02 4.630726931665738455e-01 5.103054046003416833e-01 -2.605385496011584229e-02 4.266344774406208851e-01 -5.820491417875830326e-02 -1.483050620706239699e-02 -2.858366735212930498e-01 -1.423835977354874216e-01 2.788431048936972911e-01 3.377479437651073058e-01 -9.924927829206474372e-02 -1.310351484139108957e-01 5.061461543537996155e-01 2.385080437578633028e-01 2.582044477826744844e-01
2.041402160872949068e-01 4.348776279538107414e-01 4.577858738126693861e-01 7.540551889680796593e-02 3.449907423624810621e-01 3.335741486904275077e-01 7.278809579149715658e-02 4.585812489185275287e-01 1.353806714309557235e-01 1.330787645247613893e-01 1.000000000000000000e+00 1.019864383973636685e-01 4.262917259271274406e-01 3.484493763408788580e-01 3.892147202700567410e-02 4.996672076431340342e-02 1.160936192389714350e-01 1.712717197156927718e-01 1.762767673387129197e-01 2.654330433545501466e-01 2.981334673295347737e-01 1.481973431836607069e-01 4.060906955135951679e-01 -2.251743907426558694e-02 2.669748047306832461e-01 2.149399592105789569e-01 3.290975710638439078e-01 1.044092733296761860e-01 1.543582365395017031e-01 4.593061040644503268e-01 2.162860644759738993e-01 3.830046073682525365e-01 -5.352956639478175654e-02 2.561365169934313180e-01 5.131642186550716689e-02 5.357524173430584513e-01 4.362857454772089971e-01 -5.307612318166151505e-02 3.529407954062286357e-01 3.411970366873951499e-01 -1.073768966310838097e-01 4.397984773715101769e-01 9.109862247858839523e-02 7.964744787853049457e-02 4.210055780067915032e-01 2.797119773600935042e-02 6.578066073678813241e-01 1.364822471149479133e-01 1.783750135559690475e-01 2.254201548675679179e-01 1.240892477548916489e-01 1.910536444084815211e-01 2.135472889613965475e-01 2.327539686372954997e-01 2.255688731341405906e-01 -3.485359513414109517e-02 2.749857810340239905e-01 -7.485945307037397689e-02 2.522725656694977947e-01 2.130662970698899705e-01 3.528577200421125215e-01 -1.393465316287565980e-01 2.955919284619916154e-01 3.402452733628998360e-01 -1.807967748662517582e-01 1.607978770335087848e-01 1.779496060729376938e-01 1.599193581309191203e-01
5.824118355425194071e-01 4.676336887800356390e-01 -2.463621861397699286e-01 5.378470368555501313e-01 -1.196896735378808613e-01 1.080145203654407915e-01 1.349938923672979185e-01 -2.492565385552828194e-01 3.218050267701714207e-01 4.754893830475999117e-01 1.019864383973636685e-01 1.000000000000000222e+00 1.025956218551295623e-01 2.951830587689364682e-01 -3.247659965865761778e-01 1.621171549980350846e-01 4.387705383349929100e-01 1.018377709343491061e-02 1.761967256536226822e-01 7.657052603399372437e-01 -1.843528025833152395e-01 3.451471027488601240e-01 1.675061845243783765e-01 4.859548494412778141e-01 6.770033595638111357e-02 5.321366776337211474e-02 -1.333557787162143737e-01 8.439774873347129225e-02 5.994588861991475559e-01 1.214213705294827639e-01 8.170954652472348090e-02 -9.549513363359511675e-03 1.883589220154438248e-01 5.324888393620040850e-01 6.115178152149449708e-01 2.286490347141668378e-01 -3.633049055008084616e-01 5.151711003555097257e-01 -1.662858304373143470e-01 2.888593465652794512e-01 6.147603869705586116e-02 -1.916943982778427646e-01 3.236214757589922497e-01 7.870267518677253049e-01 -1.478789844677174115e-01 8.271741243039355540e-01 8.866095990881378563e-02 3.576130173779318855e-01 -5.574365918314650586e-02 2.685549156945899463e-01 3.414682799976233585e-01 -8.312096307656044458e-02 2.662039003213218513e-01 7.751484348908622701e-01 1.508749096414870039e-02 3.536077597587543586e-01 1.336409606984149123e-01 4.692960252783405228e-01 1.397629216931531859e-01 -3.013290566223362707e-02 -9.123716101050169391e-02 1.547654486729710677e-01 4.780618645483387108e-01 1.247600807480169494e-01 -3.520338694590564865e-02 8.468322306966827306e-02 2.503571137967470772e-01 4.310944962842297445e-01
1.836065561140204083e-01 1.131903420384114262e-01 3.038849170224490193e-01 1.699781039793098192e-01 2.360786146979369504e-01 3.195087957249095334e-01 1.450910035534071496e-01 2.550489433337086997e-01 1.364211220485928022e-01 2.066458213948931533e-01 4.262917259271274406e-01 1.025956218551295623e-01 1.000000000000000222e+00 3.015505523646716535e-01 2.061306300378107914e-01 2.636980662781621687e-01 -7.640192433624677648e-02 2.403135746333783240e-01 3.536677396951171115e-02 2.658922884905625533e-02 3.759847839502034605e-01 -4.213418478495678521e-02 3.286669906424062870e-01 7.394040735954769683e-02 2.566991176965515709e-01 2.694713081675249033e-01 3.911101441994931927e-01 3.277308825425317984e-01 1.696941343789877821e-01 1.255791640373662976e-01 4.481981502605156265e-01 1.108207038882258744e-01 -1.034527433624427839e-01 2.269802108565356358e-01 -4.608840258161193970e-02 8.093937177935998928e-02 2.490449761854469923e-01 3.970711051439864553e-02 2.167510099498082821e-01 2.611929345444780060e-01 5.662704542373095395e-02 2.757338533597309405e-01 2.216052740554579417e-02 1.943805535347690183e-01 3.647497267266334720e-01 4.329500719503338868e-02 4.937663829076390232e-01 2.269705900692846889e-01 1.708963299071311059e-01 3.193064343296529439e-01 -1.583076869191985814e-01 1.194080181399194834e-01 -2.209521745903432477e-01 6.708912942020743564e-02 3.894388098839056678e-01 -1.303936053742353884e-01 1.475145998940927961e-01 6.703215234498924313e-02 6.242383711374429461e-02 1.363781236441997946e-01 2.787015098614135655e-01 1.666231634182421817e-01 1.839013774838904602e-01 7.139890425729070178e-02 9.904603928136136715e-02 9.249618597339004378e-02 1.799083104127936761e-01 7.010861417592065270e-02
2.095536494377787384e-01 3.396564492975956973e-01 4.397788994988168776e-01 2.719628874544184338e-01 2.181266567152325697e-01 1.641740608776397770e-01 5.028355256916551275e-01 3.045173383906204512e-01 5.808360285738609630e-01 2.191023483480960543e-01 3.484493763408788580e-01 2.951830587689364682e-01 3.015505523646716535e-01 1.000000000000000000e+00 1.066949212150271054e-01 6.729864293965438782e-02 2.949132546870211757e-01 4.626098411704550606e-01 5.174331088921929611e-01 3.261825423681607439e-01 6.070939522573098185e-02 2.869432131555034182e-01 1.526575843614840777e-01 3.631614023778989564e-01 5.125724116189873669e-01 2.177329707900256262e-01 4.223238444127964675e-01 8.893480261220196303e-02 4.530516604566421912e-01 2.786713293081710674e-01 8.195075325198929866e-03 4.590295466905553595e-02 8.020328503819772192e-02 3.515203188015054159e-01 1.889843880692146372e-01 2.126262080639450824e-01 2.967913167084795800e-01 1.788278929256352512e-01 1.703758144887675963e-01 2.601834991354307069e-01 3.334859503960043159e-01 2.526574404407892493e-01 4.310741194964665679e-01 2.585130241416163099e-01 3.769614356432974267e-01 2.789621311514914326e-01 4.422005348132368452e-01 6.326464395326719670e-01 2.262603289788341909e-01 1.238012481224991940e-01 3.399314525042833046e-01 3.658124027852904248e-01 2.568343827562158399e-01 3.803922439749571338e-01 7.996639700026973718e-03 1.364589174334656652e-01 -4.141555575011671196e-04 3.036267440327581890e-01 4.231164499101065513e-01 2.568189892706028155e-01 4.246770951104615888e-01 8.805091705204682109e-03 3.199779122315422053e-01 1.406991811232887087e-02 2.836359030834415540e-01 1.694656856331648587e-01 2.522623714109183957e-01 2.634969951400990551e-01
-5.078089819545310579e-01 -2.480879902772736498e-02 1.855373586192490543e-01 6.979280252587173605e-02 7.260586198905892852e-01 6.645393907041937664e-01 -2.236603465495514420e-01 6.610486183021669904e-01 -2.264672360995292066e-01 4.537250876936068655e-01 3.892147202700567410e-02 -3.247659965865761778e-01 2.061306300378107914e-01 1.066949212150271054e-01 1.000000000000000222e+00 1.588160674058189392e-01 -2.094174195154373253e-01 3.243802697936786633e-02 -2.066801611248157700e-01 -4.358384863210525428e-01 5.947973084601135829e-01 -2.928345570170544088e-01 2.913715896832381747e-01 -3.914609067026448841e-01 -7.469247741522402895e-02 -2.008684506534787750e-01 9.861848280243774856e-02 2.531954495103674319e-01 4.731095012516423060e-02 -2.749521872897119912e-01 -1.647501600203596928e-01 4.678105216579934167e-01 6.759723075911701351e-02 3.074700558126476288e-02 -1.078287814269787009e-01 -7.451542355970446063e-02 1.688915402582225611e-01 -1.399774804610527390e-01 6.900317385257049851e-01 5.760612149060512222e-01 -2.126656624652776550e-01 6.786368583483309846e-01 -3.479964464694359494e-01 -7.363942690192558371e-02 3.146256879833074227e-01 -6.340663561016218752e-02 1.556540802379883237e-01 2.546869472065159679e-01 7.411849717141130167e-01 1.440192799104597909e-01 -2.396053490453479706e-01 -9.268658507746643793e-02 -2.254754669696973635e-01 -2.164812775876971684e-01 4.958772226179591902e-01 -2.879790179074812051e-01 2.033719574273108732e-01 -3.683360382177681691e-01 -6.104602946976130790e-02 -1.864462241595916114e-01 -1.787684415953715716e-02 2.354528980669731153e-01 -3.164899632482993247e-02 -2.950848205225038434e-01 1.639700854160429724e-02 5.376529835790401224e-01 1.089541325861279747e-02 -1.615579186502947434e-02
2.308975840322871620e-01 -9.984270222973790077e-02 1.937374119438287356e-01 2.413144495212912188e-01 2.728262317118793773e-02 1.760975458252612147e-01 1.714445439253630132e-01 4.176630427192173922e-02 -3.733893825178420667e-02 2.863434895860075269e-01 4.996672076431340342e-02 1.621171549980350846e-01 2.636980662781621687e-01 6.729864293965438782e-02 1.588160674058189392e-01 1.000000000000000000e+00 -2.353164350187958997e-01 2.119752161759576037e-01 -1.610255159077057839e-03 1.416759292364930811e-01 3.106308468935889411e-01 -7.492294143987772437e-02 2.769147146001298410e-01 2.874260801391320119e-01 1.177165535030269827e-01 3.735140590391712867e-01 3.982828527704592170e-01 6.205100496458232362e-01 3.038187975828889886e-01 1.692236412475102703e-01 -8.118686942318585967e-03 -1.678043588149472076e-01 5.432791100533131828e-02 1.945774152016868930e-01 9.429863595301798962e-02 3.498619022040761611e-02 1.027299373690322287e-01 2.467673064890617274e-01 -1.614312825496055925e-02 1.715309598264507240e-01 2.498619679380974790e-01 9.222059500298199208e-02 -6.882584886790142631e-02 3.596683146486420179e-01 3.391961073973555063e-01 1.773036372068027833e-01 6.552858963243987644e-02 3.323902193703465180e-01 1.085828170196247687e-02 5.657256482161439060e-01 -3.072651321242014441e-02 7.811723544019101573e-02 -2.483048292090430376e-01 1.448880681552835448e-01 3.386910619005508716e-01 -5.794771279156833016e-02 6.234032211015401448e-02 3.121221229812978226e-01 -4.804338104684809097e-02 3.477914604058763293e-01 1.697023182734894720e-01 6.624664668952373603e-01 1.932911163943151212e-01 9.896403962566047152e-02 4.258777446808364453e-01 1.009531912439175366e-01 3.109801828948358660e-01 1.415473187855330328e-01
2.518119311600259813e-01 5.508010665831178931e-01 -1.151029027250377729e-01 2.477861480906795866e-01 4.103610406356565654e-02 -2.898948693537009569e-02 6.538485713503960906e-02 -7.636844390160461848e-02 2.939775907913687591e-01 2.434878280887340651e-01 1.160936192389714350e-01 4.387705383349929100e-01 -7.640192433624677648e-02 2.949132546870211757e-01 -2.094174195154373253e-01 -2.353164350187958997e-01 1.000000000000000222e+00 1.415256739392214413e-01 5.755430811618201803e-01 4.197289791307565188e-01 -1.784071939192816147e-01 3.773332849688362245e-01 1.946910179566301302e-01 2.127665946399185937e-01 9.018798665412970650e-02 -5.778007921019503307e-02 -1.401716304692222081e-01 -1.650928603033844644e-01 4.771647445622625994e-01 1.409634273552539951e-01 -1.235836102474925924e-01 1.310606941826376881e-01 3.710250295703730883e-01 4.408111646452253507e-01 5.943030870253627196e-01 3.033156379052693863e-01 -2.437416558538869904e-01 1.931254145092594077e-01 -6.242284180196868565e-02 1.509287446651405296e-01 -3.929553140308796738e-02 -6.866674891919480328e-02 3.060845810423085678e-01 3.958857521231148313e-01 -1.046095816503692516e-01 4.338346655365045712e-01 2.230536129653429983e-02 2.483046542279078728e-01 1.325898675703898570e-02 5.457637739407299703e-03 6.566933521098359261e-01 -2.222165430903957559e-02 6.067799610496397156e-01 4.539705167975189304e-01 -9.770773759874583353e-02 2.977877521538270789e-01 2.047024602750357469e-01 1.367228229244822901e-01 3.864209996490655108e-01 -1.701972183674285433e-01 -7.552768091332368039e-02 -1.378726273684442727e-01 3.700888597203793040e-01 4.735405560072276226e-02 -6.632527666155836610e-02 2.670339021363621890e-01 2.263588103954072284e-01 3.869117785901142748e-01
2.466494958121301720e-02 -8.725681569019340161e-05 1.954496882580044892e-01 5.675857397215980371e-02 -1.508565409457013513e-02 -1.006375938978025658e-01 2.177902225237560996e-01 -6.614817792306698814e-03 1.357993902867621616e-01 1.067774569096840986e-02 1.712717197156927718e-01 1.018377709343491061e-02 2.403135746333783240e-01 4.626098411704550606e-01 3.243802697936786633e-02 2.119752161759576037e-01 1.415256739392214413e-01 1.000000000000000222e+00 5.904576941178601990e-01 7.194640460192690268e-02 -1.299383018757017429e-02 -4.041525513115886564e-02 -4.127683683079180071e-02 1.150178539211448442e-01 3.960978729999517500e-01 3.009404613047751420e-01 2.964027783195394283e-01 1.567813225687128831e-01 2.582110191769002028e-01 1.206651283813238162e-01 1.074523641534099877e-01 -3.056896656062519924e-01 5.781842968628112672e-02 2.686948926067183052e-01 1.094638259450426282e-01 1.694826375592412351e-02 7.264289418189753822e-02 4.391415919793627623e-03 -1.535071966541372568e-01 -4.019392314605483435e-02 2.107854424915621416e-01 1.084942982210307036e-02 5.742333784815618902e-02 9.534836432937907058e-02 4.982142428061075434e-01 4.171870064309884246e-02 1.345832332338219202e-02 4.861985433135085355e-01 -1.788886764280055164e-02 6.982309848555304926e-03 2.055402690664697163e-01 5.852420938967572983e-01 1.422013453350418621e-01 1.128269523080913245e-01 -8.610263216286648258e-02 -9.219096952550927260e-02 -1.842994783797372860e-01 9.416706967866869671e-02 1.572455885202155290e-01 2.789646346244812336e-01 1.706213340800756817e-01 1.429902661550708498e-01 2.425314311641224851e-01 -9.053302749092385915e-02 4.061403733438143648e-01 7.132034264827373515e-02 1.784367297056168034e-01 2.306578345042089029e-01
1.388875927784009312e-01 2.400373290191716580e-01 1.686627283133302346e-01 5.369029803464782369e-02 -1.255276688981182553e-01 -1.910983428831267428e-01 2.515445967793341064e-01 -5.926725906151664863e-02 2.793358769358035287e-01 -7.219834409088203564e-02 1.762767673387129197e-01 1.761967256536226822e-01 3.536677396951171115e-02 5.174331088921929611e-01 -2.066801611248157700e-01 -1.610255159077057839e-03 5.755430811618201803e-01 5.904576941178601990e-01 1.000000000000000222e+00 2.298314593570460196e-01 -1.932765237467871655e-01 1.786847997280787137e-01 3.006213863994077959e-02 2.179061059865864958e-01 4.731629593462791106e-01 2.882587619181451455e-01 2.077248512108812173e-01 -3.067551973181361150e-02 4.268179766190552948e-01 2.214937510845518265e-01 1.853782769896221427e-02 -2.477405752702018238e-01 1.940293532844719337e-01 3.889879262901714263e-01 2.956775046349049973e-01 2.185916489563955456e-01 1.606287849360545431e-02 3.978935748674800044e-02 -2.657283119236769631e-01 -8.025057372608661310e-02 1.594175124659245324e-01 -1.399442522691296542e-01 2.638907614604543705e-01 1.560811769491534939e-01 2.183853600129912753e-01 1.773234507838959417e-01 5.289665618523625712e-02 4.680047022892009911e-01 -1.137912138357397990e-01 -3.497014753724183439e-02 6.219341041373606105e-01 4.481760781194015775e-01 5.645445537626861965e-01 2.374891037992023779e-01 -2.328933642323015585e-01 4.860463037048345925e-02 -5.844002999505372442e-02 1.434693019419789883e-01 4.554912815109445345e-01 2.281426977538458245e-01 2.099115794829277959e-01 -7.830975097850023658e-02 4.033131631001349859e-01 7.988225520967409676e-04 3.315932514859653568e-01 2.090656530343371067e-02 2.544778600782718336e-01 4.082722287526757143e-01
6.824291292700261913e-01 5.190164812398889715e-01 -4.853022566236189772e-02 4.844547832549687127e-01 -1.527964668795841197e-01 -6.196124262991214993e-02 2.842568538006624568e-01 -2.066805165311857428e-01 3.842226644503329291e-01 2.434686771375470515e-01 2.654330433545501466e-01 7.657052603399372437e-01 2.658922884905625533e-02 3.261825423681607439e-01 -4.358384863210525428e-01 1.416759292364930811e-01 4.197289791307565188e-01 7.194640460192690268e-02 2.298314593570460196e-01 1.000000000000000222e+00 -1.831881087906738481e-01 3.912466327439509950e-01 2.099985876855753886e-01 5.310060170363249954e-01 1.545022094851523919e-01 1.809286047808100206e-01 3.594111219434199117e-02 4.930235943547319616e-02 5.145314807058409823e-01 4.054764850814415733e-01 4.470670947262583850e-02 -4.228424700387335006e-02 1.614983504764345434e-01 4.383973582969320493e-01 5.213896687138783737e-01 4.344265343010711433e-01 -1.186788376059430689e-01 4.837467389365299741e-01 -1.991074572664199016e-01 1.299798078773451160e-01 1.438140311448452280e-01 -1.736237781681560788e-01 4.329666952426927673e-01 5.715346494845209291e-01 -5.992169171752419199e-02 6.072412603508666740e-01 1.686298319043664506e-01 2.603089179767263395e-01 -1.801402548726130648e-01 2.625268138533891071e-01 4.206143045772150479e-01 7.315960839373458757e-02 3.590688590909288935e-01 8.457439074657576716e-01 -2.866543530892393110e-02 3.269166897266052030e-01 1.266622740658472634e-01 5.156750524741771091e-01 2.245541949059377818e-01 1.477517120173724163e-01 9.998864295910753208e-02 4.550671225872399833e-02 4.452881722395040653e-01 2.967660540135264036e-01 -6.845818469142472525e-04 2.429382173675225139e-03 2.751990013162090021e-01 4.022240263239837410e-01
1.726284785432249946e-02 2.233080847577384176e-01 5.360167515603331267e-01 2.512858377001833121e-01 5.766421110357387025e-01 6.755667121856898660e-01 -7.467558591438612503e-02 6.993931122703119785e-01 -1.573258752458490395e-01 4.244763614473671121e-01 2.981334673295347737e-01 -1.843528025833152395e-01 3.759847839502034605e-01 6.070939522573098185e-02 5.947973084601135829e-01 3.106308468935889411e-01 -1.784071939192816147e-01 -1.299383018757017429e-02 -1.932765237467871655e-01 -1.831881087906738481e-01 9.999999999999997780e-01 -1.848459948728712332e-01 7.768014014138884260e-01 -2.229354059789065146e-01 -6.682995935549517798e-03 2.053486933061588193e-01 4.973014395015024069e-01 6.470225340018604943e-01 4.210773604448995316e-02 1.461491560535130019e-01 -8.134465490569785240e-02 4.712444773214430893e-01 -1.499046287343949180e-01 5.319106773628266838e-02 -2.331928899118638487e-01 1.808442081424685433e-01 4.987154717571239404e-01 1.355668176772710509e-01 6.413378143547525667e-01 5.648590889552729255e-01 -1.652738586623579142e-01 7.178859354917546121e-01 -2.226955976953250427e-01 1.053223512660766276e-01 2.957152934702886315e-01 -1.409105400934232699e-01 4.000317010786751948e-01 9.708991570131919602e-02 4.741139036769677628e-01 5.802302772277467824e-01 -2.106107794071531703e-01 -2.298316808932465150e-01 -1.511876597191787464e-01 -9.409585181179742908e-02 8.908765450998002988e-01 -3.192737558823063870e-01 6.112469428393121351e-01 -1.859071470124291914e-01 9.864426608628998686e-03 8.588704212275181937e-02 3.796345570823607685e-01 3.298027636440881150e-01 1.031449103569552633e-01 1.886543643424808958e-01 -4.767539495003274980e-02 3.145416424125408450e-01 2.259455501662676058e-01 2.897903110083374992e-02
2.675322232243612652e-01 4.711465057227839925e-01 1.283681732008610521e-01 3.457372016027095429e-01 -5.519144894694291703e-02 -7.852755221665116969e-02 4.023585020860578898e-01 -5.293282083694104967e-02 5.168301167436502030e-01 6.148141495913702660e-03 1.481973431836607069e-01 3.451471027488601240e-01 -4.213418478495678521e-02 2.869432131555034182e-01 -2.928345570170544088e-01 -7.492294143987772437e-02 3.773332849688362245e-01 -4.041525513115886564e-02 1.786847997280787137e-01 3.912466327439509950e-01 -1.848459948728712332e-01 1.000000000000000000e+00 9.577457978749057133e-02 5.880364548674527070e-01 2.831328712903022904e-01 1.249496882501048151e-01 1.695218423473299763e-01 -8.280446687000521042e-03 2.147671081150214767e-01 5.514032626064042653e-01 5.226719903768876040e-03 6.050147100527716870e-02 1.081978432003762730e-01 2.580247990785808909e-01 1.582626927137392447e-01 3.880539314758003067e-01 5.100777583310321661e-02 3.554386404797214016e-01 -7.059696110182904494e-02 -1.079421863118723915e-02 2.796752674591242993e-01 -7.189078294867035090e-02 5.119777645580694259e-01 1.787181028032589769e-01 5.728647348687296303e-02 2.037039806957593180e-01 1.509726865581623723e-01 8.263456384202619298e-02 -9.445364568792011251e-02 1.150479485999932744e-01 3.061626775760620256e-01 1.685500308392927360e-01 3.112587536438263802e-01 2.891115584528161087e-01 -1.345015339943020916e-01 7.838991369824918065e-01 1.133238481109654777e-01 4.700822627556949240e-01 1.817498441367803585e-01 1.681972206124821012e-01 2.525549487363381584e-01 -3.933824066701742915e-03 3.080143804320228940e-01 4.206983795275470728e-01 -1.119435779642558026e-01 7.009094596292252122e-02 1.152534555129993005e-01 3.057763715561675477e-01
3.236607283281369707e-01 5.764289281238579310e-01 4.081138454961418804e-01 3.534653894518959838e-01 4.371611754952877682e-01 5.856036540191039697e-01 -6.291629378121829652e-02 5.453687341053952142e-01 -6.943791549995445567e-02 5.042010394039921906e-01 4.060906955135951679e-01 1.675061845243783765e-01 3.286669906424062870e-01 1.526575843614840777e-01 2.913715896832381747e-01 2.769147146001298410e-01 1.946910179566301302e-01 -4.127683683079180071e-02 3.006213863994077959e-02 2.099985876855753886e-01 7.768014014138884260e-01 9.577457978749057133e-02 1.000000000000000000e+00 -3.522712320365285060e-02 5.645320936000349649e-02 3.310988777689733431e-01 4.646695848565363662e-01 5.810173084510917851e-01 3.528485235197967307e-01 3.322182837384812792e-01 -1.093608761666424595e-01 4.373740941147719608e-01 -6.375594602994416604e-02 3.001022933443656115e-01 1.189637525806299112e-01 5.083223195553238094e-01 3.601334316053425022e-01 2.448989843954126888e-01 4.569596493024846162e-01 5.635594346891698025e-01 -2.148730204854499837e-01 5.206530658883988805e-01 -8.325396571101743859e-02 3.593536571097505905e-01 1.961878175903159216e-01 1.413124145719258928e-01 3.877031003760893491e-01 1.646694762798775746e-01 2.838456263913905486e-01 7.706065684999776622e-01 1.370885974644190097e-01 -1.996958295469401234e-01 2.021081961214292178e-01 2.584588507607103458e-01 8.279075392465187200e-01 -6.097591249026496074e-02 8.362615833525803843e-01 -2.479962510765666012e-02 2.263806432625511955e-01 1.559686991359005293e-01 4.523341962662020266e-01 2.603556012139976450e-01 4.080467114989638211e-01 4.291495788831569125e-01 -8.720780194449487266e-02 3.310349865858698837e-01 3.548399396632853087e-01 2.626450460526458808e-01
