0.000000 0.000000 98.504752 0.000000 0.000000 105.249199 29.706835 51.615489 65.405212 76.081178 0.000000 91.993568 0.000000 27.984129 0.000000 0.000000 97.896997 131.351897 122.744988 0.000000 88.301641 66.740756 90.457717 86.755557 0.000000 127.003944 0.000000 82.594038 25.094796 34.076923 0.000000 0.000000 34.192783 63.450491 0.000000 0.000000 0.000000 0.000000 0.000000 0.000000 0.000000 0.000000 0.000000 0.000000 0.000000 0.000000 0.000000 162.779874 0.000000 0.000000 0.000000 0.000000 0.000000 0.000000 148.408863 0.000000 0.000000 122.954242 0.000000 0.000000 0.000000 136.965030 143.668208 0.000000 0.000000 0.000000 0.000000 0.000000
0.000000 0.000000 45.679897 0.000000 132.119714 0.000000 0.000000 0.000000 74.723780 0.000000 63.275592 0.000000 49.282589 0.000000 117.360156 0.000000 46.487782 0.000000 0.000000 0.000000 0.000000 30.758507 0.000000 83.316585 21.989568 50.447232 31.522706 0.000000 0.000000 0.000000 58.705103 154.525791 0.000000 64.207998 0.000000 0.000000 55.394441 0.000000 0.000000 0.000000 0.000000 0.000000 0.000000 0.000000 0.000000 0.000000 107.602915 0.000000 0.000000 0.000000 60.582125 0.000000 0.000000 0.000000 0.000000 0.000000 0.000000 0.000000 0.000000 70.522432 42.343191 0.000000 0.000000 0.000000 0.000000 0.000000 0.000000 0.000000
98.504752 45.679897 0.000000 0.000000 0.000000 0.000000 98.609995 116.094281 0.000000 121.977074 0.000000 0.000000 0.000000 114.937771 0.000000 76.251076 42.672987 93.748864 73.528724 0.000000 73.757948 49.778152 40.361885 92.507659 0.000000 40.648578 34.859206 93.903066 108.542712 92.715105 100.017217 0.000000 0.000000 81.848867 0.000000 50.738108 94.933000 0.000000 0.000000 0.000000 0.000000 0.000000 0.000000 0.000000 0.000000 0.000000 0.000000 0.000000 0.000000 125.599036 109.242237 0.000000 118.496778 0.000000 0.000000 0.000000 111.359969 161.250024 0.000000 101.443513 92.084246 154.345137 0.000000 0.000000 125.599612 0.000000 0.000000 97.575489
0.000000 0.000000 0.000000 0.000000 123.656089 73.222686 52.732896 113.295787 71.385045 23.895644 0.000000 42.908442 0.000000 116.475045 99.322166 0.000000 0.000000 0.000000 0.000000 13.862294 0.000000 0.000000 0.000000 41.232844 0.000000 180.692050 185.560458 22.970128 120.131024 0.000000 0.000000 143.798699 0.000000 97.301040 0.000000 0.000000 0.000000 39.535599 0.000000 130.749819 139.247063 170.553126 89.655006 99.572890 0.000000 100.779873 0.000000 162.905953 0.000000 0.000000 0.000000 0.000000 0.000000 33.770681 0.000000 0.000000 0.000000 107.594515 0.000000 0.000000 0.000000 132.187167 165.924869 0.000000 0.000000 0.000000 0.000000 160.227638
0.000000 132.119714 0.000000 123.656089 0.000000 19.174766 112.778847 73.738497 59.957439 111.085957 52.263540 62.283953 66.939817 0.000000 20.179051 0.000000 0.000000 75.756387 77.309437 98.432870 0.000000 87.084920 0.000000 95.382882 0.000000 86.857946 157.798246 109.129978 0.000000 0.000000 124.584836 15.653157 0.000000 9.723872 0.000000 0.000000 0.000000 156.086175 0.000000 0.000000 0.000000 0.000000 82.052689 0.000000 0.000000 159.869603 0.000000 0.000000 0.000000 0.000000 0.000000 0.000000 0.000000 0.000000 0.000000 0.000000 0.000000 0.000000 0.000000 0.000000 0.000000 164.378588 0.000000 0.000000 0.000000 0.000000 0.000000 86.424011
105.249199 0.000000 0.000000 73.222686 19.174766 0.000000 53.229267 27.831563 63.862736 36.703078 107.300841 47.839220 98.056223 59.700655 23.906478 0.000000 0.000000 118.060949 117.725497 77.391017 143.360802 0.000000 0.000000 77.242579 0.000000 149.811836 147.145806 59.564880 75.722121 121.420677 0.000000 36.576825 0.000000 78.373285 0.000000 0.000000 0.000000 172.245113 0.000000 173.470520 155.757232 169.534419 0.000000 174.990603 0.000000 138.841584 0.000000 186.980838 0.000000 0.000000 0.000000 0.000000 0.000000 162.112554 0.000000 0.000000 0.000000 157.638043 0.000000 0.000000 0.000000 159.949306 184.450211 0.000000 0.000000 0.000000 0.000000 0.000000
29.706835 0.000000 98.609995 52.732896 112.778847 53.229267 0.000000 56.863767 59.064264 26.608711 129.285948 66.296986 151.021817 58.129621 88.513194 79.455497 96.473283 131.178063 120.931263 78.475032 78.281963 64.141944 88.447805 54.044795 0.000000 127.613180 121.197737 39.444085 85.031120 27.654819 0.000000 124.100390 0.000000 71.344339 0.000000 0.000000 0.000000 153.749525 0.000000 156.393730 126.901850 155.434301 72.732185 152.250383 0.000000 0.000000 0.000000 148.301328 0.000000 0.000000 0.000000 0.000000 0.000000 141.623394 154.932416 0.000000 0.000000 117.723911 0.000000 0.000000 0.000000 139.554267 172.794024 0.000000 0.000000 0.000000 0.000000 145.047803
51.615489 0.000000 116.094281 113.295787 73.738497 27.831563 56.863767 0.000000 86.003102 59.857663 87.018301 89.551916 77.341727 27.297329 62.298330 0.000000 119.269510 111.157144 125.529117 96.310259 100.310922 108.289083 108.144265 86.711897 0.000000 136.057175 137.979706 80.940434 64.532334 66.479394 116.314607 29.205798 0.000000 59.604539 0.000000 0.000000 0.000000 180.984877 0.000000 0.000000 154.092631 169.059158 87.945757 186.649121 0.000000 0.000000 0.000000 171.448552 0.000000 0.000000 0.000000 0.000000 0.000000 174.961075 0.000000 0.000000 0.000000 141.631872 0.000000 170.336902 0.000000 162.456344 175.911638 175.570422 0.000000 0.000000 0.000000 131.471840
65.405212 74.723780 0.000000 71.385045 59.957439 63.862736 59.064264 86.003102 0.000000 73.648914 150.151202 58.252294 127.787856 91.010404 46.652947 0.000000 0.000000 0.000000 0.000000 60.821400 0.000000 28.929164 108.945615 30.121786 101.830588 132.299992 106.484228 59.610812 82.762088 62.088194 133.528935 73.927034 75.272153 76.668347 0.000000 0.000000 0.000000 94.422932 0.000000 0.000000 72.377116 0.000000 0.000000 93.505076 0.000000 0.000000 0.000000 101.226562 0.000000 0.000000 0.000000 0.000000 0.000000 78.489456 0.000000 0.000000 0.000000 54.664454 0.000000 0.000000 0.000000 81.757213 0.000000 0.000000 0.000000 0.000000 0.000000 0.000000
76.081178 0.000000 121.977074 23.895644 111.085957 36.703078 26.608711 59.857663 73.648914 0.000000 152.696451 36.954448 142.081873 90.439831 63.186791 0.000000 142.100424 164.876251 166.362520 18.252883 97.011280 0.000000 108.834747 57.308054 0.000000 165.963103 163.629823 36.682632 109.019161 117.193193 173.964503 122.273332 0.000000 92.841694 0.000000 0.000000 0.000000 173.822465 0.000000 161.074863 149.493435 179.943528 95.808333 176.047860 0.000000 157.871414 0.000000 181.187878 0.000000 0.000000 0.000000 0.000000 0.000000 159.820623 0.000000 0.000000 0.000000 139.523771 0.000000 0.000000 0.000000 163.646404 186.177331 0.000000 0.000000 0.000000 0.000000 0.000000
0.000000 63.275592 0.000000 0.000000 52.263540 107.300841 129.285948 87.018301 150.151202 152.696451 0.000000 146.203105 25.864572 83.163649 0.000000 0.000000 44.889515 24.284313 25.254860 139.079199 0.000000 0.000000 0.000000 145.929504 37.125346 22.417156 65.210036 153.827429 72.831665 98.629428 33.417700 67.556439 0.000000 35.812307 0.000000 81.599160 0.000000 0.000000 0.000000 0.000000 0.000000 0.000000 0.000000 0.000000 76.817902 0.000000 76.907740 136.279469 0.000000 0.000000 0.000000 107.531986 114.899083 0.000000 0.000000 0.000000 0.000000 189.794827 61.142329 99.538522 101.300984 197.546301 132.259329 0.000000 97.178459 103.760528 0.000000 78.150049
91.993568 0.000000 0.000000 42.908442 62.283953 47.839220 66.296986 89.551916 58.252294 36.954448 146.203105 0.000000 134.079703 102.609871 32.233392 0.000000 0.000000 162.905989 154.197964 26.706234 0.000000 0.000000 0.000000 91.789935 0.000000 165.217169 169.441690 45.913002 107.906034 0.000000 0.000000 94.115415 0.000000 90.127887 0.000000 0.000000 0.000000 169.428455 0.000000 0.000000 0.000000 168.031158 0.000000 163.445019 0.000000 143.284837 0.000000 0.000000 0.000000 0.000000 0.000000 0.000000 0.000000 151.289491 0.000000 0.000000 0.000000 139.222752 0.000000 0.000000 0.000000 156.414945 0.000000 0.000000 0.000000 0.000000 0.000000 0.000000
0.000000 49.282589 0.000000 0.000000 66.939817 98.056223 151.021817 77.341727 127.787856 142.081873 25.864572 134.079703 0.000000 81.255983 168.773178 0.000000 104.930806 50.249947 75.960596 143.408869 0.000000 83.724919 0.000000 138.297653 21.987704 47.846956 42.114159 141.265126 74.262281 0.000000 24.024904 70.046809 0.000000 37.349090 0.000000 88.133526 0.000000 0.000000 0.000000 0.000000 0.000000 106.113205 0.000000 0.000000 74.953702 0.000000 73.815781 108.833790 0.000000 0.000000 0.000000 101.373216 0.000000 0.000000 0.000000 0.000000 0.000000 173.982725 48.755489 94.182771 89.052296 206.888382 133.615779 0.000000 93.071842 98.550201 0.000000 75.401761
27.984129 0.000000 114.937771 116.475045 0.000000 59.700655 58.129621 27.297329 91.010404 90.439831 83.163649 102.609871 81.255983 0.000000 115.828442 0.000000 116.494825 99.988235 117.321169 103.320501 98.568681 100.280596 105.965127 97.297445 0.000000 131.227937 120.944134 92.518101 38.906988 65.145945 107.483104 24.290889 0.000000 51.597803 168.514449 0.000000 0.000000 195.650935 0.000000 0.000000 155.454604 178.523263 0.000000 193.642759 0.000000 0.000000 0.000000 183.320221 0.000000 157.388193 0.000000 0.000000 0.000000 0.000000 159.728463 0.000000 0.000000 144.327918 0.000000 154.876468 154.200565 163.110816 175.180991 162.435296 0.000000 0.000000 0.000000 142.544718
0.000000 117.360156 0.000000 99.322166 20.179051 23.906478 88.513194 62.298330 46.652947 63.186791 0.000000 32.233392 168.773178 115.828442 0.000000 0.000000 0.000000 0.000000 0.000000 0.000000 0.000000 70.358860 0.000000 73.844654 146.661786 0.000000 144.215373 84.877207 0.000000 0.000000 0.000000 38.929961 0.000000 0.000000 0.000000 0.000000 0.000000 144.313498 0.000000 0.000000 0.000000 0.000000 0.000000 0.000000 0.000000 148.459601 0.000000 0.000000 0.000000 0.000000 0.000000 0.000000 0.000000 0.000000 0.000000 0.000000 0.000000 0.000000 0.000000 0.000000 0.000000 141.223480 0.000000 0.000000 0.000000 0.000000 0.000000 0.000000
0.000000 0.000000 76.251076 0.000000 0.000000 0.000000 79.455497 0.000000 0.000000 0.000000 0.000000 0.000000 0.000000 0.000000 0.000000 0.000000 101.478312 0.000000 0.000000 0.000000 23.128122 31.392109 21.348824 31.483103 0.000000 108.986838 16.873800 39.416328 103.936755 85.068087 0.000000 0.000000 0.000000 75.201899 0.000000 0.000000 101.128338 0.000000 0.000000 0.000000 132.827289 0.000000 0.000000 0.000000 0.000000 0.000000 0.000000 151.638689 0.000000 108.632564 171.134464 0.000000 0.000000 0.000000 119.675191 52.803849 108.982320 122.901934 0.000000 0.000000 106.661393 120.947120 136.787838 125.591858 0.000000 0.000000 0.000000 116.472153
97.896997 46.487782 42.672987 0.000000 0.000000 0.000000 96.473283 119.269510 0.000000 142.100424 44.889515 0.000000 104.930806 116.494825 0.000000 101.478312 0.000000 47.519067 21.568916 0.000000 47.840723 61.752375 39.554579 0.000000 0.000000 36.575890 64.021546 110.134168 93.254800 70.083522 79.116562 103.998712 0.000000 23.011276 0.000000 62.334929 104.209732 0.000000 0.000000 0.000000 0.000000 0.000000 0.000000 0.000000 126.302403 0.000000 122.295266 0.000000 0.000000 0.000000 112.304741 0.000000 0.000000 0.000000 0.000000 0.000000 117.486559 0.000000 0.000000 105.739774 104.771047 0.000000 0.000000 0.000000 128.758989 0.000000 0.000000 0.000000
131.351897 0.000000 93.748864 0.000000 75.756387 118.060949 131.178063 111.157144 0.000000 164.876251 24.284313 162.905989 50.249947 99.988235 0.000000 0.000000 47.519067 0.000000 19.673750 159.910934 0.000000 0.000000 0.000000 0.000000 0.000000 25.715722 70.009663 0.000000 90.130567 115.255285 45.027046 89.183080 0.000000 44.683283 0.000000 0.000000 0.000000 0.000000 0.000000 0.000000 0.000000 0.000000 0.000000 0.000000 95.698581 0.000000 91.814087 0.000000 0.000000 0.000000 0.000000 107.995473 0.000000 0.000000 0.000000 0.000000 0.000000 0.000000 0.000000 100.847106 95.665029 0.000000 0.000000 0.000000 101.724871 0.000000 0.000000 0.000000
122.744988 0.000000 73.528724 0.000000 77.309437 117.725497 120.931263 125.529117 0.000000 166.362520 25.254860 154.197964 75.960596 117.321169 0.000000 0.000000 21.568916 19.673750 0.000000 155.964669 84.925092 0.000000 83.490597 0.000000 56.445734 35.036026 62.734025 159.388822 103.600453 100.322487 69.573106 89.892543 0.000000 38.298481 0.000000 0.000000 114.553323 0.000000 0.000000 0.000000 0.000000 0.000000 0.000000 0.000000 108.694609 0.000000 112.378287 0.000000 0.000000 0.000000 108.799792 107.222674 113.478996 0.000000 0.000000 0.000000 0.000000 0.000000 67.540837 104.565228 101.992458 0.000000 0.000000 0.000000 113.465679 0.000000 0.000000 0.000000
0.000000 0.000000 0.000000 13.862294 98.432870 77.391017 78.475032 96.310259 60.821400 18.252883 139.079199 26.706234 143.408869 103.320501 0.000000 0.000000 0.000000 159.910934 155.964669 0.000000 0.000000 0.000000 0.000000 42.310815 0.000000 163.556247 165.494230 28.755481 109.349732 0.000000 0.000000 121.319673 0.000000 89.638451 0.000000 0.000000 0.000000 166.407045 0.000000 154.878927 145.453168 179.596500 83.019338 160.550072 0.000000 151.686229 0.000000 160.678706 0.000000 0.000000 0.000000 0.000000 0.000000 149.337855 0.000000 0.000000 0.000000 130.951397 0.000000 0.000000 0.000000 153.997519 0.000000 0.000000 0.000000 0.000000 0.000000 0.000000
88.301641 0.000000 73.757948 0.000000 0.000000 143.360802 78.281963 100.310922 0.000000 97.011280 0.000000 0.000000 0.000000 98.568681 0.000000 23.128122 47.840723 0.000000 84.925092 0.000000 0.000000 56.989694 41.555127 45.489792 0.000000 98.218759 82.361550 20.149483 77.556894 51.435538 0.000000 0.000000 0.000000 51.105213 139.096525 0.000000 0.000000 0.000000 0.000000 0.000000 0.000000 0.000000 0.000000 0.000000 0.000000 0.000000 0.000000 161.254679 0.000000 117.769404 166.614469 0.000000 0.000000 0.000000 129.720674 65.886551 132.012840 128.490658 0.000000 0.000000 137.252013 130.043263 146.160980 135.384487 0.000000 0.000000 0.000000 130.387004
66.740756 30.758507 49.778152 0.000000 87.084920 0.000000 64.141944 108.289083 28.929164 0.000000 0.000000 0.000000 83.724919 100.280596 70.358860 31.392109 61.752375 0.000000 0.000000 0.000000 56.989694 0.000000 54.274105 37.027366 59.862782 89.990904 39.979699 51.850003 77.447679 60.106220 92.410590 111.142022 0.000000 63.363046 0.000000 0.000000 0.000000 0.000000 0.000000 0.000000 0.000000 0.000000 0.000000 0.000000 0.000000 0.000000 0.000000 86.965404 0.000000 55.243095 0.000000 0.000000 0.000000 0.000000 68.112283 0.000000 65.135357 49.571884 0.000000 0.000000 43.960171 82.474054 87.694323 71.725789 0.000000 0.000000 0.000000 0.000000
90.457717 0.000000 40.361885 0.000000 0.000000 0.000000 88.447805 108.144265 108.945615 108.834747 0.000000 0.000000 0.000000 105.965127 0.000000 21.348824 39.554579 0.000000 83.490597 0.000000 41.555127 54.274105 0.000000 71.068492 0.000000 79.237905 45.085231 46.690700 92.850660 54.848183 0.000000 0.000000 0.000000 28.431237 0.000000 0.000000 103.189134 0.000000 0.000000 0.000000 156.151933 0.000000 0.000000 0.000000 0.000000 0.000000 0.000000 181.318549 0.000000 118.318287 164.718752 0.000000 0.000000 0.000000 132.356320 80.517349 117.403358 139.296190 0.000000 0.000000 105.630453 140.246710 153.259858 134.365173 0.000000 0.000000 0.000000 128.604196
86.755557 83.316585 92.507659 41.232844 95.382882 77.242579 54.044795 86.711897 30.121786 57.308054 145.929504 91.789935 138.297653 97.297445 73.844654 31.483103 0.000000 0.000000 0.000000 42.310815 45.489792 37.027366 71.068492 0.000000 113.963363 141.287759 98.439790 28.383509 93.769758 72.961149 146.000102 113.750176 75.183233 75.905506 120.691047 0.000000 0.000000 131.692722 0.000000 124.694700 108.940735 137.222205 48.509080 133.847429 182.096843 126.882967 0.000000 134.848691 0.000000 100.342848 0.000000 0.000000 0.000000 116.430983 117.459903 46.542920 138.111693 94.681267 0.000000 0.000000 178.995654 114.732803 135.224672 117.363971 0.000000 163.647930 0.000000 129.564085
0.000000 21.989568 0.000000 0.000000 0.000000 0.000000 0.000000 0.000000 101.830588 0.000000 37.125346 0.000000 21.987704 0.000000 146.661786 0.000000 0.000000 0.000000 56.445734 0.000000 0.000000 59.862782 0.000000 113.963363 0.000000 40.846437 23.877702 0.000000 0.000000 0.000000 39.162944 162.702431 0.000000 0.000000 0.000000 0.000000 0.000000 0.000000 0.000000 0.000000 0.000000 0.000000 0.000000 0.000000 63.820419 0.000000 66.136843 0.000000 0.000000 0.000000 0.000000 0.000000 0.000000 0.000000 0.000000 0.000000 0.000000 0.000000 33.660243 81.569270 62.095744 0.000000 0.000000 0.000000 84.638326 0.000000 0.000000 63.718556
127.003944 50.447232 40.648578 180.692050 86.857946 149.811836 127.613180 136.057175 132.299992 165.963103 22.417156 165.217169 47.846956 131.227937 0.000000 108.986838 36.575890 25.715722 35.036026 163.556247 98.218759 89.990904 79.237905 141.287759 40.846437 0.000000 41.196903 142.383529 111.940943 117.008037 34.386845 94.656305 0.000000 50.248832 0.000000 55.526678 101.708972 0.000000 0.000000 0.000000 0.000000 0.000000 0.000000 0.000000 95.077748 0.000000 92.093621 0.000000 0.000000 0.000000 102.575102 99.027998 103.090786 0.000000 0.000000 0.000000 135.103767 201.671588 50.559902 92.831820 89.041399 182.816055 0.000000 0.000000 101.117716 0.000000 0.000000 117.629310
0.000000 31.522706 34.859206 185.560458 157.798246 147.145806 121.197737 137.979706 106.484228 163.629823 65.210036 169.441690 42.114159 120.944134 144.215373 16.873800 64.021546 70.009663 62.734025 165.494230 82.361550 39.979699 45.085231 98.439790 23.877702 41.196903 0.000000 69.964221 110.023984 117.707509 45.041704 114.823029 0.000000 62.758388 0.000000 38.955689 90.286119 0.000000 0.000000 0.000000 161.345272 0.000000 0.000000 0.000000 97.470219 0.000000 98.119613 186.920321 0.000000 112.087384 105.721463 101.185258 105.150252 0.000000 135.029932 77.911088 107.268763 160.887952 45.885762 90.462413 85.459804 150.697102 186.178786 165.221713 103.274380 0.000000 0.000000 110.265101
82.594038 0.000000 93.903066 22.970128 109.129978 59.564880 39.444085 80.940434 59.610812 36.682632 153.827429 45.913002 141.265126 92.518101 84.877207 39.416328 110.134168 0.000000 159.388822 28.755481 20.149483 51.850003 46.690700 28.383509 0.000000 142.383529 69.964221 0.000000 98.767612 58.154912 0.000000 125.352101 78.735388 75.893571 136.871027 0.000000 0.000000 162.668691 0.000000 158.348572 130.270264 158.665857 76.433137 160.076500 0.000000 148.053435 0.000000 153.765144 0.000000 110.434582 0.000000 0.000000 0.000000 143.882041 125.768393 65.081653 140.143684 115.677187 0.000000 0.000000 156.234165 138.541283 144.136740 130.714978 0.000000 190.848897 0.000000 139.414012
25.094796 0.000000 108.542712 120.131024 0.000000 75.722121 85.031120 64.532334 82.762088 109.019161 72.831665 107.906034 74.262281 38.906988 0.000000 103.936755 93.254800 90.130567 103.600453 109.349732 77.556894 77.447679 92.850660 93.769758 0.000000 111.940943 110.023984 98.767612 0.000000 33.573756 99.615377 19.008382 20.018937 37.228886 160.522266 0.000000 0.000000 196.769998 0.000000 0.000000 154.694684 166.701068 91.921433 199.436036 156.324787 0.000000 0.000000 168.941371 0.000000 131.875429 0.000000 0.000000 0.000000 0.000000 146.707474 85.814956 0.000000 138.858195 0.000000 0.000000 148.790370 142.968382 162.099248 150.838783 0.000000 0.000000 0.000000 141.075093
34.076923 0.000000 92.715105 0.000000 0.000000 121.420677 27.654819 66.479394 62.088194 117.193193 98.629428 0.000000 0.000000 65.145945 0.000000 85.068087 70.083522 115.255285 100.322487 0.000000 51.435538 60.106220 54.848183 72.961149 0.000000 117.008037 117.707509 58.154912 33.573756 0.000000 0.000000 0.000000 0.000000 36.872847 136.291258 0.000000 169.006934 0.000000 0.000000 0.000000 126.226275 158.463043 72.863715 0.000000 0.000000 0.000000 0.000000 158.876266 0.000000 113.477470 0.000000 0.000000 0.000000 0.000000 130.229086 71.394235 0.000000 118.400306 0.000000 172.794996 158.318240 124.815672 145.906908 131.388998 0.000000 0.000000 0.000000 133.007513
0.000000 58.705103 100.017217 0.000000 124.584836 0.000000 0.000000 116.314607 133.528935 173.964503 33.417700 0.000000 24.024904 107.483104 0.000000 0.000000 79.116562 45.027046 69.573106 0.000000 0.000000 92.410590 0.000000 146.000102 39.162944 34.386845 45.041704 0.000000 99.615377 0.000000 0.000000 98.898992 0.000000 80.248677 0.000000 0.000000 0.000000 0.000000 0.000000 0.000000 0.000000 0.000000 0.000000 0.000000 92.451217 0.000000 88.434258 0.000000 0.000000 0.000000 0.000000 101.115406 107.301168 0.000000 0.000000 0.000000 0.000000 0.000000 53.729657 97.009573 90.786111 0.000000 0.000000 0.000000 100.358494 0.000000 0.000000 0.000000
0.000000 154.525791 0.000000 143.798699 15.653157 36.576825 124.100390 29.205798 73.927034 122.273332 67.556439 94.115415 70.046809 24.290889 38.929961 0.000000 103.998712 89.183080 89.892543 121.319673 0.000000 111.142022 0.000000 113.750176 162.702431 94.656305 114.823029 125.352101 19.008382 0.000000 98.898992 0.000000 0.000000 22.568317 0.000000 0.000000 0.000000 0.000000 0.000000 153.856062 0.000000 139.579818 0.000000 192.379486 94.087923 185.469424 0.000000 144.039038 0.000000 0.000000 0.000000 0.000000 0.000000 0.000000 0.000000 0.000000 0.000000 137.090473 0.000000 0.000000 0.000000 175.485382 0.000000 0.000000 0.000000 0.000000 0.000000 100.051362
34.192783 0.000000 0.000000 0.000000 0.000000 0.000000 0.000000 0.000000 75.272153 0.000000 0.000000 0.000000 0.000000 0.000000 0.000000 0.000000 0.000000 0.000000 0.000000 0.000000 0.000000 0.000000 0.000000 75.183233 0.000000 0.000000 0.000000 78.735388 20.018937 0.000000 0.000000 0.000000 0.000000 20.247793 0.000000 0.000000 0.000000 0.000000 0.000000 0.000000 0.000000 0.000000 0.000000 0.000000 0.000000 0.000000 0.000000 0.000000 0.000000 0.000000 0.000000 0.000000 0.000000 0.000000 0.000000 0.000000 0.000000 130.190959 0.000000 0.000000 0.000000 123.054327 134.479559 0.000000 0.000000 0.000000 0.000000 0.000000
63.450491 64.207998 81.848867 97.301040 9.723872 78.373285 71.344339 59.604539 76.668347 92.841694 35.812307 90.127887 37.349090 51.597803 0.000000 75.201899 23.011276 44.683283 38.298481 89.638451 51.105213 63.363046 28.431237 75.905506 0.000000 50.248832 62.758388 75.893571 37.228886 36.872847 80.248677 22.568317 20.247793 0.000000 0.000000 0.000000 105.034333 175.246648 0.000000 137.355881 134.172564 134.488957 0.000000 157.864044 78.652068 0.000000 0.000000 155.525839 0.000000 115.675424 0.000000 0.000000 0.000000 0.000000 133.670358 0.000000 106.448059 125.982517 0.000000 108.866474 102.192012 142.021946 150.664390 133.678049 0.000000 115.587900 0.000000 86.849301
0.000000 0.000000 0.000000 0.000000 0.000000 0.000000 0.000000 0.000000 0.000000 0.000000 0.000000 0.000000 0.000000 168.514449 0.000000 0.000000 0.000000 0.000000 0.000000 0.000000 139.096525 0.000000 0.000000 120.691047 0.000000 0.000000 0.000000 136.871027 160.522266 136.291258 0.000000 0.000000 0.000000 0.000000 0.000000 0.000000 103.242986 113.970292 0.000000 0.000000 37.840291 50.468513 73.535098 75.034889 121.701374 108.364514 0.000000 27.592111 0.000000 0.000000 120.746472 130.476211 120.529741 79.983408 86.352141 72.549515 93.328108 85.718011 0.000000 125.235001 128.327855 89.957314 22.576182 25.483739 0.000000 0.000000 0.000000 61.557611
0.000000 0.000000 50.738108 0.000000 0.000000 0.000000 0.000000 0.000000 0.000000 0.000000 81.599160 0.000000 88.133526 0.000000 0.000000 0.000000 62.334929 0.000000 0.000000 0.000000 0.000000 0.000000 0.000000 0.000000 0.000000 55.526678 38.955689 0.000000 0.000000 0.000000 0.000000 0.000000 0.000000 0.000000 0.000000 0.000000 48.138892 0.000000 132.390204 153.639037 0.000000 146.069077 72.329660 0.000000 0.000000 0.000000 42.582980 0.000000 109.720675 0.000000 52.387269 0.000000 51.832809 0.000000 0.000000 33.508091 0.000000 85.630670 19.891548 36.255332 29.018273 0.000000 0.000000 0.000000 0.000000 156.979667 0.000000 0.000000
0.000000 55.394441 94.933000 0.000000 0.000000 0.000000 0.000000 0.000000 0.000000 0.000000 0.000000 0.000000 0.000000 0.000000 0.000000 101.128338 104.209732 0.000000 114.553323 0.000000 0.000000 0.000000 103.189134 0.000000 0.000000 101.708972 90.286119 0.000000 0.000000 169.006934 0.000000 0.000000 0.000000 105.034333 103.242986 48.138892 0.000000 0.000000 0.000000 0.000000 97.489103 118.414074 0.000000 118.761884 0.000000 0.000000 105.594784 112.029143 0.000000 64.640714 44.436553 86.845481 62.997031 0.000000 70.042224 0.000000 33.262968 107.606830 0.000000 45.723160 34.490333 89.402531 124.590557 92.952934 85.346106 0.000000 0.000000 49.110004
0.000000 0.000000 0.000000 39.535599 156.086175 172.245113 153.749525 180.984877 94.422932 173.822465 0.000000 169.428455 0.000000 195.650935 144.313498 0.000000 0.000000 0.000000 0.000000 166.407045 0.000000 0.000000 0.000000 131.692722 0.000000 0.000000 0.000000 162.668691 196.769998 0.000000 0.000000 0.000000 0.000000 175.246648 113.970292 0.000000 0.000000 0.000000 0.000000 70.073163 60.980854 111.367168 76.983305 23.796734 137.539665 43.571542 0.000000 118.040517 0.000000 0.000000 0.000000 167.976499 0.000000 16.890643 109.938477 0.000000 126.732228 41.225305 136.398158 161.405249 0.000000 25.825124 120.115051 119.417588 0.000000 135.511238 0.000000 108.425859
0.000000 0.000000 0.000000 0.000000 0.000000 0.000000 0.000000 0.000000 0.000000 0.000000 0.000000 0.000000 0.000000 0.000000 0.000000 0.000000 0.000000 0.000000 0.000000 0.000000 0.000000 0.000000 0.000000 0.000000 0.000000 0.000000 0.000000 0.000000 0.000000 0.000000 0.000000 0.000000 0.000000 0.000000 0.000000 132.390204 0.000000 0.000000 0.000000 21.258698 112.275689 0.000000 74.710144 111.259359 0.000000 43.280826 180.814646 0.000000 22.241317 0.000000 0.000000 0.000000 0.000000 0.000000 0.000000 86.069729 0.000000 62.380682 157.017081 0.000000 158.383252 0.000000 0.000000 0.000000 0.000000 12.136313 0.000000 10.223587
0.000000 0.000000 0.000000 130.749819 0.000000 173.470520 156.393730 0.000000 0.000000 161.074863 0.000000 0.000000 0.000000 0.000000 0.000000 0.000000 0.000000 0.000000 0.000000 154.878927 0.000000 0.000000 0.000000 124.694700 0.000000 0.000000 0.000000 158.348572 0.000000 0.000000 0.000000 153.856062 0.000000 137.355881 0.000000 153.639037 0.000000 70.073163 21.258698 0.000000 50.789676 37.877059 74.578673 36.435412 94.513483 43.052614 0.000000 76.491487 30.016990 0.000000 0.000000 132.856834 0.000000 57.633423 136.623095 102.732973 0.000000 66.388571 170.784164 148.844890 160.297262 62.294262 91.339509 0.000000 0.000000 36.837155 0.000000 37.787312
0.000000 0.000000 0.000000 139.247063 0.000000 155.757232 126.901850 154.092631 72.377116 149.493435 0.000000 0.000000 0.000000 155.454604 0.000000 132.827289 0.000000 0.000000 0.000000 145.453168 0.000000 0.000000 156.151933 108.940735 0.000000 0.000000 161.345272 130.270264 154.694684 126.226275 0.000000 0.000000 0.000000 134.172564 37.840291 0.000000 97.489103 60.980854 112.275689 50.789676 0.000000 62.940023 55.868493 24.019565 125.433043 76.617621 0.000000 47.541575 93.650690 0.000000 110.094807 131.955051 121.559248 62.703116 73.719340 0.000000 90.483036 53.601989 106.942614 128.263522 136.403229 42.257978 88.986296 42.871678 163.336810 116.514242 94.020761 79.693261
0.000000 0.000000 0.000000 170.553126 0.000000 169.534419 155.434301 169.059158 0.000000 179.943528 0.000000 168.031158 106.113205 178.523263 0.000000 0.000000 0.000000 0.000000 0.000000 179.596500 0.000000 0.000000 0.000000 137.222205 0.000000 0.000000 0.000000 158.665857 166.701068 158.463043 0.000000 139.579818 0.000000 134.488957 50.468513 146.069077 118.414074 111.367168 0.000000 37.877059 62.940023 0.000000 83.089180 54.051208 73.563649 98.226024 95.330097 22.844894 44.157652 0.000000 138.662450 108.564713 141.064391 94.956032 99.726104 0.000000 114.013602 91.341834 105.528084 122.818846 128.392800 89.685757 62.943309 78.596088 110.101757 23.855532 0.000000 40.708365
0.000000 0.000000 0.000000 89.655006 82.052689 0.000000 72.732185 87.945757 0.000000 95.808333 0.000000 0.000000 0.000000 0.000000 0.000000 0.000000 0.000000 0.000000 0.000000 83.019338 0.000000 0.000000 0.000000 48.509080 0.000000 0.000000 0.000000 76.433137 91.921433 72.863715 0.000000 0.000000 0.000000 0.000000 73.535098 72.329660 0.000000 76.983305 74.710144 74.578673 55.868493 83.089180 0.000000 78.677471 0.000000 45.458086 126.558534 82.165060 56.698985 0.000000 0.000000 0.000000 0.000000 62.762546 0.000000 29.088804 0.000000 31.038651 99.010425 0.000000 98.784793 66.820249 91.065920 66.591016 0.000000 95.424663 0.000000 87.985955
0.000000 0.000000 0.000000 99.572890 0.000000 174.990603 152.250383 186.649121 93.505076 176.047860 0.000000 163.445019 0.000000 193.642759 0.000000 0.000000 0.000000 0.000000 0.000000 160.550072 0.000000 0.000000 0.000000 133.847429 0.000000 0.000000 0.000000 160.076500 199.436036 0.000000 0.000000 192.379486 0.000000 157.864044 75.034889 0.000000 118.761884 23.796734 111.259359 36.435412 24.019565 54.051208 78.677471 0.000000 140.392797 41.308481 149.874360 59.177144 0.000000 0.000000 143.800928 163.457943 157.246784 14.351933 99.085275 0.000000 119.187430 58.843841 122.597253 165.737667 166.087966 41.989400 111.475857 100.323605 174.931012 116.342312 0.000000 97.772692
0.000000 0.000000 0.000000 0.000000 0.000000 0.000000 0.000000 0.000000 0.000000 0.000000 76.817902 0.000000 74.953702 0.000000 0.000000 0.000000 126.302403 95.698581 108.694609 0.000000 0.000000 0.000000 0.000000 182.096843 63.820419 95.077748 97.470219 0.000000 156.324787 0.000000 92.451217 94.087923 0.000000 78.652068 121.701374 0.000000 0.000000 137.539665 0.000000 94.513483 125.433043 73.563649 0.000000 140.392797 0.000000 145.318217 17.738345 81.828543 0.000000 0.000000 0.000000 20.729361 24.327310 150.592258 0.000000 0.000000 75.610439 166.017820 32.255133 24.681483 61.558675 139.331116 71.491040 101.390055 23.812282 63.535894 0.000000 28.620167
0.000000 0.000000 0.000000 100.779873 159.869603 138.841584 0.000000 0.000000 0.000000 157.871414 0.000000 143.284837 0.000000 0.000000 148.459601 0.000000 0.000000 0.000000 0.000000 151.686229 0.000000 0.000000 0.000000 126.882967 0.000000 0.000000 0.000000 148.053435 0.000000 0.000000 0.000000 185.469424 0.000000 0.000000 108.364514 0.000000 0.000000 43.571542 43.280826 43.052614 76.617621 98.226024 45.458086 41.308481 145.318217 0.000000 157.160672 115.724511 26.618933 0.000000 0.000000 162.542281 166.294100 26.846680 0.000000 0.000000 0.000000 53.137027 0.000000 177.760873 174.201495 52.211611 119.604037 0.000000 180.596177 102.281041 0.000000 104.733645
0.000000 107.602915 0.000000 0.000000 0.000000 0.000000 0.000000 0.000000 0.000000 0.000000 76.907740 0.000000 73.815781 0.000000 0.000000 0.000000 122.295266 91.814087 112.378287 0.000000 0.000000 0.000000 0.000000 0.000000 66.136843 92.093621 98.119613 0.000000 0.000000 0.000000 88.434258 0.000000 0.000000 0.000000 0.000000 42.582980 105.594784 0.000000 180.814646 0.000000 0.000000 95.330097 126.558534 149.874360 17.738345 157.160672 0.000000 96.099892 0.000000 0.000000 104.910496 58.986376 76.337208 0.000000 0.000000 83.412043 0.000000 129.499200 21.607719 46.770323 40.476600 162.139405 86.423409 0.000000 27.897347 78.365832 0.000000 42.099146
162.779874 0.000000 0.000000 162.905953 0.000000 186.980838 148.301328 171.448552 101.226562 181.187878 136.279469 0.000000 108.833790 183.320221 0.000000 151.638689 0.000000 0.000000 0.000000 160.678706 161.254679 86.965404 181.318549 134.848691 0.000000 0.000000 186.920321 153.765144 168.941371 158.876266 0.000000 144.039038 0.000000 155.525839 27.592111 0.000000 112.029143 118.040517 0.000000 76.491487 47.541575 22.844894 82.165060 59.177144 81.828543 115.724511 96.099892 0.000000 0.000000 0.000000 130.355562 109.216227 124.716026 107.712182 93.962867 97.716250 105.444868 90.979183 0.000000 125.451745 132.754197 91.573978 52.017154 69.523272 112.775052 28.022278 55.758567 45.556696
0.000000 0.000000 0.000000 0.000000 0.000000 0.000000 0.000000 0.000000 0.000000 0.000000 0.000000 0.000000 0.000000 0.000000 0.000000 0.000000 0.000000 0.000000 0.000000 0.000000 0.000000 0.000000 0.000000 0.000000 0.000000 0.000000 0.000000 0.000000 0.000000 0.000000 0.000000 0.000000 0.000000 0.000000 0.000000 109.720675 0.000000 0.000000 22.241317 30.016990 93.650690 44.157652 56.698985 0.000000 0.000000 26.618933 0.000000 0.000000 0.000000 0.000000 0.000000 0.000000 0.000000 0.000000 0.000000 70.399335 0.000000 48.955167 141.897090 0.000000 141.413626 0.000000 0.000000 0.000000 0.000000 45.149986 0.000000 0.000000
0.000000 0.000000 125.599036 0.000000 0.000000 0.000000 0.000000 0.000000 0.000000 0.000000 0.000000 0.000000 0.000000 157.388193 0.000000 108.632564 0.000000 0.000000 0.000000 0.000000 117.769404 55.243095 118.318287 100.342848 0.000000 0.000000 112.087384 110.434582 131.875429 113.477470 0.000000 0.000000 0.000000 115.675424 0.000000 0.000000 64.640714 0.000000 0.000000 0.000000 0.000000 0.000000 0.000000 0.000000 0.000000 0.000000 0.000000 0.000000 0.000000 0.000000 109.838227 0.000000 118.818699 0.000000 24.856253 42.629512 20.963438 31.676581 0.000000 100.330803 23.208414 36.588440 92.648082 78.151554 0.000000 0.000000 0.000000 76.850846
0.000000 60.582125 109.242237 0.000000 0.000000 0.000000 0.000000 0.000000 0.000000 0.000000 0.000000 0.000000 0.000000 0.000000 0.000000 171.134464 112.304741 0.000000 108.799792 0.000000 166.614469 0.000000 164.718752 0.000000 0.000000 102.575102 105.721463 0.000000 0.000000 0.000000 0.000000 0.000000 0.000000 0.000000 120.746472 52.387269 44.436553 0.000000 0.000000 0.000000 110.094807 138.662450 0.000000 143.800928 0.000000 0.000000 104.910496 130.355562 0.000000 109.838227 0.000000 48.984294 13.300664 0.000000 61.907720 0.000000 41.933650 133.662557 0.000000 30.243571 64.191066 119.917104 126.407169 71.049649 107.119726 0.000000 0.000000 31.481595
0.000000 0.000000 0.000000 0.000000 0.000000 0.000000 0.000000 0.000000 0.000000 0.000000 107.531986 0.000000 101.373216 0.000000 0.000000 0.000000 0.000000 107.995473 107.222674 0.000000 0.000000 0.000000 0.000000 0.000000 0.000000 99.027998 101.185258 0.000000 0.000000 0.000000 101.115406 0.000000 0.000000 0.000000 130.476211 0.000000 86.845481 167.976499 0.000000 132.856834 131.955051 108.564713 0.000000 163.457943 20.729361 162.542281 58.986376 109.216227 0.000000 0.000000 48.984294 0.000000 24.539872 161.928507 113.464850 0.000000 86.951206 149.553955 0.000000 28.533626 57.521217 155.028923 105.129047 114.243851 54.786523 86.925635 0.000000 41.249739
0.000000 0.000000 118.496778 0.000000 0.000000 0.000000 0.000000 0.000000 0.000000 0.000000 114.899083 0.000000 0.000000 0.000000 0.000000 0.000000 0.000000 0.000000 113.478996 0.000000 0.000000 0.000000 0.000000 0.000000 0.000000 103.090786 105.150252 0.000000 0.000000 0.000000 107.301168 0.000000 0.000000 0.000000 120.529741 51.832809 62.997031 0.000000 0.000000 0.000000 121.559248 141.064391 0.000000 157.246784 24.327310 166.294100 76.337208 124.716026 0.000000 118.818699 13.300664 24.539872 0.000000 0.000000 85.530936 0.000000 67.045771 137.487377 0.000000 29.624096 62.085557 129.408642 115.863723 90.022797 70.934731 93.935982 0.000000 31.239836
0.000000 0.000000 0.000000 33.770681 0.000000 162.112554 141.623394 174.961075 78.489456 159.820623 0.000000 151.289491 0.000000 0.000000 0.000000 0.000000 0.000000 0.000000 0.000000 149.337855 0.000000 0.000000 0.000000 116.430983 0.000000 0.000000 0.000000 143.882041 0.000000 0.000000 0.000000 0.000000 0.000000 0.000000 79.983408 0.000000 0.000000 16.890643 0.000000 57.633423 62.703116 94.956032 62.762546 14.351933 150.592258 26.846680 0.000000 107.712182 0.000000 0.000000 0.000000 161.928507 0.000000 0.000000 0.000000 0.000000 0.000000 32.038527 0.000000 163.833679 0.000000 27.985211 109.319106 0.000000 0.000000 125.135873 0.000000 101.919173
148.408863 0.000000 0.000000 0.000000 0.000000 0.000000 154.932416 0.000000 0.000000 0.000000 0.000000 0.000000 0.000000 159.728463 0.000000 119.675191 0.000000 0.000000 0.000000 0.000000 129.720674 68.112283 132.356320 117.459903 0.000000 0.000000 135.029932 125.768393 146.707474 130.229086 0.000000 0.000000 0.000000 133.670358 86.352141 0.000000 70.042224 109.938477 0.000000 136.623095 73.719340 99.726104 0.000000 99.085275 0.000000 0.000000 0.000000 93.962867 0.000000 24.856253 61.907720 113.464850 85.530936 0.000000 0.000000 59.268103 46.339451 18.835755 0.000000 102.665730 81.608176 39.338054 106.667933 43.315203 0.000000 0.000000 0.000000 60.478520
0.000000 0.000000 0.000000 0.000000 0.000000 0.000000 0.000000 0.000000 0.000000 0.000000 0.000000 0.000000 0.000000 0.000000 0.000000 52.803849 0.000000 0.000000 0.000000 0.000000 65.886551 0.000000 80.517349 46.542920 0.000000 0.000000 77.911088 65.081653 85.814956 71.394235 0.000000 0.000000 0.000000 0.000000 72.549515 33.508091 0.000000 0.000000 86.069729 102.732973 0.000000 0.000000 29.088804 0.000000 0.000000 0.000000 83.412043 97.716250 70.399335 42.629512 0.000000 0.000000 0.000000 0.000000 59.268103 0.000000 52.414547 49.376841 55.204104 0.000000 32.939001 55.431031 75.638716 63.038721 0.000000 111.449511 0.000000 0.000000
0.000000 0.000000 111.359969 0.000000 0.000000 0.000000 0.000000 0.000000 0.000000 0.000000 0.000000 0.000000 0.000000 0.000000 0.000000 108.982320 117.486559 0.000000 0.000000 0.000000 132.012840 65.135357 117.403358 138.111693 0.000000 135.103767 107.268763 140.143684 0.000000 0.000000 0.000000 0.000000 0.000000 106.448059 93.328108 0.000000 33.262968 126.732228 0.000000 0.000000 90.483036 114.013602 0.000000 119.187430 75.610439 0.000000 0.000000 105.444868 0.000000 20.963438 41.933650 86.951206 67.045771 0.000000 46.339451 52.414547 0.000000 53.313765 0.000000 66.941748 56.393501 54.901684 109.323090 51.443343 0.000000 103.378445 0.000000 37.892404
122.954242 0.000000 161.250024 107.594515 0.000000 157.638043 117.723911 141.631872 54.664454 139.523771 189.794827 139.222752 173.982725 144.327918 0.000000 122.901934 0.000000 0.000000 0.000000 130.951397 128.490658 49.571884 139.296190 94.681267 0.000000 201.671588 160.887952 115.677187 138.858195 118.400306 0.000000 137.090473 130.190959 125.982517 85.718011 85.630670 107.606830 41.225305 62.380682 66.388571 53.601989 91.341834 31.038651 58.843841 166.017820 53.137027 129.499200 90.979183 48.955167 31.676581 133.662557 149.553955 137.487377 32.038527 18.835755 49.376841 53.313765 0.000000 107.764403 143.715090 93.870878 29.750927 97.713511 79.610046 0.000000 89.398394 72.295744 90.162364
0.000000 0.000000 0.000000 0.000000 0.000000 0.000000 0.000000 0.000000 0.000000 0.000000 61.142329 0.000000 48.755489 0.000000 0.000000 0.000000 0.000000 0.000000 67.540837 0.000000 0.000000 0.000000 0.000000 0.000000 33.660243 50.559902 45.885762 0.000000 0.000000 0.000000 53.729657 0.000000 0.000000 0.000000 0.000000 19.891548 0.000000 136.398158 157.017081 170.784164 106.942614 105.528084 99.010425 122.597253 32.255133 0.000000 21.607719 0.000000 141.897090 0.000000 0.000000 0.000000 0.000000 0.000000 0.000000 55.204104 0.000000 107.764403 0.000000 39.244395 25.687353 116.774490 0.000000 0.000000 45.351126 172.191571 0.000000 30.141719
0.000000 70.522432 101.443513 0.000000 0.000000 0.000000 0.000000 170.336902 0.000000 0.000000 99.538522 0.000000 94.182771 154.876468 0.000000 0.000000 105.739774 100.847106 104.565228 0.000000 0.000000 0.000000 0.000000 0.000000 81.569270 92.831820 90.462413 0.000000 0.000000 172.794996 97.009573 0.000000 0.000000 108.866474 125.235001 36.255332 45.723160 161.405249 0.000000 148.844890 128.263522 122.818846 0.000000 165.737667 24.681483 177.760873 46.770323 125.451745 0.000000 100.330803 30.243571 28.533626 29.624096 163.833679 102.665730 0.000000 66.941748 143.715090 39.244395 0.000000 39.180998 129.237748 109.317896 117.880124 29.837194 93.660484 0.000000 66.149882
