0.000000000000000000e+00 0.000000000000000000e+00 8.666666666666666269e-04 0.000000000000000000e+00 0.000000000000000000e+00 1.066666666666666664e-04 2.097333333333333341e-02 5.000000000000000104e-03 1.733333333333333362e-04 1.360000000000000098e-03 0.000000000000000000e+00 6.666666666666666986e-05 0.000000000000000000e+00 8.889333333333333809e-02 0.000000000000000000e+00 0.000000000000000000e+00 1.760000000000000063e-03 6.666666666666666986e-05 6.800000000000000488e-04 0.000000000000000000e+00 2.666666666666666794e-04 1.200000000000000030e-04 1.240000000000000000e-03 2.400000000000000061e-04 0.000000000000000000e+00 9.466666666666666199e-04 0.000000000000000000e+00 9.333333333333333239e-04 9.747999999999999721e-02 1.662666666666666807e-02 0.000000000000000000e+00 0.000000000000000000e+00 8.000000000000000654e-05 4.533333333333333117e-04 0.000000000000000000e+00 0.000000000000000000e+00 0.000000000000000000e+00 0.000000000000000000e+00 0.000000000000000000e+00 0.000000000000000000e+00 0.000000000000000000e+00 0.000000000000000000e+00 0.000000000000000000e+00 0.000000000000000000e+00 0.000000000000000000e+00 0.000000000000000000e+00 0.000000000000000000e+00 6.666666666666666986e-05 0.000000000000000000e+00 0.000000000000000000e+00 0.000000000000000000e+00 0.000000000000000000e+00 0.000000000000000000e+00 0.000000000000000000e+00 1.200000000000000030e-04 0.000000000000000000e+00 0.000000000000000000e+00 1.733333333333333362e-04 0.000000000000000000e+00 0.000000000000000000e+00 0.000000000000000000e+00 1.733333333333333362e-04 1.333333333333333397e-04 0.000000000000000000e+00 0.000000000000000000e+00 0.000000000000000000e+00 0.000000000000000000e+00 0.000000000000000000e+00
0.000000000000000000e+00 0.000000000000000000e+00 8.000000000000000654e-05 0.000000000000000000e+00 3.200000000000000262e-04 0.000000000000000000e+00 0.000000000000000000e+00 0.000000000000000000e+00 5.853333333333333652e-03 0.000000000000000000e+00 2.666666666666666794e-04 0.000000000000000000e+00 8.040000000000000271e-03 0.000000000000000000e+00 5.333333333333333589e-04 0.000000000000000000e+00 2.000000000000000096e-04 0.000000000000000000e+00 0.000000000000000000e+00 0.000000000000000000e+00 0.000000000000000000e+00 7.506666666666666696e-03 0.000000000000000000e+00 1.998666666666666647e-02 1.924000000000000016e-02 7.466666666666666374e-04 1.980000000000000163e-02 0.000000000000000000e+00 0.000000000000000000e+00 0.000000000000000000e+00 1.173333333333333303e-03 1.066666666666666664e-04 0.000000000000000000e+00 1.200000000000000030e-04 0.000000000000000000e+00 0.000000000000000000e+00 1.866666666666666593e-04 0.000000000000000000e+00 0.000000000000000000e+00 0.000000000000000000e+00 0.000000000000000000e+00 0.000000000000000000e+00 0.000000000000000000e+00 0.000000000000000000e+00 0.000000000000000000e+00 0.000000000000000000e+00 8.000000000000000654e-05 0.000000000000000000e+00 0.000000000000000000e+00 0.000000000000000000e+00 1.333333333333333397e-04 0.000000000000000000e+00 0.000000000000000000e+00 0.000000000000000000e+00 0.000000000000000000e+00 0.000000000000000000e+00 0.000000000000000000e+00 0.000000000000000000e+00 0.000000000000000000e+00 9.333333333333332967e-05 2.239999999999999804e-03 0.000000000000000000e+00 0.000000000000000000e+00 0.000000000000000000e+00 0.000000000000000000e+00 0.000000000000000000e+00 0.000000000000000000e+00 0.000000000000000000e+00
8.666666666666666269e-04 8.000000000000000654e-05 0.000000000000000000e+00 0.000000000000000000e+00 0.000000000000000000e+00 0.000000000000000000e+00 9.773333333333333525e-03 3.466666666666666508e-03 0.000000000000000000e+00 5.066666666666666584e-04 0.000000000000000000e+00 0.000000000000000000e+00 0.000000000000000000e+00 4.466666666666666528e-03 0.000000000000000000e+00 6.133333333333333519e-04 6.753333333333333410e-02 1.200000000000000030e-04 1.786666666666666655e-03 0.000000000000000000e+00 3.013333333333333142e-03 1.200000000000000030e-04 5.258666666666666351e-02 8.000000000000000654e-05 0.000000000000000000e+00 1.310533333333333272e-01 8.458666666666667111e-02 5.199999999999999544e-04 1.160000000000000007e-03 7.320000000000000118e-03 9.333333333333332967e-05 0.000000000000000000e+00 0.000000000000000000e+00 1.200000000000000030e-04 0.000000000000000000e+00 1.200000000000000030e-04 7.133333333333333540e-03 0.000000000000000000e+00 0.000000000000000000e+00 0.000000000000000000e+00 0.000000000000000000e+00 0.000000000000000000e+00 0.000000000000000000e+00 0.000000000000000000e+00 0.000000000000000000e+00 0.000000000000000000e+00 0.000000000000000000e+00 0.000000000000000000e+00 0.000000000000000000e+00 6.666666666666666986e-05 1.213333333333333408e-03 0.000000000000000000e+00 2.533333333333333292e-04 0.000000000000000000e+00 0.000000000000000000e+00 0.000000000000000000e+00 2.373333333333333198e-03 1.200000000000000030e-04 0.000000000000000000e+00 3.266666666666666850e-03 2.185333333333333225e-02 4.800000000000000122e-04 0.000000000000000000e+00 0.000000000000000000e+00 8.000000000000000654e-05 0.000000000000000000e+00 0.000000000000000000e+00 9.333333333333332967e-05
0.000000000000000000e+00 0.000000000000000000e+00 0.000000000000000000e+00 0.000000000000000000e+00 9.333333333333332967e-05 2.840000000000000076e-03 1.626666666666666669e-03 2.399999999999999790e-03 5.080000000000000314e-03 7.828000000000000236e-02 0.000000000000000000e+00 1.841333333333333364e-02 0.000000000000000000e+00 2.933333333333333365e-03 1.866666666666666593e-04 0.000000000000000000e+00 0.000000000000000000e+00 0.000000000000000000e+00 0.000000000000000000e+00 1.367333333333333456e-01 0.000000000000000000e+00 0.000000000000000000e+00 0.000000000000000000e+00 2.751999999999999932e-02 0.000000000000000000e+00 8.000000000000000654e-05 8.000000000000000654e-05 1.907733333333333225e-01 2.213333333333333212e-03 0.000000000000000000e+00 0.000000000000000000e+00 2.266666666666666558e-04 0.000000000000000000e+00 1.493333333333333275e-03 0.000000000000000000e+00 0.000000000000000000e+00 0.000000000000000000e+00 1.138666666666666646e-02 0.000000000000000000e+00 3.200000000000000262e-04 1.146666666666666711e-03 4.000000000000000192e-04 9.733333333333333203e-04 2.279999999999999909e-03 0.000000000000000000e+00 1.053333333333333422e-03 0.000000000000000000e+00 3.733333333333333187e-04 0.000000000000000000e+00 0.000000000000000000e+00 0.000000000000000000e+00 0.000000000000000000e+00 0.000000000000000000e+00 4.519999999999999712e-03 0.000000000000000000e+00 0.000000000000000000e+00 0.000000000000000000e+00 2.653333333333333498e-03 0.000000000000000000e+00 0.000000000000000000e+00 0.000000000000000000e+00 4.239999999999999845e-03 1.466666666666666629e-04 0.000000000000000000e+00 0.000000000000000000e+00 0.000000000000000000e+00 0.000000000000000000e+00 1.066666666666666664e-04
0.000000000000000000e+00 3.200000000000000262e-04 0.000000000000000000e+00 9.333333333333332967e-05 0.000000000000000000e+00 9.560000000000000789e-03 5.466666666666666549e-04 1.733333333333333362e-04 1.426666666666666578e-03 3.866666666666666689e-04 1.493333333333333275e-03 3.733333333333333187e-04 6.533333333333333484e-04 0.000000000000000000e+00 9.799999999999999684e-03 0.000000000000000000e+00 0.000000000000000000e+00 1.333333333333333397e-04 2.266666666666666558e-04 6.666666666666666986e-05 0.000000000000000000e+00 3.866666666666666689e-04 0.000000000000000000e+00 2.386666666666666711e-03 0.000000000000000000e+00 2.000000000000000096e-04 3.466666666666666724e-04 7.600000000000000418e-04 0.000000000000000000e+00 0.000000000000000000e+00 6.666666666666666986e-05 1.265333333333333414e-02 0.000000000000000000e+00 2.555999999999999939e-02 0.000000000000000000e+00 0.000000000000000000e+00 0.000000000000000000e+00 9.333333333333332967e-05 0.000000000000000000e+00 0.000000000000000000e+00 0.000000000000000000e+00 0.000000000000000000e+00 1.066666666666666664e-04 0.000000000000000000e+00 0.000000000000000000e+00 6.666666666666666986e-05 0.000000000000000000e+00 0.000000000000000000e+00 0.000000000000000000e+00 0.000000000000000000e+00 0.000000000000000000e+00 0.000000000000000000e+00 0.000000000000000000e+00 0.000000000000000000e+00 0.000000000000000000e+00 0.000000000000000000e+00 0.000000000000000000e+00 0.000000000000000000e+00 0.000000000000000000e+00 0.000000000000000000e+00 0.000000000000000000e+00 8.000000000000000654e-05 0.000000000000000000e+00 0.000000000000000000e+00 0.000000000000000000e+00 0.000000000000000000e+00 0.000000000000000000e+00 6.666666666666666986e-05
1.066666666666666664e-04 0.000000000000000000e+00 0.000000000000000000e+00 2.840000000000000076e-03 9.560000000000000789e-03 0.000000000000000000e+00 1.431999999999999940e-02 1.272399999999999920e-01 1.760000000000000063e-03 1.547466666666666713e-01 3.333333333333333222e-04 1.201333333333333420e-02 1.600000000000000131e-04 1.051999999999999984e-02 2.942666666666666694e-02 0.000000000000000000e+00 0.000000000000000000e+00 1.333333333333333397e-04 8.000000000000000654e-05 2.386666666666666711e-03 9.333333333333332967e-05 0.000000000000000000e+00 0.000000000000000000e+00 2.386666666666666711e-03 0.000000000000000000e+00 1.333333333333333397e-04 1.866666666666666593e-04 1.941333333333333452e-02 2.573333333333333289e-03 1.066666666666666664e-04 0.000000000000000000e+00 1.799999999999999864e-02 0.000000000000000000e+00 4.533333333333333117e-04 0.000000000000000000e+00 0.000000000000000000e+00 0.000000000000000000e+00 4.666666666666666619e-04 0.000000000000000000e+00 6.666666666666666986e-05 3.600000000000000227e-04 8.000000000000000654e-05 0.000000000000000000e+00 1.466666666666666629e-04 0.000000000000000000e+00 1.733333333333333362e-04 0.000000000000000000e+00 1.200000000000000030e-04 0.000000000000000000e+00 0.000000000000000000e+00 0.000000000000000000e+00 0.000000000000000000e+00 0.000000000000000000e+00 8.000000000000000654e-05 0.000000000000000000e+00 0.000000000000000000e+00 0.000000000000000000e+00 5.466666666666666549e-04 0.000000000000000000e+00 0.000000000000000000e+00 0.000000000000000000e+00 9.333333333333333239e-04 8.000000000000000654e-05 0.000000000000000000e+00 0.000000000000000000e+00 0.000000000000000000e+00 0.000000000000000000e+00 0.000000000000000000e+00
2.097333333333333341e-02 0.000000000000000000e+00 9.773333333333333525e-03 1.626666666666666669e-03 5.466666666666666549e-04 1.431999999999999940e-02 0.000000000000000000e+00 5.409333333333333355e-02 5.053333333333333288e-03 1.828799999999999870e-01 2.400000000000000061e-04 8.000000000000000654e-05 6.666666666666666986e-05 6.836000000000000409e-02 7.333333333333333414e-04 4.533333333333333117e-04 7.106666666666666514e-03 3.066666666666666759e-04 1.786666666666666655e-03 1.066666666666666664e-04 1.529333333333333413e-02 8.000000000000000654e-05 2.425333333333333161e-02 1.633333333333333165e-02 0.000000000000000000e+00 4.293333333333333030e-03 1.173333333333333303e-03 3.547199999999999798e-01 1.301333333333333335e-02 8.326666666666666938e-02 0.000000000000000000e+00 6.400000000000000524e-04 0.000000000000000000e+00 6.799999999999999621e-03 0.000000000000000000e+00 0.000000000000000000e+00 0.000000000000000000e+00 1.253333333333333296e-03 0.000000000000000000e+00 1.066666666666666664e-04 2.133333333333333436e-03 3.866666666666666689e-04 7.333333333333333414e-04 7.866666666666666339e-04 0.000000000000000000e+00 0.000000000000000000e+00 0.000000000000000000e+00 5.199999999999999544e-04 0.000000000000000000e+00 0.000000000000000000e+00 0.000000000000000000e+00 0.000000000000000000e+00 0.000000000000000000e+00 2.533333333333333292e-04 1.333333333333333397e-04 0.000000000000000000e+00 0.000000000000000000e+00 3.813333333333333505e-03 0.000000000000000000e+00 0.000000000000000000e+00 0.000000000000000000e+00 3.200000000000000153e-03 3.200000000000000262e-04 0.000000000000000000e+00 0.000000000000000000e+00 0.000000000000000000e+00 0.000000000000000000e+00 8.000000000000000654e-05
5.000000000000000104e-03 0.000000000000000000e+00 3.466666666666666508e-03 2.399999999999999790e-03 1.733333333333333362e-04 1.272399999999999920e-01 5.409333333333333355e-02 0.000000000000000000e+00 9.466666666666666199e-04 8.004000000000000004e-02 2.439999999999999895e-03 1.065333333333333410e-02 1.080000000000000014e-03 1.873733333333333362e-01 5.333333333333333589e-04 0.000000000000000000e+00 1.959999999999999937e-03 7.200000000000000453e-04 1.199999999999999895e-03 4.000000000000000083e-03 1.906666666666666753e-03 8.000000000000000654e-05 6.133333333333333519e-03 2.840000000000000076e-03 0.000000000000000000e+00 2.186666666666666620e-03 4.000000000000000192e-04 1.600000000000000033e-02 1.537333333333333260e-02 1.158666666666666699e-02 1.866666666666666593e-04 1.718666666666666606e-02 0.000000000000000000e+00 2.213333333333333212e-03 0.000000000000000000e+00 0.000000000000000000e+00 0.000000000000000000e+00 6.133333333333333519e-04 0.000000000000000000e+00 0.000000000000000000e+00 9.200000000000000278e-04 3.066666666666666759e-04 2.000000000000000096e-04 2.533333333333333292e-04 0.000000000000000000e+00 0.000000000000000000e+00 0.000000000000000000e+00 3.333333333333333222e-04 0.000000000000000000e+00 0.000000000000000000e+00 0.000000000000000000e+00 0.000000000000000000e+00 0.000000000000000000e+00 9.333333333333332967e-05 0.000000000000000000e+00 0.000000000000000000e+00 0.000000000000000000e+00 2.573333333333333289e-03 0.000000000000000000e+00 6.666666666666666986e-05 0.000000000000000000e+00 1.546666666666666676e-03 2.666666666666666794e-04 8.000000000000000654e-05 0.000000000000000000e+00 0.000000000000000000e+00 0.000000000000000000e+00 1.066666666666666664e-04
1.733333333333333362e-04 5.853333333333333652e-03 0.000000000000000000e+00 5.080000000000000314e-03 1.426666666666666578e-03 1.760000000000000063e-03 5.053333333333333288e-03 9.466666666666666199e-04 0.000000000000000000e+00 4.546666666666666738e-03 6.666666666666666986e-05 1.479999999999999979e-03 1.613333333333333373e-03 1.226666666666666704e-03 1.146666666666666711e-03 0.000000000000000000e+00 0.000000000000000000e+00 0.000000000000000000e+00 0.000000000000000000e+00 2.239999999999999804e-03 0.000000000000000000e+00 7.026666666666666304e-03 8.000000000000000654e-05 7.246666666666666534e-02 1.786666666666666655e-03 2.666666666666666794e-04 6.239999999999999887e-03 1.566666666666666555e-02 2.000000000000000042e-03 2.360000000000000119e-03 3.600000000000000227e-04 6.400000000000000524e-04 6.666666666666666986e-05 4.133333333333333152e-04 0.000000000000000000e+00 0.000000000000000000e+00 0.000000000000000000e+00 7.600000000000000418e-04 0.000000000000000000e+00 0.000000000000000000e+00 6.533333333333333484e-04 0.000000000000000000e+00 0.000000000000000000e+00 3.466666666666666724e-04 0.000000000000000000e+00 0.000000000000000000e+00 0.000000000000000000e+00 8.000000000000000654e-05 0.000000000000000000e+00 0.000000000000000000e+00 0.000000000000000000e+00 0.000000000000000000e+00 0.000000000000000000e+00 1.066666666666666664e-04 0.000000000000000000e+00 0.000000000000000000e+00 0.000000000000000000e+00 1.053333333333333422e-03 0.000000000000000000e+00 0.000000000000000000e+00 0.000000000000000000e+00 1.386666666666666690e-03 0.000000000000000000e+00 0.000000000000000000e+00 0.000000000000000000e+00 0.000000000000000000e+00 0.000000000000000000e+00 0.000000000000000000e+00
1.360000000000000098e-03 0.000000000000000000e+00 5.066666666666666584e-04 7.828000000000000236e-02 3.866666666666666689e-04 1.547466666666666713e-01 1.828799999999999870e-01 8.004000000000000004e-02 4.546666666666666738e-03 0.000000000000000000e+00 1.039999999999999909e-03 2.142666666666666678e-02 5.733333333333333554e-04 5.041333333333333083e-02 2.279999999999999909e-03 0.000000000000000000e+00 2.133333333333333327e-04 3.066666666666666759e-04 6.133333333333333519e-04 7.950666666666666993e-02 4.666666666666666619e-04 0.000000000000000000e+00 8.666666666666666269e-04 1.837333333333333180e-02 0.000000000000000000e+00 6.133333333333333519e-04 5.866666666666666514e-04 3.421733333333333293e-01 1.984000000000000000e-02 3.600000000000000227e-04 8.000000000000000654e-05 1.240000000000000000e-03 0.000000000000000000e+00 1.280000000000000061e-02 0.000000000000000000e+00 0.000000000000000000e+00 0.000000000000000000e+00 1.093333333333333310e-03 0.000000000000000000e+00 1.600000000000000131e-04 1.173333333333333303e-03 3.333333333333333222e-04 6.533333333333333484e-04 7.066666666666666409e-04 0.000000000000000000e+00 5.866666666666666514e-04 0.000000000000000000e+00 3.600000000000000227e-04 0.000000000000000000e+00 0.000000000000000000e+00 0.000000000000000000e+00 0.000000000000000000e+00 0.000000000000000000e+00 4.133333333333333152e-04 0.000000000000000000e+00 0.000000000000000000e+00 0.000000000000000000e+00 2.106666666666666844e-03 0.000000000000000000e+00 0.000000000000000000e+00 0.000000000000000000e+00 3.000000000000000062e-03 1.200000000000000030e-04 0.000000000000000000e+00 0.000000000000000000e+00 0.000000000000000000e+00 0.000000000000000000e+00 0.000000000000000000e+00
0.000000000000000000e+00 2.666666666666666794e-04 0.000000000000000000e+00 0.000000000000000000e+00 1.493333333333333275e-03 3.333333333333333222e-04 2.400000000000000061e-04 2.439999999999999895e-03 6.666666666666666986e-05 1.039999999999999909e-03 0.000000000000000000e+00 4.533333333333333117e-04 5.807999999999999968e-02 5.559999999999999838e-03 0.000000000000000000e+00 0.000000000000000000e+00 2.466666666666666487e-03 8.137333333333333918e-02 4.567999999999999838e-02 2.000000000000000096e-04 0.000000000000000000e+00 0.000000000000000000e+00 0.000000000000000000e+00 9.333333333333332967e-05 9.733333333333333203e-04 5.574666666666666659e-02 3.840000000000000097e-03 8.000000000000000654e-05 8.666666666666666269e-03 4.266666666666666654e-04 1.765333333333333338e-02 7.199999999999999803e-03 0.000000000000000000e+00 3.585333333333333428e-02 0.000000000000000000e+00 1.200000000000000030e-04 0.000000000000000000e+00 0.000000000000000000e+00 0.000000000000000000e+00 0.000000000000000000e+00 0.000000000000000000e+00 0.000000000000000000e+00 0.000000000000000000e+00 0.000000000000000000e+00 1.719999999999999958e-03 0.000000000000000000e+00 9.786666666666667472e-03 1.066666666666666664e-04 0.000000000000000000e+00 0.000000000000000000e+00 0.000000000000000000e+00 2.000000000000000096e-04 6.666666666666666986e-05 0.000000000000000000e+00 0.000000000000000000e+00 0.000000000000000000e+00 0.000000000000000000e+00 1.333333333333333397e-04 4.666666666666666619e-04 1.559999999999999972e-03 1.853333333333333352e-03 1.333333333333333397e-04 6.666666666666666986e-05 0.000000000000000000e+00 1.666666666666666774e-03 1.333333333333333397e-04 0.000000000000000000e+00 3.066666666666666759e-04
6.666666666666666986e-05 0.000000000000000000e+00 0.000000000000000000e+00 1.841333333333333364e-02 3.733333333333333187e-04 1.201333333333333420e-02 8.000000000000000654e-05 1.065333333333333410e-02 1.479999999999999979e-03 2.142666666666666678e-02 4.533333333333333117e-04 0.000000000000000000e+00 1.866666666666666593e-04 8.946666666666667003e-03 1.066666666666666718e-03 0.000000000000000000e+00 0.000000000000000000e+00 2.666666666666666794e-04 2.666666666666666794e-04 2.465333333333333266e-02 0.000000000000000000e+00 0.000000000000000000e+00 0.000000000000000000e+00 1.333333333333333397e-04 0.000000000000000000e+00 1.333333333333333397e-04 3.600000000000000227e-04 6.559999999999999859e-03 4.159999999999999636e-03 0.000000000000000000e+00 0.000000000000000000e+00 8.933333333333333274e-04 0.000000000000000000e+00 1.866666666666666648e-03 0.000000000000000000e+00 0.000000000000000000e+00 0.000000000000000000e+00 4.266666666666666654e-04 0.000000000000000000e+00 0.000000000000000000e+00 0.000000000000000000e+00 6.666666666666666986e-05 0.000000000000000000e+00 1.200000000000000030e-04 0.000000000000000000e+00 1.066666666666666664e-04 0.000000000000000000e+00 0.000000000000000000e+00 0.000000000000000000e+00 0.000000000000000000e+00 0.000000000000000000e+00 0.000000000000000000e+00 0.000000000000000000e+00 1.200000000000000030e-04 0.000000000000000000e+00 0.000000000000000000e+00 0.000000000000000000e+00 1.600000000000000131e-04 0.000000000000000000e+00 0.000000000000000000e+00 0.000000000000000000e+00 3.733333333333333187e-04 0.000000000000000000e+00 0.000000000000000000e+00 0.000000000000000000e+00 0.000000000000000000e+00 0.000000000000000000e+00 0.000000000000000000e+00
0.000000000000000000e+00 8.040000000000000271e-03 0.000000000000000000e+00 0.000000000000000000e+00 6.533333333333333484e-04 1.600000000000000131e-04 6.666666666666666986e-05 1.080000000000000014e-03 1.613333333333333373e-03 5.733333333333333554e-04 5.807999999999999968e-02 1.866666666666666593e-04 0.000000000000000000e+00 2.146666666666666515e-03 9.333333333333332967e-05 0.000000000000000000e+00 1.066666666666666664e-04 6.800000000000000488e-04 8.800000000000000313e-04 8.000000000000000654e-05 0.000000000000000000e+00 1.266666666666666592e-03 0.000000000000000000e+00 1.920000000000000049e-03 5.950666666666666604e-02 6.306666666666667018e-03 3.139999999999999736e-02 9.333333333333332967e-05 3.373333333333333219e-03 0.000000000000000000e+00 1.754666666666666527e-02 4.333333333333333134e-03 0.000000000000000000e+00 1.435999999999999950e-02 0.000000000000000000e+00 1.600000000000000131e-04 0.000000000000000000e+00 0.000000000000000000e+00 0.000000000000000000e+00 0.000000000000000000e+00 0.000000000000000000e+00 2.000000000000000096e-04 0.000000000000000000e+00 0.000000000000000000e+00 6.839999999999999726e-03 0.000000000000000000e+00 3.038666666666666599e-02 2.799999999999999755e-04 0.000000000000000000e+00 0.000000000000000000e+00 0.000000000000000000e+00 4.000000000000000192e-04 0.000000000000000000e+00 0.000000000000000000e+00 0.000000000000000000e+00 0.000000000000000000e+00 0.000000000000000000e+00 2.133333333333333327e-04 1.906666666666666753e-03 5.426666666666666444e-03 7.026666666666666304e-03 9.333333333333332967e-05 2.133333333333333327e-04 0.000000000000000000e+00 4.853333333333333631e-03 2.000000000000000096e-04 0.000000000000000000e+00 8.000000000000000383e-04
8.889333333333333809e-02 0.000000000000000000e+00 4.466666666666666528e-03 2.933333333333333365e-03 0.000000000000000000e+00 1.051999999999999984e-02 6.836000000000000409e-02 1.873733333333333362e-01 1.226666666666666704e-03 5.041333333333333083e-02 5.559999999999999838e-03 8.946666666666667003e-03 2.146666666666666515e-03 0.000000000000000000e+00 1.066666666666666664e-04 0.000000000000000000e+00 5.213333333333333708e-03 1.680000000000000070e-03 3.413333333333333323e-03 4.346666666666667081e-03 1.600000000000000077e-03 1.333333333333333397e-04 7.186666666666666724e-03 2.333333333333333526e-03 0.000000000000000000e+00 4.293333333333333030e-03 1.586666666666666564e-03 1.416000000000000071e-02 8.930666666666667308e-02 3.170666666666666772e-02 2.933333333333333257e-04 1.891999999999999932e-02 0.000000000000000000e+00 3.146666666666666536e-03 1.866666666666666593e-04 0.000000000000000000e+00 0.000000000000000000e+00 2.266666666666666558e-04 0.000000000000000000e+00 0.000000000000000000e+00 4.000000000000000192e-04 3.200000000000000262e-04 0.000000000000000000e+00 1.066666666666666664e-04 0.000000000000000000e+00 0.000000000000000000e+00 0.000000000000000000e+00 7.066666666666666409e-04 0.000000000000000000e+00 6.666666666666666986e-05 0.000000000000000000e+00 0.000000000000000000e+00 0.000000000000000000e+00 0.000000000000000000e+00 2.133333333333333327e-04 0.000000000000000000e+00 0.000000000000000000e+00 3.506666666666666612e-03 0.000000000000000000e+00 6.666666666666666986e-05 6.666666666666666986e-05 2.026666666666666634e-03 1.053333333333333422e-03 2.933333333333333257e-04 0.000000000000000000e+00 0.000000000000000000e+00 0.000000000000000000e+00 1.333333333333333397e-04
0.000000000000000000e+00 5.333333333333333589e-04 0.000000000000000000e+00 1.866666666666666593e-04 9.799999999999999684e-03 2.942666666666666694e-02 7.333333333333333414e-04 5.333333333333333589e-04 1.146666666666666711e-03 2.279999999999999909e-03 0.000000000000000000e+00 1.066666666666666718e-03 9.333333333333332967e-05 1.066666666666666664e-04 0.000000000000000000e+00 0.000000000000000000e+00 0.000000000000000000e+00 0.000000000000000000e+00 0.000000000000000000e+00 0.000000000000000000e+00 0.000000000000000000e+00 7.200000000000000453e-04 0.000000000000000000e+00 5.146666666666666577e-03 1.333333333333333397e-04 0.000000000000000000e+00 5.333333333333333589e-04 1.786666666666666655e-03 0.000000000000000000e+00 0.000000000000000000e+00 0.000000000000000000e+00 7.026666666666666304e-03 0.000000000000000000e+00 0.000000000000000000e+00 0.000000000000000000e+00 0.000000000000000000e+00 0.000000000000000000e+00 1.066666666666666664e-04 0.000000000000000000e+00 0.000000000000000000e+00 0.000000000000000000e+00 0.000000000000000000e+00 0.000000000000000000e+00 0.000000000000000000e+00 0.000000000000000000e+00 6.666666666666666986e-05 0.000000000000000000e+00 0.000000000000000000e+00 0.000000000000000000e+00 0.000000000000000000e+00 0.000000000000000000e+00 0.000000000000000000e+00 0.000000000000000000e+00 0.000000000000000000e+00 0.000000000000000000e+00 0.000000000000000000e+00 0.000000000000000000e+00 0.000000000000000000e+00 0.000000000000000000e+00 0.000000000000000000e+00 0.000000000000000000e+00 6.666666666666666986e-05 0.000000000000000000e+00 0.000000000000000000e+00 0.000000000000000000e+00 0.000000000000000000e+00 0.000000000000000000e+00 0.000000000000000000e+00
0.000000000000000000e+00 0.000000000000000000e+00 6.133333333333333519e-04 0.000000000000000000e+00 0.000000000000000000e+00 0.000000000000000000e+00 4.533333333333333117e-04 0.000000000000000000e+00 0.000000000000000000e+00 0.000000000000000000e+00 0.000000000000000000e+00 0.000000000000000000e+00 0.000000000000000000e+00 0.000000000000000000e+00 0.000000000000000000e+00 0.000000000000000000e+00 2.533333333333333292e-04 0.000000000000000000e+00 0.000000000000000000e+00 0.000000000000000000e+00 4.204000000000000098e-02 1.213333333333333278e-02 1.364933333333333276e-01 6.799999999999999621e-03 0.000000000000000000e+00 2.666666666666666794e-04 1.575999999999999970e-02 3.773333333333333400e-03 1.600000000000000131e-04 4.613333333333333001e-03 0.000000000000000000e+00 0.000000000000000000e+00 0.000000000000000000e+00 1.213333333333333408e-03 0.000000000000000000e+00 0.000000000000000000e+00 1.066666666666666664e-04 0.000000000000000000e+00 0.000000000000000000e+00 0.000000000000000000e+00 9.333333333333332967e-05 0.000000000000000000e+00 0.000000000000000000e+00 0.000000000000000000e+00 0.000000000000000000e+00 0.000000000000000000e+00 0.000000000000000000e+00 9.333333333333332967e-05 0.000000000000000000e+00 2.534666666666666665e-02 6.666666666666666986e-05 0.000000000000000000e+00 0.000000000000000000e+00 0.000000000000000000e+00 6.720000000000000279e-03 2.773333333333333380e-03 2.746666666666666701e-02 2.933333333333333257e-04 0.000000000000000000e+00 0.000000000000000000e+00 4.640000000000000027e-03 5.199999999999999544e-04 1.386666666666666690e-03 7.466666666666666374e-04 0.000000000000000000e+00 0.000000000000000000e+00 0.000000000000000000e+00 1.466666666666666629e-04
1.760000000000000063e-03 2.000000000000000096e-04 6.753333333333333410e-02 0.000000000000000000e+00 0.000000000000000000e+00 0.000000000000000000e+00 7.106666666666666514e-03 1.959999999999999937e-03 0.000000000000000000e+00 2.133333333333333327e-04 2.466666666666666487e-03 0.000000000000000000e+00 1.066666666666666664e-04 5.213333333333333708e-03 0.000000000000000000e+00 2.533333333333333292e-04 0.000000000000000000e+00 7.040000000000000251e-03 7.261333333333333528e-02 0.000000000000000000e+00 5.786666666666666521e-03 2.266666666666666558e-04 2.220000000000000098e-02 0.000000000000000000e+00 0.000000000000000000e+00 3.132000000000000062e-02 1.009866666666666690e-01 2.133333333333333327e-04 6.546666666666666780e-03 4.376000000000000029e-02 1.333333333333333397e-04 9.333333333333332967e-05 0.000000000000000000e+00 5.356000000000000344e-02 0.000000000000000000e+00 1.600000000000000131e-04 1.240000000000000000e-03 0.000000000000000000e+00 0.000000000000000000e+00 0.000000000000000000e+00 0.000000000000000000e+00 0.000000000000000000e+00 0.000000000000000000e+00 0.000000000000000000e+00 6.666666666666666986e-05 0.000000000000000000e+00 2.666666666666666794e-04 0.000000000000000000e+00 0.000000000000000000e+00 0.000000000000000000e+00 1.333333333333333397e-04 0.000000000000000000e+00 0.000000000000000000e+00 0.000000000000000000e+00 0.000000000000000000e+00 0.000000000000000000e+00 1.866666666666666593e-04 0.000000000000000000e+00 0.000000000000000000e+00 2.306666666666666501e-03 5.839999999999999705e-03 0.000000000000000000e+00 0.000000000000000000e+00 0.000000000000000000e+00 1.600000000000000131e-04 0.000000000000000000e+00 0.000000000000000000e+00 0.000000000000000000e+00
6.666666666666666986e-05 0.000000000000000000e+00 1.200000000000000030e-04 0.000000000000000000e+00 1.333333333333333397e-04 1.333333333333333397e-04 3.066666666666666759e-04 7.200000000000000453e-04 0.000000000000000000e+00 3.066666666666666759e-04 8.137333333333333918e-02 2.666666666666666794e-04 6.800000000000000488e-04 1.680000000000000070e-03 0.000000000000000000e+00 0.000000000000000000e+00 7.040000000000000251e-03 0.000000000000000000e+00 6.497333333333332739e-02 6.666666666666666986e-05 0.000000000000000000e+00 0.000000000000000000e+00 0.000000000000000000e+00 0.000000000000000000e+00 0.000000000000000000e+00 2.256000000000000019e-02 4.293333333333333030e-03 0.000000000000000000e+00 2.573333333333333289e-03 8.400000000000000348e-04 1.933333333333333345e-03 1.186666666666666599e-03 0.000000000000000000e+00 1.413333333333333282e-02 0.000000000000000000e+00 0.000000000000000000e+00 0.000000000000000000e+00 0.000000000000000000e+00 0.000000000000000000e+00 0.000000000000000000e+00 0.000000000000000000e+00 0.000000000000000000e+00 0.000000000000000000e+00 0.000000000000000000e+00 4.666666666666666619e-04 0.000000000000000000e+00 1.813333333333333247e-03 0.000000000000000000e+00 0.000000000000000000e+00 0.000000000000000000e+00 0.000000000000000000e+00 1.466666666666666629e-04 0.000000000000000000e+00 0.000000000000000000e+00 0.000000000000000000e+00 0.000000000000000000e+00 0.000000000000000000e+00 0.000000000000000000e+00 0.000000000000000000e+00 1.306666666666666697e-03 2.253333333333333317e-03 0.000000000000000000e+00 0.000000000000000000e+00 0.000000000000000000e+00 7.333333333333333414e-04 0.000000000000000000e+00 0.000000000000000000e+00 0.000000000000000000e+00
6.800000000000000488e-04 0.000000000000000000e+00 1.786666666666666655e-03 0.000000000000000000e+00 2.266666666666666558e-04 8.000000000000000654e-05 1.786666666666666655e-03 1.199999999999999895e-03 0.000000000000000000e+00 6.133333333333333519e-04 4.567999999999999838e-02 2.666666666666666794e-04 8.800000000000000313e-04 3.413333333333333323e-03 0.000000000000000000e+00 0.000000000000000000e+00 7.261333333333333528e-02 6.497333333333332739e-02 0.000000000000000000e+00 1.200000000000000030e-04 1.600000000000000131e-04 0.000000000000000000e+00 1.626666666666666669e-03 0.000000000000000000e+00 1.733333333333333362e-04 5.285333333333333550e-02 3.577333333333333060e-02 1.066666666666666664e-04 4.959999999999999999e-03 4.426666666666666423e-03 9.600000000000000243e-04 8.533333333333333309e-04 0.000000000000000000e+00 5.049333333333333451e-02 0.000000000000000000e+00 0.000000000000000000e+00 1.733333333333333362e-04 0.000000000000000000e+00 0.000000000000000000e+00 0.000000000000000000e+00 0.000000000000000000e+00 0.000000000000000000e+00 0.000000000000000000e+00 0.000000000000000000e+00 1.733333333333333362e-04 0.000000000000000000e+00 6.800000000000000488e-04 0.000000000000000000e+00 0.000000000000000000e+00 0.000000000000000000e+00 1.466666666666666629e-04 1.733333333333333362e-04 2.666666666666666794e-04 0.000000000000000000e+00 0.000000000000000000e+00 0.000000000000000000e+00 0.000000000000000000e+00 0.000000000000000000e+00 1.466666666666666629e-04 3.200000000000000153e-03 3.599999999999999901e-03 0.000000000000000000e+00 0.000000000000000000e+00 0.000000000000000000e+00 3.733333333333333187e-04 0.000000000000000000e+00 0.000000000000000000e+00 0.000000000000000000e+00
0.000000000000000000e+00 0.000000000000000000e+00 0.000000000000000000e+00 1.367333333333333456e-01 6.666666666666666986e-05 2.386666666666666711e-03 1.066666666666666664e-04 4.000000000000000083e-03 2.239999999999999804e-03 7.950666666666666993e-02 2.000000000000000096e-04 2.465333333333333266e-02 8.000000000000000654e-05 4.346666666666667081e-03 0.000000000000000000e+00 0.000000000000000000e+00 0.000000000000000000e+00 6.666666666666666986e-05 1.200000000000000030e-04 0.000000000000000000e+00 0.000000000000000000e+00 0.000000000000000000e+00 0.000000000000000000e+00 3.160000000000000048e-03 0.000000000000000000e+00 1.333333333333333397e-04 9.333333333333332967e-05 1.651999999999999996e-02 1.746666666666666767e-03 0.000000000000000000e+00 0.000000000000000000e+00 4.000000000000000192e-04 0.000000000000000000e+00 9.333333333333333239e-04 0.000000000000000000e+00 0.000000000000000000e+00 0.000000000000000000e+00 8.266666666666666304e-04 0.000000000000000000e+00 8.000000000000000654e-05 1.866666666666666593e-04 1.066666666666666664e-04 9.333333333333332967e-05 4.000000000000000192e-04 0.000000000000000000e+00 3.200000000000000262e-04 0.000000000000000000e+00 1.600000000000000131e-04 0.000000000000000000e+00 0.000000000000000000e+00 0.000000000000000000e+00 0.000000000000000000e+00 0.000000000000000000e+00 2.266666666666666558e-04 0.000000000000000000e+00 0.000000000000000000e+00 0.000000000000000000e+00 6.400000000000000524e-04 0.000000000000000000e+00 0.000000000000000000e+00 0.000000000000000000e+00 1.613333333333333373e-03 0.000000000000000000e+00 0.000000000000000000e+00 0.000000000000000000e+00 0.000000000000000000e+00 0.000000000000000000e+00 0.000000000000000000e+00
2.666666666666666794e-04 0.000000000000000000e+00 3.013333333333333142e-03 0.000000000000000000e+00 0.000000000000000000e+00 9.333333333333332967e-05 1.529333333333333413e-02 1.906666666666666753e-03 0.000000000000000000e+00 4.666666666666666619e-04 0.000000000000000000e+00 0.000000000000000000e+00 0.000000000000000000e+00 1.600000000000000077e-03 0.000000000000000000e+00 4.204000000000000098e-02 5.786666666666666521e-03 0.000000000000000000e+00 1.600000000000000131e-04 0.000000000000000000e+00 0.000000000000000000e+00 9.866666666666667248e-04 2.622133333333333538e-01 4.133333333333333152e-04 0.000000000000000000e+00 1.066666666666666664e-04 1.826666666666666760e-03 3.450666666666666466e-02 1.506666666666666571e-03 9.861333333333333062e-02 0.000000000000000000e+00 0.000000000000000000e+00 0.000000000000000000e+00 1.762666666666666548e-02 2.933333333333333257e-04 0.000000000000000000e+00 0.000000000000000000e+00 0.000000000000000000e+00 0.000000000000000000e+00 0.000000000000000000e+00 0.000000000000000000e+00 0.000000000000000000e+00 0.000000000000000000e+00 0.000000000000000000e+00 0.000000000000000000e+00 0.000000000000000000e+00 0.000000000000000000e+00 2.933333333333333257e-04 0.000000000000000000e+00 6.226666666666666808e-03 9.333333333333332967e-05 0.000000000000000000e+00 0.000000000000000000e+00 0.000000000000000000e+00 8.026666666666666325e-03 2.666666666666666794e-04 1.146666666666666711e-03 1.746666666666666767e-03 0.000000000000000000e+00 0.000000000000000000e+00 6.666666666666666986e-05 2.119999999999999923e-03 5.106666666666666472e-03 1.773333333333333359e-03 0.000000000000000000e+00 0.000000000000000000e+00 0.000000000000000000e+00 4.266666666666666654e-04
1.200000000000000030e-04 7.506666666666666696e-03 1.200000000000000030e-04 0.000000000000000000e+00 3.866666666666666689e-04 0.000000000000000000e+00 8.000000000000000654e-05 8.000000000000000654e-05 7.026666666666666304e-03 0.000000000000000000e+00 0.000000000000000000e+00 0.000000000000000000e+00 1.266666666666666592e-03 1.333333333333333397e-04 7.200000000000000453e-04 1.213333333333333278e-02 2.266666666666666558e-04 0.000000000000000000e+00 0.000000000000000000e+00 0.000000000000000000e+00 9.866666666666667248e-04 0.000000000000000000e+00 3.026666666666666655e-03 1.838666666666666574e-02 2.160000000000000028e-03 6.666666666666666986e-05 1.314666666666666588e-02 2.186666666666666620e-03 1.813333333333333247e-03 1.719999999999999958e-03 3.466666666666666724e-04 8.000000000000000654e-05 0.000000000000000000e+00 1.066666666666666664e-04 0.000000000000000000e+00 0.000000000000000000e+00 0.000000000000000000e+00 0.000000000000000000e+00 0.000000000000000000e+00 0.000000000000000000e+00 0.000000000000000000e+00 0.000000000000000000e+00 0.000000000000000000e+00 0.000000000000000000e+00 0.000000000000000000e+00 0.000000000000000000e+00 0.000000000000000000e+00 6.666666666666666986e-05 0.000000000000000000e+00 4.133333333333333152e-04 0.000000000000000000e+00 0.000000000000000000e+00 0.000000000000000000e+00 0.000000000000000000e+00 2.533333333333333292e-04 0.000000000000000000e+00 1.733333333333333362e-04 1.093333333333333310e-03 0.000000000000000000e+00 0.000000000000000000e+00 8.000000000000000383e-04 1.333333333333333397e-04 3.733333333333333187e-04 1.733333333333333362e-04 0.000000000000000000e+00 0.000000000000000000e+00 0.000000000000000000e+00 0.000000000000000000e+00
1.240000000000000000e-03 0.000000000000000000e+00 5.258666666666666351e-02 0.000000000000000000e+00 0.000000000000000000e+00 0.000000000000000000e+00 2.425333333333333161e-02 6.133333333333333519e-03 8.000000000000000654e-05 8.666666666666666269e-04 0.000000000000000000e+00 0.000000000000000000e+00 0.000000000000000000e+00 7.186666666666666724e-03 0.000000000000000000e+00 1.364933333333333276e-01 2.220000000000000098e-02 0.000000000000000000e+00 1.626666666666666669e-03 0.000000000000000000e+00 2.622133333333333538e-01 3.026666666666666655e-03 0.000000000000000000e+00 1.106666666666666606e-03 0.000000000000000000e+00 1.233333333333333330e-02 1.420933333333333215e-01 1.472000000000000045e-02 1.799999999999999951e-03 7.978666666666667240e-02 0.000000000000000000e+00 0.000000000000000000e+00 0.000000000000000000e+00 2.537333333333333454e-02 0.000000000000000000e+00 0.000000000000000000e+00 2.333333333333333526e-03 0.000000000000000000e+00 0.000000000000000000e+00 0.000000000000000000e+00 2.400000000000000061e-04 0.000000000000000000e+00 0.000000000000000000e+00 0.000000000000000000e+00 0.000000000000000000e+00 0.000000000000000000e+00 0.000000000000000000e+00 1.333333333333333397e-04 0.000000000000000000e+00 2.340000000000000066e-02 1.333333333333333397e-04 0.000000000000000000e+00 0.000000000000000000e+00 0.000000000000000000e+00 6.000000000000000125e-03 1.506666666666666571e-03 3.094666666666666746e-02 2.799999999999999755e-04 0.000000000000000000e+00 0.000000000000000000e+00 2.057333333333333236e-02 9.200000000000000278e-04 8.400000000000000348e-04 2.266666666666666558e-04 0.000000000000000000e+00 0.000000000000000000e+00 0.000000000000000000e+00 1.466666666666666629e-04
