1.000000000000000000e+00 3.993931584622314457e-01 4.635032453997435797e-01 6.260819407778855927e-01 -1.139198716222938612e-01 4.273316494553510564e-02 6.856039521672072645e-01 1.279384115287939298e-03 5.107230381724603419e-01 6.777229159884733400e-01 2.417825234863578976e-01 6.371769551380019880e-01 4.522922420557962675e-01 5.799026203552657410e-01 1.100108289980790688e-01 6.389311870005298655e-01 5.740095474561410782e-01 4.818362298677904554e-01 6.800715952713084489e-01 6.442122305870875421e-01 4.282145824609100426e-01 5.065453708235402308e-01 7.044110865447491543e-01 6.249891688076144591e-01 5.785212533871978424e-01 5.385285229397032136e-01 3.239992304484416996e-01 5.416281945443658374e-01 6.334176427121738229e-01 5.342662490175315027e-01 1.625837845162979578e-01 5.473232659315862073e-03 6.039030671613508927e-01 6.604719523653556079e-01 4.217390245478733202e-01 4.677972449580617975e-01 5.109976219961693822e-01 6.757261951373911835e-01 -2.323871127634677680e-01 1.536868386850805679e-01 6.582202938344351439e-01 -1.811291592801066511e-02 5.011243273934203879e-01 6.568487683568867697e-01 5.996482298530098759e-02 6.156028550931574861e-01 4.616786223103604425e-01 3.612466788566666698e-01 1.388178910805598354e-01 6.106252252910209233e-01 4.853577657119701461e-01 3.429517006777592636e-01 6.861942389290596189e-01 6.578364439634034611e-01 6.401648989176185189e-01 6.392328121970730637e-01 5.957394122752894816e-01 6.591924039375596234e-01 5.683445073244710599e-01 6.473216879651706446e-01 4.043680426475620426e-01 5.744441291797127702e-01 4.086970520262750428e-01 5.520301261418857353e-01 1.290420665098634956e-01 1.224040444951681184e-01 2.991664621764641430e-01 5.365938810714521168e-01
3.993931584622314457e-01 9.999999999999997780e-01 5.461885085335846934e-01 5.021572609704471057e-01 1.653863162889468441e-01 1.989138974089222633e-01 5.387644095183875548e-01 2.669251823521726630e-01 5.011719245055821226e-01 4.010269521947411597e-01 3.208597014314765739e-01 5.543644295783628495e-01 4.065801822072880323e-01 4.983592164660242685e-01 1.593718639173717921e-01 5.448986606299507374e-01 4.379595284456497262e-01 3.572196216672459124e-01 4.526515058425737981e-01 4.274475651390869380e-01 5.890996848833799371e-01 6.323842381474604757e-01 6.234313002690953232e-01 5.565891052488879387e-01 5.745649386733897579e-01 6.089932328789554594e-01 5.780919910521096217e-01 5.889362167168770146e-01 6.679193822531338531e-01 6.198885521697871104e-01 1.857931039311283006e-01 2.598610844094482175e-01 3.567795083709759951e-01 6.930397102955708766e-01 4.963028160920237020e-01 6.683652496026972756e-01 5.133152151832890420e-01 4.880663746526728852e-01 2.478479645506923706e-02 3.137553742012699209e-01 5.781265381432115769e-01 2.298099799223940476e-01 4.472454478253042875e-01 4.176617911118383764e-01 3.418939356203073987e-01 3.782512299554450230e-01 4.166355218360193180e-01 3.630755480540564517e-01 2.468251039693571125e-01 5.759094925363019701e-01 4.193579997615521360e-01 4.151045211058532192e-01 3.920019132775354742e-01 3.672740704090346475e-01 6.249240689921583547e-01 6.639266578265698993e-01 5.828465419735476827e-01 5.420969934710206939e-01 4.123454006927591009e-01 5.617797522116189102e-01 5.856996743133474626e-01 5.821259807161002220e-01 5.315534011097032829e-01 6.201782543063966147e-01 6.293959955623147640e-02 3.189177189105309174e-02 3.034046138594764797e-02 5.735907269912748907e-01
4.635032453997435797e-01 5.461885085335846934e-01 1.000000000000000000e+00 5.251941709288698856e-01 -1.380992464429733613e-01 -9.198213964921621300e-02 4.963334658877935346e-01 1.374549797410043461e-01 3.210472754870898893e-01 3.711017965276754982e-01 1.118928877482422701e-01 4.879787259234248942e-01 4.295543385751109944e-01 3.515129497131034841e-01 -1.795283926052530510e-01 5.230123405302776751e-01 2.033138897730895067e-01 1.707426778045209592e-01 1.497963394703452356e-01 5.224189936166990789e-01 7.210228570546682869e-01 8.123290015573365608e-01 7.669982350709563246e-01 6.675399109685569154e-01 5.446587182170878894e-01 7.790166255536833395e-01 7.349334127306282882e-01 7.801574278290223097e-01 3.501883370708633314e-01 7.693683963230113498e-01 4.261920014589037908e-01 1.188660737706214859e-01 2.282834324169486229e-01 3.824075288280883722e-01 1.666075182356994699e-01 4.344614221549209510e-01 8.059757045395871122e-01 3.954631878183222371e-01 -2.943545107964588015e-01 -5.392093469034484055e-02 6.726019344868880978e-01 1.011472861979150623e-02 4.976659322519432771e-01 2.479038202583160044e-01 1.496276808755441223e-01 2.635216112329847316e-01 3.315528720651309547e-01 -1.022259944889993520e-02 -1.122044158126976610e-01 6.494640454495649307e-01 3.218705103695634340e-01 1.997963276326981952e-01 2.487073979749271080e-01 2.292947670762376655e-01 6.566727935583909215e-01 7.769499754343568432e-01 6.778302580959656432e-01 5.790544020832504302e-01 5.076009068951842229e-01 5.234930194194342690e-01 7.028628633472776555e-01 7.741597106684338092e-01 5.351960197352068072e-02 5.656544905924395517e-01 -6.591327789996051512e-02 -3.156084657526620485e-01 4.586085713799009644e-02 1.495128899556486812e-01
6.260819407778855927e-01 5.021572609704471057e-01 5.251941709288698856e-01 1.000000000000000222e+00 2.362995585241459834e-02 1.920382160113567882e-01 6.791536531074157113e-01 2.297127979117723762e-01 6.056575795418984720e-01 7.914231385173906563e-01 2.279722378951593020e-01 6.867803826189609051e-01 4.377103175164265836e-01 6.333233593102144399e-01 1.156257839684650401e-01 6.983275893665392697e-01 3.564963588833178765e-01 2.776587938124034927e-01 3.844549252191867827e-01 6.949224852345990966e-01 5.559194196800514298e-01 6.089731757566051451e-01 7.487863852242995222e-01 7.602988369524654733e-01 6.847681126490825498e-01 7.125146921188283411e-01 5.268643350821080595e-01 7.706117674738638401e-01 5.903324019905761277e-01 5.350730336404716514e-01 2.935477976265592481e-01 1.879601215856817886e-01 4.510270959632451948e-01 5.762309575020772012e-01 4.246743447766020418e-01 5.586366770933142156e-01 5.650172260695148774e-01 8.738409372438838973e-01 -1.400613306626444510e-01 2.625255356566014719e-01 7.077127067387182224e-01 1.555093279620461399e-01 6.293313250647549761e-01 7.096578248133020850e-01 2.335249236816432650e-01 6.377317189259744667e-01 4.727849733553441403e-01 3.729499008116095582e-01 1.596446797373798909e-01 6.738800989858596546e-01 3.702765923274788928e-01 3.660789624492177818e-01 3.789327427346889654e-01 6.394080311126272287e-01 6.991252904413485236e-01 6.439212286152424802e-01 5.990839251410048361e-01 7.738067902220120420e-01 5.683781208201060808e-01 6.168412935297725719e-01 5.764793901872606874e-01 7.744404002873888082e-01 3.035478812515952085e-01 5.397241557294804037e-01 1.408649079602255216e-01 -4.383676030905379883e-02 1.537507481813121801e-01 4.002864881071725445e-01
-1.139198716222938612e-01 1.653863162889468441e-01 -1.380992464429733613e-01 2.362995585241459834e-02 1.000000000000000222e+00 8.181031153108992982e-01 -7.667009414386760646e-02 7.606976850274808077e-01 1.528181106925969035e-01 1.400825130999753219e-03 5.131047867721965083e-01 9.662761542224870825e-02 2.996219034335971809e-01 3.989726092671800894e-01 5.749376570479490800e-01 1.793267606809721137e-01 -9.055270067213201657e-02 9.389049735468049315e-03 3.221002986274580648e-02 -1.150179142561321977e-01 2.036979997889402927e-01 -9.725519865270246256e-02 -2.059484590194502959e-02 -4.704514158154293746e-02 1.085625747039518363e-01 -1.420332229827383774e-01 3.073976387717186065e-01 5.335343614305363552e-02 2.396978846306009048e-01 -2.475743065599067816e-01 -3.648127656603070701e-01 6.783559331858899366e-01 8.869679774324795707e-02 1.397724342507767337e-01 2.650137571073083453e-01 2.703270308982219650e-01 -1.838018966623273728e-02 5.586038349738723513e-02 8.504903392246847549e-01 7.602223776936236632e-01 -1.533526176079244574e-01 7.942495522413971498e-01 -1.033756059126577087e-01 1.031338478792868385e-01 6.835190327738687177e-01 1.797599442019692517e-01 4.755963312572361046e-01 6.333208332962986242e-01 6.061776257059647843e-01 1.109390158819987537e-01 -2.786044061993559473e-01 1.456044516844286763e-01 -9.759285325068615957e-02 7.619078823499952913e-02 7.027429154733304262e-02 -3.597937045053008209e-02 -5.806737619519678623e-02 -3.294805229641229599e-02 -9.533073946372414009e-03 -1.886621543594177997e-01 3.079345265214840643e-01 -2.589045399050371454e-02 5.172435399419368363e-01 -1.210089558395874981e-01 2.601618779584605190e-01 4.618971545706211379e-01 -3.634703236997461478e-02 2.630033534437395959e-01
4.273316494553510564e-02 1.989138974089222633e-01 -9.198213964921621300e-02 1.920382160113567882e-01 8.181031153108992982e-01 1.000000000000000222e+00 7.593585169495595255e-02 7.770748848795854258e-01 2.461795481425946008e-01 1.613881052951012252e-01 6.148831088666109057e-01 2.369294123983298750e-01 3.451353657488173687e-01 5.177937837572598179e-01 6.266845178804605343e-01 2.980511302841968302e-01 2.255663093389352614e-02 1.157700325592457002e-01 1.588853279254994755e-01 5.233384847942864574e-04 2.539529283099501433e-01 -6.915712627951760283e-02 9.742252477999926996e-02 6.956556084994124090e-02 2.223270145759681793e-01 -5.051054765478543707e-02 3.493126573830226400e-01 1.876648035177121976e-01 3.382285425348530161e-01 -1.997415219750030557e-01 -4.107728724197418635e-01 6.035236998419636345e-01 2.233650515363854727e-01 2.643449727414585171e-01 3.671927544339012583e-01 3.276046318245767752e-01 3.324305584249800244e-02 2.120543024887303341e-01 8.047418300309134853e-01 8.094774583222628106e-01 -2.351640025715273641e-02 8.248066004597516265e-01 1.821550268795732452e-02 2.581524719080608432e-01 7.117149318709430350e-01 3.726556721388082360e-01 5.769696571833653476e-01 7.115891878185817143e-01 6.579171612468071029e-01 1.824875394970186526e-01 -2.276341696570978179e-01 1.787895880138064275e-01 1.101824573719265357e-02 2.690061251902949868e-01 1.931881776203434320e-01 3.060306819176697793e-02 6.260820152181169329e-02 9.815986611110517901e-02 8.207150126100377918e-02 -8.433847326212673412e-02 3.834602640643965943e-01 7.167615785879576096e-02 5.921068865749328225e-01 -5.999774195961612294e-02 2.659491179262918892e-01 5.440881978761553661e-01 7.620203435180966656e-02 3.435172560342645287e-01
6.856039521672072645e-01 5.387644095183875548e-01 4.963334658877935346e-01 6.791536531074157113e-01 -7.667009414386760646e-02 7.593585169495595255e-02 9.999999999999997780e-01 1.924180863881439635e-02 8.057204186536595092e-01 7.098397384757870743e-01 2.513823741483431351e-01 6.273076996934011662e-01 3.802150471813269816e-01 5.281480276127356044e-01 1.700755590911814663e-01 7.339703232078614858e-01 7.217166362079757702e-01 4.681015621030275575e-01 7.194490368873492914e-01 6.236117785960496596e-01 4.257550927564149879e-01 6.274897119444095006e-01 7.072782735884390881e-01 8.389165252238418580e-01 5.639677319262069721e-01 5.456562503269467568e-01 3.036739337222512658e-01 6.192181309544365631e-01 6.467952121323599091e-01 6.841643262853928098e-01 1.408618009942842197e-01 -3.648512263829296193e-02 4.942251217008390429e-01 6.397136679895669698e-01 5.015702104597322686e-01 5.263675554001590040e-01 4.665646673436147918e-01 7.901081553375332023e-01 -2.358781984461439940e-01 2.193147258137367328e-01 8.841786572176685288e-01 9.745339655870660298e-03 6.619457589135033793e-01 6.798711651694016034e-01 -4.001221159865907262e-02 5.853635985590025514e-01 4.166359696706419813e-01 4.145712425297269910e-01 2.305605525784782950e-01 6.105020560501948079e-01 5.626760013397757998e-01 2.939583112842057977e-01 6.648573491621200260e-01 6.604998447442548271e-01 6.570590101481189604e-01 6.798350358386654468e-01 6.000103134823965290e-01 8.737252355312163932e-01 4.882516006333531000e-01 7.379364302559472399e-01 4.182909671489214443e-01 7.062627595448512929e-01 4.208851620309138064e-01 6.830251375328119101e-01 2.258768943525442940e-01 1.033612696571372114e-01 6.263903592958407207e-02 5.599337451184533965e-01
1.279384115287939298e-03 2.669251823521726630e-01 1.374549797410043461e-01 2.297127979117723762e-01 7.606976850274808077e-01 7.770748848795854258e-01 1.924180863881439635e-02 1.000000000000000000e+00 2.110590212059936244e-01 9.454521971240741063e-02 6.531602725696220579e-01 1.783440697066509817e-01 4.882695231218150411e-01 5.522328680987760308e-01 5.208238278681950328e-01 2.869542730931647356e-01 -1.590893579070615793e-01 3.926360794294658785e-02 -3.451337192963026268e-02 -2.856097848993872229e-02 4.210326253039640143e-01 7.894024235571327208e-02 1.486804844575904117e-01 8.959889674419978245e-02 3.544188333864422003e-01 2.146865442424559511e-01 6.138300305089992026e-01 3.196237664505330867e-01 2.569762577299410378e-01 -1.147973462056251365e-01 -1.155318829839413336e-01 6.648914466630692077e-01 1.504617276635260847e-01 1.871569690440226252e-01 1.790793349649855426e-01 4.038364150007821007e-01 2.077593442870169227e-01 1.664666253402755369e-01 7.532870334150424396e-01 7.276618876770049038e-01 -1.034060091791693531e-02 8.880739510287760652e-01 6.095202381638867295e-02 1.064873391539868375e-01 8.221513853863691157e-01 2.376350084339144964e-01 6.103278482910338143e-01 5.874580824596884465e-01 5.409121062555176662e-01 2.223823553331864267e-01 -3.319692665693382283e-01 2.278446601098917113e-01 -1.609335043865333381e-01 9.523169049936722197e-02 1.880511620218647262e-01 8.461349284868129039e-02 6.313699066630737433e-02 6.729724666804537403e-02 2.657198805527882235e-01 -1.076511370195955830e-01 5.715100803610551061e-01 1.674300092769009929e-01 3.784398306654186972e-01 -1.221160737569665089e-01 3.041045231591559261e-01 2.693957632617619558e-01 5.440339917682832788e-02 1.098863267315837999e-01
5.107230381724603419e-01 5.011719245055821226e-01 3.210472754870898893e-01 6.056575795418984720e-01 1.528181106925969035e-01 2.461795481425946008e-01 8.057204186536595092e-01 2.110590212059936244e-01 1.000000000000000000e+00 6.258621111707329820e-01 4.247613792457308191e-01 5.155905365314286115e-01 4.600778004414106670e-01 6.084610146054609814e-01 3.098640637489920580e-01 6.486451241109070232e-01 5.131533022971064284e-01 3.046717308836445759e-01 5.754865359843216455e-01 5.002841253180340120e-01 3.123496907372784737e-01 5.055892342231410597e-01 5.056152182120439154e-01 8.076151707551854075e-01 6.226894581251090077e-01 4.246232015620465816e-01 2.922453981546544455e-01 4.813453508977740825e-01 5.628227996935057931e-01 4.342962800563663905e-01 8.151029838352969251e-03 5.403129470760269226e-02 4.309265817742450322e-01 5.208690026399263040e-01 5.401686420960631896e-01 5.529616997766383379e-01 3.216199234194407897e-01 7.466525943018038625e-01 6.765303025383404868e-03 3.798360515161658402e-01 7.126667613539209301e-01 2.362458710986565791e-01 6.765635255838178264e-01 6.081137108957653803e-01 1.493741573091240116e-01 5.201338692239048100e-01 5.371780560627227308e-01 5.698905263073964500e-01 3.548366555437738046e-01 5.185077304975572732e-01 3.133495644155346316e-01 2.470924113578862324e-01 4.294890406732541632e-01 5.884490851995821670e-01 5.076395700397400290e-01 5.458857713991054350e-01 3.759716902668286953e-01 8.136014974534105937e-01 5.043469263934506897e-01 5.394543288326771879e-01 3.987127036876439989e-01 5.277483806640709263e-01 4.461593729799817609e-01 4.936904444985124041e-01 3.215839666534816566e-01 1.782710279885893478e-01 2.880427312850682500e-02 4.920834686520867973e-01
6.777229159884733400e-01 4.010269521947411597e-01 3.711017965276754982e-01 7.914231385173906563e-01 1.400825130999753219e-03 1.613881052951012252e-01 7.098397384757870743e-01 9.454521971240741063e-02 6.258621111707329820e-01 1.000000000000000222e+00 2.643568645291451968e-01 7.821965967585642332e-01 4.560611227339900764e-01 6.243558187648919899e-01 1.828439845772498740e-01 7.800946951919641714e-01 4.879821755308034192e-01 4.763640242748308773e-01 5.700312112009394694e-01 7.276621599941300866e-01 4.990056047217875101e-01 4.671837396815974874e-01 7.285052052393212740e-01 6.984953644981393150e-01 5.859449256502035075e-01 5.367555776043931859e-01 3.406659499272124414e-01 6.956197578027774053e-01 6.261018618686801096e-01 4.871897086867485460e-01 1.638773639703406393e-01 4.389515300180787949e-02 5.389473823159942611e-01 5.976419100949180718e-01 4.586549089901293397e-01 3.466838218245839598e-01 4.672102054811275162e-01 8.458945381637272831e-01 -1.805809264237835110e-01 2.952981963892601369e-01 6.429985761784776654e-01 4.745004259351233433e-02 5.708642946884056046e-01 9.167222959825178652e-01 7.668808138462232526e-02 8.338748730605958226e-01 4.705761147723391269e-01 4.745604536816800390e-01 1.940287118481766049e-01 7.091773953630160499e-01 4.643338188464393168e-01 4.048222215395805290e-01 5.674009781668962749e-01 8.269776295077433392e-01 7.445730548848167318e-01 5.946900694164020118e-01 5.937753501410493184e-01 7.821403203558459083e-01 4.821398777449948936e-01 6.389111358551246012e-01 4.501153153974249976e-01 7.112072599877042878e-01 4.248488429505917763e-01 5.154656850731652584e-01 1.906521674532149491e-01 1.377472888641700088e-01 1.563817206987156427e-01 4.746494252239764622e-01
2.417825234863578976e-01 3.208597014314765739e-01 1.118928877482422701e-01 2.279722378951593020e-01 5.131047867721965083e-01 6.148831088666109057e-01 2.513823741483431351e-01 6.531602725696220579e-01 4.247613792457308191e-01 2.643568645291451968e-01 9.999999999999998890e-01 2.230883416132271035e-01 6.105488870046931194e-01 5.382190099311044973e-01 6.026498689038737311e-01 3.876552466584292644e-01 1.570354125171770365e-01 3.016589780948693567e-01 3.246352885836064073e-01 1.726091564321079880e-02 2.995426735428265430e-01 1.535218766029480264e-01 2.017128478860516216e-01 2.636953978901942497e-01 3.706372059211855419e-01 2.026592015418593740e-01 3.842385821971476823e-01 3.122973865210498801e-01 3.477066000088419040e-01 4.531877750921809583e-02 -3.104163126340923062e-01 2.936779544489751537e-01 2.481030091956563655e-01 3.543253741826620784e-01 3.243236043175677374e-01 4.330648880131491296e-01 2.506363250237144125e-01 2.701568269670527878e-01 5.439443201790786775e-01 7.054844817190683015e-01 2.203767643991610403e-01 6.998343211818757181e-01 2.038452266103462640e-01 3.432980517735120807e-01 6.372405847528127554e-01 3.716561486256946267e-01 6.929907956127783208e-01 7.015074885165387686e-01 5.854510650480750922e-01 2.297557141369258038e-01 -1.163236682952121931e-01 3.845424654155554234e-01 2.107962513000424809e-01 3.024895506223907460e-01 2.626691352148387559e-01 2.034276457965208673e-01 1.548023350965099798e-01 2.676602868510853384e-01 3.656763757087883038e-01 2.192906853229682207e-01 5.098780253593251377e-01 2.206068173446069647e-01 5.215616636053234112e-01 1.263858657125415397e-01 3.773518057982321872e-01 4.192368206870894509e-01 2.013759172950387311e-01 3.497313197760714698e-01
6.371769551380019880e-01 5.543644295783628495e-01 4.879787259234248942e-01 6.867803826189609051e-01 9.662761542224870825e-02 2.369294123983298750e-01 6.273076996934011662e-01 1.783440697066509817e-01 5.155905365314286115e-01 7.821965967585642332e-01 2.230883416132271035e-01 1.000000000000000222e+00 5.188198568240474096e-01 6.510240614444255947e-01 1.850042413992742385e-01 7.470344763597246418e-01 4.612378137480966922e-01 5.394091646247635152e-01 5.763142833331258430e-01 8.010502645661038423e-01 6.474232072682294392e-01 5.461984587528463386e-01 7.881536886759459293e-01 5.969332188396329064e-01 6.570059923870639196e-01 5.672037015507214175e-01 5.412254685624398043e-01 6.825733933382259755e-01 7.345570192982094904e-01 5.393246270385885222e-01 1.565869240272864948e-01 1.988565063897776153e-01 6.027207866746852050e-01 6.717460808927816496e-01 5.397564448091920486e-01 4.372802111239788569e-01 6.145794295134197061e-01 7.350748948856729026e-01 -1.095490854516682211e-01 3.330878971630668595e-01 6.068554263375153246e-01 1.379183786447037707e-01 5.161356955464991847e-01 7.690066690612682443e-01 2.139945932124107386e-01 8.207140713724401238e-01 5.826745607743374356e-01 4.933363746703756658e-01 2.138594608393568075e-01 7.602060355074513609e-01 5.308536770564765694e-01 4.745977150766848562e-01 5.940284812830030070e-01 7.655249916124977627e-01 8.334816779861518032e-01 6.966560600353277621e-01 7.384155410305491829e-01 6.582300014975087654e-01 5.081530442338921816e-01 6.160099546359140144e-01 6.076510038481457432e-01 6.538720053089676076e-01 5.786968527610613089e-01 5.600241978312358038e-01 1.457576031494832169e-01 1.198312895370141767e-01 2.202417120347027468e-01 5.987614733477855111e-01
4.522922420557962675e-01 4.065801822072880323e-01 4.295543385751109944e-01 4.377103175164265836e-01 2.996219034335971809e-01 3.451353657488173687e-01 3.802150471813269816e-01 4.882695231218150411e-01 4.600778004414106670e-01 4.560611227339900764e-01 6.105488870046931194e-01 5.188198568240474096e-01 9.999999999999998890e-01 6.400769022611103587e-01 2.373886901114204695e-01 5.423388512324752719e-01 1.216339088029474713e-01 4.437004453470226317e-01 2.913551583985318771e-01 4.721507348095936862e-01 5.939212230269121928e-01 4.637055802027711393e-01 5.091235247510655926e-01 4.790214988402600738e-01 6.506775167839713436e-01 4.844967545493733541e-01 6.534136624390718406e-01 5.661857242234044074e-01 4.706951711265109917e-01 2.991946467873456417e-01 -2.773991985071306426e-02 3.137795949954745867e-01 2.698217362604097835e-01 4.118767356767509824e-01 2.834994733938336342e-01 3.310645888082789368e-01 6.064499322279531812e-01 4.331818450405823806e-01 2.089700035467199624e-01 4.351554795409661169e-01 4.126741282938337640e-01 4.407715253484630336e-01 3.984613503659111822e-01 4.869061272709123145e-01 4.624608040788875107e-01 5.091964779254128937e-01 8.405333950933132625e-01 5.397679655121233600e-01 2.889040202628013199e-01 5.258112673263068970e-01 1.032482142152144761e-01 4.087776694034890856e-01 3.513611653169113613e-01 3.748263702388633933e-01 5.471796105027841861e-01 5.100809944643065474e-01 4.724081246098704723e-01 4.625511865562816904e-01 6.368004365152880597e-01 3.604179611838760344e-01 7.222626008838602951e-01 4.731737302537775691e-01 4.403376671492495453e-01 2.531018962303978048e-01 3.687062662994307627e-01 2.308324006542892548e-01 2.389863933836928744e-01 2.976781590717781922e-01
5.799026203552657410e-01 4.983592164660242685e-01 3.515129497131034841e-01 6.333233593102144399e-01 3.989726092671800894e-01 5.177937837572598179e-01 5.281480276127356044e-01 5.522328680987760308e-01 6.084610146054609814e-01 6.243558187648919899e-01 5.382190099311044973e-01 6.510240614444255947e-01 6.400769022611103587e-01 9.999999999999998890e-01 4.116755138314263651e-01 5.919912718018353059e-01 2.307064529211234616e-01 3.709818412709648960e-01 4.481983556657354040e-01 5.806705525477156016e-01 4.456898446420043958e-01 3.738072903257494417e-01 5.380662881927255059e-01 5.898196768140057111e-01 7.597099047007326300e-01 5.325053847236129734e-01 5.378318902490416553e-01 5.373266539713831280e-01 6.975834855601491524e-01 2.763913090147165352e-01 1.636643932374685362e-01 4.921643021239451854e-01 5.380753564691671542e-01 6.284437295054884354e-01 4.898595988211015273e-01 5.746370584246360824e-01 4.110758702636768125e-01 6.406633915399385648e-01 2.221003256825085925e-01 5.515743900765848196e-01 4.814487888907789670e-01 4.780291713386263242e-01 5.325518445659641609e-01 6.037285419820769272e-01 5.275609528787607028e-01 6.153271322692294154e-01 7.150339515453039141e-01 6.381723288918162984e-01 4.217032924435880070e-01 5.268728100224513433e-01 1.381909404527427720e-01 3.890973715802149568e-01 2.963039094679408847e-01 5.288479357671903580e-01 5.435512390373902214e-01 4.661553278410639489e-01 3.586911928671028260e-01 5.869666455895469204e-01 5.856362318588572702e-01 3.291542026864656134e-01 5.442709933152938273e-01 4.422569793391288306e-01 5.614847844006970456e-01 2.808163635964125437e-01 2.610158227351197513e-01 2.341411337263137327e-01 1.906813300647979270e-01 4.995585396090347907e-01
1.100108289980790688e-01 1.593718639173717921e-01 -1.795283926052530510e-01 1.156257839684650401e-01 5.749376570479490800e-01 6.266845178804605343e-01 1.700755590911814663e-01 5.208238278681950328e-01 3.098640637489920580e-01 1.828439845772498740e-01 6.026498689038737311e-01 1.850042413992742385e-01 2.373886901114204695e-01 4.116755138314263651e-01 1.000000000000000000e+00 2.746216354120690206e-01 1.660641167379031669e-01 2.633792979909948540e-01 3.457633710273314565e-01 -3.932363217454768606e-02 4.528412589951776729e-02 -1.398469828187118846e-01 4.404014887770402176e-02 7.300935848951960183e-02 1.214505083870363461e-01 -7.376351633048872092e-02 1.074787484371468871e-01 9.247339151373364097e-02 3.256153339547537273e-01 -1.406212428329753350e-01 -3.271880362779196472e-01 4.103108005164941563e-01 2.141059124315319862e-01 2.488332216536145725e-01 2.416750531995887907e-01 2.624628741119052200e-01 -4.755317666714351660e-02 1.932279157412635229e-01 5.512445239496895910e-01 6.926780142331773193e-01 4.674335722620337474e-02 5.788325243806943243e-01 3.887740817437126267e-02 2.990193088042185643e-01 4.375850511620514860e-01 3.793248696156593103e-01 4.650979889789902955e-01 6.366816093973707291e-01 6.469207362573420328e-01 7.872830529192545446e-02 -2.053659136692587150e-02 3.225301846135363859e-01 1.942898344973442160e-01 3.010032493880136495e-01 1.102956910133739005e-01 -3.831965355999479572e-02 2.872052241505928735e-02 1.420121444650784825e-01 4.130689171706555113e-02 5.529400272905158481e-02 2.061586568267184671e-01 2.865643247265222543e-02 5.732948291398767271e-01 4.570612994764958192e-02 3.347938200800857356e-01 5.270867419190915504e-01 1.320748967719843070e-01 4.123717855999922688e-01
6.389311870005298655e-01 5.448986606299507374e-01 5.230123405302776751e-01 6.983275893665392697e-01 1.793267606809721137e-01 2.980511302841968302e-01 7.339703232078614858e-01 2.869542730931647356e-01 6.486451241109070232e-01 7.800946951919641714e-01 3.876552466584292644e-01 7.470344763597246418e-01 5.423388512324752719e-01 5.919912718018353059e-01 2.746216354120690206e-01 9.999999999999998890e-01 4.973473010244635617e-01 4.816580326989867156e-01 5.606134655471658457e-01 6.055175212515059302e-01 7.075385671722500547e-01 5.694411081742480896e-01 8.140786414701502993e-01 7.493349276499378098e-01 5.594752868495179721e-01 5.246772896998663782e-01 5.503482622532286372e-01 8.189396042623043881e-01 6.487675146844562590e-01 5.632283794258360343e-01 2.702253312697754095e-02 1.431755978460765300e-01 4.723993804231956806e-01 6.296517815767466164e-01 5.097054980615072228e-01 4.514402233626234051e-01 5.572802572713144720e-01 7.346767835024393678e-01 -1.493763462555022271e-02 4.306475380811867204e-01 6.861078720282749455e-01 2.265135692508088994e-01 5.603907149826603540e-01 7.627606120398786604e-01 2.226742649705555355e-01 7.795134985410656636e-01 5.791748406959770223e-01 5.537692100972230191e-01 3.086335083027869630e-01 8.636832992782030871e-01 4.549880931182245791e-01 4.098799522815592122e-01 5.870026702421490272e-01 7.226992105079000916e-01 8.344022468535496895e-01 6.806662119674535827e-01 7.082764166070609768e-01 8.022288929998068197e-01 4.441356550972699324e-01 6.456375274210397475e-01 6.601170407412298990e-01 8.121048547565212772e-01 5.411031196363547124e-01 5.945395039037758567e-01 1.750934104343276343e-01 1.396276904199736102e-01 1.554758581408317852e-01 5.290672107916039035e-01
5.740095474561410782e-01 4.379595284456497262e-01 2.033138897730895067e-01 3.564963588833178765e-01 -9.055270067213201657e-02 2.255663093389352614e-02 7.217166362079757702e-01 -1.590893579070615793e-01 5.131533022971064284e-01 4.879821755308034192e-01 1.570354125171770365e-01 4.612378137480966922e-01 1.216339088029474713e-01 2.307064529211234616e-01 1.660641167379031669e-01 4.973473010244635617e-01 1.000000000000000000e+00 5.850800306633181513e-01 8.391323892640094595e-01 3.654280668786088482e-01 2.563383969918394123e-01 3.531164260796887944e-01 4.835579762564051198e-01 4.513021422123710269e-01 2.618427651121419952e-01 2.604326829622177764e-01 6.163827441236582882e-02 2.833046884180637770e-01 5.411987599194064691e-01 4.900922911112846059e-01 -1.132096989152090033e-01 -9.498736108971288228e-02 4.447296128083227384e-01 6.251056440567608341e-01 4.922578555254174537e-01 3.519768077169620479e-01 2.175805430214594327e-01 5.242247137757056752e-01 -1.693671729053377595e-01 1.613920539302175494e-01 5.823195858350451726e-01 -1.140825538147047236e-01 3.417107042084028823e-01 5.533331427016893178e-01 -1.478801857159288968e-01 4.510029645550422406e-01 2.030542416450158427e-01 3.422094912089140295e-01 1.959634409889087769e-01 4.382876653955561919e-01 6.410026846765463082e-01 3.245134945548624472e-01 7.708952497194986320e-01 5.823239712699319615e-01 4.898553250258726455e-01 4.787392160024885879e-01 5.212130617386451226e-01 5.295700175577361390e-01 2.404637734304138075e-01 6.872216226965125463e-01 1.951944537581913608e-01 4.186740330538938348e-01 4.711633494577865955e-01 5.642163726487642306e-01 1.794087466931787445e-01 2.613579329363564518e-01 3.536900310418751581e-02 6.019889854520174000e-01
4.818362298677904554e-01 3.572196216672459124e-01 1.707426778045209592e-01 2.776587938124034927e-01 9.389049735468049315e-03 1.157700325592457002e-01 4.681015621030275575e-01 3.926360794294658785e-02 3.046717308836445759e-01 4.763640242748308773e-01 3.016589780948693567e-01 5.394091646247635152e-01 4.437004453470226317e-01 3.709818412709648960e-01 2.633792979909948540e-01 4.816580326989867156e-01 5.850800306633181513e-01 1.000000000000000222e+00 6.549184430168714099e-01 3.739237368216881685e-01 3.518785088917290582e-01 2.056831012874423825e-01 4.024762222303476800e-01 2.811210009368537710e-01 3.113049438736669727e-01 2.545876084396578309e-01 2.181086409595026643e-01 3.360566019771649149e-01 5.055438122231896703e-01 2.826391823008581050e-01 -1.727851569050282143e-01 5.701882964645447333e-02 4.011753128369818233e-01 5.975999320175064966e-01 3.119047434793552065e-01 1.378995438441215360e-01 3.574596131102316110e-01 3.482974407577908438e-01 -3.226341473055866632e-02 2.852651141350868724e-01 3.957586726712523650e-01 3.962280140760943842e-02 2.657554811890308066e-01 6.100280425904108794e-01 4.638723704096219674e-02 5.947050119775632027e-01 4.485195893063571582e-01 4.184940734189111500e-01 2.289424683302747066e-01 4.348906771784977754e-01 4.957548282078550472e-01 5.378556166990561271e-01 6.881669515852314456e-01 5.046692318702272750e-01 5.128874966180525519e-01 3.722054335035215322e-01 5.201390268898160585e-01 3.630105818934399320e-01 2.589221919370909286e-01 5.197698237467195392e-01 3.571438910008371548e-01 3.487675349408876357e-01 5.487840668230913321e-01 3.652692920949003330e-01 1.915927182750386537e-01 3.790860856495272269e-01 2.753272428591487242e-01 5.199873167209319025e-01
6.800715952713084489e-01 4.526515058425737981e-01 1.497963394703452356e-01 3.844549252191867827e-01 3.221002986274580648e-02 1.588853279254994755e-01 7.194490368873492914e-01 -3.451337192963026268e-02 5.754865359843216455e-01 5.700312112009394694e-01 3.246352885836064073e-01 5.763142833331258430e-01 2.913551583985318771e-01 4.481983556657354040e-01 3.457633710273314565e-01 5.606134655471658457e-01 8.391323892640094595e-01 6.549184430168714099e-01 1.000000000000000000e+00 4.418951191329608674e-01 2.522545700290647619e-01 3.055958253357393128e-01 4.889620250544275404e-01 4.650481133261655797e-01 3.919853504293653867e-01 2.619294198109048399e-01 1.034734945737317835e-01 3.023178500275033320e-01 6.607243586212878661e-01 4.232052144103835567e-01 -1.328555486955122211e-01 8.606588704531374298e-03 5.634803698928733118e-01 7.283490392066314101e-01 5.445727197945510190e-01 4.218834078621536698e-01 2.345723824998995621e-01 5.816311581337614278e-01 -6.024842965039827608e-02 3.151929548214119636e-01 5.626042638521490113e-01 2.804298451691675589e-02 3.745296159025972016e-01 6.711277134156248270e-01 4.508101603511885033e-03 5.928982044900291681e-01 3.937265590596685794e-01 5.144280793871666146e-01 3.754274266238017410e-01 4.582171490429821081e-01 6.295722591160765047e-01 4.401515748896797642e-01 8.429786262600283964e-01 6.685038004401653300e-01 5.235997807098120571e-01 4.806648061275106687e-01 5.361090074592265164e-01 5.503402014235317941e-01 3.363478550201554618e-01 6.532248750962917905e-01 2.451145503240428070e-01 3.747211224219980097e-01 6.424361669598127600e-01 5.552852688659039027e-01 2.307322148602444500e-01 3.812290396446553209e-01 2.061135878632648633e-01 7.618064258224256369e-01
6.442122305870875421e-01 4.274475651390869380e-01 5.224189936166990789e-01 6.949224852345990966e-01 -1.150179142561321977e-01 5.233384847942864574e-04 6.236117785960496596e-01 -2.856097848993872229e-02 5.002841253180340120e-01 7.276621599941300866e-01 1.726091564321079880e-02 8.010502645661038423e-01 4.721507348095936862e-01 5.806705525477156016e-01 -3.932363217454768606e-02 6.055175212515059302e-01 3.654280668786088482e-01 3.739237368216881685e-01 4.418951191329608674e-01 1.000000000000000000e+00 5.188865368939054035e-01 5.577144985441947478e-01 7.385156369447446467e-01 6.769486956701307179e-01 6.771536244330865761e-01 6.162509336710483288e-01 4.340330201352595174e-01 6.088817125862704405e-01 5.765564890610925808e-01 5.362833958152903868e-01 3.302950495850034418e-01 6.890461666546485175e-02 5.331953861472268352e-01 5.929335367297873249e-01 4.689562053634789285e-01 3.190095074498948691e-01 5.839759643550506141e-01 7.222841292407086167e-01 -3.209177481488364458e-01 6.060542218341141013e-02 6.239461642862760282e-01 -9.584738004944950984e-02 5.622128965316042226e-01 6.605717740104143365e-01 2.181500238317604645e-02 6.437073581347969586e-01 4.489266477363775265e-01 2.342419386872451326e-01 -4.628858196128500524e-02 6.769179263180875594e-01 4.897037217197813264e-01 2.699192787489206879e-01 4.537854330299426753e-01 6.446088254971269471e-01 7.067703660103039631e-01 6.529095314910551284e-01 6.249501499156636664e-01 6.829908668151263296e-01 5.966920656955929658e-01 5.552209612622404089e-01 4.621352477168032546e-01 6.012631652918077885e-01 3.184272695777957130e-01 4.959585539734828741e-01 5.792456424250534697e-02 -9.619317058324441949e-02 2.278869452041119015e-01 4.241773635469142656e-01
4.282145824609100426e-01 5.890996848833799371e-01 7.210228570546682869e-01 5.559194196800514298e-01 2.036979997889402927e-01 2.539529283099501433e-01 4.257550927564149879e-01 4.210326253039640143e-01 3.123496907372784737e-01 4.990056047217875101e-01 2.995426735428265430e-01 6.474232072682294392e-01 5.939212230269121928e-01 4.456898446420043958e-01 4.528412589951776729e-02 7.075385671722500547e-01 2.563383969918394123e-01 3.518785088917290582e-01 2.522545700290647619e-01 5.188865368939054035e-01 9.999999999999997780e-01 6.959586063666448608e-01 8.011407950539383149e-01 4.902383700930770249e-01 5.096522499334704692e-01 6.307708194534303869e-01 8.595125052853336278e-01 8.375353316276239468e-01 5.041493969974965017e-01 6.203695969145994749e-01 1.411520461288611195e-01 3.072409548004410573e-01 3.419445818547629523e-01 5.124499426110719069e-01 3.156872121986337709e-01 3.582863275825934335e-01 7.479559425254430627e-01 4.713222358598502804e-01 3.707709278022880417e-02 2.762455371780969116e-01 5.187542500526038936e-01 2.871430134732457784e-01 3.759064240333512830e-01 4.446204725418818615e-01 3.773402575181601382e-01 5.195490112702678687e-01 5.690726189007595526e-01 3.036793867513702949e-01 1.121466628068410326e-01 7.814530747268378930e-01 3.293126308346774334e-01 3.364410354339072429e-01 3.719075091814570966e-01 4.081469315026478029e-01 8.316832769050435115e-01 7.242192775814264571e-01 7.737761008130646934e-01 4.822125714063347224e-01 4.625669901940754336e-01 5.067603365312260966e-01 8.559806052059987236e-01 7.820241117621116178e-01 3.561249118415394932e-01 5.045458986591934147e-01 7.852231398939898965e-02 -3.547187163599426624e-02 1.069099527255336635e-01 3.137842042228770056e-01
5.065453708235402308e-01 6.323842381474604757e-01 8.123290015573365608e-01 6.089731757566051451e-01 -9.725519865270246256e-02 -6.915712627951760283e-02 6.274897119444095006e-01 7.894024235571327208e-02 5.055892342231410597e-01 4.671837396815974874e-01 1.535218766029480264e-01 5.461984587528463386e-01 4.637055802027711393e-01 3.738072903257494417e-01 -1.398469828187118846e-01 5.694411081742480896e-01 3.531164260796887944e-01 2.056831012874423825e-01 3.055958253357393128e-01 5.577144985441947478e-01 6.959586063666448608e-01 1.000000000000000000e+00 7.618133301572342919e-01 6.932935473973002027e-01 5.839118075493265891e-01 7.399377046106930811e-01 6.259261319557510861e-01 7.181711627825647648e-01 5.023738010474884108e-01 8.513619886242806967e-01 3.517917484638863335e-01 2.598068698722129713e-02 3.362316688879372628e-01 4.995685802817463883e-01 3.133131188929934030e-01 5.429535346961529285e-01 7.252551920313872191e-01 5.683455658762598395e-01 -2.896443108420113655e-01 -3.754629266027102036e-03 7.528638506669642627e-01 -1.725376081250473356e-02 5.405819704745478127e-01 3.724775614340373187e-01 1.164506638882874395e-01 3.291017548025270134e-01 3.733409962384209857e-01 1.264673027183094711e-01 -3.990105134577896784e-02 6.466517332434064125e-01 4.591747811346745256e-01 2.392094808625007396e-01 3.742323774290376437e-01 3.340252694915293308e-01 6.882503497459264707e-01 8.763503791608399096e-01 7.022113720727977126e-01 6.716129965440293947e-01 5.641275170127513228e-01 6.492270580679297964e-01 6.316532021197592828e-01 7.955156155834695042e-01 1.998607443285362884e-01 7.418217228188248580e-01 8.852431840756563863e-02 -2.374430919005776353e-01 9.261854525751397893e-02 3.154548336752535653e-01
7.044110865447491543e-01 6.234313002690953232e-01 7.669982350709563246e-01 7.487863852242995222e-01 -2.059484590194502959e-02 9.742252477999926996e-02 7.072782735884390881e-01 1.486804844575904117e-01 5.056152182120439154e-01 7.285052052393212740e-01 2.017128478860516216e-01 7.881536886759459293e-01 5.091235247510655926e-01 5.380662881927255059e-01 4.404014887770402176e-02 8.140786414701502993e-01 4.835579762564051198e-01 4.024762222303476800e-01 4.889620250544275404e-01 7.385156369447446467e-01 8.011407950539383149e-01 7.618133301572342919e-01 1.000000000000000222e+00 7.311886246435618242e-01 6.227857083378151026e-01 7.389640229312567365e-01 6.725003234151452070e-01 8.634422572144950792e-01 6.836657463568472926e-01 7.795350663247918588e-01 2.922720623331815371e-01 1.459602186339084839e-01 4.874104587408612521e-01 6.739822256467122852e-01 4.424210395769431203e-01 4.916925937468217822e-01 7.692803980539507647e-01 6.891710811614533139e-01 -2.318172943601581881e-01 1.859022834094356813e-01 7.368200120553444199e-01 4.847861926387194570e-02 5.353975921981203312e-01 6.568118678693087853e-01 1.548322073352812467e-01 6.676003973558397586e-01 4.849489530033965212e-01 2.912948466889487276e-01 1.184491828859454837e-01 8.419873117717663336e-01 5.528555147325217023e-01 3.634183281446770608e-01 5.699232969164311768e-01 6.166116109744737006e-01 8.907469111851415988e-01 8.297037136210804187e-01 8.568251436422485989e-01 7.365645367989545056e-01 5.333313849282448338e-01 7.205852840207062071e-01 7.094874816367319204e-01 8.608736601838639091e-01 4.127516121361560764e-01 6.994135544512425362e-01 2.660556036838063534e-02 -5.992733422340487670e-02 1.611511993684944244e-01 4.828341616979447970e-01
