0.000000 0.000000 99.698448 86.379021 0.000000 94.528619 42.154641 49.031435 73.281127 83.358509 105.307181 0.000000 0.000000 35.300167 0.000000 0.000000 110.988248 135.357461 124.128413 0.000000 95.953908 73.246401 97.294604 91.116947 0.000000 127.408602 134.108006 97.430672 32.263484 51.641833 0.000000 85.384231 41.934514 55.999402 0.000000 0.000000 0.000000 0.000000 0.000000 0.000000 0.000000 0.000000 80.135301 0.000000 0.000000 0.000000 0.000000 181.235510 0.000000 0.000000 0.000000 0.000000 0.000000 0.000000 0.000000 0.000000 0.000000 135.004925 0.000000 0.000000 0.000000 141.738263 161.478811 141.440601 0.000000 0.000000 0.000000 0.000000
0.000000 0.000000 41.915201 0.000000 0.000000 0.000000 0.000000 0.000000 81.140012 0.000000 52.257355 0.000000 54.888618 0.000000 0.000000 0.000000 50.885320 0.000000 66.255380 0.000000 0.000000 18.981279 58.704142 84.793352 33.437843 57.212840 41.343861 129.568204 0.000000 0.000000 64.809478 0.000000 0.000000 78.566329 0.000000 0.000000 50.752012 0.000000 0.000000 0.000000 0.000000 0.000000 0.000000 0.000000 0.000000 0.000000 95.387915 0.000000 0.000000 0.000000 64.487600 0.000000 69.177264 0.000000 0.000000 0.000000 0.000000 0.000000 0.000000 60.401602 46.745117 0.000000 0.000000 0.000000 0.000000 0.000000 0.000000 0.000000
99.698448 41.915201 0.000000 137.215312 0.000000 137.320040 95.322305 115.753695 0.000000 121.078055 94.565697 0.000000 0.000000 107.234935 0.000000 0.000000 33.833711 73.109899 52.794232 0.000000 63.198061 41.376545 38.408521 95.580119 0.000000 36.749461 38.390239 96.368931 94.463644 88.202262 0.000000 0.000000 0.000000 0.000000 0.000000 56.204537 99.209215 0.000000 0.000000 0.000000 0.000000 0.000000 0.000000 0.000000 0.000000 0.000000 0.000000 0.000000 0.000000 118.852481 111.651657 0.000000 116.949027 0.000000 0.000000 63.988271 108.294162 144.259161 0.000000 102.303238 94.125737 0.000000 0.000000 0.000000 0.000000 0.000000 0.000000 0.000000
86.379021 0.000000 137.215312 0.000000 0.000000 61.694034 45.629802 91.075862 58.047538 19.985086 152.883765 33.636402 0.000000 105.161731 0.000000 0.000000 0.000000 0.000000 0.000000 19.353924 0.000000 0.000000 0.000000 15.521599 0.000000 160.588934 158.672611 19.690834 119.476486 0.000000 0.000000 131.919746 0.000000 120.305555 0.000000 0.000000 0.000000 153.340022 0.000000 151.861231 137.049341 169.958163 85.957658 155.866669 0.000000 150.475492 0.000000 170.057747 0.000000 0.000000 0.000000 0.000000 0.000000 153.278261 0.000000 0.000000 0.000000 124.561587 0.000000 0.000000 0.000000 139.596109 184.192882 0.000000 0.000000 0.000000 0.000000 0.000000
0.000000 0.000000 0.000000 0.000000 0.000000 0.000000 0.000000 0.000000 0.000000 0.000000 0.000000 0.000000 0.000000 0.000000 0.000000 0.000000 0.000000 0.000000 0.000000 0.000000 0.000000 0.000000 0.000000 0.000000 0.000000 0.000000 0.000000 0.000000 0.000000 0.000000 0.000000 5.451849 0.000000 0.000000 0.000000 0.000000 0.000000 0.000000 0.000000 0.000000 0.000000 0.000000 0.000000 0.000000 0.000000 0.000000 0.000000 0.000000 0.000000 0.000000 0.000000 0.000000 0.000000 0.000000 0.000000 0.000000 0.000000 0.000000 0.000000 0.000000 0.000000 0.000000 0.000000 0.000000 0.000000 0.000000 0.000000 0.000000
94.528619 0.000000 137.320040 61.694034 0.000000 0.000000 59.263317 36.524669 57.672368 36.841302 111.718306 46.435661 0.000000 54.753684 15.336228 0.000000 0.000000 143.009913 0.000000 47.649103 0.000000 0.000000 0.000000 61.858682 0.000000 163.373813 160.801813 64.240583 41.814762 0.000000 0.000000 21.394281 0.000000 25.984760 0.000000 0.000000 0.000000 149.798700 0.000000 0.000000 0.000000 0.000000 0.000000 150.591175 0.000000 135.884801 0.000000 191.760397 0.000000 0.000000 0.000000 0.000000 0.000000 144.653339 0.000000 0.000000 0.000000 134.642456 0.000000 0.000000 0.000000 150.127212 0.000000 0.000000 0.000000 0.000000 0.000000 0.000000
42.154641 0.000000 95.322305 45.629802 0.000000 59.263317 0.000000 62.082978 59.759154 30.767586 135.505829 105.358029 0.000000 49.944363 0.000000 0.000000 105.131846 153.903608 129.544086 65.473744 81.912995 0.000000 86.884757 47.656331 0.000000 126.596938 117.141926 46.413603 79.661851 25.367350 0.000000 129.720595 72.333323 82.187147 0.000000 0.000000 0.000000 150.753880 0.000000 0.000000 129.965681 149.573115 0.000000 151.219454 0.000000 0.000000 0.000000 155.839641 0.000000 0.000000 0.000000 0.000000 0.000000 154.198425 0.000000 0.000000 155.678311 115.315130 0.000000 0.000000 0.000000 128.843000 167.976021 0.000000 0.000000 0.000000 0.000000 0.000000
49.031435 0.000000 115.753695 91.075862 0.000000 36.524669 62.082978 0.000000 83.994815 55.189034 101.539658 83.820313 116.982492 22.570632 46.297063 0.000000 127.851798 144.454283 139.316077 91.748338 108.943040 0.000000 110.208475 94.095849 0.000000 145.866311 152.200123 89.927818 40.287337 71.862090 0.000000 20.932271 0.000000 46.921265 0.000000 0.000000 0.000000 156.791313 0.000000 180.689159 140.533101 173.303906 111.734996 161.813851 0.000000 0.000000 0.000000 180.149454 0.000000 0.000000 0.000000 0.000000 224.076353 157.916794 0.000000 0.000000 0.000000 138.362080 0.000000 0.000000 0.000000 145.041396 179.945151 175.015731 0.000000 0.000000 0.000000 180.014135
73.281127 81.140012 0.000000 58.047538 0.000000 57.672368 59.759154 83.994815 0.000000 63.450419 134.246747 41.536068 137.240272 89.280238 0.000000 0.000000 0.000000 0.000000 139.920443 35.964904 0.000000 36.960917 0.000000 37.485845 118.737255 130.930365 124.011314 62.019618 85.410281 67.031835 149.578631 113.698307 0.000000 112.165384 84.779808 0.000000 0.000000 89.206732 0.000000 0.000000 82.637165 98.452505 0.000000 91.933402 177.106915 108.953044 0.000000 102.784395 0.000000 0.000000 0.000000 0.000000 0.000000 84.174608 0.000000 0.000000 0.000000 62.881898 0.000000 200.365508 181.516856 82.344027 99.639835 82.216238 0.000000 0.000000 0.000000 118.259364
83.358509 0.000000 121.078055 19.985086 0.000000 36.841302 30.767586 55.189034 63.450419 0.000000 142.175250 21.508716 155.005968 71.266944 0.000000 0.000000 144.127964 159.010635 156.721001 13.420194 0.000000 0.000000 114.495086 49.520613 0.000000 157.036380 167.961559 40.312690 108.814742 84.983544 0.000000 125.855352 0.000000 101.106515 0.000000 0.000000 0.000000 158.100407 0.000000 158.647676 137.771967 166.293751 95.593988 158.495812 0.000000 152.238695 0.000000 174.705700 0.000000 0.000000 0.000000 0.000000 0.000000 151.749021 0.000000 0.000000 0.000000 129.921904 0.000000 0.000000 0.000000 144.330394 185.488068 0.000000 0.000000 0.000000 0.000000 160.202103
105.307181 52.257355 94.565697 152.883765 0.000000 111.718306 135.505829 101.539658 134.246747 142.175250 0.000000 138.329691 29.665483 89.262248 0.000000 0.000000 178.961286 26.057074 19.815361 0.000000 0.000000 73.714890 0.000000 142.990292 28.546246 25.730831 53.313068 158.070591 60.905113 125.152620 49.498050 72.891340 76.289232 29.207438 0.000000 0.000000 0.000000 0.000000 0.000000 0.000000 0.000000 0.000000 0.000000 0.000000 64.958636 0.000000 76.664539 155.950768 0.000000 0.000000 0.000000 97.619382 0.000000 0.000000 0.000000 0.000000 0.000000 189.429196 0.000000 93.884060 99.434941 200.679010 228.146725 0.000000 95.913106 130.319007 0.000000 120.948744
0.000000 0.000000 0.000000 33.636402 0.000000 46.435661 105.358029 83.820313 41.536068 21.508716 138.329691 0.000000 152.276729 98.442366 0.000000 0.000000 0.000000 158.821223 151.751413 14.769781 0.000000 0.000000 0.000000 34.497250 0.000000 162.018069 169.743865 45.025635 104.874790 0.000000 0.000000 115.949911 0.000000 101.207443 0.000000 0.000000 0.000000 149.897302 0.000000 139.259556 133.788959 172.312649 76.193993 147.857838 0.000000 132.906277 0.000000 0.000000 0.000000 0.000000 0.000000 0.000000 0.000000 148.730805 0.000000 0.000000 0.000000 128.383763 0.000000 0.000000 0.000000 142.001015 0.000000 0.000000 0.000000 0.000000 0.000000 0.000000
0.000000 54.888618 0.000000 0.000000 0.000000 0.000000 0.000000 116.982492 137.240272 155.005968 29.665483 152.276729 0.000000 105.055106 0.000000 0.000000 0.000000 60.056941 81.049754 0.000000 0.000000 78.409086 0.000000 143.253708 29.947618 37.004817 38.820597 168.066917 65.248675 0.000000 33.751044 0.000000 0.000000 41.908743 0.000000 0.000000 0.000000 0.000000 0.000000 0.000000 0.000000 155.176736 0.000000 0.000000 65.818006 0.000000 78.147216 145.024619 0.000000 0.000000 0.000000 94.214214 0.000000 0.000000 0.000000 0.000000 0.000000 213.854767 41.309350 94.484912 98.227604 0.000000 0.000000 0.000000 93.181281 126.500217 0.000000 85.667625
35.300167 0.000000 107.234935 105.161731 0.000000 54.753684 49.944363 22.570632 89.280238 71.266944 89.262248 98.442366 105.055106 0.000000 53.099545 0.000000 122.949539 141.306208 135.607542 99.142444 99.849880 84.837498 103.458168 102.310794 0.000000 136.833734 133.494215 104.439646 34.348221 64.453685 0.000000 21.747029 0.000000 41.088794 165.366328 0.000000 0.000000 0.000000 0.000000 0.000000 161.911787 178.373033 101.247605 190.332808 0.000000 0.000000 0.000000 187.506218 0.000000 0.000000 0.000000 0.000000 0.000000 0.000000 154.003409 0.000000 0.000000 148.469087 0.000000 0.000000 0.000000 156.726681 178.911745 166.357721 0.000000 0.000000 0.000000 185.429340
0.000000 0.000000 0.000000 0.000000 0.000000 15.336228 0.000000 46.297063 0.000000 0.000000 0.000000 0.000000 0.000000 53.099545 0.000000 0.000000 0.000000 0.000000 0.000000 0.000000 0.000000 0.000000 0.000000 0.000000 0.000000 0.000000 0.000000 0.000000 52.710483 0.000000 0.000000 63.636609 0.000000 0.000000 0.000000 0.000000 0.000000 0.000000 0.000000 0.000000 0.000000 0.000000 0.000000 0.000000 0.000000 0.000000 0.000000 0.000000 0.000000 0.000000 0.000000 0.000000 0.000000 0.000000 0.000000 0.000000 0.000000 0.000000 0.000000 0.000000 0.000000 0.000000 0.000000 0.000000 0.000000 0.000000 0.000000 0.000000
0.000000 0.000000 0.000000 0.000000 0.000000 0.000000 0.000000 0.000000 0.000000 0.000000 0.000000 0.000000 0.000000 0.000000 0.000000 0.000000 99.808144 0.000000 0.000000 0.000000 56.244673 41.720382 29.502426 35.484306 0.000000 110.668824 25.110986 40.759893 0.000000 80.361456 0.000000 0.000000 0.000000 77.898757 0.000000 0.000000 105.168533 0.000000 0.000000 0.000000 0.000000 0.000000 0.000000 0.000000 0.000000 0.000000 0.000000 0.000000 0.000000 101.288605 132.171048 0.000000 0.000000 0.000000 122.681207 56.134558 110.111985 114.211174 0.000000 0.000000 87.331104 120.189009 128.165202 118.516040 0.000000 0.000000 0.000000 0.000000
110.988248 50.885320 33.833711 0.000000 0.000000 0.000000 105.131846 127.851798 0.000000 144.127964 178.961286 0.000000 0.000000 122.949539 0.000000 99.808144 0.000000 46.841679 24.010152 0.000000 58.774784 81.989031 37.310467 132.737330 0.000000 35.413991 63.955961 130.790134 103.621729 84.460213 0.000000 0.000000 81.877295 52.807315 0.000000 62.509813 105.957419 0.000000 0.000000 0.000000 0.000000 0.000000 0.000000 0.000000 0.000000 0.000000 0.000000 0.000000 0.000000 0.000000 118.148461 0.000000 121.050743 0.000000 164.495938 0.000000 134.903433 205.115741 0.000000 105.975924 102.906620 0.000000 0.000000 0.000000 0.000000 0.000000 0.000000 0.000000
135.357461 0.000000 73.109899 0.000000 0.000000 143.009913 153.903608 144.454283 0.000000 159.010635 26.057074 158.821223 60.056941 141.306208 0.000000 0.000000 46.841679 0.000000 20.153731 0.000000 88.023019 0.000000 119.386910 157.455761 53.490197 21.060512 73.702562 167.372807 121.448839 111.789979 57.934203 0.000000 102.215249 58.839621 0.000000 0.000000 0.000000 0.000000 0.000000 0.000000 0.000000 0.000000 0.000000 0.000000 92.209334 0.000000 96.121300 0.000000 0.000000 0.000000 0.000000 109.851368 0.000000 0.000000 0.000000 0.000000 0.000000 202.986362 0.000000 102.886172 102.377061 224.331363 0.000000 0.000000 104.206239 0.000000 0.000000 0.000000
124.128413 66.255380 52.794232 0.000000 0.000000 0.000000 129.544086 139.316077 139.920443 156.721001 19.815361 151.751413 81.049754 135.607542 0.000000 0.000000 24.010152 20.153731 0.000000 0.000000 81.356470 0.000000 75.925109 142.910367 0.000000 28.130580 65.998855 169.573852 117.286426 97.413175 0.000000 0.000000 90.325729 44.827921 0.000000 0.000000 125.704757 0.000000 0.000000 0.000000 0.000000 0.000000 0.000000 0.000000 0.000000 0.000000 0.000000 0.000000 0.000000 0.000000 119.297797 0.000000 117.811326 0.000000 0.000000 0.000000 0.000000 0.000000 0.000000 107.884367 109.756428 212.457459 0.000000 0.000000 106.959361 0.000000 0.000000 0.000000
0.000000 0.000000 0.000000 19.353924 0.000000 47.649103 65.473744 91.748338 35.964904 13.420194 0.000000 14.769781 0.000000 99.142444 0.000000 0.000000 0.000000 0.000000 0.000000 0.000000 0.000000 0.000000 0.000000 25.072757 0.000000 0.000000 0.000000 35.828349 108.955205 0.000000 0.000000 115.244134 0.000000 105.864427 0.000000 0.000000 0.000000 138.836666 0.000000 151.403406 128.198029 0.000000 96.467571 137.401527 0.000000 127.570133 0.000000 0.000000 0.000000 0.000000 0.000000 0.000000 0.000000 140.924418 0.000000 0.000000 0.000000 114.662326 0.000000 0.000000 0.000000 127.942685 0.000000 0.000000 0.000000 0.000000 0.000000 0.000000
95.953908 0.000000 63.198061 0.000000 0.000000 0.000000 81.912995 108.943040 0.000000 0.000000 0.000000 0.000000 0.000000 99.849880 0.000000 56.244673 58.774784 88.023019 81.356470 0.000000 0.000000 57.118859 45.157356 13.698238 0.000000 119.164861 79.638334 32.559111 80.164839 54.785955 0.000000 0.000000 0.000000 42.306835 0.000000 0.000000 147.854060 0.000000 0.000000 0.000000 0.000000 0.000000 64.618605 0.000000 0.000000 0.000000 0.000000 157.487786 0.000000 120.838401 0.000000 0.000000 0.000000 0.000000 131.618168 72.247015 128.484112 127.363412 0.000000 0.000000 127.807264 130.885595 144.941592 126.061547 0.000000 0.000000 0.000000 0.000000
73.246401 18.981279 41.376545 0.000000 0.000000 0.000000 0.000000 0.000000 36.960917 0.000000 73.714890 0.000000 78.409086 84.837498 0.000000 41.720382 81.989031 0.000000 0.000000 0.000000 57.118859 0.000000 58.026445 44.202036 59.833769 76.316407 50.012756 56.460987 78.414427 59.198739 84.047426 0.000000 0.000000 0.000000 86.333330 0.000000 54.396850 0.000000 0.000000 0.000000 0.000000 0.000000 0.000000 0.000000 0.000000 0.000000 0.000000 116.053008 0.000000 52.669492 73.943843 0.000000 0.000000 0.000000 69.958029 0.000000 63.585418 64.590817 0.000000 0.000000 43.461647 74.061007 90.164689 71.456978 0.000000 0.000000 0.000000 0.000000
97.294604 58.704142 38.408521 0.000000 0.000000 0.000000 86.884757 110.208475 0.000000 114.495086 0.000000 0.000000 0.000000 103.458168 0.000000 29.502426 37.310467 119.386910 75.925109 0.000000 45.157356 58.026445 0.000000 74.345772 0.000000 70.844938 56.094831 64.191154 93.746311 70.960448 0.000000 0.000000 0.000000 29.060353 0.000000 68.947431 111.827967 0.000000 0.000000 0.000000 0.000000 0.000000 0.000000 0.000000 0.000000 0.000000 0.000000 0.000000 0.000000 113.987016 126.468165 0.000000 0.000000 0.000000 134.002010 72.302279 118.697260 158.641544 0.000000 120.487186 104.244302 138.269075 0.000000 140.406533 0.000000 0.000000 0.000000 0.000000
91.116947 84.793352 95.580119 15.521599 0.000000 61.858682 47.656331 94.095849 37.485845 49.520613 142.990292 34.497250 143.253708 102.310794 0.000000 35.484306 132.737330 157.455761 142.910367 25.072757 13.698238 44.202036 74.345772 0.000000 121.812324 128.150384 100.572865 20.533731 104.646938 76.985987 145.746475 130.808570 83.620748 102.131779 134.426496 104.856702 155.435951 133.773224 0.000000 150.631500 119.958313 140.351088 55.679876 136.847200 189.400341 138.827464 200.180527 146.543184 0.000000 91.271790 180.104941 205.925300 200.386353 132.690435 128.772357 0.000000 164.918911 103.014211 0.000000 183.699973 170.784963 116.972512 142.286212 124.282282 203.604031 173.560390 0.000000 139.139427
0.000000 33.437843 0.000000 0.000000 0.000000 0.000000 0.000000 0.000000 118.737255 0.000000 28.546246 0.000000 29.947618 0.000000 0.000000 0.000000 0.000000 53.490197 0.000000 0.000000 0.000000 59.833769 0.000000 121.812324 0.000000 42.043838 27.324610 0.000000 0.000000 0.000000 47.139170 0.000000 0.000000 57.776012 0.000000 0.000000 0.000000 0.000000 0.000000 0.000000 0.000000 0.000000 0.000000 0.000000 65.353218 0.000000 61.731455 0.000000 0.000000 0.000000 0.000000 75.676537 0.000000 0.000000 0.000000 0.000000 0.000000 0.000000 35.660720 74.175417 68.560909 0.000000 0.000000 0.000000 74.610623 0.000000 0.000000 0.000000
127.408602 57.212840 36.749461 160.588934 0.000000 163.373813 126.596938 145.866311 130.930365 157.036380 25.730831 162.018069 37.004817 136.833734 0.000000 110.668824 35.413991 21.060512 28.130580 0.000000 119.164861 76.316407 70.844938 128.150384 42.043838 0.000000 39.644044 142.514214 123.777405 114.733696 24.140942 0.000000 101.684100 66.369120 0.000000 53.789003 98.066229 0.000000 0.000000 0.000000 0.000000 186.784887 0.000000 0.000000 90.672346 0.000000 86.622510 172.250600 0.000000 0.000000 107.382503 104.325112 107.353568 0.000000 0.000000 0.000000 0.000000 195.305228 0.000000 96.036225 95.442155 0.000000 192.663400 0.000000 100.096624 0.000000 0.000000 106.705768
134.108006 41.343861 38.390239 158.672611 0.000000 160.801813 117.141926 152.200123 124.011314 167.961559 53.313068 169.743865 38.820597 133.494215 0.000000 25.110986 63.955961 73.702562 65.998855 0.000000 79.638334 50.012756 56.094831 100.572865 27.324610 39.644044 0.000000 79.873034 119.727682 127.415515 43.334093 0.000000 123.393442 70.799259 0.000000 48.055735 95.925423 0.000000 0.000000 188.101129 0.000000 173.088902 0.000000 209.521956 91.232063 0.000000 83.884483 160.489687 0.000000 106.020330 108.955194 94.032867 108.526770 0.000000 140.716977 53.291346 108.870563 177.532433 48.556665 91.002227 88.423742 209.750729 153.539227 0.000000 97.469357 0.000000 0.000000 108.776727
97.430672 129.568204 96.368931 19.690834 0.000000 64.240583 46.413603 89.927818 62.019618 40.312690 158.070591 45.025635 168.066917 104.439646 0.000000 40.759893 130.790134 167.372807 169.573852 35.828349 32.559111 56.460987 64.191154 20.533731 0.000000 142.514214 79.873034 0.000000 108.030065 57.342211 169.013318 142.098317 83.597873 82.503154 146.135100 0.000000 179.002620 157.063374 0.000000 157.609984 137.057258 155.527260 88.750656 156.982680 202.866557 153.028649 0.000000 160.142423 0.000000 128.190971 0.000000 0.000000 216.922399 154.820506 131.071447 0.000000 154.798323 118.889440 0.000000 0.000000 154.663481 137.978052 152.232272 129.763651 0.000000 186.413447 0.000000 142.800539
32.263484 0.000000 94.463644 119.476486 0.000000 41.814762 79.661851 40.287337 85.410281 108.814742 60.905113 104.874790 65.248675 34.348221 52.710483 0.000000 103.621729 121.448839 117.286426 108.955205 80.164839 78.414427 93.746311 104.646938 0.000000 123.777405 119.727682 108.030065 0.000000 45.574617 98.002765 12.350668 23.338984 28.600289 169.332343 0.000000 0.000000 0.000000 0.000000 0.000000 156.365862 182.986022 95.241075 189.159421 216.889169 0.000000 0.000000 186.563459 0.000000 0.000000 0.000000 0.000000 0.000000 0.000000 149.705480 0.000000 0.000000 148.071847 0.000000 0.000000 0.000000 155.944461 175.946032 153.343235 0.000000 0.000000 0.000000 158.561597
51.641833 0.000000 88.202262 0.000000 0.000000 0.000000 25.367350 71.862090 67.031835 84.983544 125.152620 0.000000 0.000000 64.453685 0.000000 80.361456 84.460213 111.789979 97.413175 0.000000 54.785955 59.198739 70.960448 76.985987 0.000000 114.733696 127.415515 57.342211 45.574617 0.000000 0.000000 112.651466 59.447427 44.239736 0.000000 0.000000 146.549648 0.000000 0.000000 0.000000 0.000000 0.000000 70.879690 0.000000 0.000000 0.000000 0.000000 157.814558 0.000000 122.953509 0.000000 0.000000 0.000000 0.000000 131.059401 73.880113 133.107530 123.802987 0.000000 0.000000 0.000000 128.203235 147.247170 130.006747 0.000000 0.000000 0.000000 136.853151
0.000000 64.809478 0.000000 0.000000 0.000000 0.000000 0.000000 0.000000 149.578631 0.000000 49.498050 0.000000 33.751044 0.000000 0.000000 0.000000 0.000000 57.934203 0.000000 0.000000 0.000000 84.047426 0.000000 145.746475 47.139170 24.140942 43.334093 169.013318 98.002765 0.000000 0.000000 0.000000 0.000000 77.406823 0.000000 0.000000 0.000000 0.000000 0.000000 0.000000 0.000000 0.000000 0.000000 0.000000 88.489227 0.000000 88.930248 0.000000 0.000000 0.000000 0.000000 97.694180 0.000000 0.000000 0.000000 0.000000 0.000000 0.000000 0.000000 100.589758 105.722882 0.000000 0.000000 0.000000 100.936598 0.000000 0.000000 0.000000
85.384231 0.000000 0.000000 131.919746 5.451849 21.394281 129.720595 20.932271 113.698307 125.855352 72.891340 115.949911 0.000000 21.747029 63.636609 0.000000 0.000000 0.000000 0.000000 115.244134 0.000000 0.000000 0.000000 130.808570 0.000000 0.000000 0.000000 142.098317 12.350668 112.651466 0.000000 0.000000 0.000000 27.017015 0.000000 0.000000 0.000000 0.000000 0.000000 0.000000 0.000000 215.506042 0.000000 0.000000 0.000000 0.000000 0.000000 216.586878 0.000000 0.000000 0.000000 0.000000 0.000000 0.000000 0.000000 0.000000 0.000000 173.265336 0.000000 0.000000 0.000000 188.312564 206.761758 0.000000 0.000000 0.000000 0.000000 0.000000
41.934514 0.000000 0.000000 0.000000 0.000000 0.000000 72.333323 0.000000 0.000000 0.000000 76.289232 0.000000 0.000000 0.000000 0.000000 0.000000 81.877295 102.215249 90.325729 0.000000 0.000000 0.000000 0.000000 83.620748 0.000000 101.684100 123.393442 83.597873 23.338984 59.447427 0.000000 0.000000 0.000000 20.227046 0.000000 0.000000 0.000000 0.000000 0.000000 0.000000 0.000000 0.000000 0.000000 0.000000 0.000000 0.000000 0.000000 0.000000 0.000000 0.000000 0.000000 0.000000 0.000000 0.000000 121.808682 0.000000 0.000000 128.336165 0.000000 0.000000 0.000000 135.735555 146.624964 121.414740 0.000000 0.000000 0.000000 0.000000
55.999402 78.566329 0.000000 120.305555 0.000000 25.984760 82.187147 46.921265 112.165384 101.106515 29.207438 101.207443 41.908743 41.088794 0.000000 77.898757 52.807315 58.839621 44.827921 105.864427 42.306835 0.000000 29.060353 102.131779 57.776012 66.369120 70.799259 82.503154 28.600289 44.239736 77.406823 27.017015 20.227046 0.000000 0.000000 0.000000 106.263402 0.000000 0.000000 0.000000 0.000000 175.102404 0.000000 0.000000 149.126886 0.000000 0.000000 184.278373 0.000000 0.000000 0.000000 0.000000 0.000000 0.000000 0.000000 0.000000 136.933031 146.907304 0.000000 135.552016 117.082064 158.093179 169.260016 140.872859 0.000000 0.000000 0.000000 0.000000
0.000000 0.000000 0.000000 0.000000 0.000000 0.000000 0.000000 0.000000 84.779808 0.000000 0.000000 0.000000 0.000000 165.366328 0.000000 0.000000 0.000000 0.000000 0.000000 0.000000 0.000000 86.333330 0.000000 134.426496 0.000000 0.000000 0.000000 146.135100 169.332343 0.000000 0.000000 0.000000 0.000000 0.000000 0.000000 0.000000 89.962082 122.289963 0.000000 99.008674 33.655659 65.294725 77.567039 89.343121 116.931867 0.000000 0.000000 31.593876 0.000000 0.000000 100.127627 128.757478 120.206157 0.000000 0.000000 0.000000 91.936006 95.566730 0.000000 120.053048 136.242100 97.626233 31.244508 31.122858 0.000000 0.000000 0.000000 73.062838
0.000000 0.000000 56.204537 0.000000 0.000000 0.000000 0.000000 0.000000 0.000000 0.000000 0.000000 0.000000 0.000000 0.000000 0.000000 0.000000 62.509813 0.000000 0.000000 0.000000 0.000000 0.000000 68.947431 104.856702 0.000000 53.789003 48.055735 0.000000 0.000000 0.000000 0.000000 0.000000 0.000000 0.000000 0.000000 0.000000 40.932368 0.000000 131.370867 0.000000 0.000000 0.000000 76.544372 0.000000 0.000000 0.000000 42.867478 0.000000 117.523668 0.000000 53.077543 74.630037 53.506860 0.000000 0.000000 46.944237 55.478578 88.110135 32.455656 40.428219 33.006306 103.895738 0.000000 0.000000 0.000000 0.000000 0.000000 0.000000
0.000000 50.752012 99.209215 0.000000 0.000000 0.000000 0.000000 0.000000 0.000000 0.000000 0.000000 0.000000 0.000000 0.000000 0.000000 105.168533 105.957419 0.000000 125.704757 0.000000 147.854060 54.396850 111.827967 155.435951 0.000000 98.066229 95.925423 179.002620 0.000000 146.549648 0.000000 0.000000 0.000000 106.263402 89.962082 40.932368 0.000000 131.536794 0.000000 138.616559 97.358062 116.701951 0.000000 113.411660 0.000000 0.000000 0.000000 110.727012 0.000000 0.000000 42.185628 75.502470 51.626049 0.000000 68.596486 44.257053 34.614239 101.440659 0.000000 37.458768 37.386178 98.455308 136.620788 94.488456 0.000000 0.000000 0.000000 0.000000
0.000000 0.000000 0.000000 153.340022 0.000000 149.798700 150.753880 156.791313 89.206732 158.100407 0.000000 149.897302 0.000000 0.000000 0.000000 0.000000 0.000000 0.000000 0.000000 138.836666 0.000000 0.000000 0.000000 133.773224 0.000000 0.000000 0.000000 157.063374 0.000000 0.000000 0.000000 0.000000 0.000000 0.000000 122.289963 0.000000 131.536794 0.000000 0.000000 66.005966 67.847153 108.141782 68.371374 25.370662 0.000000 41.849570 0.000000 118.297385 0.000000 0.000000 0.000000 0.000000 166.111488 24.644917 0.000000 0.000000 0.000000 26.537750 0.000000 0.000000 191.788371 27.144655 125.194983 0.000000 0.000000 142.896788 0.000000 115.551943
0.000000 0.000000 0.000000 0.000000 0.000000 0.000000 0.000000 0.000000 0.000000 0.000000 0.000000 0.000000 0.000000 0.000000 0.000000 0.000000 0.000000 0.000000 0.000000 0.000000 0.000000 0.000000 0.000000 0.000000 0.000000 0.000000 0.000000 0.000000 0.000000 0.000000 0.000000 0.000000 0.000000 0.000000 0.000000 131.370867 0.000000 0.000000 0.000000 20.129928 101.148576 21.540759 69.954719 108.510810 57.717047 97.542998 106.418325 0.000000 16.188741 0.000000 0.000000 0.000000 0.000000 0.000000 0.000000 100.917241 0.000000 93.044252 0.000000 173.328688 172.763760 104.223243 0.000000 0.000000 0.000000 14.658211 0.000000 20.118136
0.000000 0.000000 0.000000 151.861231 0.000000 0.000000 0.000000 180.689159 0.000000 158.647676 0.000000 139.259556 0.000000 0.000000 0.000000 0.000000 0.000000 0.000000 0.000000 151.403406 0.000000 0.000000 0.000000 150.631500 0.000000 0.000000 188.101129 157.609984 0.000000 0.000000 0.000000 0.000000 0.000000 0.000000 99.008674 0.000000 138.616559 66.005966 20.129928 0.000000 62.692539 31.553667 62.893034 40.930521 82.765040 33.312038 102.089846 67.952322 14.487203 0.000000 138.390100 131.093815 138.037885 62.409123 121.019524 0.000000 132.320770 82.003370 0.000000 160.900837 151.733251 74.536971 99.201314 100.608299 127.756145 11.678661 0.000000 44.579219
0.000000 0.000000 0.000000 137.049341 0.000000 0.000000 129.965681 140.533101 82.637165 137.771967 0.000000 133.788959 0.000000 161.911787 0.000000 0.000000 0.000000 0.000000 0.000000 128.198029 0.000000 0.000000 0.000000 119.958313 0.000000 0.000000 0.000000 137.057258 156.365862 0.000000 0.000000 0.000000 0.000000 0.000000 33.655659 0.000000 97.358062 67.847153 101.148576 62.692539 0.000000 61.582403 60.721507 37.401116 127.276641 129.578509 160.972505 59.197281 0.000000 0.000000 104.031848 133.521661 120.467594 75.888740 81.230301 0.000000 89.553424 63.979194 0.000000 116.315660 134.142026 35.793445 93.036206 34.066716 154.150042 123.906821 0.000000 80.220718
0.000000 0.000000 0.000000 169.958163 0.000000 0.000000 149.573115 173.303906 98.452505 166.293751 0.000000 172.312649 155.176736 178.373033 0.000000 0.000000 0.000000 0.000000 0.000000 0.000000 0.000000 0.000000 0.000000 140.351088 0.000000 186.784887 173.088902 155.527260 182.986022 0.000000 0.000000 215.506042 0.000000 175.102404 65.294725 0.000000 116.701951 108.141782 21.540759 31.553667 61.582403 0.000000 80.269252 54.254890 78.490579 89.988206 97.396663 27.311911 24.276305 0.000000 126.299578 129.188489 132.738644 99.784426 108.391119 0.000000 114.489746 96.584472 73.187931 131.712287 125.898511 96.773537 36.263646 68.529488 107.417563 17.536299 0.000000 36.648242
80.135301 0.000000 0.000000 85.957658 0.000000 0.000000 0.000000 111.734996 0.000000 95.593988 0.000000 76.193993 0.000000 101.247605 0.000000 0.000000 0.000000 0.000000 0.000000 96.467571 64.618605 0.000000 0.000000 55.679876 0.000000 0.000000 0.000000 88.750656 95.241075 70.879690 0.000000 0.000000 0.000000 0.000000 77.567039 76.544372 0.000000 68.371374 69.954719 62.893034 60.721507 80.269252 0.000000 70.385755 0.000000 54.339672 139.430889 94.495101 46.262610 0.000000 0.000000 0.000000 146.447873 63.751544 53.932444 42.193137 0.000000 41.907717 0.000000 121.567742 122.518505 63.495878 81.505134 64.400037 0.000000 0.000000 0.000000 0.000000
0.000000 0.000000 0.000000 155.866669 0.000000 150.591175 151.219454 161.813851 91.933402 158.495812 0.000000 147.857838 0.000000 190.332808 0.000000 0.000000 0.000000 0.000000 0.000000 137.401527 0.000000 0.000000 0.000000 136.847200 0.000000 0.000000 209.521956 156.982680 189.159421 0.000000 0.000000 0.000000 0.000000 0.000000 89.343121 0.000000 113.411660 25.370662 108.510810 40.930521 37.401116 54.254890 70.385755 0.000000 141.660382 25.732792 168.454234 80.770006 79.562130 0.000000 132.901267 154.275096 147.185897 27.284861 102.196412 0.000000 107.328304 48.321703 0.000000 136.803233 169.270032 36.688675 107.311855 88.769555 173.273992 127.620208 0.000000 97.104179
0.000000 0.000000 0.000000 0.000000 0.000000 0.000000 0.000000 0.000000 177.106915 0.000000 64.958636 0.000000 65.818006 0.000000 0.000000 0.000000 0.000000 92.209334 0.000000 0.000000 0.000000 0.000000 0.000000 189.400341 65.353218 90.672346 91.232063 202.866557 216.889169 0.000000 88.489227 0.000000 0.000000 149.126886 116.931867 0.000000 0.000000 0.000000 57.717047 82.765040 127.276641 78.490579 0.000000 141.660382 0.000000 140.936669 31.442218 94.817650 0.000000 0.000000 52.958436 27.174840 32.585127 151.528882 94.616142 0.000000 96.749464 155.949991 16.178293 33.044904 59.031624 155.745442 96.431156 106.096608 43.339885 65.050983 98.532885 22.168709
0.000000 0.000000 0.000000 150.475492 0.000000 135.884801 0.000000 0.000000 108.953044 152.238695 0.000000 132.906277 0.000000 0.000000 0.000000 0.000000 0.000000 0.000000 0.000000 127.570133 0.000000 0.000000 0.000000 138.827464 0.000000 0.000000 0.000000 153.028649 0.000000 0.000000 0.000000 0.000000 0.000000 0.000000 0.000000 0.000000 0.000000 41.849570 97.542998 33.312038 129.578509 89.988206 54.339672 25.732792 140.936669 0.000000 163.240777 104.267462 73.064727 0.000000 149.939438 160.544539 154.388898 18.173534 0.000000 70.809287 0.000000 35.211922 0.000000 174.156085 171.596905 53.278432 115.931292 0.000000 0.000000 129.448638 0.000000 108.348105
0.000000 95.387915 0.000000 0.000000 0.000000 0.000000 0.000000 0.000000 0.000000 0.000000 76.664539 0.000000 78.147216 0.000000 0.000000 0.000000 0.000000 96.121300 0.000000 0.000000 0.000000 0.000000 0.000000 200.180527 61.731455 86.622510 83.884483 0.000000 0.000000 0.000000 88.930248 0.000000 0.000000 0.000000 0.000000 42.867478 0.000000 0.000000 106.418325 102.089846 160.972505 97.396663 139.430889 168.454234 31.442218 163.240777 0.000000 107.864983 0.000000 0.000000 0.000000 50.352843 71.634019 0.000000 0.000000 72.789558 0.000000 140.245302 19.802928 37.016798 31.042781 165.739129 96.005465 145.699767 21.291931 89.957929 0.000000 48.552304
181.235510 0.000000 0.000000 170.057747 0.000000 191.760397 155.839641 180.149454 102.784395 174.705700 155.950768 0.000000 145.024619 187.506218 0.000000 0.000000 0.000000 0.000000 0.000000 0.000000 157.487786 116.053008 0.000000 146.543184 0.000000 172.250600 160.489687 160.142423 186.563459 157.814558 0.000000 216.586878 0.000000 184.278373 31.593876 0.000000 110.727012 118.297385 0.000000 67.952322 59.197281 27.311911 94.495101 80.770006 94.817650 104.267462 107.864983 0.000000 54.587302 0.000000 117.041180 128.662823 124.153561 115.217132 101.625214 0.000000 108.185759 107.756858 88.281303 128.569511 124.292632 108.993771 43.431885 62.595696 115.648682 27.946483 0.000000 53.713479
0.000000 0.000000 0.000000 0.000000 0.000000 0.000000 0.000000 0.000000 0.000000 0.000000 0.000000 0.000000 0.000000 0.000000 0.000000 0.000000 0.000000 0.000000 0.000000 0.000000 0.000000 0.000000 0.000000 0.000000 0.000000 0.000000 0.000000 0.000000 0.000000 0.000000 0.000000 0.000000 0.000000 0.000000 0.000000 117.523668 0.000000 0.000000 16.188741 14.487203 0.000000 24.276305 46.262610 79.562130 0.000000 73.064727 0.000000 54.587302 0.000000 0.000000 0.000000 0.000000 0.000000 0.000000 0.000000 73.139604 0.000000 68.769892 155.321721 156.670895 153.715552 82.736353 0.000000 0.000000 0.000000 36.005794 0.000000 0.000000
0.000000 0.000000 118.852481 0.000000 0.000000 0.000000 0.000000 0.000000 0.000000 0.000000 0.000000 0.000000 0.000000 0.000000 0.000000 101.288605 0.000000 0.000000 0.000000 0.000000 120.838401 52.669492 113.987016 91.271790 0.000000 0.000000 106.020330 128.190971 0.000000 122.953509 0.000000 0.000000 0.000000 0.000000 0.000000 0.000000 0.000000 0.000000 0.000000 0.000000 0.000000 0.000000 0.000000 0.000000 0.000000 0.000000 0.000000 0.000000 0.000000 0.000000 95.870883 0.000000 113.889846 0.000000 41.786078 39.031866 38.455219 24.983074 0.000000 104.587181 46.072591 37.507610 90.832792 76.216929 0.000000 0.000000 0.000000 0.000000
0.000000 64.487600 111.651657 0.000000 0.000000 0.000000 0.000000 0.000000 0.000000 0.000000 0.000000 0.000000 0.000000 0.000000 0.000000 132.171048 118.148461 0.000000 119.297797 0.000000 0.000000 73.943843 126.468165 180.104941 0.000000 107.382503 108.955194 0.000000 0.000000 0.000000 0.000000 0.000000 0.000000 0.000000 100.127627 53.077543 42.185628 0.000000 0.000000 138.390100 104.031848 126.299578 0.000000 132.901267 52.958436 149.939438 0.000000 117.041180 0.000000 95.870883 0.000000 55.094084 25.111555 0.000000 60.085063 61.826238 33.071132 123.323808 0.000000 29.286383 67.300284 122.199490 109.798422 78.633949 0.000000 0.000000 0.000000 19.587215
0.000000 0.000000 0.000000 0.000000 0.000000 0.000000 0.000000 0.000000 0.000000 0.000000 97.619382 0.000000 94.214214 0.000000 0.000000 0.000000 0.000000 109.851368 0.000000 0.000000 0.000000 0.000000 0.000000 205.925300 75.676537 104.325112 94.032867 0.000000 0.000000 0.000000 97.694180 0.000000 0.000000 0.000000 128.757478 74.630037 75.502470 0.000000 0.000000 131.093815 133.521661 129.188489 0.000000 154.275096 27.174840 160.544539 50.352843 128.662823 0.000000 0.000000 55.094084 0.000000 26.925151 177.532534 105.471863 0.000000 101.406823 155.191324 48.727200 25.566676 59.062559 170.238575 128.625758 119.826294 48.172891 100.319385 0.000000 44.390577
0.000000 69.177264 116.949027 0.000000 0.000000 0.000000 0.000000 224.076353 0.000000 0.000000 0.000000 0.000000 0.000000 0.000000 0.000000 0.000000 121.050743 0.000000 117.811326 0.000000 0.000000 0.000000 0.000000 200.386353 0.000000 107.353568 108.526770 216.922399 0.000000 0.000000 0.000000 0.000000 0.000000 0.000000 120.206157 53.506860 51.626049 166.111488 0.000000 138.037885 120.467594 132.738644 146.447873 147.185897 32.585127 154.388898 71.634019 124.153561 0.000000 113.889846 25.111555 26.925151 0.000000 162.591679 89.477181 0.000000 73.777658 137.946143 0.000000 36.905494 62.952714 141.493242 123.996600 106.743115 75.604785 97.963755 106.963764 39.165003
0.000000 0.000000 0.000000 153.278261 0.000000 144.653339 154.198425 157.916794 84.174608 151.749021 0.000000 148.730805 0.000000 0.000000 0.000000 0.000000 0.000000 0.000000 0.000000 140.924418 0.000000 0.000000 0.000000 132.690435 0.000000 0.000000 0.000000 154.820506 0.000000 0.000000 0.000000 0.000000 0.000000 0.000000 0.000000 0.000000 0.000000 24.644917 0.000000 62.409123 75.888740 99.784426 63.751544 27.284861 151.528882 18.173534 0.000000 115.217132 0.000000 0.000000 0.000000 177.532534 162.591679 0.000000 0.000000 0.000000 0.000000 20.237146 0.000000 180.132544 185.805476 38.626824 121.628643 0.000000 0.000000 142.307725 0.000000 117.233219
0.000000 0.000000 0.000000 0.000000 0.000000 0.000000 0.000000 0.000000 0.000000 0.000000 0.000000 0.000000 0.000000 154.003409 0.000000 122.681207 164.495938 0.000000 0.000000 0.000000 131.618168 69.958029 134.002010 128.772357 0.000000 0.000000 140.716977 131.071447 149.705480 131.059401 0.000000 0.000000 121.808682 0.000000 0.000000 0.000000 68.596486 0.000000 0.000000 121.019524 81.230301 108.391119 53.932444 102.196412 94.616142 0.000000 0.000000 101.625214 0.000000 41.786078 60.085063 105.471863 89.477181 0.000000 0.000000 56.649529 42.738097 12.650170 0.000000 79.162540 62.276521 45.609541 110.983838 43.065614 0.000000 0.000000 0.000000 29.965891
0.000000 0.000000 63.988271 0.000000 0.000000 0.000000 0.000000 0.000000 0.000000 0.000000 0.000000 0.000000 0.000000 0.000000 0.000000 56.134558 0.000000 0.000000 0.000000 0.000000 72.247015 0.000000 72.302279 0.000000 0.000000 0.000000 53.291346 0.000000 0.000000 73.880113 0.000000 0.000000 0.000000 0.000000 0.000000 46.944237 44.257053 0.000000 100.917241 0.000000 0.000000 0.000000 42.193137 0.000000 0.000000 70.809287 72.789558 0.000000 73.139604 39.031866 61.826238 0.000000 0.000000 0.000000 56.649529 0.000000 56.145687 59.900494 68.431089 88.412088 42.547583 55.579826 82.650185 58.714828 0.000000 0.000000 0.000000 0.000000
0.000000 0.000000 108.294162 0.000000 0.000000 0.000000 155.678311 0.000000 0.000000 0.000000 0.000000 0.000000 0.000000 0.000000 0.000000 110.111985 134.903433 0.000000 0.000000 0.000000 128.484112 63.585418 118.697260 164.918911 0.000000 0.000000 108.870563 154.798323 0.000000 133.107530 0.000000 0.000000 0.000000 136.933031 91.936006 55.478578 34.614239 0.000000 0.000000 132.320770 89.553424 114.489746 0.000000 107.328304 96.749464 0.000000 0.000000 108.185759 0.000000 38.455219 33.071132 101.406823 73.777658 0.000000 42.738097 56.145687 0.000000 77.549985 0.000000 63.529786 43.562846 78.691342 132.561028 50.668610 0.000000 0.000000 0.000000 25.944454
135.004925 0.000000 144.259161 124.561587 0.000000 134.642456 115.315130 138.362080 62.881898 129.921904 189.429196 128.383763 213.854767 148.469087 0.000000 114.211174 205.115741 202.986362 0.000000 114.662326 127.363412 64.590817 158.641544 103.014211 0.000000 195.305228 177.532433 118.889440 148.071847 123.802987 0.000000 173.265336 128.336165 146.907304 95.566730 88.110135 101.440659 26.537750 93.044252 82.003370 63.979194 96.584472 41.907717 48.321703 155.949991 35.211922 140.245302 107.756858 68.769892 24.983074 123.323808 155.191324 137.946143 20.237146 12.650170 59.900494 77.549985 0.000000 124.256117 125.579585 114.724785 25.156318 106.181598 86.930406 0.000000 120.275651 69.853743 92.126538
0.000000 0.000000 0.000000 0.000000 0.000000 0.000000 0.000000 0.000000 0.000000 0.000000 0.000000 0.000000 41.309350 0.000000 0.000000 0.000000 0.000000 0.000000 0.000000 0.000000 0.000000 0.000000 0.000000 0.000000 35.660720 0.000000 48.556665 0.000000 0.000000 0.000000 0.000000 0.000000 0.000000 0.000000 0.000000 32.455656 0.000000 0.000000 0.000000 0.000000 0.000000 73.187931 0.000000 0.000000 16.178293 0.000000 19.802928 88.281303 155.321721 0.000000 0.000000 48.727200 0.000000 0.000000 0.000000 68.431089 0.000000 124.256117 0.000000 32.783863 30.368682 0.000000 75.105430 0.000000 0.000000 72.549648 0.000000 33.557879
0.000000 60.401602 102.303238 0.000000 0.000000 0.000000 0.000000 0.000000 200.365508 0.000000 93.884060 0.000000 94.484912 0.000000 0.000000 0.000000 105.975924 102.886172 107.884367 0.000000 0.000000 0.000000 120.487186 183.699973 74.175417 96.036225 91.002227 0.000000 0.000000 0.000000 100.589758 0.000000 0.000000 135.552016 120.053048 40.428219 37.458768 0.000000 173.328688 160.900837 116.315660 131.712287 121.567742 136.803233 33.044904 174.156085 37.016798 128.569511 156.670895 104.587181 29.286383 25.566676 36.905494 180.132544 79.162540 88.412088 63.529786 125.579585 32.783863 0.000000 43.170870 129.356551 125.701393 101.304651 22.876499 109.617423 0.000000 61.124226
