0.000000000000000000e+00 0.000000000000000000e+00 1.440000000000000091e-03 1.200000000000000030e-04 0.000000000000000000e+00 1.066666666666666664e-04 3.200000000000000067e-02 1.837333333333333180e-02 2.666666666666666794e-04 1.213333333333333408e-03 4.000000000000000192e-04 0.000000000000000000e+00 0.000000000000000000e+00 9.947999999999999898e-02 0.000000000000000000e+00 0.000000000000000000e+00 1.084000000000000068e-02 9.600000000000000243e-04 4.626666666666666948e-03 0.000000000000000000e+00 3.733333333333333187e-04 1.066666666666666664e-04 2.880000000000000181e-03 1.653333333333333261e-03 0.000000000000000000e+00 3.320000000000000034e-03 1.066666666666666664e-04 1.760000000000000063e-03 8.723999999999999810e-02 3.377333333333333576e-02 0.000000000000000000e+00 5.333333333333333589e-04 3.733333333333333187e-04 2.799999999999999972e-03 0.000000000000000000e+00 0.000000000000000000e+00 0.000000000000000000e+00 0.000000000000000000e+00 0.000000000000000000e+00 0.000000000000000000e+00 0.000000000000000000e+00 0.000000000000000000e+00 6.666666666666666986e-05 0.000000000000000000e+00 0.000000000000000000e+00 0.000000000000000000e+00 0.000000000000000000e+00 6.666666666666666986e-05 0.000000000000000000e+00 0.000000000000000000e+00 0.000000000000000000e+00 0.000000000000000000e+00 0.000000000000000000e+00 0.000000000000000000e+00 0.000000000000000000e+00 0.000000000000000000e+00 0.000000000000000000e+00 5.733333333333333554e-04 0.000000000000000000e+00 0.000000000000000000e+00 0.000000000000000000e+00 3.066666666666666759e-04 3.066666666666666759e-04 1.066666666666666664e-04 0.000000000000000000e+00 0.000000000000000000e+00 0.000000000000000000e+00 0.000000000000000000e+00
0.000000000000000000e+00 0.000000000000000000e+00 8.266666666666666304e-04 0.000000000000000000e+00 0.000000000000000000e+00 0.000000000000000000e+00 0.000000000000000000e+00 0.000000000000000000e+00 1.559999999999999972e-03 0.000000000000000000e+00 5.999999999999999474e-04 0.000000000000000000e+00 8.466666666666667479e-03 0.000000000000000000e+00 0.000000000000000000e+00 0.000000000000000000e+00 3.866666666666666689e-04 0.000000000000000000e+00 6.666666666666666986e-05 0.000000000000000000e+00 0.000000000000000000e+00 7.466666666666666374e-04 5.066666666666666584e-04 6.826666666666666647e-03 8.653333333333334057e-03 3.866666666666666689e-03 1.605333333333333265e-02 8.000000000000000654e-05 0.000000000000000000e+00 0.000000000000000000e+00 3.200000000000000262e-04 0.000000000000000000e+00 0.000000000000000000e+00 1.066666666666666664e-04 0.000000000000000000e+00 0.000000000000000000e+00 1.253333333333333296e-03 0.000000000000000000e+00 0.000000000000000000e+00 0.000000000000000000e+00 0.000000000000000000e+00 0.000000000000000000e+00 0.000000000000000000e+00 0.000000000000000000e+00 0.000000000000000000e+00 0.000000000000000000e+00 9.333333333333332967e-05 0.000000000000000000e+00 0.000000000000000000e+00 0.000000000000000000e+00 5.999999999999999474e-04 0.000000000000000000e+00 9.333333333333332967e-05 0.000000000000000000e+00 0.000000000000000000e+00 0.000000000000000000e+00 0.000000000000000000e+00 0.000000000000000000e+00 0.000000000000000000e+00 4.400000000000000157e-04 8.800000000000000313e-04 0.000000000000000000e+00 0.000000000000000000e+00 0.000000000000000000e+00 0.000000000000000000e+00 0.000000000000000000e+00 0.000000000000000000e+00 0.000000000000000000e+00
1.440000000000000091e-03 8.266666666666666304e-04 0.000000000000000000e+00 6.666666666666666986e-05 0.000000000000000000e+00 2.133333333333333327e-04 1.676000000000000059e-02 5.053333333333333288e-03 0.000000000000000000e+00 8.666666666666666269e-04 6.666666666666666986e-05 0.000000000000000000e+00 0.000000000000000000e+00 6.826666666666666647e-03 0.000000000000000000e+00 0.000000000000000000e+00 8.762666666666667215e-02 1.866666666666666593e-04 2.253333333333333317e-03 0.000000000000000000e+00 4.080000000000000293e-03 2.666666666666666794e-04 8.587999999999999801e-02 1.333333333333333397e-04 0.000000000000000000e+00 3.125333333333333435e-02 1.449333333333333376e-02 4.693333333333333211e-03 1.053333333333333422e-03 1.190666666666666609e-02 0.000000000000000000e+00 0.000000000000000000e+00 0.000000000000000000e+00 0.000000000000000000e+00 0.000000000000000000e+00 6.266666666666666479e-04 2.285333333333333314e-02 0.000000000000000000e+00 0.000000000000000000e+00 0.000000000000000000e+00 0.000000000000000000e+00 0.000000000000000000e+00 0.000000000000000000e+00 0.000000000000000000e+00 0.000000000000000000e+00 0.000000000000000000e+00 0.000000000000000000e+00 0.000000000000000000e+00 0.000000000000000000e+00 1.066666666666666664e-04 5.680000000000000153e-03 0.000000000000000000e+00 4.800000000000000122e-04 0.000000000000000000e+00 0.000000000000000000e+00 1.200000000000000030e-04 4.599999999999999922e-03 1.333333333333333397e-04 0.000000000000000000e+00 1.080000000000000014e-03 8.866666666666666793e-03 0.000000000000000000e+00 0.000000000000000000e+00 0.000000000000000000e+00 0.000000000000000000e+00 0.000000000000000000e+00 0.000000000000000000e+00 0.000000000000000000e+00
1.200000000000000030e-04 0.000000000000000000e+00 6.666666666666666986e-05 0.000000000000000000e+00 0.000000000000000000e+00 4.333333333333333134e-03 4.799999999999999580e-03 2.480000000000000000e-03 1.515999999999999986e-02 1.947333333333333416e-01 1.200000000000000030e-04 4.526666666666666339e-02 0.000000000000000000e+00 1.226666666666666704e-03 0.000000000000000000e+00 0.000000000000000000e+00 0.000000000000000000e+00 0.000000000000000000e+00 0.000000000000000000e+00 9.885333333333333472e-02 0.000000000000000000e+00 0.000000000000000000e+00 0.000000000000000000e+00 2.110666666666666594e-02 0.000000000000000000e+00 1.333333333333333397e-04 8.000000000000000654e-05 1.439866666666666795e-01 8.133333333333333344e-04 0.000000000000000000e+00 0.000000000000000000e+00 9.333333333333332967e-05 0.000000000000000000e+00 2.666666666666666794e-04 0.000000000000000000e+00 0.000000000000000000e+00 0.000000000000000000e+00 1.920000000000000049e-03 0.000000000000000000e+00 4.133333333333333152e-04 8.266666666666666304e-04 2.533333333333333292e-04 2.933333333333333257e-04 3.053333333333333247e-03 0.000000000000000000e+00 8.533333333333333309e-04 0.000000000000000000e+00 8.000000000000000654e-05 0.000000000000000000e+00 0.000000000000000000e+00 0.000000000000000000e+00 0.000000000000000000e+00 0.000000000000000000e+00 4.133333333333333152e-04 0.000000000000000000e+00 0.000000000000000000e+00 0.000000000000000000e+00 3.320000000000000034e-03 0.000000000000000000e+00 0.000000000000000000e+00 0.000000000000000000e+00 5.066666666666666367e-03 9.333333333333332967e-05 0.000000000000000000e+00 0.000000000000000000e+00 0.000000000000000000e+00 0.000000000000000000e+00 0.000000000000000000e+00
0.000000000000000000e+00 0.000000000000000000e+00 0.000000000000000000e+00 0.000000000000000000e+00 0.000000000000000000e+00 0.000000000000000000e+00 0.000000000000000000e+00 0.000000000000000000e+00 0.000000000000000000e+00 0.000000000000000000e+00 0.000000000000000000e+00 0.000000000000000000e+00 0.000000000000000000e+00 0.000000000000000000e+00 0.000000000000000000e+00 0.000000000000000000e+00 0.000000000000000000e+00 0.000000000000000000e+00 0.000000000000000000e+00 0.000000000000000000e+00 0.000000000000000000e+00 0.000000000000000000e+00 0.000000000000000000e+00 0.000000000000000000e+00 0.000000000000000000e+00 0.000000000000000000e+00 0.000000000000000000e+00 0.000000000000000000e+00 0.000000000000000000e+00 0.000000000000000000e+00 0.000000000000000000e+00 6.666666666666666986e-05 0.000000000000000000e+00 0.000000000000000000e+00 0.000000000000000000e+00 0.000000000000000000e+00 0.000000000000000000e+00 0.000000000000000000e+00 0.000000000000000000e+00 0.000000000000000000e+00 0.000000000000000000e+00 0.000000000000000000e+00 0.000000000000000000e+00 0.000000000000000000e+00 0.000000000000000000e+00 0.000000000000000000e+00 0.000000000000000000e+00 0.000000000000000000e+00 0.000000000000000000e+00 0.000000000000000000e+00 0.000000000000000000e+00 0.000000000000000000e+00 0.000000000000000000e+00 0.000000000000000000e+00 0.000000000000000000e+00 0.000000000000000000e+00 0.000000000000000000e+00 0.000000000000000000e+00 0.000000000000000000e+00 0.000000000000000000e+00 0.000000000000000000e+00 0.000000000000000000e+00 0.000000000000000000e+00 0.000000000000000000e+00 0.000000000000000000e+00 0.000000000000000000e+00 0.000000000000000000e+00 0.000000000000000000e+00
1.066666666666666664e-04 0.000000000000000000e+00 2.133333333333333327e-04 4.333333333333333134e-03 0.000000000000000000e+00 0.000000000000000000e+00 1.200000000000000025e-02 9.116000000000000492e-02 2.933333333333333257e-04 2.508933333333333571e-01 1.866666666666666593e-04 3.010666666666666699e-02 0.000000000000000000e+00 6.266666666666666913e-03 1.333333333333333397e-04 0.000000000000000000e+00 0.000000000000000000e+00 8.000000000000000654e-05 0.000000000000000000e+00 1.746666666666666767e-03 0.000000000000000000e+00 0.000000000000000000e+00 0.000000000000000000e+00 1.493333333333333275e-03 0.000000000000000000e+00 1.866666666666666593e-04 6.666666666666666986e-05 1.513333333333333371e-02 8.680000000000000215e-03 0.000000000000000000e+00 0.000000000000000000e+00 8.015999999999999515e-02 0.000000000000000000e+00 3.546666666666666717e-03 0.000000000000000000e+00 0.000000000000000000e+00 0.000000000000000000e+00 4.133333333333333152e-04 0.000000000000000000e+00 0.000000000000000000e+00 0.000000000000000000e+00 0.000000000000000000e+00 0.000000000000000000e+00 4.666666666666666619e-04 0.000000000000000000e+00 9.333333333333332967e-05 0.000000000000000000e+00 6.666666666666666986e-05 0.000000000000000000e+00 0.000000000000000000e+00 0.000000000000000000e+00 0.000000000000000000e+00 0.000000000000000000e+00 8.000000000000000654e-05 0.000000000000000000e+00 0.000000000000000000e+00 0.000000000000000000e+00 2.799999999999999755e-04 0.000000000000000000e+00 0.000000000000000000e+00 0.000000000000000000e+00 8.666666666666666269e-04 0.000000000000000000e+00 0.000000000000000000e+00 0.000000000000000000e+00 0.000000000000000000e+00 0.000000000000000000e+00 0.000000000000000000e+00
3.200000000000000067e-02 0.000000000000000000e+00 1.676000000000000059e-02 4.799999999999999580e-03 0.000000000000000000e+00 1.200000000000000025e-02 0.000000000000000000e+00 6.541333333333333722e-02 1.693333333333333366e-03 1.485733333333333350e-01 5.599999999999999509e-04 1.866666666666666593e-04 0.000000000000000000e+00 1.327866666666666640e-01 0.000000000000000000e+00 0.000000000000000000e+00 7.320000000000000118e-03 3.600000000000000227e-04 1.533333333333333380e-03 2.400000000000000061e-04 5.159999999999999656e-03 0.000000000000000000e+00 2.677333333333333301e-02 2.514666666666666786e-02 0.000000000000000000e+00 1.133333333333333415e-02 3.266666666666666850e-03 2.224666666666666737e-01 2.325333333333333419e-02 3.754666666666666569e-02 0.000000000000000000e+00 3.600000000000000227e-04 1.240000000000000000e-03 4.293333333333333030e-03 0.000000000000000000e+00 0.000000000000000000e+00 0.000000000000000000e+00 9.333333333333332967e-05 0.000000000000000000e+00 0.000000000000000000e+00 1.600000000000000131e-04 2.933333333333333257e-04 0.000000000000000000e+00 1.600000000000000131e-04 0.000000000000000000e+00 0.000000000000000000e+00 0.000000000000000000e+00 2.666666666666666794e-04 0.000000000000000000e+00 0.000000000000000000e+00 0.000000000000000000e+00 0.000000000000000000e+00 0.000000000000000000e+00 8.000000000000000654e-05 0.000000000000000000e+00 0.000000000000000000e+00 1.200000000000000030e-04 1.399999999999999986e-03 0.000000000000000000e+00 0.000000000000000000e+00 0.000000000000000000e+00 1.399999999999999986e-03 1.733333333333333362e-04 0.000000000000000000e+00 0.000000000000000000e+00 0.000000000000000000e+00 0.000000000000000000e+00 0.000000000000000000e+00
1.837333333333333180e-02 0.000000000000000000e+00 5.053333333333333288e-03 2.480000000000000000e-03 0.000000000000000000e+00 9.116000000000000492e-02 6.541333333333333722e-02 0.000000000000000000e+00 2.733333333333333275e-03 1.141466666666666602e-01 8.400000000000000348e-04 2.170666666666666578e-02 1.066666666666666664e-04 2.445599999999999996e-01 5.999999999999999474e-04 0.000000000000000000e+00 5.386666666666666339e-03 9.333333333333333239e-04 3.439999999999999915e-03 1.680000000000000070e-03 5.999999999999999474e-04 0.000000000000000000e+00 4.360000000000000160e-03 5.293333333333333050e-03 0.000000000000000000e+00 6.946666666666666962e-03 2.133333333333333327e-04 1.272000000000000040e-02 2.458666666666666639e-02 9.266666666666666108e-03 0.000000000000000000e+00 3.925333333333333452e-02 0.000000000000000000e+00 2.480000000000000000e-03 0.000000000000000000e+00 0.000000000000000000e+00 0.000000000000000000e+00 4.266666666666666654e-04 0.000000000000000000e+00 9.333333333333332967e-05 9.066666666666666234e-04 1.706666666666666662e-03 3.066666666666666759e-04 5.333333333333333589e-04 0.000000000000000000e+00 0.000000000000000000e+00 0.000000000000000000e+00 2.426666666666666815e-03 0.000000000000000000e+00 0.000000000000000000e+00 0.000000000000000000e+00 0.000000000000000000e+00 9.333333333333332967e-05 8.000000000000000654e-05 0.000000000000000000e+00 0.000000000000000000e+00 0.000000000000000000e+00 8.013333333333334113e-03 0.000000000000000000e+00 0.000000000000000000e+00 0.000000000000000000e+00 7.053333333333333330e-03 1.426666666666666578e-03 3.466666666666666724e-04 0.000000000000000000e+00 0.000000000000000000e+00 0.000000000000000000e+00 8.000000000000000654e-05
2.666666666666666794e-04 1.559999999999999972e-03 0.000000000000000000e+00 1.515999999999999986e-02 0.000000000000000000e+00 2.933333333333333257e-04 1.693333333333333366e-03 2.733333333333333275e-03 0.000000000000000000e+00 1.918666666666666784e-02 1.733333333333333362e-04 8.999999999999999320e-03 1.226666666666666704e-03 1.933333333333333345e-03 0.000000000000000000e+00 0.000000000000000000e+00 0.000000000000000000e+00 0.000000000000000000e+00 9.333333333333332967e-05 6.626666666666666990e-03 0.000000000000000000e+00 1.396000000000000019e-02 0.000000000000000000e+00 8.192000000000000670e-02 2.306666666666666501e-03 3.000000000000000062e-03 7.266666666666666934e-03 2.194666666666666641e-02 1.946666666666666641e-03 2.000000000000000096e-04 1.866666666666666593e-04 8.000000000000000654e-05 0.000000000000000000e+00 2.000000000000000096e-04 1.066666666666666664e-04 0.000000000000000000e+00 0.000000000000000000e+00 4.533333333333333117e-04 0.000000000000000000e+00 0.000000000000000000e+00 4.666666666666666619e-04 5.199999999999999544e-04 0.000000000000000000e+00 8.666666666666666269e-04 6.666666666666666986e-05 1.066666666666666664e-04 0.000000000000000000e+00 7.600000000000000418e-04 0.000000000000000000e+00 0.000000000000000000e+00 0.000000000000000000e+00 0.000000000000000000e+00 0.000000000000000000e+00 1.066666666666666664e-04 0.000000000000000000e+00 0.000000000000000000e+00 0.000000000000000000e+00 4.413333333333333344e-03 0.000000000000000000e+00 1.466666666666666629e-04 1.200000000000000030e-04 3.200000000000000153e-03 5.733333333333333554e-04 2.266666666666666558e-04 0.000000000000000000e+00 0.000000000000000000e+00 0.000000000000000000e+00 8.000000000000000654e-05
1.213333333333333408e-03 0.000000000000000000e+00 8.666666666666666269e-04 1.947333333333333416e-01 0.000000000000000000e+00 2.508933333333333571e-01 1.485733333333333350e-01 1.141466666666666602e-01 1.918666666666666784e-02 0.000000000000000000e+00 2.653333333333333498e-03 8.109333333333333671e-02 2.666666666666666794e-04 4.366666666666666613e-02 0.000000000000000000e+00 0.000000000000000000e+00 4.266666666666666654e-04 1.000000000000000021e-03 8.800000000000000313e-04 2.108666666666666745e-01 0.000000000000000000e+00 0.000000000000000000e+00 5.333333333333333589e-04 1.222666666666666693e-02 0.000000000000000000e+00 2.013333333333333121e-03 9.066666666666666234e-04 1.849733333333333229e-01 1.478666666666666671e-02 9.333333333333332967e-05 0.000000000000000000e+00 1.666666666666666774e-03 0.000000000000000000e+00 7.546666666666666801e-03 0.000000000000000000e+00 0.000000000000000000e+00 0.000000000000000000e+00 3.399999999999999811e-03 0.000000000000000000e+00 6.800000000000000488e-04 2.119999999999999923e-03 7.866666666666666339e-04 5.466666666666666549e-04 5.346666666666666234e-03 0.000000000000000000e+00 1.333333333333333289e-03 0.000000000000000000e+00 3.066666666666666759e-04 0.000000000000000000e+00 0.000000000000000000e+00 0.000000000000000000e+00 0.000000000000000000e+00 0.000000000000000000e+00 8.133333333333333344e-04 0.000000000000000000e+00 0.000000000000000000e+00 0.000000000000000000e+00 6.440000000000000412e-03 0.000000000000000000e+00 0.000000000000000000e+00 0.000000000000000000e+00 1.167999999999999941e-02 1.066666666666666664e-04 0.000000000000000000e+00 0.000000000000000000e+00 0.000000000000000000e+00 0.000000000000000000e+00 8.000000000000000654e-05
4.000000000000000192e-04 5.999999999999999474e-04 6.666666666666666986e-05 1.200000000000000030e-04 0.000000000000000000e+00 1.866666666666666593e-04 5.599999999999999509e-04 8.400000000000000348e-04 1.733333333333333362e-04 2.653333333333333498e-03 0.000000000000000000e+00 6.533333333333333484e-04 4.646666666666667000e-02 1.386666666666666690e-03 0.000000000000000000e+00 0.000000000000000000e+00 9.333333333333332967e-05 8.937333333333333241e-02 1.538666666666666655e-02 0.000000000000000000e+00 0.000000000000000000e+00 1.466666666666666629e-04 0.000000000000000000e+00 5.333333333333333589e-04 9.079999999999999530e-03 2.672000000000000069e-02 4.106666666666666451e-03 5.466666666666666549e-04 6.159999999999999677e-03 9.333333333333332967e-05 3.613333333333333414e-03 2.266666666666666558e-04 3.466666666666666724e-04 5.542666666666666575e-02 0.000000000000000000e+00 0.000000000000000000e+00 0.000000000000000000e+00 0.000000000000000000e+00 0.000000000000000000e+00 0.000000000000000000e+00 0.000000000000000000e+00 0.000000000000000000e+00 0.000000000000000000e+00 0.000000000000000000e+00 2.720000000000000195e-03 0.000000000000000000e+00 4.493333333333333554e-03 1.200000000000000030e-04 0.000000000000000000e+00 0.000000000000000000e+00 0.000000000000000000e+00 1.200000000000000030e-04 0.000000000000000000e+00 0.000000000000000000e+00 0.000000000000000000e+00 0.000000000000000000e+00 0.000000000000000000e+00 3.200000000000000262e-04 0.000000000000000000e+00 4.933333333333333624e-04 2.533333333333333292e-04 1.066666666666666664e-04 1.333333333333333397e-04 0.000000000000000000e+00 3.333333333333333222e-04 8.000000000000000654e-05 0.000000000000000000e+00 6.666666666666666986e-05
0.000000000000000000e+00 0.000000000000000000e+00 0.000000000000000000e+00 4.526666666666666339e-02 0.000000000000000000e+00 3.010666666666666699e-02 1.866666666666666593e-04 2.170666666666666578e-02 8.999999999999999320e-03 8.109333333333333671e-02 6.533333333333333484e-04 0.000000000000000000e+00 1.066666666666666664e-04 7.066666666666666409e-03 0.000000000000000000e+00 0.000000000000000000e+00 0.000000000000000000e+00 2.533333333333333292e-04 1.066666666666666664e-04 5.306666666666666476e-02 0.000000000000000000e+00 0.000000000000000000e+00 0.000000000000000000e+00 5.786666666666666521e-03 0.000000000000000000e+00 2.933333333333333257e-04 1.733333333333333362e-04 2.154666666666666536e-02 5.226666666666666787e-03 0.000000000000000000e+00 0.000000000000000000e+00 1.680000000000000070e-03 0.000000000000000000e+00 1.653333333333333261e-03 0.000000000000000000e+00 0.000000000000000000e+00 0.000000000000000000e+00 2.079999999999999818e-03 0.000000000000000000e+00 3.066666666666666759e-04 4.266666666666666654e-04 1.200000000000000030e-04 1.333333333333333397e-04 3.666666666666666598e-03 0.000000000000000000e+00 5.733333333333333554e-04 0.000000000000000000e+00 0.000000000000000000e+00 0.000000000000000000e+00 0.000000000000000000e+00 0.000000000000000000e+00 0.000000000000000000e+00 0.000000000000000000e+00 4.533333333333333117e-04 0.000000000000000000e+00 0.000000000000000000e+00 0.000000000000000000e+00 1.240000000000000000e-03 0.000000000000000000e+00 0.000000000000000000e+00 0.000000000000000000e+00 3.666666666666666598e-03 0.000000000000000000e+00 0.000000000000000000e+00 0.000000000000000000e+00 0.000000000000000000e+00 0.000000000000000000e+00 0.000000000000000000e+00
0.000000000000000000e+00 8.466666666666667479e-03 0.000000000000000000e+00 0.000000000000000000e+00 0.000000000000000000e+00 0.000000000000000000e+00 0.000000000000000000e+00 1.066666666666666664e-04 1.226666666666666704e-03 2.666666666666666794e-04 4.646666666666667000e-02 1.066666666666666664e-04 0.000000000000000000e+00 1.733333333333333362e-04 0.000000000000000000e+00 0.000000000000000000e+00 0.000000000000000000e+00 7.466666666666666374e-04 8.000000000000000654e-05 0.000000000000000000e+00 0.000000000000000000e+00 1.373333333333333394e-03 0.000000000000000000e+00 3.093333333333333351e-03 4.395999999999999908e-02 2.266666666666666829e-03 2.226666666666666725e-02 8.000000000000000654e-05 8.666666666666666269e-04 0.000000000000000000e+00 8.399999999999999481e-03 0.000000000000000000e+00 0.000000000000000000e+00 7.599999999999999985e-03 0.000000000000000000e+00 0.000000000000000000e+00 0.000000000000000000e+00 0.000000000000000000e+00 0.000000000000000000e+00 0.000000000000000000e+00 0.000000000000000000e+00 6.666666666666666986e-05 0.000000000000000000e+00 0.000000000000000000e+00 1.643999999999999975e-02 0.000000000000000000e+00 1.941333333333333452e-02 6.666666666666666986e-05 0.000000000000000000e+00 0.000000000000000000e+00 0.000000000000000000e+00 5.333333333333333589e-04 0.000000000000000000e+00 0.000000000000000000e+00 0.000000000000000000e+00 0.000000000000000000e+00 0.000000000000000000e+00 9.333333333333332967e-05 8.000000000000000654e-05 2.293333333333333422e-03 9.200000000000000278e-04 0.000000000000000000e+00 0.000000000000000000e+00 0.000000000000000000e+00 1.933333333333333345e-03 1.066666666666666664e-04 0.000000000000000000e+00 1.466666666666666629e-04
9.947999999999999898e-02 0.000000000000000000e+00 6.826666666666666647e-03 1.226666666666666704e-03 0.000000000000000000e+00 6.266666666666666913e-03 1.327866666666666640e-01 2.445599999999999996e-01 1.933333333333333345e-03 4.366666666666666613e-02 1.386666666666666690e-03 7.066666666666666409e-03 1.733333333333333362e-04 0.000000000000000000e+00 1.200000000000000030e-04 0.000000000000000000e+00 1.698666666666666727e-02 1.746666666666666767e-03 8.240000000000000796e-03 6.400000000000000524e-04 1.440000000000000091e-03 1.200000000000000030e-04 8.399999999999999481e-03 4.826666666666666605e-03 0.000000000000000000e+00 1.070666666666666642e-02 1.733333333333333362e-04 8.080000000000000376e-03 1.408133333333333459e-01 3.997333333333333294e-02 0.000000000000000000e+00 3.310666666666666619e-02 0.000000000000000000e+00 6.973333333333333120e-03 8.000000000000000654e-05 0.000000000000000000e+00 0.000000000000000000e+00 0.000000000000000000e+00 0.000000000000000000e+00 0.000000000000000000e+00 1.200000000000000030e-04 7.333333333333333414e-04 4.000000000000000192e-04 1.066666666666666664e-04 0.000000000000000000e+00 0.000000000000000000e+00 0.000000000000000000e+00 1.213333333333333408e-03 0.000000000000000000e+00 0.000000000000000000e+00 0.000000000000000000e+00 0.000000000000000000e+00 0.000000000000000000e+00 0.000000000000000000e+00 9.333333333333332967e-05 0.000000000000000000e+00 0.000000000000000000e+00 4.186666666666666661e-03 0.000000000000000000e+00 0.000000000000000000e+00 0.000000000000000000e+00 2.933333333333333365e-03 1.293333333333333401e-03 3.200000000000000262e-04 0.000000000000000000e+00 0.000000000000000000e+00 0.000000000000000000e+00 2.133333333333333327e-04
0.000000000000000000e+00 0.000000000000000000e+00 0.000000000000000000e+00 0.000000000000000000e+00 0.000000000000000000e+00 1.333333333333333397e-04 0.000000000000000000e+00 5.999999999999999474e-04 0.000000000000000000e+00 0.000000000000000000e+00 0.000000000000000000e+00 0.000000000000000000e+00 0.000000000000000000e+00 1.200000000000000030e-04 0.000000000000000000e+00 0.000000000000000000e+00 0.000000000000000000e+00 0.000000000000000000e+00 0.000000000000000000e+00 0.000000000000000000e+00 0.000000000000000000e+00 0.000000000000000000e+00 0.000000000000000000e+00 0.000000000000000000e+00 0.000000000000000000e+00 0.000000000000000000e+00 0.000000000000000000e+00 0.000000000000000000e+00 1.333333333333333397e-04 0.000000000000000000e+00 0.000000000000000000e+00 1.200000000000000030e-04 0.000000000000000000e+00 0.000000000000000000e+00 0.000000000000000000e+00 0.000000000000000000e+00 0.000000000000000000e+00 0.000000000000000000e+00 0.000000000000000000e+00 0.000000000000000000e+00 0.000000000000000000e+00 0.000000000000000000e+00 0.000000000000000000e+00 0.000000000000000000e+00 0.000000000000000000e+00 0.000000000000000000e+00 0.000000000000000000e+00 0.000000000000000000e+00 0.000000000000000000e+00 0.000000000000000000e+00 0.000000000000000000e+00 0.000000000000000000e+00 0.000000000000000000e+00 0.000000000000000000e+00 0.000000000000000000e+00 0.000000000000000000e+00 0.000000000000000000e+00 0.000000000000000000e+00 0.000000000000000000e+00 0.000000000000000000e+00 0.000000000000000000e+00 0.000000000000000000e+00 0.000000000000000000e+00 0.000000000000000000e+00 0.000000000000000000e+00 0.000000000000000000e+00 0.000000000000000000e+00 0.000000000000000000e+00
0.000000000000000000e+00 0.000000000000000000e+00 0.000000000000000000e+00 0.000000000000000000e+00 0.000000000000000000e+00 0.000000000000000000e+00 0.000000000000000000e+00 0.000000000000000000e+00 0.000000000000000000e+00 0.000000000000000000e+00 0.000000000000000000e+00 0.000000000000000000e+00 0.000000000000000000e+00 0.000000000000000000e+00 0.000000000000000000e+00 0.000000000000000000e+00 4.000000000000000192e-04 0.000000000000000000e+00 0.000000000000000000e+00 0.000000000000000000e+00 1.676000000000000059e-02 2.017333333333333478e-02 3.235999999999999988e-02 3.040000000000000167e-03 0.000000000000000000e+00 5.466666666666666549e-04 1.821333333333333485e-02 1.653333333333333261e-03 0.000000000000000000e+00 1.466666666666666683e-03 0.000000000000000000e+00 0.000000000000000000e+00 0.000000000000000000e+00 1.466666666666666629e-04 0.000000000000000000e+00 0.000000000000000000e+00 2.666666666666666794e-04 0.000000000000000000e+00 0.000000000000000000e+00 0.000000000000000000e+00 0.000000000000000000e+00 0.000000000000000000e+00 0.000000000000000000e+00 0.000000000000000000e+00 0.000000000000000000e+00 0.000000000000000000e+00 0.000000000000000000e+00 0.000000000000000000e+00 0.000000000000000000e+00 7.733333333333333379e-03 1.466666666666666629e-04 0.000000000000000000e+00 0.000000000000000000e+00 0.000000000000000000e+00 2.813333333333333484e-03 5.333333333333333589e-04 2.434666666666666576e-02 2.400000000000000061e-04 0.000000000000000000e+00 0.000000000000000000e+00 3.239999999999999825e-03 2.000000000000000096e-04 2.533333333333333292e-04 4.800000000000000122e-04 0.000000000000000000e+00 0.000000000000000000e+00 0.000000000000000000e+00 0.000000000000000000e+00
1.084000000000000068e-02 3.866666666666666689e-04 8.762666666666667215e-02 0.000000000000000000e+00 0.000000000000000000e+00 0.000000000000000000e+00 7.320000000000000118e-03 5.386666666666666339e-03 0.000000000000000000e+00 4.266666666666666654e-04 9.333333333333332967e-05 0.000000000000000000e+00 0.000000000000000000e+00 1.698666666666666727e-02 0.000000000000000000e+00 4.000000000000000192e-04 0.000000000000000000e+00 4.279999999999999950e-03 7.929333333333332678e-02 0.000000000000000000e+00 4.386666666666666319e-03 1.200000000000000030e-04 2.832000000000000142e-02 1.680000000000000070e-03 0.000000000000000000e+00 5.057333333333333125e-02 4.461333333333333123e-02 9.466666666666666199e-04 3.697333333333333028e-02 4.220000000000000140e-02 0.000000000000000000e+00 0.000000000000000000e+00 8.666666666666666269e-04 7.013333333333333225e-03 0.000000000000000000e+00 2.933333333333333257e-04 2.853333333333333156e-03 0.000000000000000000e+00 0.000000000000000000e+00 0.000000000000000000e+00 0.000000000000000000e+00 0.000000000000000000e+00 0.000000000000000000e+00 0.000000000000000000e+00 0.000000000000000000e+00 0.000000000000000000e+00 0.000000000000000000e+00 0.000000000000000000e+00 0.000000000000000000e+00 0.000000000000000000e+00 7.733333333333333379e-04 0.000000000000000000e+00 3.200000000000000262e-04 0.000000000000000000e+00 1.733333333333333362e-04 0.000000000000000000e+00 1.066666666666666664e-04 6.666666666666666986e-05 0.000000000000000000e+00 1.186666666666666599e-03 2.279999999999999909e-03 0.000000000000000000e+00 0.000000000000000000e+00 0.000000000000000000e+00 0.000000000000000000e+00 0.000000000000000000e+00 0.000000000000000000e+00 0.000000000000000000e+00
9.600000000000000243e-04 0.000000000000000000e+00 1.866666666666666593e-04 0.000000000000000000e+00 0.000000000000000000e+00 8.000000000000000654e-05 3.600000000000000227e-04 9.333333333333333239e-04 0.000000000000000000e+00 1.000000000000000021e-03 8.937333333333333241e-02 2.533333333333333292e-04 7.466666666666666374e-04 1.746666666666666767e-03 0.000000000000000000e+00 0.000000000000000000e+00 4.279999999999999950e-03 0.000000000000000000e+00 2.234666666666666746e-02 0.000000000000000000e+00 6.666666666666666986e-05 0.000000000000000000e+00 1.066666666666666664e-04 1.200000000000000030e-04 9.333333333333332967e-05 3.688000000000000306e-02 2.160000000000000028e-03 1.600000000000000131e-04 3.866666666666666689e-03 5.599999999999999509e-04 3.866666666666666689e-04 0.000000000000000000e+00 2.666666666666666794e-04 1.189333333333333388e-02 0.000000000000000000e+00 0.000000000000000000e+00 0.000000000000000000e+00 0.000000000000000000e+00 0.000000000000000000e+00 0.000000000000000000e+00 0.000000000000000000e+00 0.000000000000000000e+00 0.000000000000000000e+00 0.000000000000000000e+00 2.400000000000000061e-04 0.000000000000000000e+00 8.533333333333333309e-04 0.000000000000000000e+00 0.000000000000000000e+00 0.000000000000000000e+00 0.000000000000000000e+00 2.000000000000000096e-04 0.000000000000000000e+00 0.000000000000000000e+00 0.000000000000000000e+00 0.000000000000000000e+00 0.000000000000000000e+00 6.666666666666666986e-05 0.000000000000000000e+00 8.666666666666666269e-04 4.800000000000000122e-04 6.666666666666666986e-05 0.000000000000000000e+00 0.000000000000000000e+00 1.733333333333333362e-04 0.000000000000000000e+00 0.000000000000000000e+00 0.000000000000000000e+00
4.626666666666666948e-03 6.666666666666666986e-05 2.253333333333333317e-03 0.000000000000000000e+00 0.000000000000000000e+00 0.000000000000000000e+00 1.533333333333333380e-03 3.439999999999999915e-03 9.333333333333332967e-05 8.800000000000000313e-04 1.538666666666666655e-02 1.066666666666666664e-04 8.000000000000000654e-05 8.240000000000000796e-03 0.000000000000000000e+00 0.000000000000000000e+00 7.929333333333332678e-02 2.234666666666666746e-02 0.000000000000000000e+00 0.000000000000000000e+00 4.800000000000000122e-04 0.000000000000000000e+00 1.559999999999999972e-03 8.266666666666666304e-04 0.000000000000000000e+00 6.315999999999999392e-02 1.239999999999999956e-02 2.266666666666666558e-04 1.769333333333333175e-02 2.853333333333333156e-03 0.000000000000000000e+00 0.000000000000000000e+00 2.893333333333333261e-03 2.947999999999999926e-02 0.000000000000000000e+00 0.000000000000000000e+00 9.333333333333332967e-05 0.000000000000000000e+00 0.000000000000000000e+00 0.000000000000000000e+00 0.000000000000000000e+00 0.000000000000000000e+00 0.000000000000000000e+00 0.000000000000000000e+00 0.000000000000000000e+00 0.000000000000000000e+00 0.000000000000000000e+00 0.000000000000000000e+00 0.000000000000000000e+00 0.000000000000000000e+00 6.666666666666666986e-05 0.000000000000000000e+00 1.333333333333333397e-04 0.000000000000000000e+00 0.000000000000000000e+00 0.000000000000000000e+00 0.000000000000000000e+00 0.000000000000000000e+00 0.000000000000000000e+00 1.706666666666666662e-03 9.466666666666666199e-04 6.666666666666666986e-05 0.000000000000000000e+00 0.000000000000000000e+00 6.666666666666666986e-05 0.000000000000000000e+00 0.000000000000000000e+00 0.000000000000000000e+00
0.000000000000000000e+00 0.000000000000000000e+00 0.000000000000000000e+00 9.885333333333333472e-02 0.000000000000000000e+00 1.746666666666666767e-03 2.400000000000000061e-04 1.680000000000000070e-03 6.626666666666666990e-03 2.108666666666666745e-01 0.000000000000000000e+00 5.306666666666666476e-02 0.000000000000000000e+00 6.400000000000000524e-04 0.000000000000000000e+00 0.000000000000000000e+00 0.000000000000000000e+00 0.000000000000000000e+00 0.000000000000000000e+00 0.000000000000000000e+00 0.000000000000000000e+00 0.000000000000000000e+00 0.000000000000000000e+00 4.773333333333333421e-03 0.000000000000000000e+00 0.000000000000000000e+00 0.000000000000000000e+00 3.500000000000000333e-02 5.999999999999999474e-04 0.000000000000000000e+00 0.000000000000000000e+00 1.333333333333333397e-04 0.000000000000000000e+00 1.866666666666666593e-04 0.000000000000000000e+00 0.000000000000000000e+00 0.000000000000000000e+00 1.106666666666666606e-03 0.000000000000000000e+00 6.666666666666666986e-05 1.733333333333333362e-04 0.000000000000000000e+00 1.600000000000000131e-04 1.186666666666666599e-03 0.000000000000000000e+00 1.866666666666666593e-04 0.000000000000000000e+00 0.000000000000000000e+00 0.000000000000000000e+00 0.000000000000000000e+00 0.000000000000000000e+00 0.000000000000000000e+00 0.000000000000000000e+00 2.266666666666666558e-04 0.000000000000000000e+00 0.000000000000000000e+00 0.000000000000000000e+00 6.266666666666666479e-04 0.000000000000000000e+00 0.000000000000000000e+00 0.000000000000000000e+00 1.799999999999999951e-03 0.000000000000000000e+00 0.000000000000000000e+00 0.000000000000000000e+00 0.000000000000000000e+00 0.000000000000000000e+00 0.000000000000000000e+00
3.733333333333333187e-04 0.000000000000000000e+00 4.080000000000000293e-03 0.000000000000000000e+00 0.000000000000000000e+00 0.000000000000000000e+00 5.159999999999999656e-03 5.999999999999999474e-04 0.000000000000000000e+00 0.000000000000000000e+00 0.000000000000000000e+00 0.000000000000000000e+00 0.000000000000000000e+00 1.440000000000000091e-03 0.000000000000000000e+00 1.676000000000000059e-02 4.386666666666666319e-03 6.666666666666666986e-05 4.800000000000000122e-04 0.000000000000000000e+00 0.000000000000000000e+00 1.153333333333333294e-02 1.649733333333333329e-01 2.013333333333333121e-03 0.000000000000000000e+00 1.133333333333333415e-03 8.573333333333333847e-03 2.580000000000000002e-02 1.080000000000000014e-03 7.824000000000000399e-02 0.000000000000000000e+00 0.000000000000000000e+00 0.000000000000000000e+00 2.765333333333333185e-02 0.000000000000000000e+00 0.000000000000000000e+00 1.733333333333333362e-04 0.000000000000000000e+00 0.000000000000000000e+00 0.000000000000000000e+00 0.000000000000000000e+00 0.000000000000000000e+00 1.200000000000000030e-04 0.000000000000000000e+00 0.000000000000000000e+00 0.000000000000000000e+00 0.000000000000000000e+00 1.866666666666666593e-04 0.000000000000000000e+00 6.279999999999999992e-03 0.000000000000000000e+00 0.000000000000000000e+00 0.000000000000000000e+00 0.000000000000000000e+00 1.213333333333333278e-02 1.119999999999999902e-03 1.065333333333333410e-02 1.160000000000000007e-03 0.000000000000000000e+00 0.000000000000000000e+00 1.333333333333333397e-04 1.879999999999999944e-03 1.386666666666666690e-03 3.493333333333333533e-03 0.000000000000000000e+00 0.000000000000000000e+00 0.000000000000000000e+00 0.000000000000000000e+00
1.066666666666666664e-04 7.466666666666666374e-04 2.666666666666666794e-04 0.000000000000000000e+00 0.000000000000000000e+00 0.000000000000000000e+00 0.000000000000000000e+00 0.000000000000000000e+00 1.396000000000000019e-02 0.000000000000000000e+00 1.466666666666666629e-04 0.000000000000000000e+00 1.373333333333333394e-03 1.200000000000000030e-04 0.000000000000000000e+00 2.017333333333333478e-02 1.200000000000000030e-04 0.000000000000000000e+00 0.000000000000000000e+00 0.000000000000000000e+00 1.153333333333333294e-02 0.000000000000000000e+00 6.346666666666666255e-03 1.057333333333333389e-02 1.253333333333333296e-03 1.346666666666666585e-03 7.040000000000000251e-03 1.346666666666666585e-03 1.119999999999999902e-03 1.853333333333333352e-03 8.000000000000000654e-05 0.000000000000000000e+00 0.000000000000000000e+00 0.000000000000000000e+00 9.333333333333332967e-05 0.000000000000000000e+00 5.599999999999999509e-04 0.000000000000000000e+00 0.000000000000000000e+00 0.000000000000000000e+00 0.000000000000000000e+00 0.000000000000000000e+00 0.000000000000000000e+00 0.000000000000000000e+00 0.000000000000000000e+00 0.000000000000000000e+00 0.000000000000000000e+00 1.066666666666666664e-04 0.000000000000000000e+00 2.320000000000000014e-03 9.333333333333332967e-05 0.000000000000000000e+00 0.000000000000000000e+00 0.000000000000000000e+00 2.546666666666666697e-03 0.000000000000000000e+00 4.400000000000000265e-03 4.133333333333333152e-04 0.000000000000000000e+00 0.000000000000000000e+00 1.413333333333333282e-03 5.733333333333333554e-04 1.479999999999999979e-03 8.000000000000000383e-04 0.000000000000000000e+00 0.000000000000000000e+00 0.000000000000000000e+00 0.000000000000000000e+00
2.880000000000000181e-03 5.066666666666666584e-04 8.587999999999999801e-02 0.000000000000000000e+00 0.000000000000000000e+00 0.000000000000000000e+00 2.677333333333333301e-02 4.360000000000000160e-03 0.000000000000000000e+00 5.333333333333333589e-04 0.000000000000000000e+00 0.000000000000000000e+00 0.000000000000000000e+00 8.399999999999999481e-03 0.000000000000000000e+00 3.235999999999999988e-02 2.832000000000000142e-02 1.066666666666666664e-04 1.559999999999999972e-03 0.000000000000000000e+00 1.649733333333333329e-01 6.346666666666666255e-03 0.000000000000000000e+00 1.413333333333333282e-03 0.000000000000000000e+00 1.763999999999999943e-02 1.011999999999999983e-01 2.817333333333333495e-02 6.040000000000000230e-03 7.118666666666666198e-02 0.000000000000000000e+00 0.000000000000000000e+00 0.000000000000000000e+00 3.724000000000000227e-02 0.000000000000000000e+00 1.333333333333333397e-04 7.213333333333333749e-03 0.000000000000000000e+00 0.000000000000000000e+00 0.000000000000000000e+00 0.000000000000000000e+00 0.000000000000000000e+00 0.000000000000000000e+00 0.000000000000000000e+00 0.000000000000000000e+00 0.000000000000000000e+00 0.000000000000000000e+00 0.000000000000000000e+00 0.000000000000000000e+00 6.813333333333333568e-03 1.360000000000000098e-03 0.000000000000000000e+00 0.000000000000000000e+00 0.000000000000000000e+00 2.453333333333333408e-03 9.600000000000000243e-04 3.986666666666666831e-02 1.200000000000000030e-04 0.000000000000000000e+00 1.200000000000000030e-04 8.746666666666666479e-03 1.866666666666666593e-04 0.000000000000000000e+00 1.600000000000000131e-04 0.000000000000000000e+00 0.000000000000000000e+00 0.000000000000000000e+00 0.000000000000000000e+00
