1.000000000000000000e+00 5.274268220559290565e-01 9.060382733503614255e-03 4.752976937313452277e-01 -1.708934373646204818e-01 -2.963510899495002127e-01 7.173805273131557136e-01 -3.346237768934493539e-01 6.073333525298043600e-01 -1.878326773590700827e-01 8.250856891060441567e-02 1.463498048123932083e-01 -6.118917123601758795e-03 -5.620992249869213864e-02 -1.087629265003911827e-01 -7.401589989541619563e-02 6.290995956497238417e-01 5.722127504380074559e-01 6.257276041305963599e-01 6.391192824895820523e-01 7.884247653455031535e-02 6.084166914561893735e-01 3.844762906229303168e-01 4.726310730136567551e-01 4.342250963830945332e-01 4.833267910039535376e-01 1.840258441843089510e-01 4.175698908060210268e-01 5.169551585968562568e-01 6.620930134214113583e-01 7.844091115420041838e-02 -1.594780105607374321e-01 3.259205967810410165e-01 6.865733441657833058e-01 7.302460215013124589e-01 3.088061682947142450e-01 3.254312874713276571e-01 2.373365461693384137e-01 -1.971987751784096132e-01 -3.257551462964798916e-01 6.972395667181777723e-01 -3.741851001385836928e-01 5.650441349415510350e-01 -2.490793124405736303e-01 -6.894615805840755007e-02 -1.542274384142277854e-01 1.702433602274249225e-01 -1.637803413421015652e-01 -1.938282141142721460e-01 -8.362577283344355128e-02 6.165333094481916243e-01 3.233415835439906183e-01 6.708931394370373225e-01 6.320674268640227300e-01 3.116433081812981509e-01 6.389661257841537934e-01 2.229669276802767885e-01 5.436495854734100242e-01 4.646409632364711384e-01 4.537935171753286201e-01 2.332971661435573676e-02 3.013590411147833437e-01 4.197766480178188320e-01 5.784257350721333513e-01 -4.595652721787071154e-02 -3.265306306722354779e-01 3.641519692539919584e-01 5.559800356883822792e-01
5.274268220559290565e-01 9.999999999999997780e-01 1.298337630621364536e-01 3.147232282018992966e-01 -2.314671269928495201e-01 -3.973614289950230249e-01 6.015976080312653851e-01 -4.310889271551142099e-01 4.459424243553197775e-01 -2.625775195253377547e-01 -5.507340000744157665e-03 6.993393396692815234e-02 -1.123813349728177736e-02 -1.918921641420280599e-01 -2.832975455465981396e-01 1.208725904575490007e-01 7.096360611607130942e-01 3.923937567813763350e-01 6.522809236917278541e-01 3.611020595983553960e-01 2.808132833642366100e-01 7.476773333543181854e-01 6.653033776524437393e-01 5.824985413740346729e-01 3.869849003064994575e-01 6.776909154426981052e-01 3.664236822112533210e-01 6.319677614554392031e-01 3.429802602444896875e-01 7.753981031164425275e-01 1.286940525394177637e-01 -1.685437616737061883e-01 1.690777378544181808e-01 6.177662758582402880e-01 5.580182083221606471e-01 6.130642084979658346e-01 5.205680817497526647e-01 1.053047940362679680e-01 -1.983181832758057483e-01 -3.833195470795673354e-01 6.702234062393372938e-01 -4.431441799933413250e-01 3.505507360792848859e-01 -3.222469395427990380e-01 -1.674771426804805841e-01 -2.033540894370251817e-01 1.383041107550491387e-02 -2.488384067970174363e-01 -2.682042538530046705e-01 1.380311823811946614e-01 6.231915184258246532e-01 1.079027130842817039e-01 5.744289647504731144e-01 4.148651155455566619e-01 5.507275486185909674e-01 7.429380512738074094e-01 5.321025829604300039e-01 6.441059675644941196e-01 4.004696523508474160e-01 5.097433526307156848e-01 2.565576562566282415e-01 6.011069905523361845e-01 2.587403752728302253e-01 7.461539711940002872e-01 1.926530754082673991e-02 -3.312812187958731336e-01 1.553599060020429135e-01 4.795363549168846218e-01
9.060382733503614255e-03 1.298337630621364536e-01 1.000000000000000000e+00 -1.336002295202980417e-01 2.304434429329531298e-01 1.495913204551425069e-01 1.716708036180585872e-01 2.055210858145470332e-01 -1.705773010298247960e-01 2.293484075247780030e-01 2.816630887540081535e-02 8.589327591330449263e-02 1.995741733891765735e-01 1.516825156292204990e-01 1.830194006601331413e-01 6.583264226516110096e-01 7.606709468878476710e-02 -5.147173784966876942e-02 1.805249877022434835e-01 -4.261135298053499512e-03 3.473680095423183345e-01 -9.724946520747932560e-03 4.212530871636285257e-01 4.026653181208141308e-01 1.966126760678458749e-02 4.397476640173665907e-01 8.422333180827328292e-01 4.896803632354211899e-01 -5.348001560680311350e-02 1.072858817434748230e-01 3.829395649750109293e-02 1.770497123526398320e-01 -5.883629411027858913e-02 8.282262718193994511e-02 2.447703892029400030e-02 1.804498330031236442e-01 5.917633000495544637e-01 -4.890713091016767738e-02 8.791675909251554788e-02 1.821788021233766985e-01 5.269173799505458972e-02 2.020157204976643917e-01 -2.079058082264219898e-01 1.578428376265781918e-01 4.129498424667488871e-02 9.103782248106229158e-02 -1.009210448272390009e-01 4.117883145659052141e-02 7.312765527833475776e-02 6.749923316531984963e-01 -1.582995732840390413e-01 -9.819775090312576893e-02 -6.643099958624291979e-02 5.752224985247695460e-02 2.723101999409514029e-01 -1.409254997842324386e-01 4.921312214026199450e-01 3.869780071599964177e-01 4.795726228402347885e-02 1.062901800234185706e-01 8.049451980474330304e-01 3.249632034542390135e-01 -1.004933962775786949e-01 -1.243942706211111429e-02 1.750941093309755711e-02 2.746670377056416590e-01 -1.929415322296150481e-01 -3.169722765009067716e-02
4.752976937313452277e-01 3.147232282018992966e-01 -1.336002295202980417e-01 9.999999999999998890e-01 -1.181771111075862607e-02 -9.485271048363949631e-02 5.657716149890353874e-01 -1.564032868258960207e-01 5.926651430655284214e-01 -2.051564935921890848e-02 3.738501228083734862e-01 4.704052834983732945e-01 3.344329164962612233e-01 1.121184930744691249e-01 -3.648785148654939969e-02 6.521417472407040061e-02 5.058122122436402579e-01 6.511891630392159236e-01 4.409300963128257589e-01 5.088364292046272386e-01 4.258836320791596353e-01 4.136955153570290866e-01 4.230966854120420950e-01 9.354146510563081385e-02 4.045687431952834645e-01 3.744354720306597994e-01 -1.196582046134080611e-02 3.385601406040413819e-01 5.898600340400201869e-01 5.208372959313340989e-01 1.136615320471962426e-01 7.045135960596289604e-02 4.864719199829030116e-01 6.503775635541285682e-01 3.531057029168414019e-01 2.378936815816999062e-01 3.608219350972650952e-02 7.257881652364520653e-01 -9.688118340912856008e-02 -1.281462915904500177e-01 4.521221811809348345e-01 -2.033100141694487162e-01 5.705530326035596067e-01 5.765768698429026527e-03 1.633915168001777718e-01 2.129616808480900292e-01 5.459924071620663177e-01 1.145454187908231392e-01 -1.560420208648049811e-01 -1.409436899199688065e-01 5.740902699701327938e-01 4.485755867537776220e-01 6.379942366077596683e-01 4.838199466761842205e-01 5.642426255607058128e-01 4.816719856668743582e-01 3.781221447534253155e-01 2.040018191750236909e-01 3.852567644249609846e-01 3.615199745855612323e-01 -2.056051952816125017e-01 2.030795742401741433e-01 5.287988826363707595e-01 4.198221315368271811e-01 1.196459047274831683e-01 -1.691296482254693034e-01 4.599609781171758449e-01 6.409776689231289071e-01
-1.708934373646204818e-01 -2.314671269928495201e-01 2.304434429329531298e-01 -1.181771111075862607e-02 1.000000000000000222e+00 8.489725019604900114e-01 -1.246636808095920312e-01 8.522893490744861689e-01 -1.166841899992500792e-01 7.981773685373683147e-01 6.559690598552639917e-01 5.225674592682182373e-01 6.546215106548960438e-01 8.083246173934307555e-01 6.473226774215492529e-01 2.729592910335755240e-01 -2.963970453961984330e-01 -3.254840672309619598e-02 -4.004879342691299859e-01 8.877128937685677124e-02 1.740228129724060713e-01 -5.137034524983169481e-01 -2.769847045122552642e-01 -4.303079330951237735e-01 -6.616221344517557446e-02 1.280030006032381595e-01 2.373239938190681575e-01 -3.051407242879778936e-01 3.361625754768067242e-01 -3.011990643826186753e-01 2.002706255985312878e-01 8.552037369786419374e-01 4.735973732282477422e-01 -4.608866826161561042e-02 -2.194289905163686327e-01 1.996458604038084117e-01 -1.202353558191255889e-01 3.556866134315104233e-01 7.572466619440650915e-01 8.522499520581403587e-01 -3.934525004829076411e-01 8.174008934349700217e-01 4.076963577512805054e-02 8.403363383572847178e-01 7.412809280744548923e-01 7.873192202283224583e-01 4.358006469717653486e-01 8.001433089301546175e-01 5.699944700351562421e-01 2.002552994509410739e-02 -2.659105371202771795e-01 4.338580347265648673e-01 -1.986392617451768761e-01 4.697874840571858446e-02 -2.705770361323163731e-01 -3.547336707160813618e-01 -1.571363438557882644e-02 -3.420835470931309352e-01 1.897718533288946519e-01 2.122358118013339401e-01 3.206900830022537119e-01 -4.989362755598091836e-01 4.123267689521668555e-01 -4.375748358444959130e-01 -2.157055557050486794e-01 8.268229283620912584e-01 2.397155115604971132e-01 2.295533092908433326e-01
-2.963510899495002127e-01 -3.973614289950230249e-01 1.495913204551425069e-01 -9.485271048363949631e-02 8.489725019604900114e-01 1.000000000000000222e+00 -3.043266949106086527e-01 9.808081982112150099e-01 -2.360029468055754864e-01 9.201611664063455986e-01 6.903413634367217000e-01 5.666251775341472063e-01 6.910155827531971884e-01 8.929992914294074824e-01 8.065766119876206508e-01 2.491151528641534496e-01 -5.048313772975555613e-01 -1.424578210364884912e-01 -5.927564946085089881e-01 2.416656883221935184e-02 1.153186015892095073e-01 -7.070108470589074878e-01 -4.562398688617889664e-01 -6.112340789561115928e-01 -1.510950854080050365e-01 -5.205899611740603256e-02 1.465061812875331215e-01 -4.624299961692635019e-01 2.923139524322002081e-01 -5.031137586768900105e-01 2.276349531685603056e-01 8.624712019052966916e-01 4.636773841944866748e-01 -2.130671268374337013e-01 -3.857919732750363373e-01 1.080354586067737571e-01 -2.895909711772660655e-01 3.775901209218215371e-01 7.846182396133041248e-01 9.699505610095511265e-01 -5.947319253427865160e-01 9.663134610417994930e-01 -4.439708756260783012e-02 9.638313668513264210e-01 8.210663109015995387e-01 8.273960876227962613e-01 4.428030141805123221e-01 8.972991810685714276e-01 7.104894407046684623e-01 -2.018328315183088792e-02 -4.455885225968767571e-01 4.143283379323434157e-01 -3.781856712245376673e-01 -4.666507599282742474e-02 -4.233433599524210611e-01 -5.378501135517731457e-01 -1.525675528496052702e-01 -5.297016061053994029e-01 1.014341107100159151e-01 1.009226680950124772e-01 2.612821169756976425e-01 -6.614843217041020962e-01 3.694599495239527243e-01 -6.477402379336298921e-01 -2.035916594196955365e-01 8.709753346483189995e-01 2.288497417312306825e-01 1.121596220976528724e-01
7.173805273131557136e-01 6.015976080312653851e-01 1.716708036180585872e-01 5.657716149890353874e-01 -1.246636808095920312e-01 -3.043266949106086527e-01 9.999999999999998890e-01 -3.194251162705317171e-01 7.649389726923910837e-01 -1.901686609366986247e-01 1.176214723719761213e-01 2.034927148191433277e-01 1.011217984460868191e-01 -2.152596101479265639e-03 -1.638483214869028148e-01 -4.589487207788438272e-02 8.037293181380368301e-01 5.611181596950433059e-01 7.784140630053617560e-01 5.258623880921725613e-01 2.039272025115571596e-01 6.765198837325625547e-01 5.442083322805365553e-01 6.450008428744956612e-01 4.802175271574087301e-01 7.072066907577330142e-01 2.767601466710389868e-01 6.089744185201183546e-01 5.156770006061764944e-01 8.130301778643945765e-01 5.798838030564650026e-02 -9.069793448155097360e-02 3.082790646211372998e-01 7.128994843236495793e-01 6.157287801320916465e-01 3.447714478511014202e-01 4.024609333755810314e-01 3.144706971037848908e-01 -1.622556790480628452e-01 -3.116871433990295870e-01 8.483896986946468655e-01 -3.801992183205506470e-01 6.529877928334882897e-01 -2.161076942773651755e-01 -4.551869136232732788e-02 -7.379343515546918364e-02 2.662656576542983822e-01 -1.075992993201051878e-01 -1.777924850259641476e-01 -7.876685740222745535e-02 6.860246457333307735e-01 3.056996366896520545e-01 7.376899637360659900e-01 5.664780961898208123e-01 4.803348549925169353e-01 7.184510074593830620e-01 3.600262853522376294e-01 6.933007637772049536e-01 5.297300922657023348e-01 5.544210059718652772e-01 9.895856033632223492e-02 4.238450342593759745e-01 4.242049669838180437e-01 7.051205667820014122e-01 1.261009201633397359e-01 -2.762438894890859031e-01 3.406264202745420966e-01 5.575885680073745521e-01
-3.346237768934493539e-01 -4.310889271551142099e-01 2.055210858145470332e-01 -1.564032868258960207e-01 8.522893490744861689e-01 9.808081982112150099e-01 -3.194251162705317171e-01 1.000000000000000222e+00 -2.823560607174139259e-01 9.264656421873455061e-01 6.378823463991855069e-01 4.954857715953583375e-01 6.495027466197098587e-01 8.749711610479260493e-01 7.895077064237299158e-01 2.707238457513708174e-01 -5.093607511944358013e-01 -1.934071269703689921e-01 -5.822099667734925710e-01 -1.393009055060764716e-03 1.105937198137761507e-01 -7.421118621376199265e-01 -4.532491972194248042e-01 -5.852401610845324731e-01 -1.916310716134083658e-01 -5.320119180050951468e-02 1.761990925448830847e-01 -4.460683333890154700e-01 2.282575913190569850e-01 -5.259596967897053332e-01 1.960307258987329937e-01 8.380393912355200703e-01 4.185517609481594903e-01 -2.519358980910523793e-01 -4.000983614530445043e-01 7.842024022935283056e-02 -2.482627384184903363e-01 3.324253424623397346e-01 7.779579929672403305e-01 9.653332541473235162e-01 -5.919299763726800778e-01 9.801576533176810102e-01 -9.301859698168259138e-02 9.571548930725944926e-01 7.930035919370487241e-01 7.951960909875875894e-01 3.856453368674335747e-01 8.690534580526653174e-01 6.980416272031053637e-01 2.476268415213548138e-02 -4.827575906732888833e-01 3.686082694122032044e-01 -4.142605295675191313e-01 -6.020660009884374470e-02 -4.372105169879268449e-01 -5.837046459223821371e-01 -1.457911318108817134e-01 -5.152215490199579806e-01 5.724405421483493017e-02 7.668853066417545550e-02 3.042248643394446228e-01 -6.395120254942671112e-01 3.095703612022587259e-01 -6.685513424245633773e-01 -1.950980651390035736e-01 8.902114433379533232e-01 1.854112507685156119e-01 5.041152190231488334e-02
6.073333525298043600e-01 4.459424243553197775e-01 -1.705773010298247960e-01 5.926651430655284214e-01 -1.166841899992500792e-01 -2.360029468055754864e-01 7.649389726923910837e-01 -2.823560607174139259e-01 1.000000000000000222e+00 -2.021305318239514648e-01 3.097515734685301059e-01 1.596781503314357586e-01 1.310792400754450804e-01 8.179539826750610587e-02 -1.969948505484658829e-01 -3.675708814938659086e-01 5.980558747109990803e-01 6.226454659486538867e-01 4.780494806209457659e-01 4.898521041063950143e-01 -3.091078383472974436e-02 6.057094458413009308e-01 2.208675204227376343e-01 3.069472552978869673e-01 3.758042099585472973e-01 4.765837224796878324e-01 -2.092983748603165911e-02 2.141844476962507793e-01 5.678914096950861135e-01 5.313916972464168831e-01 1.463013064188734003e-01 -2.995402688667753860e-02 4.552420093990797167e-01 6.232126054836560902e-01 4.329465500746781936e-01 2.295116038870554931e-01 1.380651720703228724e-01 3.758388029174534739e-01 -8.248144164076313956e-02 -2.818910840454436628e-01 6.413103120343314201e-01 -3.243067644840865738e-01 8.816324498528120834e-01 -1.520952230031667463e-01 1.638577891014259547e-01 1.158420511222689898e-03 5.309641694532367673e-01 7.415381535566391291e-02 -1.640948176867216557e-01 -4.577794201391474638e-01 6.054343934109096548e-01 4.986730077797133509e-01 6.676771427245852264e-01 4.658246234522656626e-01 2.594542127457782899e-01 7.006889303159847815e-01 5.106498992890615846e-02 3.728298554261976205e-01 5.134773375102645865e-01 5.570486746081553253e-01 -1.957391170807508407e-01 6.410424022873392746e-02 6.398991134465168429e-01 5.077112414845172950e-01 6.214821364392861258e-02 -2.630203956966166712e-01 6.153154241052071205e-01 6.172892428190677183e-01
-1.878326773590700827e-01 -2.625775195253377547e-01 2.293484075247780030e-01 -2.051564935921890848e-02 7.981773685373683147e-01 9.201611664063455986e-01 -1.901686609366986247e-01 9.264656421873455061e-01 -2.021305318239514648e-01 1.000000000000000000e+00 6.634737365926227648e-01 6.179132158843653189e-01 6.706834759979189986e-01 8.911735645846881049e-01 7.998221916311178958e-01 3.384241753518095752e-01 -3.846835820601132716e-01 -7.783312601629978345e-02 -4.588390394630363356e-01 1.870981767145722119e-01 2.023565556465802551e-01 -6.146218137879013721e-01 -3.111456455520332787e-01 -4.602513223759960859e-01 -5.680071100950991742e-02 6.292430390855656419e-02 2.750450881700964856e-01 -2.952964465324114385e-01 3.749329270074401310e-01 -3.793743884473544381e-01 2.054166497423808302e-01 8.012825621669456000e-01 4.963916578334728880e-01 -8.154522954074718000e-02 -2.313367177129187768e-01 2.237693420415355350e-01 -1.757414178230416180e-01 4.775547579001204745e-01 7.577342477719807290e-01 9.270216986894027622e-01 -4.298954284691778871e-01 9.160577854734808234e-01 -1.030586408531194292e-02 9.512798366358118374e-01 7.717895887602007621e-01 8.008610565920100122e-01 4.109470587808554121e-01 8.493379993626577473e-01 6.941981524268736603e-01 9.489929642237937557e-02 -3.601836017204315676e-01 4.046265999098401789e-01 -2.883226173529260805e-01 1.485248780355071241e-01 -3.073322740133638264e-01 -4.583702881234524296e-01 3.433673893992689272e-03 -3.552101273813076943e-01 2.102048338446212694e-01 1.919395478982039160e-01 3.965617814425012044e-01 -4.967189050435493192e-01 4.130349324300013336e-01 -4.982463425698855364e-01 -1.764172691789038794e-01 8.323503377914815982e-01 2.849288691740553547e-01 1.851371267014816357e-01
8.250856891060441567e-02 -5.507340000744157665e-03 2.816630887540081535e-02 3.738501228083734862e-01 6.559690598552639917e-01 6.903413634367217000e-01 1.176214723719761213e-01 6.378823463991855069e-01 3.097515734685301059e-01 6.634737365926227648e-01 9.999999999999998890e-01 6.706659524355064184e-01 8.277641999528668748e-01 8.235279788654485955e-01 5.526784269168920627e-01 8.037725139921961248e-02 -1.758964544282096490e-02 4.028848192957384944e-01 -2.355811878477671317e-01 3.653800599490328871e-01 2.107262435364467279e-01 -1.926396540950205682e-01 -1.376053124449977960e-01 -4.534356281782855880e-01 5.126324095557632105e-02 2.509342050794463042e-01 9.779553055992340482e-02 -2.285906943667653235e-01 6.984246813141945509e-01 -4.262774069144155409e-02 3.242193358079668575e-01 7.485212237595173512e-01 8.204780871386546659e-01 2.715236664720939164e-01 -7.274068155733683094e-02 3.449416922055363321e-01 -8.012260385684828734e-02 6.700201647537343819e-01 5.981566379879973416e-01 6.444117212895148494e-01 -1.669000820878906444e-01 6.107522761926104105e-01 5.009028210656953917e-01 7.569676104211724432e-01 9.202038290275337262e-01 7.357684625895251074e-01 8.351897567285794244e-01 8.670917295710196537e-01 4.949643074001472409e-01 -2.603221077054059807e-01 2.332893817935797684e-02 8.230352430944057884e-01 1.469330180729955804e-01 2.779548541358107805e-01 -6.730476020088074773e-02 3.301567713529859199e-02 1.425896176227560083e-02 -3.073960356866110577e-01 3.443966540581281932e-01 4.933936700993621360e-01 9.464851664576767742e-02 -4.907134129748247364e-01 8.136697305001272529e-01 -2.167820055857475892e-01 -1.353812897124142267e-01 5.678208106701931879e-01 6.456001248163495410e-01 6.018982282864820954e-01
1.463498048123932083e-01 6.993393396692815234e-02 8.589327591330449263e-02 4.704052834983732945e-01 5.225674592682182373e-01 5.666251775341472063e-01 2.034927148191433277e-01 4.954857715953583375e-01 1.596781503314357586e-01 6.179132158843653189e-01 6.706659524355064184e-01 1.000000000000000222e+00 6.912081281580734204e-01 6.641807122153673415e-01 5.750162533452943814e-01 3.491916133943560596e-01 -7.671643548988148903e-03 3.413634203728137528e-01 -9.117269357211707503e-02 5.123693158583829677e-01 4.235414221680242064e-01 -1.303587013015835294e-01 7.797764922593716785e-02 -2.356252569934167429e-01 2.077833056740478468e-01 2.168558837488317459e-01 2.146949781498536380e-01 5.982131561461562913e-03 6.226856153468346422e-01 6.167943268615547897e-02 1.433201515578915730e-01 5.876225087125256374e-01 6.121884238441953618e-01 2.844671158169352898e-01 3.465156112878200328e-02 2.993755713010184394e-01 -9.547200513472754724e-02 7.098115690440390813e-01 4.448830984442280756e-01 5.697391421613134943e-01 -6.019781764954439118e-02 4.569195722763795819e-01 2.770607970015875332e-01 6.129075651444352291e-01 5.928707046496369815e-01 7.461242887555604719e-01 5.294667690050172126e-01 6.021097698286260735e-01 4.691142325949161362e-01 4.213814587665065670e-02 2.215643339151722110e-03 5.120589396657165837e-01 1.136126996523414978e-01 4.435463716979470283e-01 1.408358512155481190e-01 1.318796726130170953e-02 2.618291541172522718e-01 -9.032971817305067430e-02 3.468729168899579163e-01 2.882944892697588690e-01 1.781094954797905472e-01 -1.885257370202450267e-01 5.641172566635582752e-01 -9.506193775623136832e-02 -1.344401165779382512e-02 4.105912751840362640e-01 3.646090477578040057e-01 5.248549399223094714e-01
-6.118917123601758795e-03 -1.123813349728177736e-02 1.995741733891765735e-01 3.344329164962612233e-01 6.546215106548960438e-01 6.910155827531971884e-01 1.011217984460868191e-01 6.495027466197098587e-01 1.310792400754450804e-01 6.706834759979189986e-01 8.277641999528668748e-01 6.912081281580734204e-01 9.999999999999998890e-01 7.664234335210182714e-01 5.803845789767113628e-01 3.693990780934671148e-01 -6.654482529147950909e-02 2.962491352530938760e-01 -1.680090915055774958e-01 2.926956473178535245e-01 4.534038654901078602e-01 -2.607374966725812260e-01 1.063796738759387357e-02 -3.363465169238518682e-01 1.730049356536332017e-01 2.136781279886154072e-01 2.607881345580481125e-01 -5.282029429488087346e-02 5.752215816582668673e-01 -3.593792908286703308e-02 3.079467779537894412e-01 7.505349083673721333e-01 6.586408434467431183e-01 2.327235451951507883e-01 -1.240587032191640959e-01 3.379962594175211499e-01 -7.923972494182722481e-02 5.725614539113426105e-01 5.134320662023974524e-01 6.531148483319292319e-01 -2.088398736033826864e-01 6.211745454089108165e-01 2.421263570335764337e-01 7.327599463464273821e-01 7.553218149734149955e-01 7.149897579169177675e-01 6.285625731876396394e-01 7.465322193277107443e-01 4.693679196925817365e-01 7.208511761080169111e-02 -9.472357891648475192e-02 5.724688667449853163e-01 2.021505846500840434e-02 2.186348057722816429e-01 9.772840192069474907e-02 -1.033955825121325306e-01 2.320995374366536801e-01 -2.063586180345388932e-01 2.999863602959225162e-01 2.522942547748034392e-01 2.113017090985352120e-01 -2.888047803280262560e-01 5.987879866141614382e-01 -2.319392928446263880e-01 -1.077041705605630700e-01 6.224963887412052754e-01 4.038766097818507483e-01 4.530342341744247325e-01
-5.620992249869213864e-02 -1.918921641420280599e-01 1.516825156292204990e-01 1.121184930744691249e-01 8.083246173934307555e-01 8.929992914294074824e-01 -2.152596101479265639e-03 8.749711610479260493e-01 8.179539826750610587e-02 8.911735645846881049e-01 8.235279788654485955e-01 6.641807122153673415e-01 7.664234335210182714e-01 1.000000000000000000e+00 7.792783582376097140e-01 1.566581437127347598e-01 -2.554915422857578222e-01 1.055882818277236734e-01 -3.777381025706312290e-01 3.083297192516588625e-01 1.328303274867895789e-01 -4.696782308085727942e-01 -3.291969436251449554e-01 -4.553429158851581282e-01 8.705172344840462345e-03 1.535631961683347479e-01 2.175966742110463925e-01 -3.279197920142449263e-01 5.707934595201463734e-01 -2.641520074614260305e-01 2.484345171234840777e-01 8.532808765779772431e-01 6.466992607285142469e-01 3.824128563383945995e-02 -1.885362753617243203e-01 2.371616378643001954e-01 -1.606848942643752109e-01 5.329595332398590068e-01 7.786039870406429309e-01 8.689885887008330645e-01 -3.238955543855077113e-01 8.437161333695258891e-01 2.650223582086651541e-01 9.197799928795613589e-01 9.035760642438255275e-01 8.283453289180271462e-01 6.525645221008861130e-01 9.360349641926175579e-01 7.257816455020964508e-01 -1.402141553748444680e-01 -2.263495096232881476e-01 6.232871214512749614e-01 -1.205503095723512857e-01 2.235727880330952710e-01 -3.037841547732584857e-01 -2.698059414639883968e-01 -8.365903998532793484e-02 -3.369793091695118536e-01 3.085946944251720669e-01 3.389329857059827922e-01 2.649657526452931511e-01 -5.866159587466671654e-01 6.435282719054070677e-01 -4.220109160326698805e-01 -1.970908233793480790e-01 7.785486176818676718e-01 4.753192304474906926e-01 3.445659704362687425e-01
-1.087629265003911827e-01 -2.832975455465981396e-01 1.830194006601331413e-01 -3.648785148654939969e-02 6.473226774215492529e-01 8.065766119876206508e-01 -1.638483214869028148e-01 7.895077064237299158e-01 -1.969948505484658829e-01 7.998221916311178958e-01 5.526784269168920627e-01 5.750162533452943814e-01 5.803845789767113628e-01 7.792783582376097140e-01 1.000000000000000222e+00 2.703185191645791630e-01 -3.745687856648709513e-01 -1.240262424355102061e-01 -4.074592410631149297e-01 1.944227309156188466e-01 1.667787156886093858e-01 -5.648679994958329953e-01 -3.107546210133370068e-01 -4.069997533425253611e-01 -6.800137762268886055e-02 2.314104037756468078e-03 1.800189031171830767e-01 -2.785187235745750223e-01 3.259813084915021975e-01 -3.645777469585870234e-01 1.509309794322662712e-01 7.130159911825073582e-01 3.567199752091430587e-01 -1.100505811873585954e-01 -2.531725780298649808e-01 1.591788335268136123e-01 -1.987018327717171851e-01 3.741407834615526062e-01 6.386924659508764757e-01 8.021718053209874189e-01 -4.040379855764201222e-01 7.917863689693011020e-01 -1.150072033162601384e-02 7.987248790353418393e-01 6.394056677586521520e-01 6.979294997499869702e-01 3.472355152707546355e-01 7.222167156078144190e-01 7.768467611197007461e-01 3.966073338636681711e-02 -3.529585525827741432e-01 3.208069094541351474e-01 -3.251292685891359335e-01 1.203070098320225267e-01 -2.932151451496048944e-01 -4.328435040750536200e-01 -7.808776313575477301e-02 -3.138472277774490005e-01 1.424544932361687666e-01 7.520988574959938666e-02 2.634980981430011249e-01 -4.563467022020313291e-01 3.378587853062385848e-01 -5.020156468023565521e-01 -8.105104077251780448e-02 7.196631687876968719e-01 1.974380744941509336e-01 8.675004430201811723e-02
-7.401589989541619563e-02 1.208725904575490007e-01 6.583264226516110096e-01 6.521417472407040061e-02 2.729592910335755240e-01 2.491151528641534496e-01 -4.589487207788438272e-02 2.707238457513708174e-01 -3.675708814938659086e-01 3.384241753518095752e-01 8.037725139921961248e-02 3.491916133943560596e-01 3.693990780934671148e-01 1.566581437127347598e-01 2.703185191645791630e-01 1.000000000000000222e+00 -4.146456588586412695e-02 -3.115536562003278984e-02 8.539485262484496075e-02 7.265662289850892408e-02 7.668406813778770870e-01 -1.437766525388833039e-01 5.194787956806623530e-01 1.653245398271043221e-01 4.691744233642313605e-02 2.363450337746547392e-01 7.012693077628010530e-01 4.657760916657924799e-01 -1.354054270404645918e-02 6.149056593610579408e-02 1.039929766272619377e-01 2.547076481810721660e-01 1.718178204175421081e-02 8.621287648798009462e-02 -4.900543958017496149e-02 2.953045683361511520e-01 2.985390891950818748e-01 1.777669133089509190e-01 7.163815941877298143e-02 2.672510074908527877e-01 -1.110642718189290418e-01 2.510321407000964955e-01 -3.763065897898466572e-01 2.516660203443883970e-01 2.556284304246715308e-02 2.026214971821784783e-01 -1.411230169728859285e-01 4.182913952645979372e-02 1.014385650447799936e-01 8.569678994712461861e-01 -1.907697225963470578e-01 -1.801490436367941816e-01 -1.604542928593777062e-01 1.119382367830830394e-01 4.991127105934070052e-01 -2.411891276870378187e-01 7.274617258677231746e-01 2.090049058710120311e-01 -2.529019443186388341e-02 -1.250674152985891130e-01 6.474978335270817897e-01 3.946686294893089753e-01 -1.468263371068482537e-01 -6.860010953507794662e-02 4.149509994586832173e-02 3.158991326343636441e-01 -2.551744523738695425e-01 3.358727054124170663e-02
6.290995956497238417e-01 7.096360611607130942e-01 7.606709468878476710e-02 5.058122122436402579e-01 -2.963970453961984330e-01 -5.048313772975555613e-01 8.037293181380368301e-01 -5.093607511944358013e-01 5.980558747109990803e-01 -3.846835820601132716e-01 -1.758964544282096490e-02 -7.671643548988148903e-03 -6.654482529147950909e-02 -2.554915422857578222e-01 -3.745687856648709513e-01 -4.146456588586412695e-02 1.000000000000000000e+00 4.863422230167359084e-01 8.601284824961202835e-01 4.343640888757893115e-01 2.745217215820118795e-01 7.737202850099559326e-01 7.054123152463928070e-01 6.142024647796513470e-01 3.900077647560359906e-01 6.999711119707830997e-01 1.761976184622118524e-01 6.863921992934697291e-01 3.740484497268988795e-01 9.073458003992926901e-01 3.597097090543129733e-02 -2.671219767820028346e-01 1.692266333631541331e-01 7.192829817738013443e-01 6.013344951924572968e-01 4.329379923399187535e-01 4.984373046226978632e-01 2.027069487668520242e-01 -3.195655884700561167e-01 -4.958088370938428802e-01 8.587029391805773848e-01 -5.526207173801366279e-01 5.027826934349163279e-01 -4.131906183404048805e-01 -2.009439229375715452e-01 -2.557652858096966519e-01 8.454680967856020857e-02 -3.079353106285128150e-01 -3.554889692500815546e-01 -2.716579083752055160e-02 8.014204844195919053e-01 1.926173724273790577e-01 7.712645597910330331e-01 5.027544592914787724e-01 6.114877803225704511e-01 8.009562968840193697e-01 4.828559107173190368e-01 6.634629972935115472e-01 3.439985976755180475e-01 5.536338463733161408e-01 2.149368036210088859e-02 5.990433757155070316e-01 2.899620935505456409e-01 8.349937895260667320e-01 1.395011871849342611e-01 -4.318555511478329723e-01 2.220693770378121823e-01 4.958800472146684402e-01
5.722127504380074559e-01 3.923937567813763350e-01 -5.147173784966876942e-02 6.511891630392159236e-01 -3.254840672309619598e-02 -1.424578210364884912e-01 5.611181596950433059e-01 -1.934071269703689921e-01 6.226454659486538867e-01 -7.783312601629978345e-02 4.028848192957384944e-01 3.413634203728137528e-01 2.962491352530938760e-01 1.055882818277236734e-01 -1.240262424355102061e-01 -3.115536562003278984e-02 4.863422230167359084e-01 1.000000000000000222e+00 4.482081009849441244e-01 5.560751287665596232e-01 1.921137913568860822e-01 4.485829098004366911e-01 3.363105433765593011e-01 1.374851894094842319e-01 2.997180046991618219e-01 4.077493476430862906e-01 1.051399552021918538e-01 2.905100028620379304e-01 6.145403114106134934e-01 5.002077629281261872e-01 1.488255192699787233e-01 1.064767353259876877e-02 5.603073712712043353e-01 6.251299068383022739e-01 4.605470138687550175e-01 1.947626599755635790e-01 1.993573499052467002e-01 4.660127676271497710e-01 -1.186052700551839534e-01 -1.965000051938608494e-01 4.643765379492448275e-01 -2.420622605612649247e-01 6.325872598656232526e-01 -4.668074616852525144e-02 2.100971906847654835e-01 5.851618926130949805e-02 5.059518595819862963e-01 9.828298522901904311e-02 -2.125196465053180439e-01 -1.920779353476390894e-01 4.323786666939883339e-01 5.745957209629325435e-01 6.105728492189380630e-01 5.333940233489981031e-01 3.836921298561731253e-01 5.146077754079156907e-01 2.228877877598458845e-01 2.216887111607700189e-01 4.026318672531021270e-01 4.149457607961615779e-01 -9.293094699498355427e-02 1.456400202317648107e-01 5.798547152219502010e-01 3.962950772172867953e-01 1.287683395789181520e-02 -2.092645219908713661e-01 5.287110287486835869e-01 6.842203674540205949e-01
6.257276041305963599e-01 6.522809236917278541e-01 1.805249877022434835e-01 4.409300963128257589e-01 -4.004879342691299859e-01 -5.927564946085089881e-01 7.784140630053617560e-01 -5.822099667734925710e-01 4.780494806209457659e-01 -4.588390394630363356e-01 -2.355811878477671317e-01 -9.117269357211707503e-02 -1.680090915055774958e-01 -3.777381025706312290e-01 -4.074592410631149297e-01 8.539485262484496075e-02 8.601284824961202835e-01 4.482081009849441244e-01 1.000000000000000000e+00 3.695458278262114260e-01 3.006956084313593403e-01 7.433496497141104387e-01 7.405552500423594475e-01 7.475796120692519420e-01 4.698703646460854477e-01 6.191796651041777677e-01 2.954422426156786408e-01 7.557861483755206056e-01 2.159082569549543307e-01 8.704868759441187764e-01 -3.369801883326985215e-02 -3.732651903949590899e-01 -1.572731607839615575e-02 6.780166258419875192e-01 6.219876137154597417e-01 2.981815605768246003e-01 5.002658580469453442e-01 5.041390776763630954e-02 -4.321106340323028761e-01 -5.789840002399421204e-01 8.587623266089405849e-01 -6.143236154796983817e-01 3.428416608664018317e-01 -5.273006777249719113e-01 -4.012009138562047106e-01 -3.838536344362356578e-01 -7.859404019005625242e-02 -4.782120608705211495e-01 -4.255692524922705111e-01 1.803136113144540309e-01 6.942381559290610182e-01 -3.059223283700197513e-02 7.043974296336501517e-01 4.325882258937931435e-01 6.527460624080635432e-01 6.755406258242746542e-01 5.325364924593947169e-01 7.661182604117646733e-01 3.273392451509460344e-01 3.398434735976684773e-01 1.037635521974822617e-01 7.121733002298685777e-01 8.222691267825132933e-02 8.289661960703830212e-01 1.843268699511992070e-01 -4.842631180313711758e-01 6.290363082798448857e-02 3.454870998140139315e-01
6.391192824895820523e-01 3.611020595983553960e-01 -4.261135298053499512e-03 5.088364292046272386e-01 8.877128937685677124e-02 2.416656883221935184e-02 5.258623880921725613e-01 -1.393009055060764716e-03 4.898521041063950143e-01 1.870981767145722119e-01 3.653800599490328871e-01 5.123693158583829677e-01 2.926956473178535245e-01 3.083297192516588625e-01 1.944227309156188466e-01 7.265662289850892408e-02 4.343640888757893115e-01 5.560751287665596232e-01 3.695458278262114260e-01 1.000000000000000000e+00 2.266046484393565708e-01 3.203385053476306976e-01 2.747511358735013620e-01 1.880489543900100979e-01 3.662244775587779055e-01 3.948632513633368868e-01 2.148344680751045344e-01 3.040962167839256214e-01 6.948391946254748319e-01 4.407070151866860908e-01 1.680929288234737917e-01 1.007007503596604736e-01 5.807584895498741906e-01 5.708160860192106334e-01 5.279172626536009494e-01 2.870841190526631781e-01 1.961908281312381430e-01 5.125569353376556725e-01 5.763638126272608436e-02 1.430583725246605681e-02 4.681386725860406384e-01 -4.314270991007967265e-02 5.540438457017942131e-01 1.133542836882138471e-01 2.486407323531476810e-01 2.105676752016833464e-01 3.715523016739842865e-01 1.808027667405402439e-01 9.044606537294859472e-02 -7.808873048610472101e-02 3.877896575942386126e-01 4.848104867020688324e-01 4.896161795488165880e-01 8.608589974854145010e-01 2.471959294757177517e-01 3.962491831429345579e-01 2.571090406560170294e-01 3.353424920084356886e-01 4.530485133121429642e-01 4.570658059437509024e-01 7.518156094970920855e-02 1.295774524537510741e-01 6.008635399742647820e-01 3.638380975425726804e-01 -1.631715086336265053e-01 -4.190257249835725034e-02 4.661046496693377894e-01 6.195881009178894061e-01
7.884247653455031535e-02 2.808132833642366100e-01 3.473680095423183345e-01 4.258836320791596353e-01 1.740228129724060713e-01 1.153186015892095073e-01 2.039272025115571596e-01 1.105937198137761507e-01 -3.091078383472974436e-02 2.023565556465802551e-01 2.107262435364467279e-01 4.235414221680242064e-01 4.534038654901078602e-01 1.328303274867895789e-01 1.667787156886093858e-01 7.668406813778770870e-01 2.745217215820118795e-01 1.921137913568860822e-01 3.006956084313593403e-01 2.266046484393565708e-01 1.000000000000000222e+00 7.587590065796730177e-02 6.742478616643929890e-01 1.702528936030239803e-01 1.406453295167107986e-01 3.584003831864923106e-01 4.451574681705458558e-01 5.382586330904615135e-01 1.625106028061464036e-01 3.196988003328374295e-01 1.447944975517000687e-01 2.149240768404884760e-01 1.929910479679570467e-01 3.076929589158139966e-01 3.594904094228830449e-02 3.694940345330928189e-01 1.687170471680767558e-01 4.561204478984226540e-01 -3.093668707698660897e-02 1.266558220797192602e-01 1.308414218281500896e-01 8.981875984851199479e-02 -6.895358529713688234e-02 1.747279909488597405e-01 7.509223037002181467e-02 2.011536542243215486e-01 1.171057599719512732e-01 5.958168563789228295e-02 5.458778503523884634e-02 6.033740654118987523e-01 1.152425406892352011e-01 3.528227599538996239e-03 1.048573152851669105e-01 2.247667426098169108e-01 7.368638625844120549e-01 5.207903907975873492e-02 8.083180729401683307e-01 2.314823162282396152e-01 4.588318536019975885e-02 1.351613222152663399e-02 3.169812887112676836e-01 4.653567576301357867e-01 8.533566135289565036e-02 1.584959878149159174e-01 1.845260348669477135e-01 1.749205007014058011e-01 -2.315116157835095390e-02 2.513856796591628640e-01
6.084166914561893735e-01 7.476773333543181854e-01 -9.724946520747932560e-03 4.136955153570290866e-01 -5.137034524983169481e-01 -7.070108470589074878e-01 6.765198837325625547e-01 -7.421118621376199265e-01 6.057094458413009308e-01 -6.146218137879013721e-01 -1.926396540950205682e-01 -1.303587013015835294e-01 -2.607374966725812260e-01 -4.696782308085727942e-01 -5.648679994958329953e-01 -1.437766525388833039e-01 7.737202850099559326e-01 4.485829098004366911e-01 7.433496497141104387e-01 3.203385053476306976e-01 7.587590065796730177e-02 1.000000000000000222e+00 6.494223081874882508e-01 6.740832661652446101e-01 4.387284219655580020e-01 5.601752133731784378e-01 1.226002976633158714e-01 6.251217885701917387e-01 2.778975506226198933e-01 8.237584917632038151e-01 3.624758987184231729e-02 -4.483012327610126913e-01 4.099688358378666964e-02 6.679911944663067258e-01 6.287190069780769219e-01 3.746033791229138599e-01 5.188220556480149792e-01 -9.124911224044525426e-03 -4.637036183660513955e-01 -7.020698606936074393e-01 7.995607732280082258e-01 -7.595620879831608274e-01 4.693447382820417624e-01 -6.405487804235007188e-01 -3.792274317888207902e-01 -4.263153256128296986e-01 -2.237260702313879218e-02 -4.888802054183631896e-01 -5.054635362318506964e-01 -6.332014953753450914e-02 7.451138267537693594e-01 8.128013415147695986e-02 7.391665837190276589e-01 3.581405623717081599e-01 5.962526281808305795e-01 8.980145332498554733e-01 3.889548228620701154e-01 7.039668826974164739e-01 3.627519340273223647e-01 4.592465520609113061e-01 -1.726638271151138132e-02 6.327590783370904415e-01 1.903191017360704174e-01 8.644731825094548183e-01 7.142405155425865515e-02 -6.222028474558183309e-01 1.696265360290990509e-01 4.569130528261818869e-01
3.844762906229303168e-01 6.653033776524437393e-01 4.212530871636285257e-01 4.230966854120420950e-01 -2.769847045122552642e-01 -4.562398688617889664e-01 5.442083322805365553e-01 -4.532491972194248042e-01 2.208675204227376343e-01 -3.111456455520332787e-01 -1.376053124449977960e-01 7.797764922593716785e-02 1.063796738759387357e-02 -3.291969436251449554e-01 -3.107546210133370068e-01 5.194787956806623530e-01 7.054123152463928070e-01 3.363105433765593011e-01 7.405552500423594475e-01 2.747511358735013620e-01 6.742478616643929890e-01 6.494223081874882508e-01 1.000000000000000000e+00 6.487293338660846675e-01 2.806438833907097252e-01 6.278397209030984749e-01 4.973685127849808429e-01 8.903451684203798067e-01 1.494940980798462882e-01 7.651979475188002144e-01 5.761283083377465031e-02 -2.507778724372731194e-01 -2.690247763160572275e-03 5.841186083750179447e-01 4.381871956130073409e-01 4.458707288912696631e-01 6.192235978625865167e-01 1.670449264278595081e-01 -3.880459717936914910e-01 -4.322637844767183157e-01 6.290207421270369581e-01 -4.739181010324859389e-01 1.081414306740495351e-01 -3.830256765453289303e-01 -3.199618789801236263e-01 -2.451645584619047968e-01 -1.202958094443588311e-01 -4.119065858455525087e-01 -3.390128517428928068e-01 5.290200582148669728e-01 5.318458334086698658e-01 -9.644069367266375203e-02 5.153897485642617848e-01 3.480101761512416347e-01 8.977255027101117557e-01 5.526316423117382248e-01 8.679889085164153029e-01 6.972036486858164128e-01 1.534263020207285722e-01 2.709364374695708566e-01 3.545421859907784135e-01 8.416871994112683497e-01 1.121942985997208091e-02 6.855595104842662213e-01 1.966886081502448314e-01 -3.253501236529547924e-01 -6.315333206343483330e-02 3.426557308725577400e-01
