0.000000000000000000e+00 0.000000000000000000e+00 2.360000000000000119e-03 0.000000000000000000e+00 0.000000000000000000e+00 1.066666666666666664e-04 3.605333333333333307e-02 5.013333333333333183e-03 0.000000000000000000e+00 2.266666666666666558e-04 2.799999999999999755e-04 0.000000000000000000e+00 8.000000000000000654e-05 5.743999999999999800e-02 0.000000000000000000e+00 0.000000000000000000e+00 2.759999999999999867e-03 2.799999999999999755e-04 1.786666666666666655e-03 0.000000000000000000e+00 6.533333333333333484e-04 0.000000000000000000e+00 2.533333333333333184e-03 0.000000000000000000e+00 0.000000000000000000e+00 2.466666666666666487e-03 3.600000000000000227e-04 6.266666666666666479e-04 1.229999999999999982e-01 1.239999999999999956e-02 0.000000000000000000e+00 3.466666666666666724e-04 0.000000000000000000e+00 2.266666666666666558e-04 0.000000000000000000e+00 0.000000000000000000e+00 0.000000000000000000e+00 0.000000000000000000e+00 0.000000000000000000e+00 0.000000000000000000e+00 0.000000000000000000e+00 0.000000000000000000e+00 0.000000000000000000e+00 0.000000000000000000e+00 0.000000000000000000e+00 0.000000000000000000e+00 0.000000000000000000e+00 0.000000000000000000e+00 0.000000000000000000e+00 0.000000000000000000e+00 0.000000000000000000e+00 0.000000000000000000e+00 0.000000000000000000e+00 0.000000000000000000e+00 0.000000000000000000e+00 0.000000000000000000e+00 0.000000000000000000e+00 8.000000000000000654e-05 0.000000000000000000e+00 0.000000000000000000e+00 0.000000000000000000e+00 0.000000000000000000e+00 0.000000000000000000e+00 0.000000000000000000e+00 0.000000000000000000e+00 0.000000000000000000e+00 0.000000000000000000e+00 0.000000000000000000e+00
0.000000000000000000e+00 0.000000000000000000e+00 1.200000000000000030e-04 0.000000000000000000e+00 9.200000000000000278e-04 0.000000000000000000e+00 0.000000000000000000e+00 0.000000000000000000e+00 1.906666666666666753e-03 0.000000000000000000e+00 4.400000000000000157e-04 3.600000000000000227e-04 7.159999999999999698e-03 0.000000000000000000e+00 3.600000000000000227e-04 1.333333333333333397e-04 1.200000000000000030e-04 0.000000000000000000e+00 1.466666666666666629e-04 0.000000000000000000e+00 0.000000000000000000e+00 5.239999999999999866e-03 0.000000000000000000e+00 5.613333333333333022e-03 1.387999999999999998e-02 2.106666666666666844e-03 4.479999999999999954e-02 3.200000000000000262e-04 0.000000000000000000e+00 0.000000000000000000e+00 5.599999999999999509e-04 8.000000000000000654e-05 0.000000000000000000e+00 8.000000000000000654e-05 0.000000000000000000e+00 0.000000000000000000e+00 2.400000000000000061e-04 0.000000000000000000e+00 0.000000000000000000e+00 0.000000000000000000e+00 0.000000000000000000e+00 0.000000000000000000e+00 0.000000000000000000e+00 0.000000000000000000e+00 1.466666666666666629e-04 0.000000000000000000e+00 4.666666666666666619e-04 0.000000000000000000e+00 0.000000000000000000e+00 0.000000000000000000e+00 3.066666666666666759e-04 1.200000000000000030e-04 5.199999999999999544e-04 0.000000000000000000e+00 0.000000000000000000e+00 0.000000000000000000e+00 0.000000000000000000e+00 4.400000000000000157e-04 6.666666666666666986e-05 2.026666666666666634e-03 6.640000000000000069e-03 8.000000000000000654e-05 0.000000000000000000e+00 0.000000000000000000e+00 1.200000000000000030e-04 0.000000000000000000e+00 0.000000000000000000e+00 6.666666666666666986e-05
2.360000000000000119e-03 1.200000000000000030e-04 0.000000000000000000e+00 1.733333333333333362e-04 0.000000000000000000e+00 2.666666666666666794e-04 1.201333333333333420e-02 9.480000000000000579e-03 0.000000000000000000e+00 6.533333333333333484e-04 4.400000000000000157e-04 0.000000000000000000e+00 6.666666666666666986e-05 1.470666666666666650e-02 0.000000000000000000e+00 2.000000000000000096e-04 1.018266666666666626e-01 1.386666666666666690e-03 1.118666666666666594e-02 0.000000000000000000e+00 3.432000000000000328e-02 0.000000000000000000e+00 1.344133333333333291e-01 1.853333333333333352e-03 0.000000000000000000e+00 1.632133333333333214e-01 1.985066666666666646e-01 9.653333333333333210e-03 6.026666666666666283e-03 1.210666666666666662e-02 1.200000000000000030e-04 3.200000000000000262e-04 0.000000000000000000e+00 5.253333333333332945e-03 0.000000000000000000e+00 2.799999999999999755e-04 3.520000000000000125e-03 0.000000000000000000e+00 0.000000000000000000e+00 0.000000000000000000e+00 6.666666666666666986e-05 0.000000000000000000e+00 0.000000000000000000e+00 0.000000000000000000e+00 8.000000000000000654e-05 0.000000000000000000e+00 0.000000000000000000e+00 0.000000000000000000e+00 0.000000000000000000e+00 0.000000000000000000e+00 1.039999999999999909e-03 3.066666666666666759e-04 1.360000000000000098e-03 0.000000000000000000e+00 0.000000000000000000e+00 0.000000000000000000e+00 2.000000000000000096e-04 0.000000000000000000e+00 0.000000000000000000e+00 2.746666666666666787e-03 1.285333333333333293e-02 0.000000000000000000e+00 0.000000000000000000e+00 0.000000000000000000e+00 0.000000000000000000e+00 0.000000000000000000e+00 0.000000000000000000e+00 0.000000000000000000e+00
0.000000000000000000e+00 0.000000000000000000e+00 1.733333333333333362e-04 0.000000000000000000e+00 9.866666666666667248e-04 4.080000000000000293e-03 3.866666666666666689e-04 1.399999999999999986e-03 2.063999999999999863e-02 6.078666666666666940e-02 1.200000000000000030e-04 3.994666666666666505e-02 2.000000000000000096e-04 7.866666666666666339e-04 9.333333333333333239e-04 0.000000000000000000e+00 0.000000000000000000e+00 0.000000000000000000e+00 0.000000000000000000e+00 1.573866666666666747e-01 0.000000000000000000e+00 0.000000000000000000e+00 0.000000000000000000e+00 3.200000000000000067e-02 0.000000000000000000e+00 2.799999999999999755e-04 6.533333333333333484e-04 1.665999999999999981e-01 9.066666666666666234e-04 0.000000000000000000e+00 0.000000000000000000e+00 5.866666666666666514e-04 0.000000000000000000e+00 1.466666666666666629e-04 0.000000000000000000e+00 0.000000000000000000e+00 0.000000000000000000e+00 9.333333333333333239e-04 0.000000000000000000e+00 1.200000000000000030e-04 0.000000000000000000e+00 3.600000000000000227e-04 6.533333333333333484e-04 1.920000000000000049e-03 0.000000000000000000e+00 6.400000000000000524e-04 0.000000000000000000e+00 1.333333333333333397e-04 0.000000000000000000e+00 0.000000000000000000e+00 0.000000000000000000e+00 0.000000000000000000e+00 0.000000000000000000e+00 8.933333333333333274e-04 0.000000000000000000e+00 0.000000000000000000e+00 0.000000000000000000e+00 1.053333333333333422e-03 0.000000000000000000e+00 0.000000000000000000e+00 6.666666666666666986e-05 4.893333333333333736e-03 8.000000000000000654e-05 0.000000000000000000e+00 0.000000000000000000e+00 0.000000000000000000e+00 0.000000000000000000e+00 6.666666666666666986e-05
0.000000000000000000e+00 9.200000000000000278e-04 0.000000000000000000e+00 9.866666666666667248e-04 0.000000000000000000e+00 2.153333333333333488e-02 0.000000000000000000e+00 2.360000000000000119e-03 3.213333333333333233e-03 8.666666666666666269e-04 1.266666666666666592e-03 2.533333333333333184e-03 5.973333333333333099e-03 0.000000000000000000e+00 4.054666666666666835e-02 0.000000000000000000e+00 0.000000000000000000e+00 1.066666666666666664e-04 0.000000000000000000e+00 3.200000000000000262e-04 0.000000000000000000e+00 3.933333333333332953e-03 0.000000000000000000e+00 3.559999999999999797e-03 9.066666666666666234e-04 8.000000000000000383e-04 3.093333333333333351e-03 3.040000000000000167e-03 6.666666666666666986e-05 0.000000000000000000e+00 2.000000000000000096e-04 3.200000000000000153e-03 0.000000000000000000e+00 2.173333333333333540e-03 0.000000000000000000e+00 0.000000000000000000e+00 0.000000000000000000e+00 0.000000000000000000e+00 0.000000000000000000e+00 0.000000000000000000e+00 0.000000000000000000e+00 0.000000000000000000e+00 0.000000000000000000e+00 0.000000000000000000e+00 0.000000000000000000e+00 0.000000000000000000e+00 0.000000000000000000e+00 0.000000000000000000e+00 0.000000000000000000e+00 0.000000000000000000e+00 0.000000000000000000e+00 0.000000000000000000e+00 0.000000000000000000e+00 0.000000000000000000e+00 0.000000000000000000e+00 0.000000000000000000e+00 0.000000000000000000e+00 0.000000000000000000e+00 0.000000000000000000e+00 0.000000000000000000e+00 0.000000000000000000e+00 0.000000000000000000e+00 0.000000000000000000e+00 0.000000000000000000e+00 0.000000000000000000e+00 0.000000000000000000e+00 0.000000000000000000e+00 0.000000000000000000e+00
1.066666666666666664e-04 0.000000000000000000e+00 2.666666666666666794e-04 4.080000000000000293e-03 2.153333333333333488e-02 0.000000000000000000e+00 1.222666666666666693e-02 8.833333333333333315e-02 1.520000000000000084e-03 1.645866666666666589e-01 8.533333333333333309e-04 7.665333333333333721e-02 1.493333333333333275e-03 3.133333333333333456e-03 1.169333333333333336e-02 0.000000000000000000e+00 6.666666666666666986e-05 1.866666666666666593e-04 1.733333333333333362e-04 1.639999999999999965e-03 0.000000000000000000e+00 8.000000000000000654e-05 2.000000000000000096e-04 1.933333333333333345e-03 2.133333333333333327e-04 3.466666666666666724e-04 9.066666666666666234e-04 4.574666666666666465e-02 1.586666666666666564e-03 8.000000000000000654e-05 0.000000000000000000e+00 1.564000000000000112e-02 0.000000000000000000e+00 3.866666666666666689e-04 0.000000000000000000e+00 0.000000000000000000e+00 0.000000000000000000e+00 0.000000000000000000e+00 0.000000000000000000e+00 0.000000000000000000e+00 0.000000000000000000e+00 0.000000000000000000e+00 0.000000000000000000e+00 0.000000000000000000e+00 0.000000000000000000e+00 0.000000000000000000e+00 6.666666666666666986e-05 0.000000000000000000e+00 0.000000000000000000e+00 0.000000000000000000e+00 0.000000000000000000e+00 0.000000000000000000e+00 0.000000000000000000e+00 0.000000000000000000e+00 0.000000000000000000e+00 0.000000000000000000e+00 0.000000000000000000e+00 9.333333333333332967e-05 0.000000000000000000e+00 0.000000000000000000e+00 0.000000000000000000e+00 2.000000000000000096e-04 0.000000000000000000e+00 0.000000000000000000e+00 0.000000000000000000e+00 0.000000000000000000e+00 0.000000000000000000e+00 0.000000000000000000e+00
3.605333333333333307e-02 0.000000000000000000e+00 1.201333333333333420e-02 3.866666666666666689e-04 0.000000000000000000e+00 1.222666666666666693e-02 0.000000000000000000e+00 7.016000000000000014e-02 9.333333333333332967e-05 8.332000000000000517e-02 2.000000000000000096e-04 2.799999999999999755e-04 4.000000000000000192e-04 1.221600000000000047e-01 0.000000000000000000e+00 1.600000000000000131e-04 1.346666666666666585e-03 8.000000000000000654e-05 5.466666666666666549e-04 1.066666666666666664e-04 3.959999999999999978e-03 0.000000000000000000e+00 1.322666666666666609e-02 4.506666666666666633e-03 0.000000000000000000e+00 4.106666666666666451e-03 5.893333333333333757e-03 3.314533333333333220e-01 4.222666666666666929e-02 9.289333333333332776e-02 0.000000000000000000e+00 9.466666666666666199e-04 6.666666666666666986e-05 2.520000000000000104e-03 0.000000000000000000e+00 0.000000000000000000e+00 6.666666666666666986e-05 0.000000000000000000e+00 0.000000000000000000e+00 0.000000000000000000e+00 0.000000000000000000e+00 0.000000000000000000e+00 0.000000000000000000e+00 0.000000000000000000e+00 0.000000000000000000e+00 0.000000000000000000e+00 0.000000000000000000e+00 0.000000000000000000e+00 0.000000000000000000e+00 0.000000000000000000e+00 0.000000000000000000e+00 0.000000000000000000e+00 0.000000000000000000e+00 0.000000000000000000e+00 0.000000000000000000e+00 0.000000000000000000e+00 0.000000000000000000e+00 0.000000000000000000e+00 0.000000000000000000e+00 0.000000000000000000e+00 1.733333333333333362e-04 9.333333333333332967e-05 0.000000000000000000e+00 0.000000000000000000e+00 0.000000000000000000e+00 0.000000000000000000e+00 0.000000000000000000e+00 0.000000000000000000e+00
5.013333333333333183e-03 0.000000000000000000e+00 9.480000000000000579e-03 1.399999999999999986e-03 2.360000000000000119e-03 8.833333333333333315e-02 7.016000000000000014e-02 0.000000000000000000e+00 1.333333333333333289e-03 4.793333333333333474e-02 5.546666666666666759e-03 1.896000000000000116e-02 7.186666666666666724e-03 2.103599999999999914e-01 6.666666666666666444e-04 0.000000000000000000e+00 4.066666666666666347e-03 1.773333333333333359e-03 5.773333333333333442e-03 7.200000000000000453e-04 1.373333333333333394e-03 0.000000000000000000e+00 9.119999999999999635e-03 1.133333333333333415e-03 1.039999999999999909e-03 9.346666666666666318e-03 4.626666666666666948e-03 2.145333333333333467e-02 1.511999999999999976e-02 3.786666666666666480e-03 4.133333333333333152e-04 7.930666666666666420e-02 0.000000000000000000e+00 1.293333333333333401e-03 0.000000000000000000e+00 0.000000000000000000e+00 0.000000000000000000e+00 0.000000000000000000e+00 0.000000000000000000e+00 0.000000000000000000e+00 6.666666666666666986e-05 3.333333333333333222e-04 6.666666666666666986e-05 4.000000000000000192e-04 0.000000000000000000e+00 1.066666666666666664e-04 1.733333333333333362e-04 2.666666666666666794e-04 0.000000000000000000e+00 0.000000000000000000e+00 0.000000000000000000e+00 0.000000000000000000e+00 0.000000000000000000e+00 0.000000000000000000e+00 0.000000000000000000e+00 0.000000000000000000e+00 0.000000000000000000e+00 2.106666666666666844e-03 0.000000000000000000e+00 0.000000000000000000e+00 1.600000000000000131e-04 2.653333333333333498e-03 1.866666666666666593e-04 0.000000000000000000e+00 0.000000000000000000e+00 0.000000000000000000e+00 0.000000000000000000e+00 0.000000000000000000e+00
0.000000000000000000e+00 1.906666666666666753e-03 0.000000000000000000e+00 2.063999999999999863e-02 3.213333333333333233e-03 1.520000000000000084e-03 9.333333333333332967e-05 1.333333333333333289e-03 0.000000000000000000e+00 4.799999999999999580e-03 1.600000000000000131e-04 8.213333333333332903e-03 1.986666666666666529e-03 5.733333333333333554e-04 2.360000000000000119e-03 0.000000000000000000e+00 0.000000000000000000e+00 0.000000000000000000e+00 6.666666666666666986e-05 4.479999999999999608e-03 2.133333333333333327e-04 3.119999999999999857e-02 0.000000000000000000e+00 4.097333333333333383e-02 2.226666666666666725e-03 6.266666666666666479e-04 3.586666666666666822e-03 2.965333333333333363e-02 7.600000000000000418e-04 0.000000000000000000e+00 1.600000000000000131e-04 3.600000000000000227e-04 0.000000000000000000e+00 1.066666666666666664e-04 0.000000000000000000e+00 0.000000000000000000e+00 0.000000000000000000e+00 2.133333333333333327e-04 0.000000000000000000e+00 0.000000000000000000e+00 0.000000000000000000e+00 1.333333333333333397e-04 0.000000000000000000e+00 4.266666666666666654e-04 0.000000000000000000e+00 6.666666666666666986e-05 1.466666666666666629e-04 1.600000000000000131e-04 0.000000000000000000e+00 0.000000000000000000e+00 0.000000000000000000e+00 0.000000000000000000e+00 0.000000000000000000e+00 1.200000000000000030e-04 2.666666666666666794e-04 0.000000000000000000e+00 0.000000000000000000e+00 6.173333333333333624e-03 0.000000000000000000e+00 1.066666666666666664e-04 0.000000000000000000e+00 2.520000000000000104e-03 1.733333333333333362e-04 0.000000000000000000e+00 0.000000000000000000e+00 0.000000000000000000e+00 0.000000000000000000e+00 0.000000000000000000e+00
2.266666666666666558e-04 0.000000000000000000e+00 6.533333333333333484e-04 6.078666666666666940e-02 8.666666666666666269e-04 1.645866666666666589e-01 8.332000000000000517e-02 4.793333333333333474e-02 4.799999999999999580e-03 0.000000000000000000e+00 9.600000000000000243e-04 6.694666666666666821e-02 1.719999999999999958e-03 2.405333333333333282e-02 7.600000000000000418e-04 6.666666666666666986e-05 1.600000000000000131e-04 1.333333333333333397e-04 4.266666666666666654e-04 1.070666666666666711e-01 0.000000000000000000e+00 0.000000000000000000e+00 2.400000000000000061e-04 4.626666666666666948e-03 2.933333333333333257e-04 7.333333333333333414e-04 2.293333333333333422e-03 2.441599999999999882e-01 1.806666666666666837e-02 1.200000000000000030e-04 0.000000000000000000e+00 3.320000000000000034e-03 0.000000000000000000e+00 3.533333333333333205e-03 0.000000000000000000e+00 0.000000000000000000e+00 0.000000000000000000e+00 7.466666666666666374e-04 0.000000000000000000e+00 8.000000000000000654e-05 0.000000000000000000e+00 4.000000000000000192e-04 7.600000000000000418e-04 2.213333333333333212e-03 0.000000000000000000e+00 5.199999999999999544e-04 0.000000000000000000e+00 1.466666666666666629e-04 0.000000000000000000e+00 0.000000000000000000e+00 0.000000000000000000e+00 0.000000000000000000e+00 0.000000000000000000e+00 5.733333333333333554e-04 0.000000000000000000e+00 0.000000000000000000e+00 0.000000000000000000e+00 1.653333333333333261e-03 0.000000000000000000e+00 0.000000000000000000e+00 0.000000000000000000e+00 5.026666666666666262e-03 6.666666666666666986e-05 0.000000000000000000e+00 0.000000000000000000e+00 6.666666666666666986e-05 0.000000000000000000e+00 1.600000000000000131e-04
2.799999999999999755e-04 4.400000000000000157e-04 4.400000000000000157e-04 1.200000000000000030e-04 1.266666666666666592e-03 8.533333333333333309e-04 2.000000000000000096e-04 5.546666666666666759e-03 1.600000000000000131e-04 9.600000000000000243e-04 0.000000000000000000e+00 1.039999999999999909e-03 5.050666666666666499e-02 5.519999999999999733e-03 6.666666666666666986e-05 0.000000000000000000e+00 1.799999999999999951e-03 6.253333333333332966e-02 3.336000000000000076e-02 9.333333333333332967e-05 0.000000000000000000e+00 2.266666666666666558e-04 1.600000000000000131e-04 6.666666666666666444e-04 4.813333333333333526e-03 6.197333333333333166e-02 1.898666666666666558e-02 4.000000000000000192e-04 6.599999999999999964e-03 2.799999999999999755e-04 2.413333333333333303e-02 1.396000000000000019e-02 0.000000000000000000e+00 1.673333333333333270e-02 0.000000000000000000e+00 2.666666666666666794e-04 0.000000000000000000e+00 0.000000000000000000e+00 0.000000000000000000e+00 0.000000000000000000e+00 0.000000000000000000e+00 0.000000000000000000e+00 1.066666666666666664e-04 0.000000000000000000e+00 6.133333333333333519e-04 0.000000000000000000e+00 5.960000000000000020e-03 0.000000000000000000e+00 0.000000000000000000e+00 0.000000000000000000e+00 0.000000000000000000e+00 6.133333333333333519e-04 1.333333333333333397e-04 0.000000000000000000e+00 0.000000000000000000e+00 0.000000000000000000e+00 0.000000000000000000e+00 2.933333333333333257e-04 6.666666666666666986e-05 1.506666666666666571e-03 8.000000000000000383e-04 0.000000000000000000e+00 0.000000000000000000e+00 0.000000000000000000e+00 1.240000000000000000e-03 0.000000000000000000e+00 0.000000000000000000e+00 0.000000000000000000e+00
0.000000000000000000e+00 3.600000000000000227e-04 0.000000000000000000e+00 3.994666666666666505e-02 2.533333333333333184e-03 7.665333333333333721e-02 2.799999999999999755e-04 1.896000000000000116e-02 8.213333333333332903e-03 6.694666666666666821e-02 1.039999999999999909e-03 0.000000000000000000e+00 2.119999999999999923e-03 1.091999999999999915e-02 2.013333333333333121e-03 0.000000000000000000e+00 0.000000000000000000e+00 2.666666666666666794e-04 4.000000000000000192e-04 8.021333333333333093e-02 0.000000000000000000e+00 1.453333333333333387e-03 0.000000000000000000e+00 6.253333333333332966e-03 6.666666666666666444e-04 7.866666666666666339e-04 2.053333333333333226e-03 2.207999999999999893e-02 6.866666666666666752e-03 0.000000000000000000e+00 1.333333333333333397e-04 3.733333333333333295e-03 0.000000000000000000e+00 2.533333333333333292e-04 0.000000000000000000e+00 0.000000000000000000e+00 0.000000000000000000e+00 2.666666666666666794e-04 0.000000000000000000e+00 0.000000000000000000e+00 0.000000000000000000e+00 0.000000000000000000e+00 3.200000000000000262e-04 6.266666666666666479e-04 0.000000000000000000e+00 1.333333333333333397e-04 0.000000000000000000e+00 0.000000000000000000e+00 0.000000000000000000e+00 0.000000000000000000e+00 0.000000000000000000e+00 0.000000000000000000e+00 0.000000000000000000e+00 2.133333333333333327e-04 0.000000000000000000e+00 0.000000000000000000e+00 0.000000000000000000e+00 8.000000000000000654e-05 0.000000000000000000e+00 0.000000000000000000e+00 0.000000000000000000e+00 9.333333333333333239e-04 0.000000000000000000e+00 0.000000000000000000e+00 0.000000000000000000e+00 0.000000000000000000e+00 0.000000000000000000e+00 0.000000000000000000e+00
8.000000000000000654e-05 7.159999999999999698e-03 6.666666666666666986e-05 2.000000000000000096e-04 5.973333333333333099e-03 1.493333333333333275e-03 4.000000000000000192e-04 7.186666666666666724e-03 1.986666666666666529e-03 1.719999999999999958e-03 5.050666666666666499e-02 2.119999999999999923e-03 0.000000000000000000e+00 4.146666666666666556e-03 5.199999999999999544e-04 0.000000000000000000e+00 0.000000000000000000e+00 1.479999999999999979e-03 2.400000000000000061e-04 8.000000000000000654e-05 0.000000000000000000e+00 3.506666666666666612e-03 6.666666666666666986e-05 4.893333333333333736e-03 6.223999999999999672e-02 1.337333333333333256e-02 9.205333333333333423e-02 1.026666666666666613e-03 2.053333333333333226e-03 1.066666666666666664e-04 4.325333333333333113e-02 2.158666666666666720e-02 0.000000000000000000e+00 8.959999999999999215e-03 0.000000000000000000e+00 4.000000000000000192e-04 0.000000000000000000e+00 0.000000000000000000e+00 0.000000000000000000e+00 0.000000000000000000e+00 0.000000000000000000e+00 0.000000000000000000e+00 1.466666666666666629e-04 0.000000000000000000e+00 2.320000000000000014e-03 0.000000000000000000e+00 1.253333333333333383e-02 0.000000000000000000e+00 0.000000000000000000e+00 0.000000000000000000e+00 0.000000000000000000e+00 9.466666666666666199e-04 1.333333333333333397e-04 0.000000000000000000e+00 0.000000000000000000e+00 0.000000000000000000e+00 0.000000000000000000e+00 5.333333333333333589e-04 6.133333333333333519e-04 4.106666666666666451e-03 1.546666666666666676e-03 2.533333333333333292e-04 0.000000000000000000e+00 0.000000000000000000e+00 3.293333333333333442e-03 0.000000000000000000e+00 0.000000000000000000e+00 0.000000000000000000e+00
5.743999999999999800e-02 0.000000000000000000e+00 1.470666666666666650e-02 7.866666666666666339e-04 0.000000000000000000e+00 3.133333333333333456e-03 1.221600000000000047e-01 2.103599999999999914e-01 5.733333333333333554e-04 2.405333333333333282e-02 5.519999999999999733e-03 1.091999999999999915e-02 4.146666666666666556e-03 0.000000000000000000e+00 0.000000000000000000e+00 0.000000000000000000e+00 1.321333333333333387e-02 3.186666666666666640e-03 1.381333333333333371e-02 5.733333333333333554e-04 3.680000000000000111e-03 0.000000000000000000e+00 1.269333333333333251e-02 6.133333333333333519e-04 8.266666666666666304e-04 1.685333333333333475e-02 7.746666666666666458e-03 1.085333333333333289e-02 1.538133333333333297e-01 2.266666666666666829e-02 3.600000000000000227e-04 1.728000000000000022e-02 0.000000000000000000e+00 2.346666666666666606e-03 0.000000000000000000e+00 0.000000000000000000e+00 0.000000000000000000e+00 0.000000000000000000e+00 0.000000000000000000e+00 0.000000000000000000e+00 0.000000000000000000e+00 0.000000000000000000e+00 0.000000000000000000e+00 0.000000000000000000e+00 0.000000000000000000e+00 0.000000000000000000e+00 2.000000000000000096e-04 1.066666666666666664e-04 0.000000000000000000e+00 0.000000000000000000e+00 0.000000000000000000e+00 0.000000000000000000e+00 0.000000000000000000e+00 0.000000000000000000e+00 0.000000000000000000e+00 0.000000000000000000e+00 0.000000000000000000e+00 9.066666666666666234e-04 0.000000000000000000e+00 1.466666666666666629e-04 1.066666666666666664e-04 9.333333333333333239e-04 6.666666666666666986e-05 0.000000000000000000e+00 0.000000000000000000e+00 0.000000000000000000e+00 0.000000000000000000e+00 0.000000000000000000e+00
0.000000000000000000e+00 3.600000000000000227e-04 0.000000000000000000e+00 9.333333333333333239e-04 4.054666666666666835e-02 1.169333333333333336e-02 0.000000000000000000e+00 6.666666666666666444e-04 2.360000000000000119e-03 7.600000000000000418e-04 6.666666666666666986e-05 2.013333333333333121e-03 5.199999999999999544e-04 0.000000000000000000e+00 0.000000000000000000e+00 0.000000000000000000e+00 0.000000000000000000e+00 0.000000000000000000e+00 0.000000000000000000e+00 1.733333333333333362e-04 0.000000000000000000e+00 3.000000000000000062e-03 0.000000000000000000e+00 2.360000000000000119e-03 6.400000000000000524e-04 3.333333333333333222e-04 1.440000000000000091e-03 2.146666666666666515e-03 0.000000000000000000e+00 0.000000000000000000e+00 9.333333333333332967e-05 4.973333333333333078e-03 0.000000000000000000e+00 0.000000000000000000e+00 0.000000000000000000e+00 0.000000000000000000e+00 0.000000000000000000e+00 0.000000000000000000e+00 0.000000000000000000e+00 0.000000000000000000e+00 0.000000000000000000e+00 0.000000000000000000e+00 0.000000000000000000e+00 0.000000000000000000e+00 0.000000000000000000e+00 0.000000000000000000e+00 0.000000000000000000e+00 0.000000000000000000e+00 0.000000000000000000e+00 0.000000000000000000e+00 0.000000000000000000e+00 0.000000000000000000e+00 0.000000000000000000e+00 0.000000000000000000e+00 0.000000000000000000e+00 0.000000000000000000e+00 0.000000000000000000e+00 0.000000000000000000e+00 0.000000000000000000e+00 0.000000000000000000e+00 0.000000000000000000e+00 0.000000000000000000e+00 0.000000000000000000e+00 0.000000000000000000e+00 0.000000000000000000e+00 0.000000000000000000e+00 0.000000000000000000e+00 0.000000000000000000e+00
0.000000000000000000e+00 1.333333333333333397e-04 2.000000000000000096e-04 0.000000000000000000e+00 0.000000000000000000e+00 0.000000000000000000e+00 1.600000000000000131e-04 0.000000000000000000e+00 0.000000000000000000e+00 6.666666666666666986e-05 0.000000000000000000e+00 0.000000000000000000e+00 0.000000000000000000e+00 0.000000000000000000e+00 0.000000000000000000e+00 0.000000000000000000e+00 3.866666666666666689e-04 0.000000000000000000e+00 0.000000000000000000e+00 0.000000000000000000e+00 1.406799999999999995e-01 3.193333333333333440e-02 1.448399999999999965e-01 1.234666666666666725e-02 1.200000000000000030e-04 3.333333333333333222e-04 4.764000000000000179e-02 1.940000000000000058e-02 0.000000000000000000e+00 3.600000000000000227e-04 8.000000000000000654e-05 0.000000000000000000e+00 0.000000000000000000e+00 5.866666666666666514e-04 0.000000000000000000e+00 0.000000000000000000e+00 2.400000000000000061e-04 0.000000000000000000e+00 0.000000000000000000e+00 0.000000000000000000e+00 0.000000000000000000e+00 0.000000000000000000e+00 0.000000000000000000e+00 0.000000000000000000e+00 0.000000000000000000e+00 0.000000000000000000e+00 0.000000000000000000e+00 0.000000000000000000e+00 0.000000000000000000e+00 1.674666666666666665e-02 0.000000000000000000e+00 0.000000000000000000e+00 0.000000000000000000e+00 0.000000000000000000e+00 3.680000000000000111e-03 1.893333333333333240e-03 2.118666666666666615e-02 4.000000000000000192e-04 0.000000000000000000e+00 2.133333333333333327e-04 1.662666666666666807e-02 4.666666666666666619e-04 0.000000000000000000e+00 0.000000000000000000e+00 0.000000000000000000e+00 0.000000000000000000e+00 0.000000000000000000e+00 0.000000000000000000e+00
2.759999999999999867e-03 1.200000000000000030e-04 1.018266666666666626e-01 0.000000000000000000e+00 0.000000000000000000e+00 6.666666666666666986e-05 1.346666666666666585e-03 4.066666666666666347e-03 0.000000000000000000e+00 1.600000000000000131e-04 1.799999999999999951e-03 0.000000000000000000e+00 0.000000000000000000e+00 1.321333333333333387e-02 0.000000000000000000e+00 3.866666666666666689e-04 0.000000000000000000e+00 4.866666666666666710e-03 1.048800000000000010e-01 0.000000000000000000e+00 6.826666666666666647e-03 0.000000000000000000e+00 4.929333333333333483e-02 1.493333333333333275e-03 1.600000000000000131e-04 1.925333333333333410e-02 1.004133333333333267e-01 3.533333333333333205e-03 4.057333333333333625e-02 3.550666666666666554e-02 0.000000000000000000e+00 4.666666666666666619e-04 6.400000000000000524e-04 9.586666666666666947e-03 0.000000000000000000e+00 3.733333333333333187e-04 2.533333333333333292e-04 0.000000000000000000e+00 0.000000000000000000e+00 0.000000000000000000e+00 0.000000000000000000e+00 0.000000000000000000e+00 0.000000000000000000e+00 0.000000000000000000e+00 0.000000000000000000e+00 0.000000000000000000e+00 8.000000000000000654e-05 0.000000000000000000e+00 0.000000000000000000e+00 0.000000000000000000e+00 1.733333333333333362e-04 1.466666666666666629e-04 2.799999999999999755e-04 0.000000000000000000e+00 0.000000000000000000e+00 0.000000000000000000e+00 0.000000000000000000e+00 0.000000000000000000e+00 6.666666666666666986e-05 1.333333333333333289e-03 2.773333333333333380e-03 0.000000000000000000e+00 0.000000000000000000e+00 0.000000000000000000e+00 0.000000000000000000e+00 0.000000000000000000e+00 0.000000000000000000e+00 0.000000000000000000e+00
2.799999999999999755e-04 0.000000000000000000e+00 1.386666666666666690e-03 0.000000000000000000e+00 1.066666666666666664e-04 1.866666666666666593e-04 8.000000000000000654e-05 1.773333333333333359e-03 0.000000000000000000e+00 1.333333333333333397e-04 6.253333333333332966e-02 2.666666666666666794e-04 1.479999999999999979e-03 3.186666666666666640e-03 0.000000000000000000e+00 0.000000000000000000e+00 4.866666666666666710e-03 0.000000000000000000e+00 3.570666666666666433e-02 0.000000000000000000e+00 1.333333333333333397e-04 0.000000000000000000e+00 5.199999999999999544e-04 1.200000000000000030e-04 3.279999999999999930e-03 3.747999999999999943e-02 6.360000000000000202e-03 1.466666666666666629e-04 5.000000000000000104e-03 4.400000000000000157e-04 1.226666666666666704e-03 2.306666666666666501e-03 0.000000000000000000e+00 4.693333333333333211e-03 0.000000000000000000e+00 0.000000000000000000e+00 0.000000000000000000e+00 0.000000000000000000e+00 0.000000000000000000e+00 0.000000000000000000e+00 0.000000000000000000e+00 0.000000000000000000e+00 0.000000000000000000e+00 0.000000000000000000e+00 3.066666666666666759e-04 0.000000000000000000e+00 1.426666666666666578e-03 0.000000000000000000e+00 0.000000000000000000e+00 0.000000000000000000e+00 0.000000000000000000e+00 7.466666666666666374e-04 8.000000000000000654e-05 0.000000000000000000e+00 0.000000000000000000e+00 0.000000000000000000e+00 0.000000000000000000e+00 0.000000000000000000e+00 3.333333333333333222e-04 1.799999999999999951e-03 7.733333333333333379e-04 0.000000000000000000e+00 0.000000000000000000e+00 0.000000000000000000e+00 5.733333333333333554e-04 0.000000000000000000e+00 0.000000000000000000e+00 0.000000000000000000e+00
1.786666666666666655e-03 1.466666666666666629e-04 1.118666666666666594e-02 0.000000000000000000e+00 0.000000000000000000e+00 1.733333333333333362e-04 5.466666666666666549e-04 5.773333333333333442e-03 6.666666666666666986e-05 4.266666666666666654e-04 3.336000000000000076e-02 4.000000000000000192e-04 2.400000000000000061e-04 1.381333333333333371e-02 0.000000000000000000e+00 0.000000000000000000e+00 1.048800000000000010e-01 3.570666666666666433e-02 0.000000000000000000e+00 0.000000000000000000e+00 5.599999999999999509e-04 0.000000000000000000e+00 4.213333333333333687e-03 4.666666666666666619e-04 1.026666666666666613e-03 8.141333333333333755e-02 3.099999999999999978e-02 5.066666666666666584e-04 2.921333333333333421e-02 4.640000000000000027e-03 3.466666666666666724e-04 3.906666666666666794e-03 5.866666666666666514e-04 4.018666666666666915e-02 0.000000000000000000e+00 1.333333333333333397e-04 6.666666666666666986e-05 0.000000000000000000e+00 0.000000000000000000e+00 0.000000000000000000e+00 0.000000000000000000e+00 0.000000000000000000e+00 0.000000000000000000e+00 0.000000000000000000e+00 1.466666666666666629e-04 0.000000000000000000e+00 5.333333333333333589e-04 0.000000000000000000e+00 0.000000000000000000e+00 0.000000000000000000e+00 0.000000000000000000e+00 8.533333333333333309e-04 4.266666666666666654e-04 0.000000000000000000e+00 0.000000000000000000e+00 0.000000000000000000e+00 0.000000000000000000e+00 6.666666666666666986e-05 3.733333333333333187e-04 5.320000000000000076e-03 3.346666666666666626e-03 0.000000000000000000e+00 0.000000000000000000e+00 0.000000000000000000e+00 2.400000000000000061e-04 0.000000000000000000e+00 0.000000000000000000e+00 0.000000000000000000e+00
0.000000000000000000e+00 0.000000000000000000e+00 0.000000000000000000e+00 1.573866666666666747e-01 3.200000000000000262e-04 1.639999999999999965e-03 1.066666666666666664e-04 7.200000000000000453e-04 4.479999999999999608e-03 1.070666666666666711e-01 9.333333333333332967e-05 8.021333333333333093e-02 8.000000000000000654e-05 5.733333333333333554e-04 1.733333333333333362e-04 0.000000000000000000e+00 0.000000000000000000e+00 0.000000000000000000e+00 0.000000000000000000e+00 0.000000000000000000e+00 0.000000000000000000e+00 0.000000000000000000e+00 0.000000000000000000e+00 1.386666666666666690e-03 0.000000000000000000e+00 0.000000000000000000e+00 1.200000000000000030e-04 2.983999999999999847e-02 4.666666666666666619e-04 0.000000000000000000e+00 0.000000000000000000e+00 2.266666666666666558e-04 0.000000000000000000e+00 0.000000000000000000e+00 0.000000000000000000e+00 0.000000000000000000e+00 0.000000000000000000e+00 1.866666666666666593e-04 0.000000000000000000e+00 0.000000000000000000e+00 0.000000000000000000e+00 0.000000000000000000e+00 1.066666666666666664e-04 3.466666666666666724e-04 0.000000000000000000e+00 1.600000000000000131e-04 0.000000000000000000e+00 0.000000000000000000e+00 0.000000000000000000e+00 0.000000000000000000e+00 0.000000000000000000e+00 0.000000000000000000e+00 0.000000000000000000e+00 8.000000000000000654e-05 0.000000000000000000e+00 0.000000000000000000e+00 0.000000000000000000e+00 1.600000000000000131e-04 0.000000000000000000e+00 0.000000000000000000e+00 0.000000000000000000e+00 1.000000000000000021e-03 0.000000000000000000e+00 0.000000000000000000e+00 0.000000000000000000e+00 0.000000000000000000e+00 0.000000000000000000e+00 0.000000000000000000e+00
6.533333333333333484e-04 0.000000000000000000e+00 3.432000000000000328e-02 0.000000000000000000e+00 0.000000000000000000e+00 0.000000000000000000e+00 3.959999999999999978e-03 1.373333333333333394e-03 2.133333333333333327e-04 0.000000000000000000e+00 0.000000000000000000e+00 0.000000000000000000e+00 0.000000000000000000e+00 3.680000000000000111e-03 0.000000000000000000e+00 1.406799999999999995e-01 6.826666666666666647e-03 1.333333333333333397e-04 5.599999999999999509e-04 0.000000000000000000e+00 0.000000000000000000e+00 2.200000000000000133e-03 2.477600000000000080e-01 2.429333333333333345e-02 0.000000000000000000e+00 1.082666666666666673e-02 1.935999999999999874e-02 8.645333333333332648e-02 1.284000000000000072e-02 2.194800000000000084e-01 0.000000000000000000e+00 1.333333333333333397e-04 1.200000000000000030e-04 3.862666666666666332e-02 0.000000000000000000e+00 0.000000000000000000e+00 0.000000000000000000e+00 0.000000000000000000e+00 0.000000000000000000e+00 0.000000000000000000e+00 0.000000000000000000e+00 0.000000000000000000e+00 0.000000000000000000e+00 0.000000000000000000e+00 0.000000000000000000e+00 0.000000000000000000e+00 0.000000000000000000e+00 0.000000000000000000e+00 0.000000000000000000e+00 8.266666666666666304e-04 0.000000000000000000e+00 0.000000000000000000e+00 0.000000000000000000e+00 0.000000000000000000e+00 2.253333333333333317e-03 1.200000000000000030e-04 6.266666666666666479e-04 8.666666666666666269e-04 0.000000000000000000e+00 1.200000000000000030e-04 6.266666666666666479e-04 3.466666666666666724e-04 1.466666666666666629e-04 0.000000000000000000e+00 0.000000000000000000e+00 0.000000000000000000e+00 0.000000000000000000e+00 0.000000000000000000e+00
0.000000000000000000e+00 5.239999999999999866e-03 0.000000000000000000e+00 0.000000000000000000e+00 3.933333333333332953e-03 8.000000000000000654e-05 0.000000000000000000e+00 0.000000000000000000e+00 3.119999999999999857e-02 0.000000000000000000e+00 2.266666666666666558e-04 1.453333333333333387e-03 3.506666666666666612e-03 0.000000000000000000e+00 3.000000000000000062e-03 3.193333333333333440e-02 0.000000000000000000e+00 0.000000000000000000e+00 0.000000000000000000e+00 0.000000000000000000e+00 2.200000000000000133e-03 0.000000000000000000e+00 3.386666666666666731e-03 9.346666666666666318e-03 4.746666666666666395e-03 5.599999999999999509e-04 6.360000000000000202e-03 2.066666666666666739e-03 0.000000000000000000e+00 0.000000000000000000e+00 2.933333333333333257e-04 2.799999999999999755e-04 0.000000000000000000e+00 0.000000000000000000e+00 0.000000000000000000e+00 0.000000000000000000e+00 0.000000000000000000e+00 0.000000000000000000e+00 0.000000000000000000e+00 0.000000000000000000e+00 0.000000000000000000e+00 0.000000000000000000e+00 0.000000000000000000e+00 0.000000000000000000e+00 0.000000000000000000e+00 0.000000000000000000e+00 1.333333333333333397e-04 0.000000000000000000e+00 0.000000000000000000e+00 2.586666666666666801e-03 0.000000000000000000e+00 0.000000000000000000e+00 0.000000000000000000e+00 0.000000000000000000e+00 9.466666666666666199e-04 0.000000000000000000e+00 1.240000000000000000e-03 5.066666666666666584e-04 0.000000000000000000e+00 1.733333333333333362e-04 1.066666666666666718e-03 0.000000000000000000e+00 0.000000000000000000e+00 0.000000000000000000e+00 8.000000000000000654e-05 0.000000000000000000e+00 0.000000000000000000e+00 0.000000000000000000e+00
2.533333333333333184e-03 0.000000000000000000e+00 1.344133333333333291e-01 0.000000000000000000e+00 0.000000000000000000e+00 2.000000000000000096e-04 1.322666666666666609e-02 9.119999999999999635e-03 0.000000000000000000e+00 2.400000000000000061e-04 1.600000000000000131e-04 0.000000000000000000e+00 6.666666666666666986e-05 1.269333333333333251e-02 0.000000000000000000e+00 1.448399999999999965e-01 4.929333333333333483e-02 5.199999999999999544e-04 4.213333333333333687e-03 0.000000000000000000e+00 2.477600000000000080e-01 3.386666666666666731e-03 0.000000000000000000e+00 2.413333333333333303e-03 0.000000000000000000e+00 3.725333333333333274e-02 1.688533333333333275e-01 5.512000000000000233e-02 1.098666666666666715e-02 5.294666666666666965e-02 0.000000000000000000e+00 5.733333333333333554e-04 0.000000000000000000e+00 3.818666666666666737e-02 0.000000000000000000e+00 8.000000000000000654e-05 2.333333333333333526e-03 0.000000000000000000e+00 0.000000000000000000e+00 0.000000000000000000e+00 0.000000000000000000e+00 0.000000000000000000e+00 0.000000000000000000e+00 0.000000000000000000e+00 0.000000000000000000e+00 0.000000000000000000e+00 0.000000000000000000e+00 0.000000000000000000e+00 0.000000000000000000e+00 1.185333333333333378e-02 0.000000000000000000e+00 0.000000000000000000e+00 0.000000000000000000e+00 0.000000000000000000e+00 9.066666666666666234e-04 8.666666666666666269e-04 2.071999999999999884e-02 2.533333333333333292e-04 0.000000000000000000e+00 0.000000000000000000e+00 2.726666666666666822e-02 1.600000000000000131e-04 0.000000000000000000e+00 0.000000000000000000e+00 0.000000000000000000e+00 0.000000000000000000e+00 0.000000000000000000e+00 0.000000000000000000e+00
