0.000000 0.000000 102.840479 0.000000 0.000000 83.543541 35.067553 53.691623 0.000000 76.329383 118.336356 0.000000 111.836837 28.785000 0.000000 0.000000 110.565316 130.413955 125.355069 0.000000 78.237017 0.000000 89.472858 84.116410 0.000000 124.738598 141.248694 89.415838 27.101227 39.537765 0.000000 86.037843 47.022161 59.425160 0.000000 0.000000 0.000000 0.000000 0.000000 0.000000 0.000000 0.000000 0.000000 0.000000 0.000000 0.000000 0.000000 0.000000 0.000000 0.000000 0.000000 0.000000 0.000000 0.000000 0.000000 0.000000 0.000000 132.636430 0.000000 0.000000 0.000000 143.120778 0.000000 0.000000 0.000000 0.000000 0.000000 0.000000
0.000000 0.000000 44.597232 0.000000 146.263254 0.000000 0.000000 0.000000 81.590479 0.000000 67.382951 0.000000 51.234371 0.000000 121.155250 0.000000 52.674379 0.000000 55.069147 0.000000 0.000000 46.263598 0.000000 89.046848 20.475504 53.340650 34.151045 0.000000 0.000000 0.000000 58.788113 0.000000 0.000000 80.496385 0.000000 0.000000 49.598665 0.000000 0.000000 0.000000 0.000000 0.000000 0.000000 0.000000 0.000000 0.000000 110.844290 0.000000 0.000000 0.000000 60.616833 0.000000 0.000000 0.000000 0.000000 0.000000 0.000000 0.000000 0.000000 107.706987 53.110552 0.000000 0.000000 0.000000 109.952152 0.000000 0.000000 0.000000
102.840479 44.597232 0.000000 0.000000 0.000000 142.574807 102.633356 121.497458 0.000000 121.280874 79.759528 0.000000 0.000000 120.288286 0.000000 72.478992 58.094873 84.161469 66.797435 0.000000 73.122184 44.333190 41.418107 102.279274 0.000000 38.935706 41.108650 97.927115 100.981300 85.600594 0.000000 176.901147 0.000000 58.363802 0.000000 52.068343 98.802491 0.000000 0.000000 0.000000 0.000000 0.000000 0.000000 0.000000 0.000000 0.000000 0.000000 0.000000 0.000000 0.000000 108.295053 150.740170 108.658818 0.000000 0.000000 66.154745 107.464132 0.000000 0.000000 106.387380 99.564982 0.000000 0.000000 0.000000 0.000000 0.000000 0.000000 105.915838
0.000000 0.000000 0.000000 0.000000 100.818746 64.733435 53.855525 83.535170 56.917569 30.332137 174.922266 44.726231 0.000000 114.392158 93.035201 0.000000 0.000000 0.000000 0.000000 17.181089 0.000000 0.000000 0.000000 26.982226 0.000000 0.000000 133.807879 23.296099 110.255688 0.000000 0.000000 127.124794 0.000000 113.337030 0.000000 0.000000 0.000000 148.936462 0.000000 145.969878 147.275134 156.657628 75.192012 153.623719 0.000000 141.435314 0.000000 166.525566 0.000000 0.000000 0.000000 0.000000 0.000000 142.408368 0.000000 0.000000 0.000000 126.760494 0.000000 0.000000 0.000000 143.944320 189.886039 0.000000 0.000000 0.000000 0.000000 0.000000
0.000000 146.263254 0.000000 100.818746 0.000000 17.485735 112.421043 92.513429 68.531216 110.354844 0.000000 72.132934 196.726440 0.000000 22.582559 0.000000 0.000000 0.000000 0.000000 100.727482 0.000000 106.881312 0.000000 71.443932 0.000000 0.000000 168.177851 112.892275 137.269759 0.000000 0.000000 22.151809 0.000000 69.715617 0.000000 0.000000 0.000000 0.000000 0.000000 0.000000 0.000000 0.000000 0.000000 0.000000 0.000000 0.000000 0.000000 0.000000 0.000000 0.000000 0.000000 0.000000 0.000000 0.000000 0.000000 0.000000 0.000000 0.000000 0.000000 0.000000 0.000000 0.000000 0.000000 0.000000 0.000000 0.000000 0.000000 0.000000
83.543541 0.000000 142.574807 64.733435 17.485735 0.000000 59.051491 30.219466 66.737399 38.780766 111.685329 39.402605 135.577706 67.464217 22.533177 0.000000 173.129639 129.808588 0.000000 51.304306 108.607616 108.157713 131.775012 83.444641 0.000000 157.030237 165.086720 65.223307 94.311000 103.074843 0.000000 29.868825 0.000000 78.735842 0.000000 0.000000 0.000000 152.212214 0.000000 0.000000 145.666327 169.197225 0.000000 155.749561 0.000000 134.338352 0.000000 0.000000 0.000000 0.000000 0.000000 0.000000 0.000000 150.849342 0.000000 0.000000 0.000000 137.904008 0.000000 0.000000 0.000000 156.643990 0.000000 0.000000 0.000000 0.000000 0.000000 0.000000
35.067553 0.000000 102.633356 53.855525 112.421043 59.051491 0.000000 51.920468 55.439026 22.896900 142.642351 0.000000 164.269017 47.856620 93.535371 108.270426 122.020876 146.808825 129.876224 0.000000 71.853651 0.000000 85.992841 57.653541 0.000000 130.452321 119.030501 45.797919 67.311679 33.704439 0.000000 129.689727 78.282916 82.058227 0.000000 0.000000 179.350560 138.322099 0.000000 0.000000 129.404941 149.034331 0.000000 147.424317 0.000000 0.000000 0.000000 155.549155 0.000000 0.000000 0.000000 0.000000 0.000000 133.217619 0.000000 0.000000 0.000000 115.442451 0.000000 0.000000 173.986349 129.617625 163.545081 144.806760 0.000000 0.000000 0.000000 164.196247
53.691623 0.000000 121.497458 83.535170 92.513429 30.219466 51.920468 0.000000 73.158860 47.634189 99.905654 82.525502 89.629808 23.849196 64.955908 0.000000 133.851326 137.078122 146.404788 80.697970 98.421035 0.000000 108.467388 76.641236 0.000000 142.253658 138.859792 73.752842 51.213564 72.697645 0.000000 35.873751 0.000000 50.547786 0.000000 0.000000 204.324743 153.027607 0.000000 0.000000 146.931143 170.232991 101.781783 160.746297 0.000000 0.000000 136.271205 175.644237 0.000000 0.000000 0.000000 0.000000 0.000000 161.877764 0.000000 0.000000 0.000000 139.737554 0.000000 192.676409 225.560308 151.753770 191.117246 0.000000 0.000000 0.000000 0.000000 161.698788
0.000000 81.590479 0.000000 56.917569 68.531216 66.737399 55.439026 73.158860 0.000000 63.258503 142.854923 40.626394 129.818695 90.617413 44.703549 41.099002 0.000000 0.000000 0.000000 53.543820 57.929143 37.635390 0.000000 37.864131 108.267052 148.488225 117.318455 58.033195 84.434850 62.428384 0.000000 94.662624 72.506746 79.786545 0.000000 0.000000 0.000000 81.782377 0.000000 0.000000 78.011453 105.179527 0.000000 94.669121 0.000000 0.000000 0.000000 95.905087 0.000000 0.000000 0.000000 0.000000 0.000000 0.000000 0.000000 0.000000 0.000000 61.856514 0.000000 0.000000 0.000000 78.039653 103.986421 69.934923 0.000000 0.000000 0.000000 0.000000
76.329383 0.000000 121.280874 30.332137 110.354844 38.780766 22.896900 47.634189 63.258503 0.000000 154.607059 23.226785 150.908956 59.307794 80.947275 0.000000 144.583328 165.060820 158.479141 20.185583 89.455491 0.000000 108.346010 63.541786 0.000000 165.490877 154.827826 39.304905 104.627024 76.782761 0.000000 128.237652 0.000000 94.586968 0.000000 0.000000 0.000000 153.398002 0.000000 145.955314 146.242567 160.046109 83.768755 158.205435 0.000000 149.426033 0.000000 165.175562 0.000000 0.000000 0.000000 0.000000 0.000000 149.446737 0.000000 0.000000 0.000000 130.628480 0.000000 0.000000 223.887240 147.106992 180.618733 0.000000 0.000000 0.000000 0.000000 178.747159
118.336356 67.382951 79.759528 174.922266 0.000000 111.685329 142.642351 99.905654 142.854923 154.607059 0.000000 145.913044 19.166729 82.771268 0.000000 0.000000 53.117238 21.781084 19.397544 161.027308 94.443505 0.000000 96.941224 149.162837 28.921650 33.742665 53.472820 158.962177 90.330173 105.236015 41.819758 64.585846 109.911601 24.631154 0.000000 96.307190 0.000000 0.000000 0.000000 0.000000 210.188496 0.000000 0.000000 0.000000 75.525450 0.000000 74.494907 181.909219 0.000000 0.000000 0.000000 95.327198 101.255480 0.000000 0.000000 0.000000 0.000000 204.077374 58.170510 92.313178 102.709634 206.761544 123.798636 0.000000 91.143770 0.000000 0.000000 70.310701
0.000000 0.000000 0.000000 44.726231 72.132934 39.402605 0.000000 82.525502 40.626394 23.226785 145.913044 0.000000 145.888195 95.733958 50.137651 0.000000 0.000000 153.054524 170.803009 16.853295 0.000000 0.000000 195.445151 21.707872 0.000000 167.180182 175.454286 48.686420 108.337514 0.000000 0.000000 90.981032 0.000000 99.685650 0.000000 0.000000 0.000000 143.111129 0.000000 124.307908 142.457123 0.000000 94.819502 142.802088 0.000000 117.609696 0.000000 0.000000 0.000000 0.000000 0.000000 0.000000 0.000000 134.494539 0.000000 0.000000 0.000000 129.592684 0.000000 0.000000 0.000000 143.188022 191.296161 0.000000 0.000000 0.000000 0.000000 0.000000
111.836837 51.234371 0.000000 0.000000 196.726440 135.577706 164.269017 89.629808 129.818695 150.908956 19.166729 145.888195 0.000000 78.869034 174.753867 0.000000 0.000000 47.385962 86.586674 0.000000 0.000000 84.071844 0.000000 143.022308 24.976931 27.890224 38.771099 173.815647 66.093470 0.000000 29.065058 70.178195 0.000000 22.215414 0.000000 88.724866 0.000000 0.000000 0.000000 0.000000 0.000000 0.000000 0.000000 0.000000 75.791357 0.000000 76.946161 0.000000 0.000000 0.000000 0.000000 94.955645 106.891271 0.000000 0.000000 0.000000 0.000000 208.680345 47.784657 89.294423 99.644399 213.344215 122.668213 0.000000 90.094226 0.000000 0.000000 74.667071
28.785000 0.000000 120.288286 114.392158 0.000000 67.464217 47.856620 23.849196 90.617413 59.307794 82.771268 95.733958 78.869034 0.000000 102.717416 0.000000 129.040550 115.218085 135.287682 98.285918 92.773179 0.000000 103.914802 99.252758 85.689097 129.673484 118.379160 93.094983 32.353256 61.398801 104.381353 31.398567 0.000000 42.386430 0.000000 0.000000 0.000000 0.000000 0.000000 0.000000 160.994259 179.631199 99.526376 186.761345 0.000000 0.000000 117.290392 189.209894 0.000000 0.000000 0.000000 0.000000 0.000000 0.000000 152.722256 0.000000 0.000000 147.905600 0.000000 158.227440 166.823915 160.946684 170.571501 0.000000 0.000000 0.000000 0.000000 146.774273
0.000000 121.155250 0.000000 93.035201 22.582559 22.533177 93.535371 64.955908 44.703549 80.947275 0.000000 50.137651 174.753867 102.717416 0.000000 0.000000 0.000000 0.000000 0.000000 85.322099 0.000000 89.777153 0.000000 59.719398 139.177461 0.000000 150.505999 97.486457 125.453103 0.000000 0.000000 43.534584 0.000000 0.000000 0.000000 0.000000 0.000000 0.000000 0.000000 0.000000 0.000000 0.000000 0.000000 0.000000 0.000000 0.000000 0.000000 0.000000 0.000000 0.000000 0.000000 0.000000 0.000000 0.000000 0.000000 0.000000 0.000000 0.000000 0.000000 0.000000 0.000000 0.000000 0.000000 0.000000 0.000000 0.000000 0.000000 0.000000
0.000000 0.000000 72.478992 0.000000 0.000000 0.000000 108.270426 0.000000 41.099002 0.000000 0.000000 0.000000 0.000000 0.000000 0.000000 0.000000 0.000000 0.000000 0.000000 0.000000 37.286690 37.314479 25.206167 56.396270 0.000000 115.807707 37.272409 43.339936 0.000000 79.097798 0.000000 0.000000 0.000000 74.947208 0.000000 0.000000 99.732558 0.000000 0.000000 0.000000 160.385635 0.000000 0.000000 0.000000 0.000000 0.000000 0.000000 0.000000 0.000000 101.815922 0.000000 0.000000 0.000000 0.000000 119.827683 52.579199 111.274745 122.342507 0.000000 162.479744 102.999237 124.347671 138.307948 119.670045 0.000000 0.000000 0.000000 0.000000
110.565316 52.674379 58.094873 0.000000 0.000000 173.129639 122.020876 133.851326 0.000000 144.583328 53.117238 0.000000 0.000000 129.040550 0.000000 0.000000 0.000000 42.262494 28.621412 0.000000 82.104982 0.000000 38.858761 135.797352 0.000000 42.454052 68.242757 135.001614 106.978376 78.522509 0.000000 0.000000 102.747937 21.807765 0.000000 59.750954 107.167517 0.000000 0.000000 0.000000 0.000000 0.000000 0.000000 0.000000 0.000000 0.000000 0.000000 0.000000 0.000000 0.000000 116.398718 0.000000 114.659012 0.000000 0.000000 0.000000 0.000000 0.000000 0.000000 106.764542 109.260587 0.000000 0.000000 0.000000 0.000000 0.000000 0.000000 114.799687
130.413955 0.000000 84.161469 0.000000 0.000000 129.808588 146.808825 137.078122 0.000000 165.060820 21.781084 153.054524 47.385962 115.218085 0.000000 0.000000 42.262494 0.000000 17.839910 0.000000 102.746921 0.000000 89.712100 166.538919 0.000000 35.599802 59.776272 174.219872 120.360374 111.444495 43.091099 88.463178 124.055362 52.967709 0.000000 0.000000 0.000000 0.000000 0.000000 0.000000 0.000000 0.000000 0.000000 0.000000 0.000000 0.000000 101.200265 0.000000 0.000000 0.000000 0.000000 105.423076 125.883742 0.000000 0.000000 0.000000 0.000000 208.841763 56.724506 99.144998 105.474512 0.000000 0.000000 0.000000 0.000000 0.000000 0.000000 0.000000
125.355069 55.069147 66.797435 0.000000 0.000000 0.000000 129.876224 146.404788 0.000000 158.479141 19.397544 170.803009 86.586674 135.287682 0.000000 0.000000 28.621412 17.839910 0.000000 0.000000 79.197268 0.000000 71.219632 150.897565 0.000000 35.673355 63.154364 162.067870 121.321141 98.673851 90.556170 120.091679 115.012575 42.431548 0.000000 65.097325 126.724715 0.000000 0.000000 0.000000 0.000000 0.000000 0.000000 0.000000 0.000000 0.000000 0.000000 0.000000 0.000000 0.000000 0.000000 108.977329 104.966449 0.000000 0.000000 0.000000 0.000000 0.000000 77.436835 100.653923 104.659841 0.000000 0.000000 0.000000 0.000000 0.000000 0.000000 0.000000
0.000000 0.000000 0.000000 17.181089 100.727482 51.304306 0.000000 80.697970 53.543820 20.185583 161.027308 16.853295 0.000000 98.285918 85.322099 0.000000 0.000000 0.000000 0.000000 0.000000 0.000000 0.000000 0.000000 32.539467 0.000000 171.569696 0.000000 26.691321 115.376909 0.000000 0.000000 120.809089 0.000000 110.165562 0.000000 0.000000 0.000000 141.626972 0.000000 137.412745 145.921324 160.227295 74.723495 145.739738 0.000000 134.485074 0.000000 159.894004 0.000000 0.000000 0.000000 0.000000 0.000000 135.886369 0.000000 0.000000 0.000000 124.708853 0.000000 0.000000 0.000000 136.120021 172.243954 0.000000 0.000000 0.000000 0.000000 0.000000
78.237017 0.000000 73.122184 0.000000 0.000000 108.607616 71.853651 98.421035 57.929143 89.455491 94.443505 0.000000 0.000000 92.773179 0.000000 37.286690 82.104982 102.746921 79.197268 0.000000 0.000000 57.261297 44.947361 19.715190 0.000000 116.512255 80.595135 26.593274 88.644264 42.958636 0.000000 0.000000 0.000000 37.215057 0.000000 0.000000 128.173239 0.000000 0.000000 0.000000 0.000000 0.000000 0.000000 0.000000 0.000000 0.000000 0.000000 0.000000 0.000000 118.907419 0.000000 0.000000 0.000000 0.000000 130.464666 70.539943 127.215130 131.100845 0.000000 0.000000 119.503191 138.825342 147.820739 128.111045 0.000000 0.000000 0.000000 0.000000
0.000000 46.263598 44.333190 0.000000 106.881312 108.157713 0.000000 0.000000 37.635390 0.000000 0.000000 0.000000 84.071844 0.000000 89.777153 37.314479 0.000000 0.000000 0.000000 0.000000 57.261297 0.000000 55.239204 45.953958 67.677712 85.529147 41.910898 65.535306 65.133521 58.478239 86.277276 123.447553 0.000000 87.877959 0.000000 0.000000 62.786179 0.000000 0.000000 0.000000 0.000000 0.000000 0.000000 0.000000 0.000000 0.000000 0.000000 0.000000 0.000000 53.896626 0.000000 0.000000 0.000000 0.000000 71.955160 0.000000 66.604831 0.000000 0.000000 150.548224 58.812099 71.050276 0.000000 69.007473 0.000000 0.000000 0.000000 0.000000
89.472858 0.000000 41.418107 0.000000 0.000000 131.775012 85.992841 108.467388 0.000000 108.346010 96.941224 195.445151 0.000000 103.914802 0.000000 25.206167 38.858761 89.712100 71.219632 0.000000 44.947361 55.239204 0.000000 57.303558 0.000000 73.170320 53.741136 60.545474 90.450766 57.308808 0.000000 161.617591 91.324834 29.106318 0.000000 69.798033 105.568347 0.000000 0.000000 0.000000 162.354913 0.000000 0.000000 0.000000 0.000000 0.000000 0.000000 0.000000 0.000000 110.384790 113.693336 0.000000 129.294349 0.000000 132.607610 65.473710 117.264947 166.378105 0.000000 145.563821 110.120239 162.395643 0.000000 130.995688 0.000000 0.000000 0.000000 131.398759
84.116410 89.046848 102.279274 26.982226 71.443932 83.444641 57.653541 76.641236 37.864131 63.541786 149.162837 21.707872 143.022308 99.252758 59.719398 56.396270 135.797352 166.538919 150.897565 32.539467 19.715190 45.953958 57.303558 0.000000 116.845470 138.002981 95.605978 21.102483 91.511218 79.496522 147.152722 99.295785 78.324468 100.115791 126.908796 0.000000 162.493377 111.558452 0.000000 0.000000 122.462338 141.969386 53.607136 127.307120 187.032866 123.326516 193.410215 144.503050 0.000000 112.655827 170.995171 0.000000 0.000000 109.188544 119.977165 62.794109 128.056565 105.382717 0.000000 199.408819 179.925137 118.822618 139.422258 122.801176 0.000000 0.000000 0.000000 147.441506
0.000000 20.475504 0.000000 0.000000 0.000000 0.000000 0.000000 0.000000 108.267052 0.000000 28.921650 0.000000 24.976931 85.689097 139.177461 0.000000 0.000000 0.000000 0.000000 0.000000 0.000000 67.677712 0.000000 116.845470 0.000000 35.871070 32.093282 0.000000 0.000000 0.000000 39.963892 86.770778 0.000000 37.517706 0.000000 38.858595 0.000000 0.000000 0.000000 0.000000 0.000000 0.000000 0.000000 0.000000 76.454654 0.000000 77.073852 0.000000 0.000000 0.000000 0.000000 86.332082 0.000000 0.000000 0.000000 0.000000 0.000000 0.000000 13.866476 80.199121 88.882743 0.000000 0.000000 0.000000 82.731839 0.000000 0.000000 0.000000
124.738598 53.340650 38.935706 0.000000 0.000000 157.030237 130.452321 142.253658 148.488225 165.490877 33.742665 167.180182 27.890224 129.673484 0.000000 115.807707 42.454052 35.599802 35.673355 171.569696 116.512255 85.529147 73.170320 138.002981 35.871070 0.000000 39.517356 139.982071 122.571598 110.748637 21.911735 124.992314 119.378353 58.881039 0.000000 51.784383 98.566238 0.000000 0.000000 0.000000 230.151909 0.000000 0.000000 0.000000 111.020503 0.000000 93.376121 182.286632 0.000000 0.000000 105.458665 103.307011 100.371881 0.000000 0.000000 0.000000 160.466860 211.507698 54.021911 95.143354 98.590611 209.573439 201.099210 0.000000 95.262700 0.000000 0.000000 110.498088
141.248694 34.151045 41.108650 133.807879 168.177851 165.086720 119.030501 138.859792 117.318455 154.827826 53.472820 175.454286 38.771099 118.379160 150.505999 37.272409 68.242757 59.776272 63.154364 0.000000 80.595135 41.910898 53.741136 95.605978 32.093282 39.517356 0.000000 81.921441 126.886679 128.548684 32.307012 139.817937 134.467536 67.473108 0.000000 46.108318 92.096827 0.000000 0.000000 0.000000 223.220863 0.000000 212.408087 226.690946 109.022713 0.000000 107.241480 167.937493 0.000000 105.308503 105.497479 108.427946 104.287999 0.000000 0.000000 51.214135 110.393281 201.181478 54.252298 97.866775 96.748353 213.593508 194.163134 189.900211 109.204646 0.000000 0.000000 108.128944
89.415838 0.000000 97.927115 23.296099 112.892275 65.223307 45.797919 73.752842 58.033195 39.304905 158.962177 48.686420 173.815647 93.094983 97.486457 43.339936 135.001614 174.219872 162.067870 26.691321 26.593274 65.535306 60.545474 21.102483 0.000000 139.982071 81.921441 0.000000 93.626182 54.877791 0.000000 136.187181 78.106216 86.767311 130.740913 0.000000 161.109657 148.509268 0.000000 150.393638 132.723231 153.857739 76.238363 155.530297 207.071379 151.076779 0.000000 154.177540 0.000000 119.742149 0.000000 0.000000 0.000000 148.261564 128.417048 70.309431 138.260046 117.971133 0.000000 212.515244 182.208451 135.032129 149.897854 127.587193 0.000000 0.000000 0.000000 160.829127
27.101227 0.000000 100.981300 110.255688 137.269759 94.311000 67.311679 51.213564 84.434850 104.627024 90.330173 108.337514 66.093470 32.353256 125.453103 0.000000 106.978376 120.360374 121.321141 115.376909 88.644264 65.133521 90.450766 91.511218 0.000000 122.571598 126.886679 93.626182 0.000000 35.153220 0.000000 15.846698 18.761738 43.098601 156.881439 0.000000 0.000000 0.000000 0.000000 0.000000 161.413729 177.560713 87.530993 183.687094 0.000000 0.000000 104.771480 177.652114 0.000000 130.491591 0.000000 0.000000 0.000000 0.000000 140.402798 80.889124 148.761844 139.045014 0.000000 163.912569 0.000000 149.143364 169.826385 138.757952 0.000000 0.000000 0.000000 149.487655
39.537765 0.000000 85.600594 0.000000 0.000000 103.074843 33.704439 72.697645 62.428384 76.782761 105.236015 0.000000 0.000000 61.398801 0.000000 79.097798 78.522509 111.444495 98.673851 0.000000 42.958636 58.478239 57.308808 79.496522 0.000000 110.748637 128.548684 54.877791 35.153220 0.000000 0.000000 125.800079 36.471381 36.965468 0.000000 0.000000 0.000000 0.000000 0.000000 0.000000 134.296483 166.250623 72.825104 0.000000 0.000000 0.000000 0.000000 0.000000 0.000000 117.862375 0.000000 0.000000 0.000000 0.000000 125.259658 68.376743 124.875324 123.884535 0.000000 169.835284 0.000000 130.057203 142.340158 123.978025 0.000000 0.000000 0.000000 0.000000
0.000000 58.788113 0.000000 0.000000 0.000000 0.000000 0.000000 0.000000 0.000000 0.000000 41.819758 0.000000 29.065058 104.381353 0.000000 0.000000 0.000000 43.091099 90.556170 0.000000 0.000000 86.277276 0.000000 147.152722 39.963892 21.911735 32.307012 0.000000 0.000000 0.000000 0.000000 0.000000 0.000000 77.381204 0.000000 0.000000 0.000000 0.000000 0.000000 0.000000 0.000000 0.000000 0.000000 0.000000 91.408925 0.000000 90.869025 0.000000 0.000000 0.000000 0.000000 105.227434 0.000000 0.000000 0.000000 0.000000 0.000000 0.000000 54.172694 96.081353 107.027784 0.000000 0.000000 0.000000 99.830033 0.000000 0.000000 0.000000
86.037843 0.000000 176.901147 127.124794 22.151809 29.868825 129.689727 35.873751 94.662624 128.237652 64.585846 90.981032 70.178195 31.398567 43.534584 0.000000 0.000000 88.463178 120.091679 120.809089 0.000000 123.447553 161.617591 99.295785 86.770778 124.992314 139.817937 136.187181 15.846698 125.800079 0.000000 0.000000 0.000000 18.818082 0.000000 0.000000 0.000000 0.000000 0.000000 0.000000 191.260725 0.000000 0.000000 0.000000 107.156569 0.000000 107.019430 0.000000 0.000000 0.000000 0.000000 0.000000 0.000000 0.000000 0.000000 0.000000 0.000000 176.805327 0.000000 0.000000 0.000000 199.505434 0.000000 0.000000 0.000000 0.000000 0.000000 108.530130
47.022161 0.000000 0.000000 0.000000 0.000000 0.000000 78.282916 0.000000 72.506746 0.000000 109.911601 0.000000 0.000000 0.000000 0.000000 0.000000 102.747937 124.055362 115.012575 0.000000 0.000000 0.000000 91.324834 78.324468 0.000000 119.378353 134.467536 78.106216 18.761738 36.471381 0.000000 0.000000 0.000000 26.517516 0.000000 0.000000 0.000000 0.000000 0.000000 0.000000 143.978796 0.000000 0.000000 0.000000 0.000000 0.000000 0.000000 0.000000 0.000000 119.068287 0.000000 0.000000 0.000000 0.000000 123.533146 0.000000 0.000000 126.813578 0.000000 0.000000 0.000000 137.403216 0.000000 126.168567 0.000000 0.000000 0.000000 0.000000
59.425160 80.496385 58.363802 113.337030 69.715617 78.735842 82.058227 50.547786 79.786545 94.586968 24.631154 99.685650 22.215414 42.386430 0.000000 74.947208 21.807765 52.967709 42.431548 110.165562 37.215057 87.877959 29.106318 100.115791 37.517706 58.881039 67.473108 86.767311 43.098601 36.965468 77.381204 18.818082 26.517516 0.000000 0.000000 77.411337 99.909511 0.000000 0.000000 0.000000 157.138023 176.131213 0.000000 187.677758 73.745778 0.000000 71.615961 180.076363 0.000000 0.000000 108.971692 0.000000 107.627608 0.000000 0.000000 0.000000 105.777172 143.741768 70.486112 113.998522 109.975163 155.840793 169.681105 149.612621 0.000000 0.000000 0.000000 77.279817
0.000000 0.000000 0.000000 0.000000 0.000000 0.000000 0.000000 0.000000 0.000000 0.000000 0.000000 0.000000 0.000000 0.000000 0.000000 0.000000 0.000000 0.000000 0.000000 0.000000 0.000000 0.000000 0.000000 126.908796 0.000000 0.000000 0.000000 130.740913 156.881439 0.000000 0.000000 0.000000 0.000000 0.000000 0.000000 0.000000 95.369283 0.000000 0.000000 0.000000 31.970261 52.293878 86.002337 85.026733 116.911337 0.000000 0.000000 21.310029 0.000000 0.000000 90.513785 128.425954 117.420800 0.000000 102.818190 0.000000 86.156180 85.439954 0.000000 114.754694 135.962376 94.746386 30.933328 31.872027 0.000000 0.000000 42.124206 55.674409
0.000000 0.000000 52.068343 0.000000 0.000000 0.000000 0.000000 0.000000 0.000000 0.000000 96.307190 0.000000 88.724866 0.000000 0.000000 0.000000 59.750954 0.000000 65.097325 0.000000 0.000000 0.000000 69.798033 0.000000 38.858595 51.784383 46.108318 0.000000 0.000000 0.000000 0.000000 0.000000 0.000000 77.411337 0.000000 0.000000 44.076645 0.000000 0.000000 0.000000 0.000000 0.000000 73.328223 166.646731 55.674879 0.000000 47.989568 106.165502 0.000000 0.000000 50.315325 57.442335 50.272234 0.000000 0.000000 25.932299 92.123927 85.781166 32.734083 40.672074 37.610184 106.194674 113.422711 0.000000 70.841148 0.000000 0.000000 57.614147
0.000000 49.598665 98.802491 0.000000 0.000000 0.000000 179.350560 204.324743 0.000000 0.000000 0.000000 0.000000 0.000000 0.000000 0.000000 99.732558 107.167517 0.000000 126.724715 0.000000 128.173239 62.786179 105.568347 162.493377 0.000000 98.566238 92.096827 161.109657 0.000000 0.000000 0.000000 0.000000 0.000000 99.909511 95.369283 44.076645 0.000000 149.714241 0.000000 132.389771 101.013845 127.958317 0.000000 125.766233 106.291880 174.083237 0.000000 112.306541 0.000000 0.000000 52.538136 106.419727 59.264970 0.000000 66.816626 40.425190 37.978971 117.845317 0.000000 33.287814 42.071070 96.755631 143.248972 90.411370 0.000000 0.000000 0.000000 63.736512
0.000000 0.000000 0.000000 148.936462 0.000000 152.212214 138.322099 153.027607 81.782377 153.398002 0.000000 143.111129 0.000000 0.000000 0.000000 0.000000 0.000000 0.000000 0.000000 141.626972 0.000000 0.000000 0.000000 111.558452 0.000000 0.000000 0.000000 148.509268 0.000000 0.000000 0.000000 0.000000 0.000000 0.000000 0.000000 0.000000 149.714241 0.000000 0.000000 67.374168 59.651344 99.555057 58.871857 25.303265 0.000000 39.675761 0.000000 99.645122 0.000000 0.000000 0.000000 0.000000 0.000000 17.001179 0.000000 0.000000 0.000000 18.905933 0.000000 170.991553 184.015413 22.696379 116.630316 0.000000 0.000000 0.000000 0.000000 109.435454
0.000000 0.000000 0.000000 0.000000 0.000000 0.000000 0.000000 0.000000 0.000000 0.000000 0.000000 0.000000 0.000000 0.000000 0.000000 0.000000 0.000000 0.000000 0.000000 0.000000 0.000000 0.000000 0.000000 0.000000 0.000000 0.000000 0.000000 0.000000 0.000000 0.000000 0.000000 0.000000 0.000000 0.000000 0.000000 0.000000 0.000000 0.000000 0.000000 17.933270 0.000000 0.000000 0.000000 102.636374 0.000000 88.480411 191.835376 0.000000 20.279102 0.000000 0.000000 0.000000 0.000000 91.431512 0.000000 107.064740 0.000000 97.372551 0.000000 183.005185 174.890565 104.458780 130.404664 0.000000 0.000000 8.440946 0.000000 12.596136
0.000000 0.000000 0.000000 145.969878 0.000000 0.000000 0.000000 0.000000 0.000000 145.955314 0.000000 124.307908 0.000000 0.000000 0.000000 0.000000 0.000000 0.000000 0.000000 137.412745 0.000000 0.000000 0.000000 0.000000 0.000000 0.000000 0.000000 150.393638 0.000000 0.000000 0.000000 0.000000 0.000000 0.000000 0.000000 0.000000 132.389771 67.374168 17.933270 0.000000 51.961953 25.153662 60.874395 29.932251 104.728147 39.464758 0.000000 58.854553 23.164067 0.000000 0.000000 131.559317 0.000000 52.922377 0.000000 0.000000 120.856795 75.060777 0.000000 146.765308 149.906119 65.542213 89.860823 103.269335 0.000000 93.248753 0.000000 85.655195
0.000000 0.000000 0.000000 147.275134 0.000000 145.666327 129.404941 146.931143 78.011453 146.242567 210.188496 142.457123 0.000000 160.994259 0.000000 160.385635 0.000000 0.000000 0.000000 145.921324 0.000000 0.000000 162.354913 122.462338 0.000000 230.151909 223.220863 132.723231 161.413729 134.296483 0.000000 191.260725 143.978796 157.138023 31.970261 0.000000 101.013845 59.651344 0.000000 51.961953 0.000000 56.099568 59.600737 27.042715 137.404471 101.847635 164.151156 48.772555 69.459284 75.397391 94.848831 133.958859 112.917601 71.996019 71.864178 0.000000 88.407531 61.231780 0.000000 114.592207 123.821724 36.113560 86.889866 38.716856 0.000000 0.000000 77.451844 88.042684
0.000000 0.000000 0.000000 156.657628 0.000000 169.197225 149.034331 170.232991 105.179527 160.046109 0.000000 0.000000 0.000000 179.631199 0.000000 0.000000 0.000000 0.000000 0.000000 160.227295 0.000000 0.000000 0.000000 141.969386 0.000000 0.000000 0.000000 153.857739 177.560713 166.250623 0.000000 0.000000 0.000000 176.131213 52.293878 0.000000 127.958317 99.555057 0.000000 25.153662 56.099568 0.000000 78.562568 44.420202 88.554975 84.260436 105.458126 23.895743 47.467400 0.000000 132.146000 125.780436 149.373311 84.728250 105.961621 0.000000 115.728070 91.110852 0.000000 138.063213 132.085042 89.472524 60.871763 79.460360 0.000000 0.000000 0.000000 50.490912
0.000000 0.000000 0.000000 75.192012 0.000000 0.000000 0.000000 101.781783 0.000000 83.768755 0.000000 94.819502 0.000000 99.526376 0.000000 0.000000 0.000000 0.000000 0.000000 74.723495 0.000000 0.000000 0.000000 53.607136 0.000000 0.000000 212.408087 76.238363 87.530993 72.825104 0.000000 0.000000 0.000000 0.000000 86.002337 73.328223 0.000000 58.871857 0.000000 60.874395 59.600737 78.562568 0.000000 68.458019 147.185380 45.275857 130.393342 81.195248 0.000000 0.000000 0.000000 147.116543 138.160475 56.166754 0.000000 39.178613 0.000000 35.191169 116.986378 128.604870 127.832180 58.245450 88.668437 0.000000 146.618746 0.000000 71.659021 95.490244
0.000000 0.000000 0.000000 153.623719 0.000000 155.749561 147.424317 160.746297 94.669121 158.205435 0.000000 142.802088 0.000000 186.761345 0.000000 0.000000 0.000000 0.000000 0.000000 145.739738 0.000000 0.000000 0.000000 127.307120 0.000000 0.000000 226.690946 155.530297 183.687094 0.000000 0.000000 0.000000 0.000000 187.677758 85.026733 166.646731 125.766233 25.303265 102.636374 29.932251 27.042715 44.420202 68.458019 0.000000 143.987045 30.074213 161.300743 45.087301 59.897482 0.000000 137.341671 157.574406 155.143186 20.994768 96.879887 0.000000 109.312789 52.102097 0.000000 158.629761 170.910814 44.100187 101.948083 74.623207 0.000000 114.209332 86.926006 92.539153
0.000000 0.000000 0.000000 0.000000 0.000000 0.000000 0.000000 0.000000 0.000000 0.000000 75.525450 0.000000 75.791357 0.000000 0.000000 0.000000 0.000000 0.000000 0.000000 0.000000 0.000000 0.000000 0.000000 187.032866 76.454654 111.020503 109.022713 207.071379 0.000000 0.000000 91.408925 107.156569 0.000000 73.745778 116.911337 55.674879 106.291880 0.000000 0.000000 104.728147 137.404471 88.554975 147.185380 143.987045 0.000000 146.850943 23.393204 81.831963 0.000000 0.000000 46.012301 20.141771 25.805507 141.783744 88.676294 91.692792 99.287232 150.070497 38.117755 32.154761 61.994299 148.386659 91.134086 110.031352 41.616139 48.551118 0.000000 28.181594
0.000000 0.000000 0.000000 141.435314 0.000000 134.338352 0.000000 0.000000 0.000000 149.426033 0.000000 117.609696 0.000000 0.000000 0.000000 0.000000 0.000000 0.000000 0.000000 134.485074 0.000000 0.000000 0.000000 123.326516 0.000000 0.000000 0.000000 151.076779 0.000000 0.000000 0.000000 0.000000 0.000000 0.000000 0.000000 0.000000 174.083237 39.675761 88.480411 39.464758 101.847635 84.260436 45.275857 30.074213 146.850943 0.000000 161.353956 95.270751 70.360282 0.000000 0.000000 159.910544 0.000000 23.800230 0.000000 0.000000 0.000000 19.458475 0.000000 169.091489 176.717828 51.648531 109.169606 0.000000 0.000000 0.000000 0.000000 99.354088
0.000000 110.844290 0.000000 0.000000 0.000000 0.000000 0.000000 136.271205 0.000000 0.000000 74.494907 0.000000 76.946161 117.290392 0.000000 0.000000 0.000000 101.200265 0.000000 0.000000 0.000000 0.000000 0.000000 193.410215 77.073852 93.376121 107.241480 0.000000 104.771480 0.000000 90.869025 107.019430 0.000000 71.615961 0.000000 47.989568 0.000000 0.000000 191.835376 0.000000 164.151156 105.458126 130.393342 161.300743 23.393204 161.353956 0.000000 94.817410 0.000000 0.000000 0.000000 51.220440 65.509806 0.000000 0.000000 75.359389 0.000000 141.661375 25.984529 33.897258 42.153896 167.195242 72.762407 0.000000 16.179041 0.000000 0.000000 49.047337
0.000000 0.000000 0.000000 166.525566 0.000000 0.000000 155.549155 175.644237 95.905087 165.175562 181.909219 0.000000 0.000000 189.209894 0.000000 0.000000 0.000000 0.000000 0.000000 159.894004 0.000000 0.000000 0.000000 144.503050 0.000000 182.286632 167.937493 154.177540 177.652114 0.000000 0.000000 0.000000 0.000000 180.076363 21.310029 106.165502 112.306541 99.645122 0.000000 58.854553 48.772555 23.895743 81.195248 45.087301 81.831963 95.270751 94.817410 0.000000 41.804828 0.000000 111.359234 114.573680 127.276077 95.373784 97.417509 0.000000 103.885639 113.759766 123.821664 124.213463 119.248356 96.904951 42.469897 66.453057 102.284111 0.000000 0.000000 42.643354
0.000000 0.000000 0.000000 0.000000 0.000000 0.000000 0.000000 0.000000 0.000000 0.000000 0.000000 0.000000 0.000000 0.000000 0.000000 0.000000 0.000000 0.000000 0.000000 0.000000 0.000000 0.000000 0.000000 0.000000 0.000000 0.000000 0.000000 0.000000 0.000000 0.000000 0.000000 0.000000 0.000000 0.000000 0.000000 0.000000 0.000000 0.000000 20.279102 23.164067 69.459284 47.467400 0.000000 59.897482 0.000000 70.360282 0.000000 41.804828 0.000000 0.000000 0.000000 0.000000 0.000000 80.869165 0.000000 90.847298 0.000000 76.784762 0.000000 166.688448 166.406321 83.245394 0.000000 0.000000 0.000000 41.023560 0.000000 54.140116
0.000000 0.000000 0.000000 0.000000 0.000000 0.000000 0.000000 0.000000 0.000000 0.000000 0.000000 0.000000 0.000000 0.000000 0.000000 101.815922 0.000000 0.000000 0.000000 0.000000 118.907419 53.896626 110.384790 112.655827 0.000000 0.000000 105.308503 119.742149 130.491591 117.862375 0.000000 0.000000 119.068287 0.000000 0.000000 0.000000 0.000000 0.000000 0.000000 0.000000 75.397391 0.000000 0.000000 0.000000 0.000000 0.000000 0.000000 0.000000 0.000000 0.000000 89.656932 0.000000 0.000000 0.000000 23.146646 35.281897 20.824493 37.312921 0.000000 106.374429 30.558387 40.226626 110.575601 80.286538 0.000000 0.000000 0.000000 88.177083
0.000000 60.616833 108.295053 0.000000 0.000000 0.000000 0.000000 0.000000 0.000000 0.000000 0.000000 0.000000 0.000000 0.000000 0.000000 0.000000 116.398718 0.000000 0.000000 0.000000 0.000000 0.000000 113.693336 170.995171 0.000000 105.458665 105.497479 0.000000 0.000000 0.000000 0.000000 0.000000 0.000000 108.971692 90.513785 50.315325 52.538136 0.000000 0.000000 0.000000 94.848831 132.146000 0.000000 137.341671 46.012301 0.000000 0.000000 111.359234 0.000000 89.656932 0.000000 46.593282 19.321971 0.000000 54.487582 55.857298 28.259361 140.134044 0.000000 35.220123 72.801979 98.410456 107.288967 75.943100 0.000000 0.000000 0.000000 22.910372
0.000000 0.000000 150.740170 0.000000 0.000000 0.000000 0.000000 0.000000 0.000000 0.000000 95.327198 0.000000 94.955645 0.000000 0.000000 0.000000 0.000000 105.423076 108.977329 0.000000 0.000000 0.000000 0.000000 0.000000 86.332082 103.307011 108.427946 0.000000 0.000000 0.000000 105.227434 0.000000 0.000000 0.000000 128.425954 57.442335 106.419727 0.000000 0.000000 131.559317 133.958859 125.780436 147.116543 157.574406 20.141771 159.910544 51.220440 114.573680 0.000000 0.000000 46.593282 0.000000 26.495817 158.536784 91.515995 88.575207 103.160685 154.189195 44.119926 33.020687 72.907030 173.670920 130.578065 112.912532 51.511220 69.196635 0.000000 45.120382
0.000000 0.000000 108.658818 0.000000 0.000000 0.000000 0.000000 0.000000 0.000000 0.000000 101.255480 0.000000 106.891271 0.000000 0.000000 0.000000 114.659012 125.883742 104.966449 0.000000 0.000000 0.000000 129.294349 0.000000 0.000000 100.371881 104.287999 0.000000 0.000000 0.000000 0.000000 0.000000 0.000000 107.627608 117.420800 50.272234 59.264970 0.000000 0.000000 0.000000 112.917601 149.373311 138.160475 155.143186 25.805507 0.000000 65.509806 127.276077 0.000000 0.000000 19.321971 26.495817 0.000000 153.157454 74.159131 85.832146 73.654439 150.966264 66.948614 34.581239 64.250587 150.492602 122.665752 96.070411 0.000000 0.000000 0.000000 39.818488
0.000000 0.000000 0.000000 142.408368 0.000000 150.849342 133.217619 161.877764 0.000000 149.446737 0.000000 134.494539 0.000000 0.000000 0.000000 0.000000 0.000000 0.000000 0.000000 135.886369 0.000000 0.000000 0.000000 109.188544 0.000000 0.000000 0.000000 148.261564 0.000000 0.000000 0.000000 0.000000 0.000000 0.000000 0.000000 0.000000 0.000000 17.001179 91.431512 52.922377 71.996019 84.728250 56.166754 20.994768 141.783744 23.800230 0.000000 95.373784 80.869165 0.000000 0.000000 158.536784 153.157454 0.000000 0.000000 0.000000 0.000000 29.589200 0.000000 165.405930 174.072285 37.155427 106.676227 0.000000 0.000000 0.000000 0.000000 102.581871
0.000000 0.000000 0.000000 0.000000 0.000000 0.000000 0.000000 0.000000 0.000000 0.000000 0.000000 0.000000 0.000000 152.722256 0.000000 119.827683 0.000000 0.000000 0.000000 0.000000 130.464666 71.955160 132.607610 119.977165 0.000000 0.000000 0.000000 128.417048 140.402798 125.259658 0.000000 0.000000 123.533146 0.000000 102.818190 0.000000 66.816626 0.000000 0.000000 0.000000 71.864178 105.961621 0.000000 96.879887 88.676294 0.000000 0.000000 97.417509 0.000000 23.146646 54.487582 91.515995 74.159131 0.000000 0.000000 58.727280 42.719718 7.246835 0.000000 107.471987 91.940031 40.088722 92.491056 36.136031 0.000000 0.000000 75.900783 55.114663
0.000000 0.000000 66.154745 0.000000 0.000000 0.000000 0.000000 0.000000 0.000000 0.000000 0.000000 0.000000 0.000000 0.000000 0.000000 52.579199 0.000000 0.000000 0.000000 0.000000 70.539943 0.000000 65.473710 62.794109 0.000000 0.000000 51.214135 70.309431 80.889124 68.376743 0.000000 0.000000 0.000000 0.000000 0.000000 25.932299 40.425190 0.000000 107.064740 0.000000 0.000000 0.000000 39.178613 0.000000 91.692792 0.000000 75.359389 0.000000 90.847298 35.281897 55.857298 88.575207 85.832146 0.000000 58.727280 0.000000 53.778112 50.337469 55.270942 77.557826 41.086161 58.548885 72.152061 62.256097 79.896720 0.000000 0.000000 84.716963
0.000000 0.000000 107.464132 0.000000 0.000000 0.000000 0.000000 0.000000 0.000000 0.000000 0.000000 0.000000 0.000000 0.000000 0.000000 111.274745 0.000000 0.000000 0.000000 0.000000 127.215130 66.604831 117.264947 128.056565 0.000000 160.466860 110.393281 138.260046 148.761844 124.875324 0.000000 0.000000 0.000000 105.777172 86.156180 92.123927 37.978971 0.000000 0.000000 120.856795 88.407531 115.728070 0.000000 109.312789 99.287232 0.000000 0.000000 103.885639 0.000000 20.824493 28.259361 103.160685 73.654439 0.000000 42.719718 53.778112 0.000000 68.740957 0.000000 60.497401 47.946901 67.017035 144.386459 53.198494 0.000000 0.000000 0.000000 49.180492
132.636430 0.000000 0.000000 126.760494 0.000000 137.904008 115.442451 139.737554 61.856514 130.628480 204.077374 129.592684 208.680345 147.905600 0.000000 122.342507 0.000000 208.841763 0.000000 124.708853 131.100845 0.000000 166.378105 105.382717 0.000000 211.507698 201.181478 117.971133 139.045014 123.884535 0.000000 176.805327 126.813578 143.741768 85.439954 85.781166 117.845317 18.905933 97.372551 75.060777 61.231780 91.110852 35.191169 52.102097 150.070497 19.458475 141.661375 113.759766 76.784762 37.312921 140.134044 154.189195 150.966264 29.589200 7.246835 50.337469 68.740957 0.000000 123.336295 137.552533 112.413948 19.061366 96.096504 85.728156 157.099971 114.315524 81.380214 129.502746
0.000000 0.000000 0.000000 0.000000 0.000000 0.000000 0.000000 0.000000 0.000000 0.000000 58.170510 0.000000 47.784657 0.000000 0.000000 0.000000 0.000000 56.724506 77.436835 0.000000 0.000000 0.000000 0.000000 0.000000 13.866476 54.021911 54.252298 0.000000 0.000000 0.000000 54.172694 0.000000 0.000000 70.486112 0.000000 32.734083 0.000000 0.000000 0.000000 0.000000 0.000000 0.000000 116.986378 0.000000 38.117755 0.000000 25.984529 123.821664 0.000000 0.000000 0.000000 44.119926 66.948614 0.000000 0.000000 55.270942 0.000000 123.336295 0.000000 36.443515 36.654745 135.052559 0.000000 0.000000 38.835527 0.000000 0.000000 50.033235
0.000000 107.706987 106.387380 0.000000 0.000000 0.000000 0.000000 192.676409 0.000000 0.000000 92.313178 0.000000 89.294423 158.227440 0.000000 162.479744 106.764542 99.144998 100.653923 0.000000 0.000000 150.548224 145.563821 199.408819 80.199121 95.143354 97.866775 212.515244 163.912569 169.835284 96.081353 0.000000 0.000000 113.998522 114.754694 40.672074 33.287814 170.991553 183.005185 146.765308 114.592207 138.063213 128.604870 158.629761 32.154761 169.091489 33.897258 124.213463 166.688448 106.374429 35.220123 33.020687 34.581239 165.405930 107.471987 77.557826 60.497401 137.552533 36.443515 0.000000 46.222999 143.251520 130.750161 101.384639 28.488601 76.883651 123.704516 56.707813
