0.000000 0.000000 0.001173 0.000000 0.000000 0.000147 0.052240 0.005307 0.000000 0.000907 0.001093 0.000000 0.000160 0.079173 0.000000 0.000000 0.004187 0.000893 0.003187 0.000000 0.000373 0.000000 0.010267 0.000600 0.000000 0.003280 0.000800 0.001600 0.068520 0.024187 0.000000 0.000347 0.000067 0.002120 0.000000 0.000000 0.000000 0.000000 0.000000 0.000000 0.000000 0.000000 0.000000 0.000000 0.000000 0.000000 0.000000 0.000000 0.000000 0.000000 0.000000 0.000000 0.000000 0.000000 0.000000 0.000000 0.000000 0.000280 0.000000 0.000000 0.000000 0.000240 0.000000 0.000000 0.000000 0.000000 0.000000 0.000000
0.000000 0.000000 0.000400 0.000000 0.000133 0.000000 0.000000 0.000000 0.001027 0.000000 0.000160 0.000000 0.012880 0.000000 0.000187 0.000000 0.000213 0.000000 0.000067 0.000000 0.000000 0.001853 0.000000 0.005907 0.013147 0.001280 0.056760 0.000000 0.000000 0.000000 0.000293 0.000000 0.000000 0.000120 0.000000 0.000000 0.000253 0.000000 0.000000 0.000000 0.000000 0.000000 0.000000 0.000000 0.000000 0.000000 0.000080 0.000000 0.000000 0.000000 0.000120 0.000000 0.000000 0.000000 0.000000 0.000000 0.000000 0.000000 0.000000 0.000453 0.003013 0.000000 0.000000 0.000000 0.000093 0.000000 0.000000 0.000000
0.001173 0.000400 0.000000 0.000000 0.000000 0.000187 0.018733 0.005787 0.000000 0.001333 0.000147 0.000000 0.000000 0.004120 0.000000 0.000333 0.043880 0.000440 0.002093 0.000000 0.002987 0.000227 0.157040 0.000467 0.000000 0.159453 0.070720 0.003907 0.001707 0.004827 0.000000 0.000067 0.000000 0.003960 0.000000 0.000387 0.020347 0.000000 0.000000 0.000000 0.000000 0.000000 0.000000 0.000000 0.000000 0.000000 0.000000 0.000000 0.000000 0.000000 0.010280 0.000067 0.002053 0.000000 0.000000 0.000067 0.002840 0.000000 0.000000 0.004307 0.025987 0.000000 0.000000 0.000000 0.000000 0.000000 0.000000 0.000493
0.000000 0.000000 0.000000 0.000000 0.000840 0.005827 0.000707 0.001853 0.009787 0.176000 0.000067 0.011093 0.000000 0.000867 0.000373 0.000000 0.000000 0.000000 0.000000 0.131600 0.000000 0.000000 0.000000 0.022987 0.000000 0.000000 0.000147 0.109787 0.001187 0.000000 0.000000 0.000400 0.000000 0.000440 0.000000 0.000000 0.000000 0.001587 0.000000 0.000253 0.000560 0.000360 0.000707 0.007067 0.000000 0.000733 0.000000 0.000227 0.000000 0.000000 0.000000 0.000000 0.000000 0.001413 0.000000 0.000000 0.000000 0.001253 0.000000 0.000000 0.000000 0.004853 0.000213 0.000000 0.000000 0.000000 0.000000 0.000000
0.000000 0.000133 0.000000 0.000840 0.000000 0.017547 0.000467 0.000333 0.000547 0.000987 0.000000 0.003000 0.000093 0.000000 0.019120 0.000000 0.000000 0.000000 0.000000 0.000467 0.000000 0.000600 0.000000 0.001133 0.000000 0.000000 0.001173 0.000640 0.000187 0.000000 0.000000 0.010347 0.000000 0.000200 0.000000 0.000000 0.000000 0.000000 0.000000 0.000000 0.000000 0.000000 0.000000 0.000000 0.000000 0.000000 0.000000 0.000000 0.000000 0.000000 0.000000 0.000000 0.000000 0.000000 0.000000 0.000000 0.000000 0.000000 0.000000 0.000000 0.000000 0.000000 0.000000 0.000000 0.000000 0.000000 0.000000 0.000000
0.000147 0.000000 0.000187 0.005827 0.017547 0.000000 0.003000 0.137680 0.001000 0.102240 0.000560 0.046307 0.000293 0.006853 0.021587 0.000000 0.000107 0.000093 0.000000 0.006467 0.000200 0.000133 0.000360 0.001187 0.000000 0.000307 0.000707 0.014827 0.001320 0.000227 0.000000 0.026387 0.000000 0.001267 0.000000 0.000000 0.000000 0.000307 0.000000 0.000000 0.000280 0.000080 0.000000 0.001293 0.000000 0.000187 0.000000 0.000000 0.000000 0.000000 0.000000 0.000000 0.000000 0.000253 0.000000 0.000000 0.000000 0.000280 0.000000 0.000000 0.000000 0.001093 0.000000 0.000000 0.000000 0.000000 0.000000 0.000000
0.052240 0.000000 0.018733 0.000707 0.000467 0.003000 0.000000 0.050333 0.003467 0.078747 0.000160 0.000000 0.000093 0.077053 0.000320 0.000093 0.001653 0.000187 0.001160 0.000000 0.018067 0.000000 0.029600 0.023813 0.000000 0.007573 0.004613 0.222040 0.017267 0.087533 0.000000 0.000333 0.000173 0.002493 0.000000 0.000000 0.000147 0.000253 0.000000 0.000000 0.001267 0.000747 0.000000 0.001267 0.000000 0.000000 0.000000 0.000853 0.000000 0.000000 0.000000 0.000000 0.000000 0.000067 0.000000 0.000000 0.000000 0.002747 0.000000 0.000000 0.000200 0.003693 0.000453 0.000067 0.000000 0.000000 0.000000 0.000200
0.005307 0.000000 0.005787 0.001853 0.000333 0.137680 0.050333 0.000000 0.000947 0.082573 0.002800 0.010400 0.000893 0.160133 0.000547 0.000000 0.003960 0.000933 0.003013 0.002973 0.007427 0.000000 0.013360 0.006773 0.000000 0.005907 0.001560 0.019760 0.010213 0.007133 0.000000 0.032520 0.000000 0.005053 0.000000 0.000000 0.000120 0.000147 0.000000 0.000000 0.001093 0.000387 0.000067 0.000680 0.000000 0.000000 0.000160 0.000520 0.000000 0.000000 0.000000 0.000000 0.000000 0.000080 0.000000 0.000000 0.000000 0.002280 0.000000 0.000080 0.000080 0.002707 0.000293 0.000000 0.000000 0.000000 0.000000 0.000067
0.000000 0.001027 0.000000 0.009787 0.000547 0.001000 0.003467 0.000947 0.000000 0.018013 0.000107 0.003947 0.001227 0.000600 0.000533 0.000160 0.000000 0.000000 0.000000 0.002640 0.000173 0.015560 0.000000 0.029933 0.000507 0.000253 0.006533 0.015680 0.002107 0.000413 0.000000 0.000147 0.000347 0.000187 0.000000 0.000000 0.000000 0.000160 0.000000 0.000000 0.000093 0.000080 0.000000 0.000267 0.000000 0.000000 0.000000 0.000107 0.000000 0.000000 0.000000 0.000000 0.000000 0.000000 0.000000 0.000000 0.000000 0.000880 0.000000 0.000000 0.000000 0.000773 0.000253 0.000107 0.000000 0.000000 0.000000 0.000000
0.000907 0.000000 0.001333 0.176000 0.000987 0.102240 0.078747 0.082573 0.018013 0.000000 0.000907 0.091867 0.000373 0.032613 0.001133 0.000000 0.000093 0.000387 0.000120 0.156560 0.001280 0.000000 0.001493 0.015267 0.000000 0.001000 0.002053 0.236400 0.012293 0.000640 0.000000 0.001133 0.000000 0.003880 0.000000 0.000000 0.000000 0.003747 0.000000 0.000840 0.003187 0.002280 0.001280 0.019200 0.000000 0.001893 0.000000 0.001640 0.000000 0.000000 0.000000 0.000000 0.000000 0.003520 0.000000 0.000000 0.000000 0.005373 0.000000 0.000000 0.000093 0.016587 0.001053 0.000000 0.000000 0.000000 0.000000 0.000253
0.001093 0.000160 0.000147 0.000067 0.000000 0.000560 0.000160 0.002800 0.000107 0.000907 0.000000 0.000693 0.021520 0.008267 0.000000 0.000000 0.002187 0.060387 0.018053 0.000080 0.000493 0.000000 0.000853 0.000547 0.002453 0.015587 0.010787 0.000293 0.011960 0.001107 0.002147 0.003747 0.000613 0.040320 0.000000 0.000080 0.000000 0.000000 0.000000 0.000000 0.000147 0.000000 0.000000 0.000000 0.000613 0.000000 0.006653 0.000147 0.000000 0.000000 0.000000 0.000467 0.000160 0.000000 0.000000 0.000000 0.000000 0.000227 0.000280 0.004253 0.002240 0.000333 0.000093 0.000000 0.000880 0.000000 0.000000 0.000400
0.000000 0.000000 0.000000 0.011093 0.003000 0.046307 0.000000 0.010400 0.003947 0.091867 0.000693 0.000000 0.000267 0.006280 0.001907 0.000000 0.000000 0.000227 0.000067 0.064600 0.000000 0.000000 0.000067 0.002373 0.000000 0.000427 0.000587 0.011053 0.002053 0.000000 0.000000 0.002973 0.000000 0.001480 0.000000 0.000000 0.000000 0.000760 0.000000 0.000253 0.000107 0.000000 0.000080 0.002707 0.000000 0.000400 0.000000 0.000000 0.000000 0.000000 0.000000 0.000000 0.000000 0.000587 0.000000 0.000000 0.000000 0.000267 0.000000 0.000000 0.000000 0.001387 0.000067 0.000000 0.000000 0.000000 0.000000 0.000000
0.000160 0.012880 0.000000 0.000000 0.000093 0.000293 0.000093 0.000893 0.001227 0.000373 0.021520 0.000267 0.000000 0.002093 0.000067 0.000000 0.000000 0.000640 0.000133 0.000000 0.000000 0.004067 0.000000 0.004747 0.052933 0.002680 0.056213 0.000267 0.001893 0.000000 0.004627 0.001880 0.000000 0.017067 0.000000 0.000107 0.000000 0.000000 0.000000 0.000000 0.000000 0.000000 0.000000 0.000000 0.002333 0.000000 0.013787 0.000000 0.000000 0.000000 0.000000 0.000987 0.000093 0.000000 0.000000 0.000000 0.000000 0.000120 0.000867 0.009907 0.004627 0.000147 0.000080 0.000000 0.002720 0.000000 0.000000 0.000507
0.079173 0.000000 0.004120 0.000867 0.000000 0.006853 0.077053 0.160133 0.000600 0.032613 0.008267 0.006280 0.002093 0.000000 0.000107 0.000000 0.005293 0.002760 0.004680 0.001187 0.004813 0.000000 0.017240 0.003307 0.000107 0.007387 0.003693 0.007213 0.103133 0.022907 0.000120 0.017400 0.000000 0.006813 0.000000 0.000000 0.000000 0.000000 0.000000 0.000000 0.000867 0.000173 0.000107 0.000187 0.000000 0.000000 0.000267 0.000360 0.000000 0.000000 0.000000 0.000000 0.000000 0.000000 0.000067 0.000000 0.000000 0.002253 0.000000 0.000227 0.000120 0.002453 0.000307 0.000000 0.000000 0.000000 0.000000 0.000253
0.000000 0.000187 0.000000 0.000373 0.019120 0.021587 0.000320 0.000547 0.000533 0.001133 0.000000 0.001907 0.000067 0.000107 0.000000 0.000000 0.000000 0.000000 0.000000 0.000307 0.000000 0.000600 0.000000 0.000867 0.000067 0.000000 0.001280 0.000627 0.000293 0.000000 0.000000 0.007533 0.000000 0.000000 0.000000 0.000000 0.000000 0.000000 0.000000 0.000000 0.000000 0.000000 0.000000 0.000000 0.000000 0.000000 0.000000 0.000000 0.000000 0.000000 0.000000 0.000000 0.000000 0.000000 0.000000 0.000000 0.000000 0.000000 0.000000 0.000000 0.000000 0.000000 0.000000 0.000000 0.000000 0.000000 0.000000 0.000000
0.000000 0.000000 0.000333 0.000000 0.000000 0.000000 0.000093 0.000000 0.000160 0.000000 0.000000 0.000000 0.000000 0.000000 0.000000 0.000000 0.000000 0.000000 0.000000 0.000000 0.045960 0.030387 0.143067 0.026440 0.000000 0.000293 0.013573 0.016400 0.000000 0.006053 0.000000 0.000000 0.000000 0.000467 0.000000 0.000000 0.000573 0.000000 0.000000 0.000000 0.000120 0.000000 0.000000 0.000000 0.000000 0.000000 0.000000 0.000000 0.000000 0.030680 0.000000 0.000000 0.000000 0.000000 0.007427 0.003120 0.024773 0.000307 0.000000 0.000080 0.013933 0.001227 0.000187 0.002453 0.000000 0.000000 0.000000 0.000000
0.004187 0.000213 0.043880 0.000000 0.000000 0.000107 0.001653 0.003960 0.000000 0.000093 0.002187 0.000000 0.000000 0.005293 0.000000 0.000000 0.000000 0.010440 0.068000 0.000000 0.000587 0.000000 0.032213 0.000893 0.000000 0.048253 0.129213 0.001000 0.010787 0.011840 0.000000 0.000000 0.000427 0.005867 0.000000 0.000147 0.002907 0.000000 0.000000 0.000000 0.000000 0.000000 0.000000 0.000000 0.000000 0.000000 0.000000 0.000000 0.000000 0.000000 0.001280 0.000000 0.000573 0.000000 0.000000 0.000000 0.000000 0.000000 0.000000 0.001893 0.003827 0.000000 0.000000 0.000000 0.000000 0.000000 0.000000 0.000120
0.000893 0.000000 0.000440 0.000000 0.000000 0.000093 0.000187 0.000933 0.000000 0.000387 0.060387 0.000227 0.000640 0.002760 0.000000 0.000000 0.010440 0.000000 0.054213 0.000000 0.000373 0.000000 0.001227 0.000253 0.000000 0.037373 0.014267 0.000147 0.004867 0.002120 0.000613 0.000320 0.000147 0.007547 0.000000 0.000000 0.000000 0.000000 0.000000 0.000000 0.000000 0.000000 0.000000 0.000000 0.000000 0.000000 0.000187 0.000000 0.000000 0.000000 0.000000 0.000173 0.000093 0.000000 0.000000 0.000000 0.000000 0.000067 0.000080 0.002307 0.001373 0.000000 0.000000 0.000000 0.000000 0.000000 0.000000 0.000000
0.003187 0.000067 0.002093 0.000000 0.000000 0.000000 0.001160 0.003013 0.000000 0.000120 0.018053 0.000067 0.000133 0.004680 0.000000 0.000000 0.068000 0.054213 0.000000 0.000000 0.001227 0.000000 0.008400 0.000173 0.000000 0.120920 0.063893 0.000240 0.013040 0.010213 0.000107 0.000133 0.001147 0.017840 0.000000 0.000133 0.000120 0.000000 0.000000 0.000000 0.000000 0.000000 0.000000 0.000000 0.000000 0.000000 0.000000 0.000000 0.000000 0.000000 0.000000 0.000120 0.000520 0.000000 0.000000 0.000000 0.000000 0.000000 0.000067 0.005613 0.003933 0.000000 0.000000 0.000000 0.000000 0.000000 0.000000 0.000000
0.000000 0.000000 0.000000 0.131600 0.000467 0.006467 0.000000 0.002973 0.002640 0.156560 0.000080 0.064600 0.000000 0.001187 0.000307 0.000000 0.000000 0.000000 0.000000 0.000000 0.000000 0.000000 0.000000 0.003027 0.000000 0.000067 0.000000 0.048787 0.000480 0.000000 0.000000 0.000253 0.000000 0.000187 0.000000 0.000000 0.000000 0.000880 0.000000 0.000173 0.000187 0.000107 0.000107 0.003147 0.000000 0.000507 0.000000 0.000093 0.000000 0.000000 0.000000 0.000000 0.000000 0.000640 0.000000 0.000000 0.000000 0.000453 0.000000 0.000000 0.000000 0.002560 0.000067 0.000000 0.000000 0.000000 0.000000 0.000000
0.000373 0.000000 0.002987 0.000000 0.000000 0.000200 0.018067 0.007427 0.000173 0.001280 0.000493 0.000000 0.000000 0.004813 0.000000 0.045960 0.000587 0.000373 0.001227 0.000000 0.000000 0.001320 0.258427 0.006520 0.000000 0.000987 0.008827 0.052573 0.001080 0.118267 0.000000 0.000000 0.000000 0.024947 0.000000 0.000000 0.000120 0.000000 0.000000 0.000000 0.000000 0.000000 0.000000 0.000000 0.000000 0.000000 0.000000 0.000000 0.000000 0.004360 0.000000 0.000000 0.000000 0.000000 0.005120 0.000480 0.002707 0.000707 0.000000 0.000000 0.000973 0.001827 0.000333 0.003133 0.000000 0.000000 0.000000 0.000000
0.000000 0.001853 0.000227 0.000000 0.000600 0.000133 0.000000 0.000000 0.015560 0.000000 0.000000 0.000000 0.004067 0.000000 0.000600 0.030387 0.000000 0.000000 0.000000 0.000000 0.001320 0.000000 0.005987 0.035400 0.001307 0.000280 0.032013 0.000693 0.000067 0.000267 0.000080 0.000200 0.000000 0.000067 0.000000 0.000000 0.000093 0.000000 0.000000 0.000000 0.000000 0.000000 0.000000 0.000000 0.000000 0.000000 0.000000 0.000000 0.000000 0.001707 0.000000 0.000000 0.000000 0.000000 0.000680 0.000000 0.000507 0.000000 0.000000 0.000080 0.001080 0.000213 0.000000 0.000200 0.000000 0.000000 0.000000 0.000000
0.010267 0.000000 0.157040 0.000000 0.000000 0.000360 0.029600 0.013360 0.000000 0.001493 0.000853 0.000067 0.000000 0.017240 0.000000 0.143067 0.032213 0.001227 0.008400 0.000000 0.258427 0.005987 0.000000 0.015960 0.000000 0.047533 0.223493 0.061840 0.015533 0.093867 0.000000 0.000160 0.000240 0.034680 0.000000 0.000227 0.015160 0.000000 0.000000 0.000000 0.000120 0.000000 0.000000 0.000000 0.000000 0.000000 0.000000 0.000000 0.000000 0.020267 0.002133 0.000000 0.000093 0.000000 0.001893 0.002013 0.039027 0.000147 0.000000 0.000613 0.038053 0.000360 0.000000 0.000387 0.000000 0.000000 0.000000 0.000173
0.000600 0.005907 0.000467 0.022987 0.001133 0.001187 0.023813 0.006773 0.029933 0.015267 0.000547 0.002373 0.004747 0.003307 0.000867 0.026440 0.000893 0.000253 0.000173 0.003027 0.006520 0.035400 0.015960 0.000000 0.002373 0.002720 0.073453 0.108813 0.011400 0.015253 0.000213 0.000560 0.002573 0.003027 0.000173 0.000000 0.000400 0.000307 0.000000 0.000000 0.002973 0.001040 0.001627 0.001120 0.000173 0.000107 0.000093 0.001800 0.000000 0.001733 0.000080 0.000000 0.000000 0.000133 0.002600 0.000707 0.000240 0.018053 0.000000 0.000707 0.000840 0.016240 0.003600 0.002587 0.000000 0.000000 0.000000 0.000400
0.000000 0.013147 0.000000 0.000000 0.000000 0.000000 0.000000 0.000000 0.000507 0.000000 0.002453 0.000000 0.052933 0.000107 0.000067 0.000000 0.000000 0.000000 0.000000 0.000000 0.000000 0.001307 0.000000 0.002373 0.000000 0.001067 0.022960 0.000000 0.000000 0.000000 0.000973 0.000080 0.000000 0.000360 0.000000 0.000160 0.000000 0.000000 0.000000 0.000000 0.000000 0.000000 0.000000 0.000000 0.000360 0.000000 0.001613 0.000000 0.000000 0.000000 0.000000 0.000293 0.000000 0.000000 0.000000 0.000000 0.000000 0.000000 0.001467 0.004440 0.002053 0.000000 0.000000 0.000000 0.000707 0.000000 0.000000 0.000000
0.003280 0.001280 0.159453 0.000000 0.000000 0.000307 0.007573 0.005907 0.000253 0.001000 0.015587 0.000427 0.002680 0.007387 0.000000 0.000293 0.048253 0.037373 0.120920 0.000067 0.000987 0.000280 0.047533 0.002720 0.001067 0.000000 0.197533 0.001587 0.007693 0.004987 0.004080 0.000333 0.000413 0.023933 0.000000 0.000787 0.006187 0.000000 0.000000 0.000000 0.000080 0.000000 0.000000 0.000000 0.000200 0.000000 0.000960 0.000067 0.000000 0.000000 0.002453 0.002573 0.015747 0.000000 0.000000 0.000000 0.000187 0.000440 0.001373 0.051280 0.048813 0.000360 0.000093 0.000000 0.000640 0.000000 0.000000 0.000573
0.000800 0.056760 0.070720 0.000147 0.001173 0.000707 0.004613 0.001560 0.006533 0.002053 0.010787 0.000587 0.056213 0.003693 0.001280 0.013573 0.129213 0.014267 0.063893 0.000000 0.008827 0.032013 0.223493 0.073453 0.022960 0.197533 0.000000 0.046440 0.004187 0.001187 0.006960 0.000667 0.000427 0.042200 0.000000 0.003720 0.027480 0.000000 0.000000 0.000000 0.000133 0.000000 0.000067 0.000080 0.000760 0.000000 0.002800 0.000093 0.000000 0.001213 0.009307 0.002987 0.014573 0.000000 0.000000 0.001547 0.009787 0.000453 0.001533 0.064160 0.100133 0.000467 0.000107 0.000067 0.001240 0.000000 0.000000 0.001080
0.001600 0.000000 0.003907 0.109787 0.000640 0.014827 0.222040 0.019760 0.015680 0.236400 0.000293 0.011053 0.000267 0.007213 0.000627 0.016400 0.001000 0.000147 0.000240 0.048787 0.052573 0.000693 0.061840 0.108813 0.000000 0.001587 0.046440 0.000000 0.024547 0.074507 0.000000 0.000373 0.006667 0.006893 0.000240 0.000000 0.000213 0.001627 0.000000 0.000267 0.005507 0.002120 0.000827 0.007773 0.000120 0.000600 0.000000 0.003307 0.000000 0.001133 0.000000 0.000000 0.000000 0.001293 0.002093 0.000187 0.000453 0.015547 0.000000 0.000240 0.000600 0.020333 0.006147 0.004533 0.000000 0.000000 0.000000 0.000800
0.068520 0.000000 0.001707 0.001187 0.000187 0.001320 0.017267 0.010213 0.002107 0.012293 0.011960 0.002053 0.001893 0.103133 0.000293 0.000000 0.010787 0.004867 0.013040 0.000480 0.001080 0.000067 0.015533 0.011400 0.000000 0.007693 0.004187 0.024547 0.000000 0.059693 0.000000 0.003013 0.061307 0.020720 0.000080 0.000000 0.000000 0.000000 0.000000 0.000000 0.000773 0.000280 0.000107 0.000307 0.000000 0.000000 0.000307 0.000600 0.000000 0.000400 0.000000 0.000000 0.000000 0.000000 0.000747 0.000093 0.000067 0.003800 0.000000 0.000107 0.000000 0.004720 0.001147 0.000827 0.000000 0.000000 0.000000 0.000227
0.024187 0.000000 0.004827 0.000000 0.000000 0.000227 0.087533 0.007133 0.000413 0.000640 0.001107 0.000000 0.000000 0.022907 0.000000 0.006053 0.011840 0.002120 0.010213 0.000000 0.118267 0.000267 0.093867 0.015253 0.000000 0.004987 0.001187 0.074507 0.059693 0.000000 0.000000 0.000067 0.006680 0.020160 0.000000 0.000000 0.000000 0.000000 0.000000 0.000000 0.000120 0.000067 0.000173 0.000000 0.000000 0.000000 0.000000 0.000000 0.000000 0.003093 0.000000 0.000000 0.000000 0.000000 0.003707 0.000813 0.001480 0.002200 0.000000 0.000080 0.000000 0.004533 0.000507 0.001213 0.000000 0.000000 0.000000 0.000000
0.000000 0.000293 0.000000 0.000000 0.000000 0.000000 0.000000 0.000000 0.000000 0.000000 0.002147 0.000000 0.004627 0.000120 0.000000 0.000000 0.000000 0.000613 0.000107 0.000000 0.000000 0.000080 0.000000 0.000213 0.000973 0.004080 0.006960 0.000000 0.000000 0.000000 0.000000 0.000000 0.000000 0.000120 0.000000 0.000000 0.000000 0.000000 0.000000 0.000000 0.000000 0.000000 0.000000 0.000000 0.000120 0.000000 0.000453 0.000000 0.000000 0.000000 0.000000 0.000160 0.000000 0.000000 0.000000 0.000000 0.000000 0.000000 0.000133 0.002227 0.001467 0.000000 0.000000 0.000000 0.000227 0.000000 0.000000 0.000000
0.000347 0.000000 0.000067 0.000400 0.010347 0.026387 0.000333 0.032520 0.000147 0.001133 0.003747 0.002973 0.001880 0.017400 0.007533 0.000000 0.000000 0.000320 0.000133 0.000253 0.000000 0.000200 0.000160 0.000560 0.000080 0.000333 0.000667 0.000373 0.003013 0.000067 0.000000 0.000000 0.000000 0.027707 0.000000 0.000000 0.000000 0.000000 0.000000 0.000000 0.000133 0.000000 0.000000 0.000000 0.000080 0.000000 0.000133 0.000000 0.000000 0.000000 0.000000 0.000000 0.000000 0.000000 0.000000 0.000000 0.000000 0.000187 0.000000 0.000000 0.000000 0.000173 0.000000 0.000000 0.000000 0.000000 0.000000 0.000080
0.000067 0.000000 0.000000 0.000000 0.000000 0.000000 0.000173 0.000000 0.000347 0.000000 0.000613 0.000000 0.000000 0.000000 0.000000 0.000000 0.000427 0.000147 0.001147 0.000000 0.000000 0.000000 0.000240 0.002573 0.000000 0.000413 0.000427 0.006667 0.061307 0.006680 0.000000 0.000000 0.000000 0.006480 0.000000 0.000000 0.000000 0.000000 0.000000 0.000000 0.000067 0.000000 0.000000 0.000000 0.000000 0.000000 0.000000 0.000000 0.000000 0.000093 0.000000 0.000000 0.000000 0.000000 0.000173 0.000000 0.000000 0.000160 0.000000 0.000000 0.000000 0.000280 0.000000 0.000067 0.000000 0.000000 0.000000 0.000000
0.002120 0.000120 0.003960 0.000440 0.000200 0.001267 0.002493 0.005053 0.000187 0.003880 0.040320 0.001480 0.017067 0.006813 0.000000 0.000467 0.005867 0.007547 0.017840 0.000187 0.024947 0.000067 0.034680 0.003027 0.000360 0.023933 0.042200 0.006893 0.020720 0.020160 0.000120 0.027707 0.006480 0.000000 0.000000 0.000067 0.000373 0.000000 0.000000 0.000000 0.000667 0.000147 0.000000 0.000187 0.000253 0.000000 0.001373 0.000267 0.000000 0.000000 0.000147 0.000000 0.000133 0.000000 0.000000 0.000000 0.000120 0.001000 0.000187 0.000920 0.001027 0.001427 0.000320 0.000147 0.000000 0.000000 0.000000 0.000760
0.000000 0.000000 0.000000 0.000000 0.000000 0.000000 0.000000 0.000000 0.000000 0.000000 0.000000 0.000000 0.000000 0.000000 0.000000 0.000000 0.000000 0.000000 0.000000 0.000000 0.000000 0.000000 0.000000 0.000173 0.000000 0.000000 0.000000 0.000240 0.000080 0.000000 0.000000 0.000000 0.000000 0.000000 0.000000 0.000000 0.000293 0.000000 0.000000 0.000000 0.011013 0.002627 0.000133 0.000653 0.000520 0.000000 0.000000 0.079800 0.000000 0.000000 0.000440 0.000493 0.000440 0.000000 0.000133 0.000000 0.000347 0.000440 0.000000 0.002347 0.000227 0.001520 0.059680 0.023773 0.000000 0.000000 0.000147 0.000413
0.000000 0.000000 0.000387 0.000000 0.000000 0.000000 0.000000 0.000000 0.000000 0.000000 0.000080 0.000000 0.000107 0.000000 0.000000 0.000000 0.000147 0.000000 0.000133 0.000000 0.000000 0.000000 0.000227 0.000000 0.000160 0.000787 0.003720 0.000000 0.000000 0.000000 0.000000 0.000000 0.000000 0.000067 0.000000 0.000000 0.001120 0.000000 0.000000 0.000000 0.000000 0.000000 0.000573 0.000093 0.000200 0.000000 0.003813 0.000187 0.000000 0.000000 0.001600 0.000453 0.004547 0.000000 0.000000 0.000960 0.000213 0.005707 0.022707 0.011067 0.044160 0.000200 0.000067 0.000000 0.000240 0.000000 0.000000 0.000680
0.000000 0.000253 0.020347 0.000000 0.000000 0.000000 0.000147 0.000120 0.000000 0.000000 0.000000 0.000000 0.000000 0.000000 0.000000 0.000573 0.002907 0.000000 0.000120 0.000000 0.000120 0.000093 0.015160 0.000400 0.000000 0.006187 0.027480 0.000213 0.000000 0.000000 0.000000 0.000000 0.000000 0.000373 0.000293 0.001120 0.000000 0.000107 0.000000 0.000293 0.023667 0.006133 0.000000 0.003320 0.000227 0.000067 0.000000 0.008947 0.000000 0.000000 0.044373 0.000253 0.004587 0.000000 0.002733 0.000107 0.049613 0.000120 0.000000 0.214347 0.057973 0.006507 0.000893 0.005707 0.000000 0.000000 0.000000 0.002893
0.000000 0.000000 0.000000 0.001587 0.000000 0.000307 0.000253 0.000147 0.000160 0.003747 0.000000 0.000760 0.000000 0.000000 0.000000 0.000000 0.000000 0.000000 0.000000 0.000880 0.000000 0.000000 0.000000 0.000307 0.000000 0.000000 0.000000 0.001627 0.000000 0.000000 0.000000 0.000000 0.000000 0.000000 0.000000 0.000000 0.000107 0.000000 0.000000 0.001507 0.001827 0.000547 0.007240 0.152813 0.000000 0.026973 0.000000 0.000773 0.000000 0.000000 0.000000 0.000000 0.000000 0.118840 0.000000 0.000000 0.000000 0.023120 0.000000 0.000120 0.000147 0.127840 0.001093 0.000000 0.000000 0.000000 0.000000 0.000253
0.000000 0.000000 0.000000 0.000000 0.000000 0.000000 0.000000 0.000000 0.000000 0.000000 0.000000 0.000000 0.000000 0.000000 0.000000 0.000000 0.000000 0.000000 0.000000 0.000000 0.000000 0.000000 0.000000 0.000000 0.000000 0.000000 0.000000 0.000000 0.000000 0.000000 0.000000 0.000000 0.000000 0.000000 0.000000 0.000000 0.000000 0.000000 0.000000 0.013400 0.000000 0.000000 0.000000 0.000320 0.000000 0.000307 0.000067 0.000000 0.015333 0.000000 0.000000 0.000000 0.000000 0.000173 0.000000 0.000387 0.000000 0.000760 0.000000 0.000067 0.000160 0.000467 0.000173 0.000000 0.000000 0.011560 0.000000 0.009160
0.000000 0.000000 0.000000 0.000253 0.000000 0.000000 0.000000 0.000000 0.000000 0.000840 0.000000 0.000253 0.000000 0.000000 0.000000 0.000000 0.000000 0.000000 0.000000 0.000173 0.000000 0.000000 0.000000 0.000000 0.000000 0.000000 0.000000 0.000267 0.000000 0.000000 0.000000 0.000000 0.000000 0.000000 0.000000 0.000000 0.000293 0.001507 0.013400 0.000000 0.011600 0.123240 0.000320 0.265520 0.000373 0.022613 0.000000 0.016253 0.010307 0.000000 0.000000 0.000173 0.000000 0.006760 0.000000 0.000000 0.000360 0.000387 0.000000 0.000587 0.000480 0.009747 0.004827 0.000160 0.000000 0.000440 0.000000 0.001200
0.000000 0.000000 0.000000 0.000560 0.000000 0.000280 0.001267 0.001093 0.000093 0.003187 0.000147 0.000107 0.000000 0.000867 0.000000 0.000120 0.000000 0.000000 0.000000 0.000187 0.000000 0.000000 0.000120 0.002973 0.000000 0.000080 0.000133 0.005507 0.000773 0.000120 0.000000 0.000133 0.000067 0.000667 0.011013 0.000000 0.023667 0.001827 0.000000 0.011600 0.000000 0.123973 0.000467 0.176413 0.000640 0.000320 0.000080 0.167947 0.000240 0.000147 0.016613 0.001653 0.005747 0.000467 0.013533 0.000000 0.059160 0.002053 0.000000 0.027253 0.003627 0.227373 0.032520 0.169587 0.000000 0.000000 0.000640 0.007000
0.000000 0.000000 0.000000 0.000360 0.000000 0.000080 0.000747 0.000387 0.000080 0.002280 0.000000 0.000000 0.000000 0.000173 0.000000 0.000000 0.000000 0.000000 0.000000 0.000107 0.000000 0.000000 0.000000 0.001040 0.000000 0.000000 0.000000 0.002120 0.000280 0.000067 0.000000 0.000000 0.000000 0.000147 0.002627 0.000000 0.006133 0.000547 0.000000 0.123240 0.123973 0.000000 0.000933 0.154027 0.001813 0.009907 0.000147 0.337013 0.001000 0.000000 0.000653 0.000987 0.000547 0.006480 0.000960 0.000000 0.009213 0.001400 0.000000 0.008320 0.000853 0.006280 0.011813 0.015853 0.000000 0.000000 0.000000 0.004107
0.000000 0.000000 0.000000 0.000707 0.000000 0.000000 0.000000 0.000067 0.000000 0.001280 0.000000 0.000080 0.000000 0.000107 0.000000 0.000000 0.000000 0.000000 0.000000 0.000107 0.000000 0.000000 0.000000 0.001627 0.000000 0.000000 0.000067 0.000827 0.000107 0.000173 0.000000 0.000000 0.000000 0.000000 0.000133 0.000573 0.000000 0.007240 0.000000 0.000320 0.000467 0.000933 0.000000 0.011387 0.000187 0.002867 0.001200 0.000693 0.000000 0.000000 0.000000 0.000160 0.000240 0.004720 0.000000 0.016200 0.000000 0.026560 0.001027 0.002347 0.002960 0.018533 0.003667 0.000000 0.000093 0.000000 0.000120 0.000560
0.000000 0.000000 0.000000 0.007067 0.000000 0.001293 0.001267 0.000680 0.000267 0.019200 0.000000 0.002707 0.000000 0.000187 0.000000 0.000000 0.000000 0.000000 0.000000 0.003147 0.000000 0.000000 0.000000 0.001120 0.000000 0.000000 0.000080 0.007773 0.000307 0.000000 0.000000 0.000000 0.000000 0.000187 0.000653 0.000093 0.003320 0.152813 0.000320 0.265520 0.176413 0.154027 0.011387 0.000000 0.000960 0.119080 0.000173 0.086187 0.001853 0.000000 0.000133 0.000587 0.000147 0.151573 0.001120 0.000000 0.005467 0.010467 0.000000 0.003213 0.002773 0.154133 0.043173 0.002200 0.000000 0.000133 0.000160 0.009507
0.000000 0.000000 0.000000 0.000000 0.000000 0.000000 0.000000 0.000000 0.000000 0.000000 0.000613 0.000000 0.002333 0.000000 0.000000 0.000000 0.000000 0.000000 0.000000 0.000000 0.000000 0.000000 0.000000 0.000173 0.000360 0.000200 0.000760 0.000120 0.000000 0.000000 0.000120 0.000080 0.000000 0.000253 0.000520 0.000200 0.000227 0.000000 0.000000 0.000373 0.000640 0.001813 0.000187 0.000960 0.000000 0.000360 0.034400 0.011080 0.000000 0.000000 0.000653 0.124493 0.019987 0.000213 0.000493 0.000080 0.000560 0.000947 0.000693 0.076760 0.014813 0.000627 0.015933 0.003973 0.003627 0.000680 0.000000 0.054973
0.000000 0.000000 0.000000 0.000733 0.000000 0.000187 0.000000 0.000000 0.000000 0.001893 0.000000 0.000400 0.000000 0.000000 0.000000 0.000000 0.000000 0.000000 0.000000 0.000507 0.000000 0.000000 0.000000 0.000107 0.000000 0.000000 0.000000 0.000600 0.000000 0.000000 0.000000 0.000000 0.000000 0.000000 0.000000 0.000000 0.000067 0.026973 0.000307 0.022613 0.000320 0.009907 0.002867 0.119080 0.000360 0.000000 0.000080 0.007453 0.000253 0.000000 0.000000 0.000240 0.000000 0.064667 0.000000 0.000000 0.000000 0.002240 0.000000 0.000453 0.000693 0.012507 0.004680 0.000000 0.000000 0.000000 0.000000 0.001307
0.000000 0.000080 0.000000 0.000000 0.000000 0.000000 0.000000 0.000160 0.000000 0.000000 0.006653 0.000000 0.013787 0.000267 0.000000 0.000000 0.000000 0.000187 0.000000 0.000000 0.000000 0.000000 0.000000 0.000093 0.001613 0.000960 0.002800 0.000000 0.000307 0.000000 0.000453 0.000133 0.000000 0.001373 0.000000 0.003813 0.000000 0.000000 0.000067 0.000000 0.000080 0.000147 0.001200 0.000173 0.034400 0.000080 0.000000 0.000947 0.000000 0.000000 0.000000 0.000520 0.000067 0.000000 0.000000 0.001733 0.000000 0.002173 0.038693 0.006067 0.049507 0.000147 0.000787 0.000000 0.031107 0.000000 0.000000 0.003387
0.000000 0.000000 0.000000 0.000227 0.000000 0.000000 0.000853 0.000520 0.000107 0.001640 0.000147 0.000000 0.000000 0.000360 0.000000 0.000000 0.000000 0.000000 0.000000 0.000093 0.000000 0.000000 0.000000 0.001800 0.000000 0.000067 0.000093 0.003307 0.000600 0.000000 0.000000 0.000000 0.000000 0.000267 0.079800 0.000187 0.008947 0.000773 0.000000 0.016253 0.167947 0.337013 0.000693 0.086187 0.011080 0.007453 0.000947 0.000000 0.001253 0.000000 0.002533 0.005373 0.003627 0.004800 0.000333 0.000000 0.009000 0.002160 0.000067 0.027280 0.005800 0.008293 0.120707 0.084027 0.000413 0.000000 0.000000 0.016680
0.000000 0.000000 0.000000 0.000000 0.000000 0.000000 0.000000 0.000000 0.000000 0.000000 0.000000 0.000000 0.000000 0.000000 0.000000 0.000000 0.000000 0.000000 0.000000 0.000000 0.000000 0.000000 0.000000 0.000000 0.000000 0.000000 0.000000 0.000000 0.000000 0.000000 0.000000 0.000000 0.000000 0.000000 0.000000 0.000000 0.000000 0.000000 0.015333 0.010307 0.000240 0.001000 0.000000 0.001853 0.000000 0.000253 0.000000 0.001253 0.000000 0.000000 0.000000 0.000000 0.000000 0.000120 0.000000 0.000320 0.000000 0.000600 0.000000 0.000107 0.000120 0.000707 0.000000 0.000000 0.000000 0.001680 0.000000 0.000320
0.000000 0.000000 0.000000 0.000000 0.000000 0.000000 0.000000 0.000000 0.000000 0.000000 0.000000 0.000000 0.000000 0.000000 0.000000 0.030680 0.000000 0.000000 0.000000 0.000000 0.004360 0.001707 0.020267 0.001733 0.000000 0.000000 0.001213 0.001133 0.000400 0.003093 0.000000 0.000000 0.000093 0.000000 0.000000 0.000000 0.000000 0.000000 0.000000 0.000000 0.000147 0.000000 0.000000 0.000000 0.000000 0.000000 0.000000 0.000000 0.000000 0.000000 0.000093 0.000000 0.000000 0.000000 0.081600 0.021813 0.110413 0.042280 0.000000 0.000720 0.010133 0.054667 0.000187 0.001080 0.000000 0.000000 0.000000 0.000400
0.000000 0.000120 0.010280 0.000000 0.000000 0.000000 0.000000 0.000000 0.000000 0.000000 0.000000 0.000000 0.000000 0.000000 0.000000 0.000000 0.001280 0.000000 0.000000 0.000000 0.000000 0.000000 0.002133 0.000080 0.000000 0.002453 0.009307 0.000000 0.000000 0.000000 0.000000 0.000000 0.000000 0.000147 0.000440 0.001600 0.044373 0.000000 0.000000 0.000000 0.016613 0.000653 0.000000 0.000133 0.000653 0.000000 0.000000 0.002533 0.000000 0.000093 0.000000 0.005253 0.034987 0.000000 0.004133 0.000093 0.036907 0.000067 0.000000 0.018920 0.074813 0.000427 0.001173 0.054373 0.000000 0.000000 0.000000 0.009400
0.000000 0.000000 0.000067 0.000000 0.000000 0.000000 0.000000 0.000000 0.000000 0.000000 0.000467 0.000000 0.000987 0.000000 0.000000 0.000000 0.000000 0.000173 0.000120 0.000000 0.000000 0.000000 0.000000 0.000000 0.000293 0.002573 0.002987 0.000000 0.000000 0.000000 0.000160 0.000000 0.000000 0.000000 0.000493 0.000453 0.000253 0.000000 0.000000 0.000173 0.001653 0.000987 0.000160 0.000587 0.124493 0.000240 0.000520 0.005373 0.000000 0.000000 0.005253 0.000000 0.082133 0.000120 0.000320 0.000120 0.000733 0.000907 0.000387 0.072093 0.009733 0.000453 0.008640 0.007027 0.000173 0.000067 0.000000 0.020293
0.000000 0.000000 0.002053 0.000000 0.000000 0.000000 0.000000 0.000000 0.000000 0.000000 0.000160 0.000000 0.000093 0.000000 0.000000 0.000000 0.000573 0.000093 0.000520 0.000000 0.000000 0.000000 0.000093 0.000000 0.000000 0.015747 0.014573 0.000000 0.000000 0.000000 0.000000 0.000000 0.000000 0.000133 0.000440 0.004547 0.004587 0.000000 0.000000 0.000000 0.005747 0.000547 0.000240 0.000147 0.019987 0.000000 0.000067 0.003627 0.000000 0.000000 0.034987 0.082133 0.000000 0.000067 0.000360 0.000147 0.002000 0.000800 0.000107 0.169067 0.056493 0.000280 0.005293 0.014813 0.000000 0.000000 0.000000 0.022600
0.000000 0.000000 0.000000 0.001413 0.000000 0.000253 0.000067 0.000080 0.000000 0.003520 0.000000 0.000587 0.000000 0.000000 0.000000 0.000000 0.000000 0.000000 0.000000 0.000640 0.000000 0.000000 0.000000 0.000133 0.000000 0.000000 0.000000 0.001293 0.000000 0.000000 0.000000 0.000000 0.000000 0.000000 0.000000 0.000000 0.000000 0.118840 0.000173 0.006760 0.000467 0.006480 0.004720 0.151573 0.000213 0.064667 0.000000 0.004800 0.000120 0.000000 0.000000 0.000120 0.000067 0.000000 0.000000 0.000000 0.000000 0.003387 0.000000 0.000387 0.000400 0.042520 0.002840 0.000000 0.000000 0.000000 0.000000 0.000373
0.000000 0.000000 0.000000 0.000000 0.000000 0.000000 0.000000 0.000000 0.000000 0.000000 0.000000 0.000000 0.000000 0.000067 0.000000 0.007427 0.000000 0.000000 0.000000 0.000000 0.005120 0.000680 0.001893 0.002600 0.000000 0.000000 0.000000 0.002093 0.000747 0.003707 0.000000 0.000000 0.000173 0.000000 0.000133 0.000000 0.002733 0.000000 0.000000 0.000000 0.013533 0.000960 0.000000 0.001120 0.000493 0.000000 0.000000 0.000333 0.000000 0.081600 0.004133 0.000320 0.000360 0.000000 0.000000 0.002107 0.207067 0.008253 0.000000 0.001507 0.004573 0.024787 0.004253 0.081253 0.000000 0.000000 0.000120 0.048573
0.000000 0.000000 0.000067 0.000000 0.000000 0.000000 0.000000 0.000000 0.000000 0.000000 0.000000 0.000000 0.000000 0.000000 0.000000 0.003120 0.000000 0.000000 0.000000 0.000000 0.000480 0.000000 0.002013 0.000707 0.000000 0.000000 0.001547 0.000187 0.000093 0.000813 0.000000 0.000000 0.000000 0.000000 0.000000 0.000960 0.000107 0.000000 0.000387 0.000000 0.000000 0.000000 0.016200 0.000000 0.000080 0.000000 0.001733 0.000000 0.000320 0.021813 0.000093 0.000120 0.000147 0.000000 0.002107 0.000000 0.001987 0.038987 0.004560 0.000920 0.019107 0.001920 0.000080 0.000227 0.000107 0.000000 0.000000 0.000173
0.000000 0.000000 0.002840 0.000000 0.000000 0.000000 0.000000 0.000000 0.000000 0.000000 0.000000 0.000000 0.000000 0.000000 0.000000 0.024773 0.000000 0.000000 0.000000 0.000000 0.002707 0.000507 0.039027 0.000240 0.000000 0.000187 0.009787 0.000453 0.000067 0.001480 0.000000 0.000000 0.000000 0.000120 0.000347 0.000213 0.049613 0.000000 0.000000 0.000360 0.059160 0.009213 0.000000 0.005467 0.000560 0.000000 0.000000 0.009000 0.000000 0.110413 0.036907 0.000733 0.002000 0.000000 0.207067 0.001987 0.000000 0.005720 0.000000 0.041387 0.186573 0.107267 0.000547 0.072600 0.000000 0.000000 0.000000 0.035707
0.000280 0.000000 0.000000 0.001253 0.000000 0.000280 0.002747 0.002280 0.000880 0.005373 0.000227 0.000267 0.000120 0.002253 0.000000 0.000307 0.000000 0.000067 0.000000 0.000453 0.000707 0.000000 0.000147 0.018053 0.000000 0.000440 0.000453 0.015547 0.003800 0.002200 0.000000 0.000187 0.000160 0.001000 0.000440 0.005707 0.000120 0.023120 0.000760 0.000387 0.002053 0.001400 0.026560 0.010467 0.000947 0.002240 0.002173 0.002160 0.000600 0.042280 0.000067 0.000907 0.000800 0.003387 0.008253 0.038987 0.005720 0.000000 0.005813 0.013027 0.025000 0.167853 0.010493 0.001107 0.000213 0.000227 0.000133 0.001840
0.000000 0.000000 0.000000 0.000000 0.000000 0.000000 0.000000 0.000000 0.000000 0.000000 0.000280 0.000000 0.000867 0.000000 0.000000 0.000000 0.000000 0.000080 0.000067 0.000000 0.000000 0.000000 0.000000 0.000000 0.001467 0.001373 0.001533 0.000000 0.000000 0.000000 0.000133 0.000000 0.000000 0.000187 0.000000 0.022707 0.000000 0.000000 0.000000 0.000000 0.000000 0.000000 0.001027 0.000000 0.000693 0.000000 0.038693 0.000067 0.000000 0.000000 0.000000 0.000387 0.000107 0.000000 0.000000 0.004560 0.000000 0.005813 0.000000 0.012373 0.045427 0.000133 0.000000 0.000000 0.005360 0.000000 0.000000 0.000093
0.000000 0.000453 0.004307 0.000000 0.000000 0.000000 0.000000 0.000080 0.000000 0.000000 0.004253 0.000000 0.009907 0.000227 0.000000 0.000080 0.001893 0.002307 0.005613 0.000000 0.000000 0.000080 0.000613 0.000707 0.004440 0.051280 0.064160 0.000240 0.000107 0.000080 0.002227 0.000000 0.000000 0.000920 0.002347 0.011067 0.214347 0.000120 0.000067 0.000587 0.027253 0.008320 0.002347 0.003213 0.076760 0.000453 0.006067 0.027280 0.000107 0.000720 0.018920 0.072093 0.169067 0.000387 0.001507 0.000920 0.041387 0.013027 0.012373 0.000000 0.188213 0.003373 0.011693 0.021360 0.003720 0.000107 0.000093 0.023133
0.000000 0.003013 0.025987 0.000000 0.000000 0.000000 0.000200 0.000080 0.000000 0.000093 0.002240 0.000000 0.004627 0.000120 0.000000 0.013933 0.003827 0.001373 0.003933 0.000000 0.000973 0.001080 0.038053 0.000840 0.002053 0.048813 0.100133 0.000600 0.000000 0.000000 0.001467 0.000000 0.000000 0.001027 0.000227 0.044160 0.057973 0.000147 0.000160 0.000480 0.003627 0.000853 0.002960 0.002773 0.014813 0.000693 0.049507 0.005800 0.000120 0.010133 0.074813 0.009733 0.056493 0.000400 0.004573 0.019107 0.186573 0.025000 0.045427 0.188213 0.000000 0.024493 0.001907 0.000773 0.018120 0.000067 0.000000 0.045907
0.000240 0.000000 0.000000 0.004853 0.000000 0.001093 0.003693 0.002707 0.000773 0.016587 0.000333 0.001387 0.000147 0.002453 0.000000 0.001227 0.000000 0.000000 0.000000 0.002560 0.001827 0.000213 0.000360 0.016240 0.000000 0.000360 0.000467 0.020333 0.004720 0.004533 0.000000 0.000173 0.000280 0.001427 0.001520 0.000200 0.006507 0.127840 0.000467 0.009747 0.227373 0.006280 0.018533 0.154133 0.000627 0.012507 0.000147 0.008293 0.000707 0.054667 0.000427 0.000453 0.000280 0.042520 0.024787 0.001920 0.107267 0.167853 0.000133 0.003373 0.024493 0.000000 0.047893 0.053507 0.000000 0.000120 0.001360 0.011960
0.000000 0.000000 0.000000 0.000213 0.000000 0.000000 0.000453 0.000293 0.000253 0.001053 0.000093 0.000067 0.000080 0.000307 0.000000 0.000187 0.000000 0.000000 0.000000 0.000067 0.000333 0.000000 0.000000 0.003600 0.000000 0.000093 0.000107 0.006147 0.001147 0.000507 0.000000 0.000000 0.000000 0.000320 0.059680 0.000067 0.000893 0.001093 0.000173 0.004827 0.032520 0.011813 0.003667 0.043173 0.015933 0.004680 0.000787 0.120707 0.000000 0.000187 0.001173 0.008640 0.005293 0.002840 0.004253 0.000080 0.000547 0.010493 0.000000 0.011693 0.001907 0.047893 0.000000 0.079427 0.000160 0.003187 0.068000 0.075600
0.000000 0.000000 0.000000 0.000000 0.000000 0.000000 0.000067 0.000000 0.000107 0.000000 0.000000 0.000000 0.000000 0.000000 0.000000 0.002453 0.000000 0.000000 0.000000 0.000000 0.003133 0.000200 0.000387 0.002587 0.000000 0.000000 0.000067 0.004533 0.000827 0.001213 0.000000 0.000000 0.000067 0.000147 0.023773 0.000000 0.005707 0.000000 0.000000 0.000160 0.169587 0.015853 0.000000 0.002200 0.003973 0.000000 0.000000 0.084027 0.000000 0.001080 0.054373 0.007027 0.014813 0.000000 0.081253 0.000227 0.072600 0.001107 0.000000 0.021360 0.000773 0.053507 0.079427 0.000000 0.000000 0.000000 0.000133 0.010467
0.000000 0.000093 0.000000 0.000000 0.000000 0.000000 0.000000 0.000000 0.000000 0.000000 0.000880 0.000000 0.002720 0.000000 0.000000 0.000000 0.000000 0.000000 0.000000 0.000000 0.000000 0.000000 0.000000 0.000000 0.000707 0.000640 0.001240 0.000000 0.000000 0.000000 0.000227 0.000000 0.000000 0.000000 0.000000 0.000240 0.000000 0.000000 0.000000 0.000000 0.000000 0.000000 0.000093 0.000000 0.003627 0.000000 0.031107 0.000413 0.000000 0.000000 0.000000 0.000173 0.000000 0.000000 0.000000 0.000107 0.000000 0.000213 0.005360 0.003720 0.018120 0.000000 0.000160 0.000000 0.000000 0.000000 0.000000 0.000827
