0.000000 0.000000 107.221138 0.000000 0.000000 75.559894 31.377179 43.434897 76.766623 68.289018 140.200108 0.000000 104.692590 31.429727 0.000000 0.000000 110.132591 133.854574 133.798013 0.000000 0.000000 0.000000 93.756105 0.000000 0.000000 119.881268 0.000000 91.658813 26.038256 39.309973 0.000000 78.436509 0.000000 54.039210 0.000000 0.000000 0.000000 0.000000 0.000000 0.000000 0.000000 0.000000 0.000000 0.000000 0.000000 0.000000 0.000000 0.000000 0.000000 0.000000 0.000000 0.000000 0.000000 0.000000 0.000000 0.000000 0.000000 0.000000 0.000000 0.000000 0.000000 0.000000 0.000000 163.649653 0.000000 0.000000 0.000000 0.000000
0.000000 0.000000 45.437977 0.000000 123.433147 134.164808 0.000000 0.000000 62.268462 0.000000 69.243842 0.000000 52.556058 0.000000 112.788218 0.000000 48.326224 0.000000 48.717503 0.000000 0.000000 22.685371 0.000000 71.862588 26.240878 43.349650 30.330911 78.730607 0.000000 0.000000 75.839805 145.371607 0.000000 120.709560 0.000000 0.000000 56.790803 0.000000 0.000000 0.000000 0.000000 0.000000 0.000000 0.000000 103.619062 0.000000 107.266534 0.000000 0.000000 0.000000 63.679139 0.000000 0.000000 0.000000 0.000000 0.000000 0.000000 0.000000 0.000000 100.649536 57.476155 0.000000 0.000000 0.000000 120.269793 0.000000 0.000000 0.000000
107.221138 45.437977 0.000000 0.000000 0.000000 146.283025 96.067049 120.079656 0.000000 119.568456 114.893969 0.000000 149.659019 117.042315 0.000000 0.000000 41.252407 76.982846 59.242401 0.000000 53.891672 0.000000 37.735985 101.229746 0.000000 37.593618 34.662259 74.908151 103.899808 70.742969 104.911682 180.398122 0.000000 70.890627 0.000000 54.543561 102.936966 0.000000 0.000000 0.000000 0.000000 0.000000 0.000000 0.000000 0.000000 0.000000 0.000000 0.000000 0.000000 121.952356 112.482128 0.000000 123.574812 0.000000 0.000000 0.000000 112.305062 0.000000 0.000000 99.478551 94.426712 0.000000 0.000000 0.000000 0.000000 0.000000 0.000000 0.000000
0.000000 0.000000 0.000000 0.000000 0.000000 73.562108 51.309502 95.271879 69.062615 31.230498 0.000000 49.262177 155.570537 106.081463 0.000000 0.000000 0.000000 0.000000 0.000000 20.077908 0.000000 0.000000 0.000000 21.020071 0.000000 0.000000 0.000000 21.311143 114.109883 0.000000 0.000000 136.674315 0.000000 100.091551 0.000000 0.000000 0.000000 46.063046 0.000000 149.804590 147.366413 140.060051 103.299482 88.665701 0.000000 74.971917 0.000000 156.101578 0.000000 0.000000 0.000000 0.000000 0.000000 74.496202 0.000000 0.000000 0.000000 138.909167 0.000000 0.000000 0.000000 62.983348 146.561922 0.000000 0.000000 0.000000 0.000000 143.053571
0.000000 123.433147 0.000000 0.000000 0.000000 10.806473 0.000000 0.000000 76.645317 0.000000 0.000000 39.454672 37.220920 0.000000 25.468158 0.000000 0.000000 0.000000 0.000000 0.000000 0.000000 103.010220 0.000000 86.525948 157.134285 0.000000 160.887283 107.620525 0.000000 0.000000 197.070073 7.781018 0.000000 10.641541 0.000000 0.000000 0.000000 0.000000 0.000000 0.000000 0.000000 0.000000 0.000000 0.000000 0.000000 0.000000 0.000000 0.000000 0.000000 0.000000 0.000000 0.000000 0.000000 0.000000 0.000000 0.000000 0.000000 0.000000 0.000000 0.000000 0.000000 0.000000 0.000000 0.000000 0.000000 0.000000 0.000000 0.000000
75.559894 134.164808 146.283025 73.562108 10.806473 0.000000 51.957960 31.252741 86.850799 38.362109 112.041287 49.457093 84.476277 62.276649 21.144324 0.000000 164.862199 112.892154 137.136720 55.902205 0.000000 116.593169 121.658848 87.410962 168.866061 170.423957 156.025906 70.787627 74.451792 112.155631 0.000000 23.884852 0.000000 59.441267 0.000000 0.000000 0.000000 187.616367 0.000000 0.000000 168.799600 0.000000 0.000000 164.996361 0.000000 0.000000 0.000000 0.000000 0.000000 0.000000 0.000000 0.000000 0.000000 0.000000 0.000000 0.000000 0.000000 153.207518 0.000000 0.000000 0.000000 169.275798 194.704697 0.000000 0.000000 0.000000 0.000000 0.000000
31.377179 0.000000 96.067049 51.309502 0.000000 51.957960 0.000000 63.172779 60.135778 25.994189 150.008057 73.547729 134.781783 49.571262 66.572412 0.000000 97.776075 141.573576 136.665670 85.705770 67.929279 0.000000 76.781498 55.868820 0.000000 119.766966 103.079648 39.945860 53.814860 18.620277 166.502932 115.720010 79.949523 81.641815 0.000000 0.000000 0.000000 158.625701 0.000000 161.895524 146.302336 0.000000 0.000000 152.949866 0.000000 0.000000 0.000000 196.877904 0.000000 0.000000 0.000000 0.000000 0.000000 0.000000 0.000000 0.000000 0.000000 122.318951 0.000000 0.000000 0.000000 149.347399 170.617240 0.000000 0.000000 0.000000 0.000000 0.000000
43.434897 0.000000 120.079656 95.271879 0.000000 31.252741 63.172779 0.000000 100.057787 55.952550 110.288016 93.192806 82.181929 23.369283 52.796421 0.000000 130.490602 147.785560 147.200340 91.968685 91.553264 0.000000 104.126062 99.345170 0.000000 136.968916 132.751383 90.763287 60.737162 65.541944 130.270924 27.746703 0.000000 75.127146 0.000000 0.000000 0.000000 200.676978 0.000000 0.000000 0.000000 0.000000 0.000000 196.803965 0.000000 0.000000 0.000000 0.000000 0.000000 0.000000 0.000000 0.000000 0.000000 0.000000 0.000000 0.000000 0.000000 0.000000 0.000000 0.000000 0.000000 189.109676 193.276304 0.000000 0.000000 0.000000 0.000000 0.000000
76.766623 62.268462 0.000000 69.062615 76.645317 86.850799 60.135778 100.057787 0.000000 71.655015 0.000000 0.000000 119.041392 103.644111 59.789579 0.000000 112.030885 0.000000 0.000000 81.044772 0.000000 21.327932 96.606899 39.052168 98.615778 115.420768 103.572754 62.278811 81.537683 60.490247 131.432743 114.954858 70.062744 78.397156 79.810256 0.000000 0.000000 0.000000 0.000000 0.000000 90.319257 0.000000 9.026146 84.771886 176.314252 0.000000 0.000000 103.800652 0.000000 0.000000 0.000000 0.000000 0.000000 0.000000 0.000000 27.501375 0.000000 59.076751 0.000000 0.000000 0.000000 72.665333 91.822039 76.971483 0.000000 0.000000 0.000000 0.000000
68.289018 0.000000 119.568456 31.230498 0.000000 38.362109 25.994189 55.952550 71.655015 0.000000 161.025592 34.616932 130.698658 77.349134 59.380024 0.000000 0.000000 158.946047 166.406238 26.655467 0.000000 0.000000 95.782169 51.431393 0.000000 162.395947 122.069045 31.445143 97.239670 127.662803 176.727194 116.940741 0.000000 87.966698 0.000000 0.000000 0.000000 166.840411 0.000000 170.173883 151.861240 181.805238 105.680994 163.369567 0.000000 169.348743 0.000000 199.782961 0.000000 0.000000 0.000000 0.000000 0.000000 166.420504 0.000000 0.000000 0.000000 133.977276 0.000000 0.000000 0.000000 159.955188 198.786413 0.000000 0.000000 0.000000 0.000000 183.572061
140.200108 69.243842 114.893969 0.000000 0.000000 112.041287 150.008057 110.288016 0.000000 161.025592 0.000000 144.348850 32.452699 113.570624 0.000000 125.903280 43.410026 29.081643 31.027713 167.093166 0.000000 111.395820 0.000000 182.298093 38.537143 33.695539 59.941033 171.743932 87.329403 107.550934 44.488738 69.331802 110.801328 41.832573 0.000000 0.000000 0.000000 0.000000 0.000000 0.000000 0.000000 0.000000 0.000000 0.000000 74.066428 0.000000 76.082031 131.479254 0.000000 0.000000 0.000000 99.638075 0.000000 0.000000 0.000000 0.000000 0.000000 0.000000 82.963063 101.088457 100.337053 0.000000 109.151351 0.000000 93.072304 109.761624 0.000000 80.462032
0.000000 0.000000 0.000000 49.262177 39.454672 49.457093 73.547729 93.192806 0.000000 34.616932 144.348850 0.000000 130.995276 100.735180 23.639533 0.000000 0.000000 161.174054 0.000000 26.490445 0.000000 0.000000 0.000000 35.833779 0.000000 155.249802 0.000000 54.484517 107.181372 0.000000 0.000000 120.740881 0.000000 92.013377 0.000000 0.000000 0.000000 108.440662 0.000000 0.000000 0.000000 0.000000 0.000000 137.200022 0.000000 0.000000 0.000000 0.000000 0.000000 0.000000 0.000000 0.000000 0.000000 0.000000 0.000000 0.000000 0.000000 0.000000 0.000000 0.000000 0.000000 134.732854 0.000000 0.000000 0.000000 0.000000 0.000000 0.000000
104.692590 52.556058 149.659019 155.570537 37.220920 84.476277 134.781783 82.181929 119.041392 130.698658 32.452699 130.995276 0.000000 84.762759 153.213522 117.693304 0.000000 47.745237 87.726053 135.811691 0.000000 91.757724 0.000000 143.889374 23.584319 41.107825 36.891523 151.550014 32.363111 0.000000 22.275728 31.589766 0.000000 25.084185 0.000000 0.000000 149.225792 0.000000 0.000000 0.000000 0.000000 129.463281 176.305205 176.497554 72.508563 0.000000 74.211055 120.366509 0.000000 0.000000 0.000000 97.172233 0.000000 0.000000 0.000000 149.874345 0.000000 198.868930 52.408928 93.690082 96.962287 208.526692 104.641281 0.000000 87.751934 103.490944 0.000000 74.529229
31.429727 0.000000 117.042315 106.081463 0.000000 62.276649 49.571262 23.369283 103.644111 77.349134 113.570624 100.735180 84.762759 0.000000 51.353947 0.000000 125.702927 142.059202 144.380479 106.161532 96.006236 0.000000 101.214408 115.681932 0.000000 133.091397 134.137358 98.405125 34.424644 59.481678 129.237101 31.229181 0.000000 58.388046 0.000000 0.000000 0.000000 0.000000 0.000000 0.000000 0.000000 0.000000 0.000000 0.000000 0.000000 0.000000 0.000000 0.000000 0.000000 0.000000 0.000000 0.000000 0.000000 0.000000 0.000000 0.000000 0.000000 159.325924 0.000000 0.000000 0.000000 182.322427 179.062537 169.414087 0.000000 0.000000 0.000000 0.000000
0.000000 112.788218 0.000000 0.000000 25.468158 21.144324 66.572412 52.796421 59.789579 59.380024 0.000000 23.639533 153.213522 51.353947 0.000000 0.000000 0.000000 0.000000 0.000000 0.000000 0.000000 90.762529 0.000000 72.450658 147.607409 0.000000 144.336301 91.303819 76.517462 0.000000 0.000000 37.655004 0.000000 0.000000 0.000000 0.000000 0.000000 0.000000 0.000000 0.000000 0.000000 0.000000 0.000000 0.000000 0.000000 0.000000 0.000000 0.000000 0.000000 0.000000 0.000000 0.000000 0.000000 0.000000 0.000000 0.000000 0.000000 0.000000 0.000000 0.000000 0.000000 0.000000 0.000000 0.000000 0.000000 0.000000 0.000000 0.000000
0.000000 0.000000 0.000000 0.000000 0.000000 0.000000 0.000000 0.000000 0.000000 0.000000 125.903280 0.000000 117.693304 0.000000 0.000000 0.000000 106.333380 0.000000 0.000000 0.000000 16.231092 37.286234 30.283408 17.205871 105.709544 102.676807 34.837236 18.355519 0.000000 71.015333 113.282090 0.000000 0.000000 0.000000 0.000000 0.000000 0.000000 0.000000 0.000000 0.000000 0.000000 0.000000 0.000000 0.000000 170.412759 0.000000 173.530954 0.000000 0.000000 97.459321 0.000000 0.000000 0.000000 0.000000 117.507092 49.063239 96.276025 115.634614 0.000000 165.036490 94.381925 121.924645 133.325641 116.959029 0.000000 0.000000 0.000000 0.000000
110.132591 48.326224 41.252407 0.000000 0.000000 164.862199 97.776075 130.490602 112.030885 0.000000 43.410026 0.000000 0.000000 125.702927 0.000000 106.333380 0.000000 48.879377 22.086709 0.000000 54.296208 105.397107 12.701476 136.502409 0.000000 34.203711 62.487745 104.908327 105.520052 74.078972 0.000000 0.000000 99.888565 39.324109 0.000000 60.018164 114.725870 0.000000 0.000000 0.000000 0.000000 0.000000 0.000000 0.000000 0.000000 0.000000 0.000000 0.000000 0.000000 0.000000 119.092819 0.000000 112.625336 0.000000 0.000000 0.000000 0.000000 0.000000 0.000000 103.358041 104.901747 178.621185 0.000000 183.918696 0.000000 0.000000 0.000000 0.000000
133.854574 0.000000 76.982846 0.000000 0.000000 112.892154 141.573576 147.785560 0.000000 158.946047 29.081643 161.174054 47.745237 142.059202 0.000000 0.000000 48.879377 0.000000 26.648219 0.000000 123.508228 0.000000 0.000000 0.000000 0.000000 27.071904 73.519569 178.933638 125.873885 118.492080 44.436941 100.325277 118.293926 51.354355 0.000000 0.000000 0.000000 0.000000 0.000000 0.000000 0.000000 0.000000 0.000000 0.000000 98.650572 0.000000 94.308367 0.000000 0.000000 0.000000 0.000000 97.480378 0.000000 0.000000 0.000000 0.000000 0.000000 0.000000 0.000000 99.184432 101.286231 0.000000 0.000000 0.000000 100.777806 0.000000 0.000000 0.000000
133.798013 48.717503 59.242401 0.000000 0.000000 137.136720 136.665670 147.200340 0.000000 166.406238 31.027713 0.000000 87.726053 144.380479 0.000000 0.000000 22.086709 26.648219 0.000000 0.000000 103.525558 0.000000 81.202363 0.000000 40.651186 32.822172 66.680180 149.346429 124.242997 109.594684 64.039615 189.785477 111.423581 44.893457 0.000000 63.032767 127.128273 0.000000 0.000000 0.000000 0.000000 0.000000 0.000000 0.000000 110.444056 0.000000 103.711854 0.000000 0.000000 0.000000 0.000000 101.059979 107.464639 0.000000 0.000000 0.000000 0.000000 0.000000 0.000000 99.134078 97.209812 0.000000 0.000000 0.000000 105.083651 0.000000 0.000000 0.000000
0.000000 0.000000 0.000000 20.077908 0.000000 55.902205 85.705770 91.968685 81.044772 26.655467 167.093166 26.490445 135.811691 106.161532 0.000000 0.000000 0.000000 0.000000 0.000000 0.000000 0.000000 0.000000 0.000000 26.816085 0.000000 0.000000 0.000000 29.745676 107.860233 0.000000 0.000000 123.906847 0.000000 90.398679 0.000000 0.000000 0.000000 145.300843 0.000000 0.000000 157.571405 0.000000 0.000000 160.099920 0.000000 0.000000 0.000000 0.000000 0.000000 0.000000 0.000000 0.000000 0.000000 0.000000 0.000000 0.000000 0.000000 138.467551 0.000000 0.000000 0.000000 158.934893 0.000000 0.000000 0.000000 0.000000 0.000000 0.000000
0.000000 0.000000 53.891672 0.000000 0.000000 0.000000 67.929279 91.553264 0.000000 0.000000 0.000000 0.000000 0.000000 96.006236 0.000000 16.231092 54.296208 123.508228 103.525558 0.000000 0.000000 60.536454 32.316576 13.606909 0.000000 99.093298 65.931844 14.366995 42.078810 40.444419 0.000000 0.000000 0.000000 32.371265 0.000000 0.000000 0.000000 0.000000 0.000000 0.000000 0.000000 0.000000 0.000000 0.000000 0.000000 0.000000 0.000000 0.000000 0.000000 120.390332 0.000000 0.000000 0.000000 0.000000 131.322790 72.718675 126.093564 131.608941 0.000000 0.000000 0.000000 136.716013 150.538770 128.964115 0.000000 0.000000 0.000000 0.000000
0.000000 22.685371 0.000000 0.000000 103.010220 116.593169 0.000000 0.000000 21.327932 0.000000 111.395820 0.000000 91.757724 0.000000 90.762529 37.286234 105.397107 0.000000 0.000000 0.000000 60.536454 0.000000 51.271222 43.286914 59.356158 82.599527 37.266699 56.871644 77.575834 58.952192 93.472296 0.000000 64.154256 105.359088 80.510709 0.000000 0.000000 0.000000 0.000000 0.000000 0.000000 0.000000 0.000000 0.000000 0.000000 0.000000 137.655907 95.222872 0.000000 54.726248 0.000000 0.000000 0.000000 0.000000 68.164480 10.116374 76.040459 58.354664 0.000000 137.723643 87.251795 72.419912 88.231135 68.412461 0.000000 0.000000 0.000000 0.000000
93.756105 0.000000 37.735985 0.000000 0.000000 121.658848 76.781498 104.126062 96.606899 95.782169 0.000000 0.000000 0.000000 101.214408 0.000000 30.283408 12.701476 0.000000 81.202363 0.000000 32.316576 51.271222 0.000000 61.670636 0.000000 65.248620 49.132766 50.947219 65.912387 48.717711 0.000000 0.000000 0.000000 20.138137 0.000000 0.000000 106.668693 0.000000 0.000000 0.000000 0.000000 0.000000 0.000000 0.000000 0.000000 0.000000 0.000000 0.000000 0.000000 102.900466 115.612129 0.000000 0.000000 0.000000 123.317669 62.628743 116.307065 151.181396 0.000000 141.745940 104.117796 152.220345 0.000000 0.000000 0.000000 0.000000 0.000000 0.000000
0.000000 71.862588 101.229746 21.020071 86.525948 87.410962 55.868820 99.345170 39.052168 51.431393 182.298093 35.833779 143.889374 115.681932 72.450658 17.205871 136.502409 0.000000 0.000000 26.816085 13.606909 43.286914 61.670636 0.000000 107.292013 130.890845 87.393521 22.325690 100.426718 75.494487 145.559159 109.787916 86.355240 100.454918 135.230122 0.000000 0.000000 143.580668 0.000000 148.999995 119.515081 149.314983 58.449613 136.060777 193.877738 145.413810 206.931462 160.550340 0.000000 114.382058 0.000000 199.588193 0.000000 145.092970 124.673698 59.573130 0.000000 109.221112 0.000000 196.154009 186.614323 127.722139 145.135630 123.846088 200.553448 182.041924 0.000000 147.832480
0.000000 26.240878 0.000000 0.000000 157.134285 168.866061 0.000000 0.000000 98.615778 0.000000 38.537143 0.000000 23.584319 0.000000 147.607409 105.709544 0.000000 0.000000 40.651186 0.000000 0.000000 59.356158 0.000000 107.292013 0.000000 37.155989 23.575012 0.000000 0.000000 0.000000 35.119047 0.000000 0.000000 0.000000 0.000000 0.000000 0.000000 0.000000 0.000000 0.000000 0.000000 0.000000 0.000000 0.000000 63.315375 0.000000 50.957388 0.000000 0.000000 0.000000 0.000000 69.104477 0.000000 0.000000 0.000000 0.000000 0.000000 0.000000 20.009351 55.488524 53.897355 0.000000 0.000000 0.000000 51.551425 0.000000 0.000000 0.000000
119.881268 43.349650 37.593618 0.000000 0.000000 170.423957 119.766966 136.968916 115.420768 162.395947 33.695539 155.249802 41.107825 133.091397 0.000000 102.676807 34.203711 27.071904 32.822172 0.000000 99.093298 82.599527 65.248620 130.890845 37.155989 0.000000 35.226026 116.616090 118.657179 102.454326 22.373127 158.136727 0.000000 59.297158 0.000000 50.977604 100.331560 0.000000 0.000000 0.000000 0.000000 0.000000 0.000000 0.000000 90.346965 0.000000 85.313880 0.000000 0.000000 148.340429 108.576131 94.431579 98.074091 0.000000 0.000000 0.000000 0.000000 180.606615 53.191691 91.685219 88.485309 0.000000 0.000000 0.000000 88.731075 0.000000 0.000000 114.526009
0.000000 30.330911 34.662259 0.000000 160.887283 156.025906 103.079648 132.751383 103.572754 122.069045 59.941033 0.000000 36.891523 134.137358 144.336301 34.837236 62.487745 73.519569 66.680180 0.000000 65.931844 37.266699 49.132766 87.393521 23.575012 35.226026 0.000000 74.895487 131.689556 112.276172 30.140205 148.514681 0.000000 61.796242 0.000000 43.335192 95.720532 0.000000 0.000000 0.000000 0.000000 0.000000 0.000000 0.000000 91.998522 0.000000 89.104190 0.000000 0.000000 90.810147 105.691762 94.391339 96.871760 0.000000 117.374626 57.066973 104.493432 163.724257 55.265496 88.854354 86.529492 160.263265 152.678744 0.000000 88.735696 139.002365 0.000000 112.517444
91.658813 78.730607 74.908151 21.311143 107.620525 70.787627 39.945860 90.763287 62.278811 31.445143 171.743932 54.484517 151.550014 98.405125 91.303819 18.355519 104.908327 178.933638 149.346429 29.745676 14.366995 56.871644 50.947219 22.325690 0.000000 116.616090 74.895487 0.000000 97.257791 47.526095 0.000000 131.367179 84.823402 83.440530 138.812752 0.000000 0.000000 164.253214 0.000000 167.488498 144.393426 166.417426 90.124314 157.883336 0.000000 162.848030 0.000000 183.410293 0.000000 116.441230 0.000000 0.000000 0.000000 167.837502 129.233930 67.661627 0.000000 125.621789 0.000000 194.826183 0.000000 151.329025 152.374927 128.943117 0.000000 205.086470 0.000000 170.840493
26.038256 0.000000 103.899808 114.109883 0.000000 74.451792 53.814860 60.737162 81.537683 97.239670 87.329403 107.181372 32.363111 34.424644 76.517462 0.000000 105.520052 125.873885 124.242997 107.860233 42.078810 77.575834 65.912387 100.426718 0.000000 118.657179 131.689556 97.257791 0.000000 39.884800 89.679016 29.181571 19.865493 28.159543 151.157510 0.000000 0.000000 187.050003 0.000000 0.000000 173.878806 0.000000 91.696139 183.100427 0.000000 0.000000 0.000000 174.216212 0.000000 0.000000 0.000000 0.000000 0.000000 0.000000 144.828304 85.549728 0.000000 143.181417 0.000000 0.000000 0.000000 156.454068 164.165255 150.703164 0.000000 0.000000 0.000000 152.922549
39.309973 0.000000 70.742969 0.000000 0.000000 112.155631 18.620277 65.541944 60.490247 127.662803 107.550934 0.000000 0.000000 59.481678 0.000000 71.015333 74.078972 118.492080 109.594684 0.000000 40.444419 58.952192 48.717711 75.494487 0.000000 102.454326 112.276172 47.526095 39.884800 0.000000 0.000000 0.000000 40.177611 44.129966 137.778238 0.000000 0.000000 0.000000 0.000000 0.000000 0.000000 0.000000 70.413266 0.000000 0.000000 0.000000 0.000000 151.742066 0.000000 114.844334 0.000000 0.000000 0.000000 0.000000 127.344378 68.244223 0.000000 124.032547 0.000000 0.000000 0.000000 132.528341 146.902573 128.010913 0.000000 0.000000 0.000000 141.920774
0.000000 75.839805 104.911682 0.000000 197.070073 0.000000 166.502932 130.270924 131.432743 176.727194 44.488738 0.000000 22.275728 129.237101 0.000000 113.282090 0.000000 44.436941 64.039615 0.000000 0.000000 93.472296 0.000000 145.559159 35.119047 22.373127 30.140205 0.000000 89.679016 0.000000 0.000000 0.000000 0.000000 67.419898 0.000000 0.000000 0.000000 0.000000 0.000000 0.000000 0.000000 0.000000 0.000000 0.000000 90.238294 0.000000 85.107546 0.000000 0.000000 0.000000 0.000000 97.753303 0.000000 0.000000 0.000000 0.000000 0.000000 0.000000 63.060889 94.041962 98.784932 0.000000 0.000000 0.000000 91.593827 0.000000 0.000000 100.895101
78.436509 145.371607 180.398122 136.674315 7.781018 23.884852 115.720010 27.746703 114.954858 116.940741 69.331802 120.740881 31.589766 31.229181 37.655004 0.000000 0.000000 100.325277 189.785477 123.906847 0.000000 0.000000 0.000000 109.787916 0.000000 158.136727 148.514681 131.367179 29.181571 0.000000 0.000000 0.000000 0.000000 11.832375 0.000000 0.000000 0.000000 0.000000 0.000000 0.000000 0.000000 0.000000 0.000000 0.000000 0.000000 0.000000 0.000000 0.000000 0.000000 0.000000 0.000000 0.000000 0.000000 0.000000 0.000000 0.000000 0.000000 0.000000 0.000000 0.000000 0.000000 186.976268 0.000000 0.000000 0.000000 0.000000 0.000000 0.000000
0.000000 0.000000 0.000000 0.000000 0.000000 0.000000 79.949523 0.000000 70.062744 0.000000 110.801328 0.000000 0.000000 0.000000 0.000000 0.000000 99.888565 118.293926 111.423581 0.000000 0.000000 64.154256 0.000000 86.355240 0.000000 0.000000 0.000000 84.823402 19.865493 40.177611 0.000000 0.000000 0.000000 47.160257 0.000000 0.000000 0.000000 0.000000 0.000000 0.000000 0.000000 0.000000 0.000000 0.000000 0.000000 0.000000 0.000000 0.000000 0.000000 0.000000 0.000000 0.000000 0.000000 0.000000 0.000000 0.000000 0.000000 134.598421 0.000000 0.000000 0.000000 141.380960 151.977885 132.720777 0.000000 0.000000 0.000000 0.000000
54.039210 120.709560 70.890627 100.091551 10.641541 59.441267 81.641815 75.127146 78.397156 87.966698 41.832573 92.013377 25.084185 58.388046 0.000000 0.000000 39.324109 51.354355 44.893457 90.398679 32.371265 105.359088 20.138137 100.454918 0.000000 59.297158 61.796242 83.440530 28.159543 44.129966 67.419898 11.832375 47.160257 0.000000 0.000000 0.000000 0.000000 0.000000 0.000000 0.000000 0.000000 0.000000 0.000000 0.000000 0.000000 0.000000 0.000000 0.000000 0.000000 0.000000 0.000000 0.000000 0.000000 0.000000 0.000000 0.000000 0.000000 133.732113 0.000000 138.215881 146.503447 151.517054 0.000000 145.950751 0.000000 0.000000 0.000000 98.820982
0.000000 0.000000 0.000000 0.000000 0.000000 0.000000 0.000000 0.000000 79.810256 0.000000 0.000000 0.000000 0.000000 0.000000 0.000000 0.000000 0.000000 0.000000 0.000000 0.000000 0.000000 80.510709 0.000000 135.230122 0.000000 0.000000 0.000000 138.812752 151.157510 137.778238 0.000000 0.000000 0.000000 0.000000 0.000000 0.000000 100.958365 0.000000 0.000000 0.000000 22.649930 62.059195 73.097562 77.523326 109.832577 0.000000 0.000000 32.874920 0.000000 0.000000 93.649309 121.599267 114.498164 0.000000 56.422423 70.758424 70.798240 89.965985 0.000000 103.003010 0.000000 92.984838 24.197548 29.895935 0.000000 98.380763 0.000000 68.602258
0.000000 0.000000 54.543561 0.000000 0.000000 0.000000 0.000000 0.000000 0.000000 0.000000 0.000000 0.000000 0.000000 0.000000 0.000000 0.000000 60.018164 0.000000 63.032767 0.000000 0.000000 0.000000 0.000000 0.000000 0.000000 50.977604 43.335192 0.000000 0.000000 0.000000 0.000000 0.000000 0.000000 0.000000 0.000000 0.000000 43.977382 0.000000 135.317174 144.713782 0.000000 0.000000 75.160515 0.000000 63.995751 93.928829 52.203800 0.000000 109.733180 77.905688 57.749807 0.000000 47.855813 0.000000 0.000000 24.394987 0.000000 82.002898 17.430931 43.536671 31.193990 0.000000 117.301791 0.000000 72.973042 152.739262 0.000000 71.975922
0.000000 56.790803 102.936966 0.000000 0.000000 0.000000 0.000000 0.000000 0.000000 0.000000 0.000000 0.000000 149.225792 0.000000 0.000000 0.000000 114.725870 0.000000 127.128273 0.000000 0.000000 0.000000 106.668693 0.000000 0.000000 100.331560 95.720532 0.000000 0.000000 0.000000 0.000000 0.000000 0.000000 0.000000 100.958365 43.977382 0.000000 0.000000 0.000000 0.000000 96.838573 117.679213 0.000000 129.064891 0.000000 0.000000 0.000000 114.031188 0.000000 0.000000 35.289098 0.000000 52.807047 0.000000 65.821975 0.000000 38.011339 92.162262 0.000000 31.568350 35.102389 85.166308 112.646263 65.878982 0.000000 0.000000 0.000000 64.632899
0.000000 0.000000 0.000000 46.063046 0.000000 187.616367 158.625701 200.676978 0.000000 166.840411 0.000000 108.440662 0.000000 0.000000 0.000000 0.000000 0.000000 0.000000 0.000000 145.300843 0.000000 0.000000 0.000000 143.580668 0.000000 0.000000 0.000000 164.253214 187.050003 0.000000 0.000000 0.000000 0.000000 0.000000 0.000000 0.000000 0.000000 0.000000 0.000000 73.655578 58.408816 100.430729 72.245817 30.229331 154.606725 55.819087 185.974979 116.462480 102.086210 0.000000 0.000000 175.405133 0.000000 20.259827 0.000000 0.000000 0.000000 34.072513 0.000000 188.860951 0.000000 30.675915 120.295354 0.000000 0.000000 141.147259 0.000000 112.835002
0.000000 0.000000 0.000000 0.000000 0.000000 0.000000 0.000000 0.000000 0.000000 0.000000 0.000000 0.000000 0.000000 0.000000 0.000000 0.000000 0.000000 0.000000 0.000000 0.000000 0.000000 0.000000 0.000000 0.000000 0.000000 0.000000 0.000000 0.000000 0.000000 0.000000 0.000000 0.000000 0.000000 0.000000 0.000000 135.317174 0.000000 0.000000 0.000000 14.956042 113.429761 25.330251 48.782375 104.358940 194.895272 0.000000 183.752523 0.000000 23.883978 0.000000 0.000000 0.000000 184.482825 0.000000 0.000000 107.325527 0.000000 87.615296 152.464877 172.396191 148.545340 116.489497 0.000000 0.000000 0.000000 14.537441 0.000000 58.035090
0.000000 0.000000 0.000000 149.804590 0.000000 0.000000 161.895524 0.000000 0.000000 170.173883 0.000000 0.000000 0.000000 0.000000 0.000000 0.000000 0.000000 0.000000 0.000000 0.000000 0.000000 0.000000 0.000000 148.999995 0.000000 0.000000 0.000000 167.488498 0.000000 0.000000 0.000000 0.000000 0.000000 0.000000 0.000000 144.713782 0.000000 73.655578 14.956042 0.000000 57.974669 30.192274 72.589964 40.666356 104.212874 42.243067 183.942276 66.998862 29.985721 0.000000 0.000000 124.745644 0.000000 58.426019 0.000000 122.120955 0.000000 90.973813 165.007669 167.377285 154.867949 70.851231 83.015933 0.000000 0.000000 26.692442 0.000000 49.095922
0.000000 0.000000 0.000000 147.366413 0.000000 168.799600 146.302336 0.000000 90.319257 151.861240 0.000000 0.000000 0.000000 0.000000 0.000000 0.000000 0.000000 0.000000 0.000000 157.571405 0.000000 0.000000 0.000000 119.515081 0.000000 0.000000 0.000000 144.393426 173.878806 0.000000 0.000000 0.000000 0.000000 0.000000 22.649930 0.000000 96.838573 58.408816 113.429761 57.974669 0.000000 50.639463 57.814428 34.696939 144.890691 53.249393 0.000000 48.838295 88.634654 0.000000 88.765090 134.222443 110.442141 66.913959 70.599656 0.000000 80.211338 64.664834 0.000000 107.671392 102.602040 44.200068 82.101808 16.228331 0.000000 120.231934 0.000000 94.949969
0.000000 0.000000 0.000000 140.060051 0.000000 0.000000 0.000000 0.000000 0.000000 181.805238 0.000000 0.000000 129.463281 0.000000 0.000000 0.000000 0.000000 0.000000 0.000000 0.000000 0.000000 0.000000 0.000000 149.314983 0.000000 0.000000 0.000000 166.417426 0.000000 0.000000 0.000000 0.000000 0.000000 0.000000 62.059195 0.000000 117.679213 100.430729 25.330251 30.192274 50.639463 0.000000 88.068032 59.689010 86.048975 91.135024 118.094737 26.658620 48.857380 0.000000 126.939860 134.150970 138.580369 97.863111 93.770832 119.932985 103.953688 88.495902 0.000000 135.074513 128.695156 91.931799 54.747785 70.199823 0.000000 22.746714 0.000000 30.309727
0.000000 0.000000 0.000000 103.299482 0.000000 0.000000 0.000000 0.000000 9.026146 105.680994 0.000000 0.000000 176.305205 0.000000 0.000000 0.000000 0.000000 0.000000 0.000000 0.000000 0.000000 0.000000 0.000000 58.449613 0.000000 0.000000 0.000000 90.124314 91.696139 70.413266 0.000000 0.000000 0.000000 0.000000 73.097562 75.160515 0.000000 72.245817 48.782375 72.589964 57.814428 88.068032 0.000000 69.653315 142.058565 53.961761 131.210320 95.246578 33.134413 0.000000 117.155919 0.000000 128.317343 65.164963 0.000000 41.451424 0.000000 41.276009 97.545897 136.297974 97.281341 64.007003 82.719981 65.322886 138.985909 85.953211 0.000000 123.789373
0.000000 0.000000 0.000000 88.665701 0.000000 164.996361 152.949866 196.803965 84.771886 163.369567 0.000000 137.200022 176.497554 0.000000 0.000000 0.000000 0.000000 0.000000 0.000000 160.099920 0.000000 0.000000 0.000000 136.060777 0.000000 0.000000 0.000000 157.883336 183.100427 0.000000 0.000000 0.000000 0.000000 0.000000 77.523326 0.000000 129.064891 30.229331 104.358940 40.666356 34.696939 59.689010 69.653315 0.000000 138.055021 38.016543 160.451580 90.986797 95.655127 0.000000 0.000000 156.382291 158.721052 21.130607 98.840141 0.000000 0.000000 61.105408 0.000000 158.697687 159.535331 38.213624 107.307219 139.035847 168.291467 119.685699 0.000000 103.946206
0.000000 103.619062 0.000000 0.000000 0.000000 0.000000 0.000000 0.000000 176.314252 0.000000 74.066428 0.000000 72.508563 0.000000 0.000000 170.412759 0.000000 98.650572 110.444056 0.000000 0.000000 0.000000 0.000000 193.877738 63.315375 90.346965 91.998522 0.000000 0.000000 0.000000 90.238294 0.000000 0.000000 0.000000 109.832577 63.995751 0.000000 154.606725 194.895272 104.212874 144.890691 86.048975 142.058565 138.055021 0.000000 145.990187 29.282217 88.829102 167.242750 0.000000 0.000000 28.365692 16.754866 139.715787 47.203609 94.564884 0.000000 143.565881 37.942440 29.439214 57.781602 152.112637 68.446252 92.699287 22.264316 55.893707 0.000000 22.392873
0.000000 0.000000 0.000000 74.971917 0.000000 0.000000 0.000000 0.000000 0.000000 169.348743 0.000000 0.000000 0.000000 0.000000 0.000000 0.000000 0.000000 0.000000 0.000000 0.000000 0.000000 0.000000 0.000000 145.413810 0.000000 0.000000 0.000000 162.848030 0.000000 0.000000 0.000000 0.000000 0.000000 0.000000 0.000000 93.928829 0.000000 55.819087 0.000000 42.243067 53.249393 91.135024 53.961761 38.016543 145.990187 0.000000 150.976741 99.393495 0.000000 0.000000 0.000000 156.840019 0.000000 30.023516 0.000000 64.399886 0.000000 32.164968 0.000000 171.053119 0.000000 60.636609 109.765635 0.000000 162.826526 118.371470 0.000000 105.695937
0.000000 107.266534 0.000000 0.000000 0.000000 0.000000 0.000000 0.000000 0.000000 0.000000 76.082031 0.000000 74.211055 0.000000 0.000000 173.530954 0.000000 94.308367 103.711854 0.000000 0.000000 137.655907 0.000000 206.931462 50.957388 85.313880 89.104190 0.000000 0.000000 0.000000 85.107546 0.000000 0.000000 0.000000 0.000000 52.203800 0.000000 185.974979 183.752523 183.942276 0.000000 118.094737 131.210320 160.451580 29.282217 150.976741 0.000000 94.363433 162.070290 105.671649 0.000000 47.628071 84.012639 0.000000 0.000000 93.650653 0.000000 135.296322 24.470276 40.914600 33.802317 164.960546 79.428243 0.000000 19.450632 116.217499 0.000000 52.699487
0.000000 0.000000 0.000000 156.101578 0.000000 0.000000 196.877904 0.000000 103.800652 199.782961 131.479254 0.000000 120.366509 0.000000 0.000000 0.000000 0.000000 0.000000 0.000000 0.000000 0.000000 95.222872 0.000000 160.550340 0.000000 0.000000 0.000000 183.410293 174.216212 151.742066 0.000000 0.000000 0.000000 0.000000 32.874920 0.000000 114.031188 116.462480 0.000000 66.998862 48.838295 26.658620 95.246578 90.986797 88.829102 99.393495 94.363433 0.000000 62.644046 0.000000 117.761864 129.921846 131.967209 106.095391 90.326424 83.147789 100.566110 103.374187 81.353172 125.577149 138.865631 104.222417 42.825904 62.410511 108.589075 47.409292 0.000000 47.149486
0.000000 0.000000 0.000000 0.000000 0.000000 0.000000 0.000000 0.000000 0.000000 0.000000 0.000000 0.000000 0.000000 0.000000 0.000000 0.000000 0.000000 0.000000 0.000000 0.000000 0.000000 0.000000 0.000000 0.000000 0.000000 0.000000 0.000000 0.000000 0.000000 0.000000 0.000000 0.000000 0.000000 0.000000 0.000000 109.733180 0.000000 102.086210 23.883978 29.985721 88.634654 48.857380 33.134413 95.655127 167.242750 0.000000 162.070290 62.644046 0.000000 0.000000 0.000000 0.000000 0.000000 0.000000 0.000000 81.567307 0.000000 67.301740 135.512455 162.320308 125.059415 91.724600 90.668251 0.000000 0.000000 42.393477 0.000000 180.733951
0.000000 0.000000 121.952356 0.000000 0.000000 0.000000 0.000000 0.000000 0.000000 0.000000 0.000000 0.000000 0.000000 0.000000 0.000000 97.459321 0.000000 0.000000 0.000000 0.000000 120.390332 54.726248 102.900466 114.382058 0.000000 148.340429 90.810147 116.441230 0.000000 114.844334 0.000000 0.000000 0.000000 0.000000 0.000000 77.905688 0.000000 0.000000 0.000000 0.000000 0.000000 0.000000 0.000000 0.000000 0.000000 0.000000 105.671649 0.000000 0.000000 0.000000 90.710603 0.000000 112.990188 0.000000 27.535081 35.206365 36.561877 21.777753 95.303612 93.907928 42.638016 25.946914 0.000000 69.252870 0.000000 0.000000 0.000000 71.745069
0.000000 63.679139 112.482128 0.000000 0.000000 0.000000 0.000000 0.000000 0.000000 0.000000 0.000000 0.000000 0.000000 0.000000 0.000000 0.000000 119.092819 0.000000 0.000000 0.000000 0.000000 0.000000 115.612129 0.000000 0.000000 108.576131 105.691762 0.000000 0.000000 0.000000 0.000000 0.000000 0.000000 0.000000 93.649309 57.749807 35.289098 0.000000 0.000000 0.000000 88.765090 126.939860 117.155919 0.000000 0.000000 0.000000 0.000000 117.761864 0.000000 90.710603 0.000000 46.075878 19.517525 0.000000 60.596942 0.000000 28.240783 0.000000 0.000000 18.853643 66.271918 91.922894 93.525446 67.162234 0.000000 0.000000 0.000000 25.159489
0.000000 0.000000 0.000000 0.000000 0.000000 0.000000 0.000000 0.000000 0.000000 0.000000 99.638075 0.000000 97.172233 0.000000 0.000000 0.000000 0.000000 97.480378 101.059979 0.000000 0.000000 0.000000 0.000000 199.588193 69.104477 94.431579 94.391339 0.000000 0.000000 0.000000 97.753303 0.000000 0.000000 0.000000 121.599267 0.000000 0.000000 175.405133 0.000000 124.745644 134.222443 134.150970 0.000000 156.382291 28.365692 156.840019 47.628071 129.921846 0.000000 0.000000 46.075878 0.000000 21.757124 160.690983 67.224382 0.000000 80.965324 0.000000 46.266292 28.676151 55.250860 140.465686 116.395184 103.871394 45.190237 94.057569 0.000000 49.216511
0.000000 0.000000 123.574812 0.000000 0.000000 0.000000 0.000000 0.000000 0.000000 0.000000 0.000000 0.000000 0.000000 0.000000 0.000000 0.000000 112.625336 0.000000 107.464639 0.000000 0.000000 0.000000 0.000000 0.000000 0.000000 98.074091 96.871760 0.000000 0.000000 0.000000 0.000000 0.000000 0.000000 0.000000 114.498164 47.855813 52.807047 0.000000 184.482825 0.000000 110.442141 138.580369 128.317343 158.721052 16.754866 0.000000 84.012639 131.967209 0.000000 112.990188 19.517525 21.757124 0.000000 0.000000 65.433001 96.832992 68.989505 128.203448 0.000000 27.630454 58.602970 118.401064 114.888083 93.667584 60.962882 126.294539 0.000000 38.840235
0.000000 0.000000 0.000000 74.496202 0.000000 0.000000 0.000000 0.000000 0.000000 166.420504 0.000000 0.000000 0.000000 0.000000 0.000000 0.000000 0.000000 0.000000 0.000000 0.000000 0.000000 0.000000 0.000000 145.092970 0.000000 0.000000 0.000000 167.837502 0.000000 0.000000 0.000000 0.000000 0.000000 0.000000 0.000000 0.000000 0.000000 20.259827 0.000000 58.426019 66.913959 97.863111 65.164963 21.130607 139.715787 30.023516 0.000000 106.095391 0.000000 0.000000 0.000000 160.690983 0.000000 0.000000 0.000000 0.000000 0.000000 44.965877 0.000000 169.294859 177.187561 29.276825 112.201858 0.000000 0.000000 125.798447 0.000000 106.905753
0.000000 0.000000 0.000000 0.000000 0.000000 0.000000 0.000000 0.000000 0.000000 0.000000 0.000000 0.000000 0.000000 0.000000 0.000000 117.507092 0.000000 0.000000 0.000000 0.000000 131.322790 68.164480 123.317669 124.673698 0.000000 0.000000 117.374626 129.233930 144.828304 127.344378 0.000000 0.000000 0.000000 0.000000 56.422423 0.000000 65.821975 0.000000 0.000000 0.000000 70.599656 93.770832 0.000000 98.840141 47.203609 0.000000 0.000000 90.326424 0.000000 27.535081 60.596942 67.224382 65.433001 0.000000 0.000000 58.313585 38.181090 15.975171 0.000000 82.567039 64.699033 45.526795 59.354390 38.127650 0.000000 0.000000 0.000000 43.943234
0.000000 0.000000 0.000000 0.000000 0.000000 0.000000 0.000000 0.000000 27.501375 0.000000 0.000000 0.000000 149.874345 0.000000 0.000000 49.063239 0.000000 0.000000 0.000000 0.000000 72.718675 10.116374 62.628743 59.573130 0.000000 0.000000 57.066973 67.661627 85.549728 68.244223 0.000000 0.000000 0.000000 0.000000 70.758424 24.394987 0.000000 0.000000 107.325527 122.120955 0.000000 119.932985 41.451424 0.000000 94.564884 64.399886 93.650653 83.147789 81.567307 35.206365 0.000000 0.000000 96.832992 0.000000 58.313585 0.000000 52.635791 38.860592 62.407080 80.970842 43.769444 59.169993 76.658401 57.685114 97.983795 127.940580 0.000000 100.255041
0.000000 0.000000 112.305062 0.000000 0.000000 0.000000 0.000000 0.000000 0.000000 0.000000 0.000000 0.000000 0.000000 0.000000 0.000000 96.276025 0.000000 0.000000 0.000000 0.000000 126.093564 76.040459 116.307065 0.000000 0.000000 0.000000 104.493432 0.000000 0.000000 0.000000 0.000000 0.000000 0.000000 0.000000 70.798240 0.000000 38.011339 0.000000 0.000000 0.000000 80.211338 103.953688 0.000000 0.000000 0.000000 0.000000 0.000000 100.566110 0.000000 36.561877 28.240783 80.965324 68.989505 0.000000 38.181090 52.635791 0.000000 71.242033 0.000000 48.736305 33.070364 65.425747 71.114222 49.494004 0.000000 0.000000 0.000000 35.423079
0.000000 0.000000 0.000000 138.909167 0.000000 153.207518 122.318951 0.000000 59.076751 133.977276 0.000000 0.000000 198.868930 159.325924 0.000000 115.634614 0.000000 0.000000 0.000000 138.467551 131.608941 58.354664 151.181396 109.221112 0.000000 180.606615 163.724257 125.621789 143.181417 124.032547 0.000000 0.000000 134.598421 133.732113 89.965985 82.002898 92.162262 34.072513 87.615296 90.973813 64.664834 88.495902 41.276009 61.105408 143.565881 32.164968 135.296322 103.374187 67.301740 21.777753 0.000000 0.000000 128.203448 44.965877 15.975171 38.860592 71.242033 0.000000 108.745352 123.144795 92.834907 28.482048 98.929060 79.377543 133.991975 116.131278 0.000000 104.621671
0.000000 0.000000 0.000000 0.000000 0.000000 0.000000 0.000000 0.000000 0.000000 0.000000 82.963063 0.000000 52.408928 0.000000 0.000000 0.000000 0.000000 0.000000 0.000000 0.000000 0.000000 0.000000 0.000000 0.000000 20.009351 53.191691 55.265496 0.000000 0.000000 0.000000 63.060889 0.000000 0.000000 0.000000 0.000000 17.430931 0.000000 0.000000 152.464877 165.007669 0.000000 0.000000 97.545897 0.000000 37.942440 0.000000 24.470276 81.353172 135.512455 95.303612 0.000000 46.266292 0.000000 0.000000 0.000000 62.407080 0.000000 108.745352 0.000000 39.059372 33.577078 139.871732 68.509666 0.000000 37.306937 157.941796 0.000000 47.696408
0.000000 100.649536 99.478551 0.000000 0.000000 0.000000 0.000000 0.000000 0.000000 0.000000 101.088457 0.000000 93.690082 0.000000 0.000000 165.036490 103.358041 99.184432 99.134078 0.000000 0.000000 137.723643 141.745940 196.154009 55.488524 91.685219 88.854354 194.826183 0.000000 0.000000 94.041962 0.000000 0.000000 138.215881 103.003010 43.536671 31.568350 188.860951 172.396191 167.377285 107.671392 135.074513 136.297974 158.697687 29.439214 171.053119 40.914600 125.577149 162.320308 93.907928 18.853643 28.676151 27.630454 169.294859 82.567039 80.970842 48.736305 123.144795 39.059372 0.000000 37.808100 103.368187 103.664535 84.235004 30.625177 126.566751 0.000000 60.318367
