0.000000 0.000000 0.005813 0.000000 0.000000 0.000133 0.074947 0.004107 0.000093 0.001507 0.000160 0.000000 0.000133 0.063893 0.000000 0.000000 0.001693 0.000200 0.001173 0.000000 0.000000 0.000000 0.000960 0.000000 0.000000 0.003440 0.000000 0.000547 0.062253 0.012787 0.000000 0.000307 0.000000 0.000600 0.000000 0.000000 0.000000 0.000000 0.000000 0.000000 0.000000 0.000000 0.000000 0.000000 0.000000 0.000000 0.000000 0.000000 0.000000 0.000000 0.000000 0.000000 0.000000 0.000000 0.000000 0.000000 0.000000 0.000000 0.000000 0.000000 0.000000 0.000000 0.000000 0.000080 0.000000 0.000000 0.000000 0.000000
0.000000 0.000000 0.001773 0.000000 0.002040 0.000080 0.000000 0.000000 0.006400 0.000000 0.000400 0.000000 0.006813 0.000000 0.000800 0.000000 0.000107 0.000000 0.000147 0.000000 0.000000 0.004080 0.000000 0.007547 0.019080 0.002213 0.043147 0.000133 0.000000 0.000000 0.000280 0.000080 0.000000 0.000067 0.000000 0.000000 0.000120 0.000000 0.000000 0.000000 0.000000 0.000000 0.000000 0.000000 0.000107 0.000000 0.000160 0.000000 0.000000 0.000000 0.000067 0.000000 0.000000 0.000000 0.000000 0.000000 0.000000 0.000000 0.000000 0.000320 0.000653 0.000000 0.000000 0.000000 0.000160 0.000000 0.000000 0.000000
0.005813 0.001773 0.000000 0.000000 0.000000 0.000600 0.039613 0.010680 0.000000 0.000467 0.000120 0.000000 0.000133 0.021947 0.000000 0.000000 0.103173 0.001413 0.016533 0.000000 0.006867 0.000000 0.074920 0.000840 0.000000 0.125893 0.216507 0.010987 0.011733 0.026893 0.000107 0.000133 0.000000 0.000667 0.000000 0.000240 0.013227 0.000000 0.000000 0.000000 0.000000 0.000000 0.000000 0.000000 0.000000 0.000000 0.000000 0.000000 0.000000 0.000093 0.002707 0.000000 0.000253 0.000000 0.000000 0.000000 0.000627 0.000000 0.000000 0.004653 0.017413 0.000000 0.000000 0.000000 0.000000 0.000000 0.000000 0.000000
0.000000 0.000000 0.000000 0.000000 0.000000 0.002107 0.002453 0.000760 0.000907 0.128000 0.000000 0.005107 0.000093 0.000813 0.000000 0.000000 0.000000 0.000000 0.000000 0.069747 0.000000 0.000000 0.000000 0.017213 0.000000 0.000000 0.000000 0.166493 0.000840 0.000000 0.000000 0.000120 0.000000 0.000160 0.000000 0.000000 0.000000 0.006213 0.000000 0.000627 0.000413 0.000280 0.000107 0.002893 0.000000 0.000160 0.000000 0.000307 0.000000 0.000000 0.000000 0.000000 0.000000 0.000533 0.000000 0.000000 0.000000 0.000747 0.000000 0.000000 0.000000 0.012227 0.000173 0.000000 0.000000 0.000000 0.000000 0.000093
0.000000 0.002040 0.000000 0.000000 0.000000 0.002267 0.000000 0.000000 0.000680 0.000000 0.000000 0.000253 0.001160 0.000000 0.015560 0.000000 0.000000 0.000000 0.000000 0.000000 0.000000 0.000693 0.000000 0.004027 0.000933 0.000000 0.001907 0.000653 0.000000 0.000000 0.000080 0.005280 0.000000 0.014987 0.000000 0.000000 0.000000 0.000000 0.000000 0.000000 0.000000 0.000000 0.000000 0.000000 0.000000 0.000000 0.000000 0.000000 0.000000 0.000000 0.000000 0.000000 0.000000 0.000000 0.000000 0.000000 0.000000 0.000000 0.000000 0.000000 0.000000 0.000000 0.000000 0.000000 0.000000 0.000000 0.000000 0.000000
0.000133 0.000080 0.000600 0.002107 0.002267 0.000000 0.022187 0.087427 0.000360 0.090893 0.000267 0.011013 0.000947 0.010320 0.007333 0.000000 0.000067 0.000093 0.000133 0.006240 0.000000 0.000080 0.000093 0.002347 0.000067 0.000573 0.000293 0.016120 0.002387 0.000173 0.000000 0.020307 0.000000 0.000827 0.000000 0.000000 0.000000 0.000120 0.000000 0.000000 0.000133 0.000000 0.000000 0.000173 0.000000 0.000000 0.000000 0.000000 0.000000 0.000000 0.000000 0.000000 0.000000 0.000000 0.000000 0.000000 0.000000 0.000173 0.000000 0.000000 0.000000 0.000720 0.000093 0.000000 0.000000 0.000000 0.000000 0.000000
0.074947 0.000000 0.039613 0.002453 0.000000 0.022187 0.000000 0.032493 0.001947 0.139960 0.000133 0.000120 0.000347 0.106240 0.000133 0.000000 0.001187 0.000133 0.000773 0.000173 0.001973 0.000000 0.017867 0.010627 0.000000 0.009280 0.016667 0.250373 0.040973 0.018680 0.000107 0.000600 0.000547 0.001987 0.000000 0.000000 0.000000 0.000587 0.000000 0.000253 0.000413 0.000000 0.000000 0.000587 0.000000 0.000000 0.000000 0.000133 0.000000 0.000000 0.000000 0.000000 0.000000 0.000000 0.000000 0.000000 0.000000 0.000533 0.000000 0.000000 0.000000 0.001547 0.000213 0.000000 0.000000 0.000000 0.000000 0.000000
0.004107 0.000000 0.010680 0.000760 0.000000 0.087427 0.032493 0.000000 0.000293 0.026320 0.000547 0.002280 0.000987 0.197187 0.000333 0.000000 0.001227 0.000547 0.001413 0.001347 0.000093 0.000000 0.001467 0.000427 0.000000 0.006960 0.000773 0.005600 0.005600 0.001840 0.000147 0.035360 0.000000 0.000973 0.000000 0.000000 0.000000 0.000067 0.000000 0.000000 0.000000 0.000000 0.000000 0.000080 0.000000 0.000000 0.000000 0.000000 0.000000 0.000000 0.000000 0.000000 0.000000 0.000000 0.000000 0.000000 0.000000 0.000000 0.000000 0.000000 0.000000 0.000307 0.000080 0.000000 0.000000 0.000000 0.000000 0.000000
0.000093 0.006400 0.000000 0.000907 0.000680 0.000360 0.001947 0.000293 0.000000 0.003293 0.000000 0.000000 0.001573 0.000307 0.000093 0.000000 0.000093 0.000000 0.000000 0.000080 0.000000 0.008840 0.000080 0.071560 0.004040 0.000307 0.004493 0.011627 0.002840 0.002093 0.000080 0.000080 0.000093 0.000267 0.000147 0.000000 0.000000 0.000000 0.000000 0.000000 0.000093 0.000000 0.000080 0.000160 0.000080 0.000000 0.000000 0.000187 0.000000 0.000000 0.000000 0.000000 0.000000 0.000000 0.000000 0.000147 0.000000 0.001920 0.000000 0.000000 0.000000 0.001507 0.000960 0.000507 0.000000 0.000000 0.000000 0.000000
0.001507 0.000000 0.000467 0.128000 0.000000 0.090893 0.139960 0.026320 0.003293 0.000000 0.000413 0.030693 0.000773 0.016933 0.000307 0.000000 0.000000 0.000173 0.000160 0.082893 0.000000 0.000000 0.000133 0.006893 0.000000 0.000347 0.000627 0.459693 0.008600 0.000080 0.000067 0.001200 0.000000 0.002707 0.000000 0.000000 0.000000 0.001333 0.000000 0.000840 0.000920 0.000200 0.000173 0.002173 0.000000 0.000120 0.000000 0.000320 0.000000 0.000000 0.000000 0.000000 0.000000 0.000093 0.000000 0.000000 0.000000 0.001093 0.000000 0.000000 0.000000 0.006867 0.000493 0.000000 0.000000 0.000000 0.000000 0.000187
0.000160 0.000400 0.000120 0.000000 0.000000 0.000267 0.000133 0.000547 0.000000 0.000413 0.000000 0.000147 0.061560 0.001187 0.000000 0.000093 0.004880 0.106600 0.027093 0.000107 0.000000 0.000160 0.000000 0.000080 0.000080 0.027947 0.006720 0.000133 0.006600 0.000907 0.013707 0.000707 0.000187 0.015867 0.000000 0.000000 0.000000 0.000000 0.000000 0.000000 0.000000 0.000000 0.000000 0.000000 0.001720 0.000000 0.005067 0.000080 0.000000 0.000000 0.000000 0.000333 0.000000 0.000000 0.000000 0.000000 0.000000 0.000000 0.000093 0.001200 0.001560 0.000000 0.000373 0.000000 0.001107 0.000307 0.000000 0.000733
0.000000 0.000000 0.000000 0.005107 0.000253 0.011013 0.000120 0.002280 0.000000 0.030693 0.000147 0.000000 0.000227 0.002253 0.000333 0.000000 0.000000 0.000067 0.000000 0.028467 0.000000 0.000000 0.000000 0.000120 0.000000 0.000080 0.000000 0.008027 0.002160 0.000000 0.000000 0.000760 0.000000 0.000680 0.000000 0.000000 0.000000 0.000080 0.000000 0.000000 0.000000 0.000000 0.000000 0.000267 0.000000 0.000000 0.000000 0.000000 0.000000 0.000000 0.000000 0.000000 0.000000 0.000000 0.000000 0.000000 0.000000 0.000000 0.000000 0.000000 0.000000 0.000533 0.000000 0.000000 0.000000 0.000000 0.000000 0.000000
0.000133 0.006813 0.000133 0.000093 0.001160 0.000947 0.000347 0.000987 0.001573 0.000773 0.061560 0.000227 0.000000 0.001080 0.000147 0.000880 0.000000 0.002333 0.000187 0.000160 0.000000 0.001640 0.000000 0.001640 0.011733 0.002733 0.049027 0.000280 0.010440 0.000000 0.015507 0.005653 0.000000 0.015040 0.000000 0.000000 0.000080 0.000000 0.000000 0.000000 0.000000 0.000080 0.000120 0.000120 0.007427 0.000000 0.021347 0.000293 0.000000 0.000000 0.000000 0.001213 0.000000 0.000000 0.000000 0.000067 0.000000 0.000200 0.000320 0.004507 0.005107 0.000093 0.001053 0.000000 0.005693 0.000600 0.000000 0.002467
0.063893 0.000000 0.021947 0.000813 0.000000 0.010320 0.106240 0.197187 0.000307 0.016933 0.001187 0.002253 0.001080 0.000000 0.000120 0.000000 0.004800 0.001373 0.004093 0.001693 0.000227 0.000000 0.003893 0.000360 0.000000 0.012693 0.000733 0.005120 0.064613 0.014507 0.000120 0.021947 0.000000 0.002147 0.000000 0.000000 0.000000 0.000000 0.000000 0.000000 0.000000 0.000000 0.000000 0.000000 0.000000 0.000000 0.000000 0.000000 0.000000 0.000000 0.000000 0.000000 0.000000 0.000000 0.000000 0.000000 0.000000 0.000213 0.000000 0.000000 0.000000 0.000360 0.000413 0.000147 0.000000 0.000000 0.000000 0.000000
0.000000 0.000800 0.000000 0.000000 0.015560 0.007333 0.000133 0.000333 0.000093 0.000307 0.000000 0.000333 0.000147 0.000120 0.000000 0.000000 0.000000 0.000000 0.000000 0.000000 0.000000 0.000213 0.000000 0.002827 0.000507 0.000000 0.000467 0.000467 0.000080 0.000000 0.000000 0.002720 0.000000 0.000000 0.000000 0.000000 0.000000 0.000000 0.000000 0.000000 0.000000 0.000000 0.000000 0.000000 0.000000 0.000000 0.000000 0.000000 0.000000 0.000000 0.000000 0.000000 0.000000 0.000000 0.000000 0.000000 0.000000 0.000000 0.000000 0.000000 0.000000 0.000000 0.000000 0.000000 0.000000 0.000000 0.000000 0.000000
0.000000 0.000000 0.000000 0.000000 0.000000 0.000000 0.000000 0.000000 0.000000 0.000000 0.000093 0.000000 0.000880 0.000000 0.000000 0.000000 0.000107 0.000000 0.000000 0.000000 0.034840 0.018760 0.043973 0.017213 0.000160 0.000320 0.045160 0.005773 0.000000 0.000187 0.000160 0.000000 0.000000 0.000000 0.000000 0.000000 0.000000 0.000000 0.000000 0.000000 0.000000 0.000000 0.000000 0.000000 0.000067 0.000000 0.000093 0.000000 0.000000 0.016333 0.000000 0.000000 0.000000 0.000000 0.003640 0.001080 0.007547 0.000200 0.000000 0.000253 0.000627 0.000547 0.000227 0.001813 0.000000 0.000000 0.000000 0.000000
0.001693 0.000107 0.103173 0.000000 0.000000 0.000067 0.001187 0.001227 0.000093 0.000000 0.004880 0.000000 0.000000 0.004800 0.000000 0.000107 0.000000 0.008480 0.061813 0.000000 0.013040 0.000067 0.010880 0.000267 0.000000 0.059013 0.055333 0.000680 0.020653 0.041520 0.000000 0.000000 0.000520 0.019240 0.000000 0.000080 0.000453 0.000000 0.000000 0.000000 0.000000 0.000000 0.000000 0.000000 0.000000 0.000000 0.000000 0.000000 0.000000 0.000000 0.000067 0.000000 0.000067 0.000000 0.000000 0.000000 0.000000 0.000000 0.000000 0.001347 0.001053 0.000067 0.000000 0.000080 0.000000 0.000000 0.000000 0.000000
0.000200 0.000000 0.001413 0.000000 0.000000 0.000093 0.000133 0.000547 0.000000 0.000173 0.106600 0.000067 0.002333 0.001373 0.000000 0.000000 0.008480 0.000000 0.069893 0.000000 0.000293 0.000000 0.000000 0.000000 0.000000 0.046027 0.001933 0.000107 0.008160 0.003947 0.002573 0.000080 0.000813 0.014280 0.000000 0.000000 0.000000 0.000000 0.000000 0.000000 0.000000 0.000000 0.000000 0.000000 0.000240 0.000000 0.000467 0.000000 0.000000 0.000000 0.000000 0.000253 0.000000 0.000000 0.000000 0.000000 0.000000 0.000000 0.000000 0.001080 0.000573 0.000000 0.000000 0.000000 0.000360 0.000000 0.000000 0.000000
0.001173 0.000147 0.016533 0.000000 0.000000 0.000133 0.000773 0.001413 0.000000 0.000160 0.027093 0.000000 0.000187 0.004093 0.000000 0.000000 0.061813 0.069893 0.000000 0.000000 0.001627 0.000000 0.000347 0.000000 0.000107 0.063893 0.011307 0.000160 0.017440 0.014440 0.000280 0.000067 0.001053 0.039960 0.000000 0.000293 0.000067 0.000000 0.000000 0.000000 0.000000 0.000000 0.000000 0.000000 0.000093 0.000000 0.000320 0.000000 0.000000 0.000000 0.000000 0.000573 0.000520 0.000000 0.000000 0.000000 0.000000 0.000000 0.000000 0.006467 0.004227 0.000000 0.000000 0.000000 0.000280 0.000000 0.000000 0.000000
0.000000 0.000000 0.000000 0.069747 0.000000 0.006240 0.000173 0.001347 0.000080 0.082893 0.000107 0.028467 0.000160 0.001693 0.000000 0.000000 0.000000 0.000000 0.000000 0.000000 0.000000 0.000000 0.000000 0.001880 0.000000 0.000000 0.000000 0.054880 0.000960 0.000000 0.000000 0.000347 0.000000 0.000440 0.000000 0.000000 0.000000 0.000280 0.000000 0.000000 0.000067 0.000000 0.000000 0.000253 0.000000 0.000000 0.000000 0.000000 0.000000 0.000000 0.000000 0.000000 0.000000 0.000000 0.000000 0.000000 0.000000 0.000120 0.000000 0.000000 0.000000 0.000813 0.000000 0.000000 0.000000 0.000000 0.000000 0.000000
0.000000 0.000000 0.006867 0.000000 0.000000 0.000000 0.001973 0.000093 0.000000 0.000000 0.000000 0.000000 0.000000 0.000227 0.000000 0.034840 0.013040 0.000293 0.001627 0.000000 0.000000 0.007253 0.218173 0.005093 0.000000 0.000560 0.004013 0.040040 0.001520 0.055093 0.000000 0.000000 0.000000 0.008493 0.000000 0.000000 0.000000 0.000000 0.000000 0.000000 0.000000 0.000000 0.000000 0.000000 0.000000 0.000000 0.000000 0.000000 0.000000 0.005253 0.000000 0.000000 0.000000 0.000000 0.003720 0.000280 0.000787 0.000507 0.000000 0.000000 0.000000 0.000987 0.000467 0.002693 0.000000 0.000000 0.000000 0.000000
0.000000 0.004080 0.000000 0.000000 0.000693 0.000080 0.000000 0.000000 0.008840 0.000000 0.000160 0.000000 0.001640 0.000000 0.000213 0.018760 0.000067 0.000000 0.000000 0.000000 0.007253 0.000000 0.001053 0.025640 0.001600 0.000853 0.015907 0.004480 0.001373 0.004547 0.000253 0.000000 0.000293 0.000093 0.000080 0.000000 0.000000 0.000000 0.000000 0.000000 0.000000 0.000000 0.000000 0.000000 0.000000 0.000000 0.000067 0.000080 0.000000 0.001653 0.000000 0.000000 0.000000 0.000000 0.000347 0.000213 0.000227 0.001040 0.000000 0.000200 0.000107 0.000693 0.001093 0.000987 0.000000 0.000000 0.000000 0.000000
0.000960 0.000000 0.074920 0.000000 0.000000 0.000093 0.017867 0.001467 0.000080 0.000133 0.000000 0.000000 0.000000 0.003893 0.000000 0.043973 0.010880 0.000000 0.000347 0.000000 0.218173 0.001053 0.000000 0.004800 0.000000 0.005560 0.120600 0.040133 0.002827 0.052520 0.000000 0.000000 0.000000 0.010493 0.000000 0.000000 0.001120 0.000000 0.000000 0.000000 0.000000 0.000000 0.000000 0.000000 0.000000 0.000000 0.000000 0.000000 0.000000 0.013400 0.000067 0.000000 0.000000 0.000000 0.000720 0.000640 0.007427 0.000067 0.000000 0.000080 0.005333 0.000080 0.000000 0.000000 0.000000 0.000000 0.000000 0.000000
0.000000 0.007547 0.000840 0.017213 0.004027 0.002347 0.010627 0.000427 0.071560 0.006893 0.000080 0.000120 0.001640 0.000360 0.002827 0.017213 0.000267 0.000000 0.000000 0.001880 0.005093 0.025640 0.004800 0.000000 0.002920 0.001973 0.039720 0.091960 0.003533 0.002427 0.000253 0.000920 0.000667 0.000627 0.000333 0.000000 0.000000 0.001560 0.000000 0.001067 0.002667 0.000733 0.001920 0.003960 0.000147 0.000120 0.000187 0.001267 0.000000 0.000400 0.000000 0.000067 0.000000 0.000120 0.001200 0.000813 0.000000 0.006173 0.000000 0.000240 0.000227 0.013707 0.004827 0.004027 0.000133 0.000080 0.000000 0.000853
0.000000 0.019080 0.000000 0.000000 0.000933 0.000067 0.000000 0.000000 0.004040 0.000000 0.000080 0.000000 0.011733 0.000000 0.000507 0.000160 0.000000 0.000000 0.000107 0.000000 0.000000 0.001600 0.000000 0.002920 0.000000 0.001187 0.027347 0.000000 0.000000 0.000000 0.001467 0.000000 0.000000 0.000000 0.000000 0.000000 0.000000 0.000000 0.000000 0.000000 0.000000 0.000000 0.000000 0.000000 0.000533 0.000000 0.001387 0.000000 0.000000 0.000000 0.000000 0.000173 0.000000 0.000000 0.000000 0.000000 0.000000 0.000000 0.000093 0.001053 0.001147 0.000000 0.000000 0.000000 0.000973 0.000000 0.000000 0.000000
0.003440 0.002213 0.125893 0.000000 0.000000 0.000573 0.009280 0.006960 0.000307 0.000347 0.027947 0.000080 0.002733 0.012693 0.000000 0.000320 0.059013 0.046027 0.063893 0.000000 0.000560 0.000853 0.005560 0.001973 0.001187 0.000000 0.160160 0.001467 0.011600 0.009827 0.010120 0.000133 0.000000 0.013893 0.000000 0.002507 0.001253 0.000000 0.000000 0.000000 0.000000 0.000000 0.000000 0.000000 0.002107 0.000000 0.005840 0.000000 0.000000 0.000093 0.000613 0.004093 0.004920 0.000000 0.000000 0.000000 0.000000 0.000347 0.000573 0.053213 0.039947 0.000000 0.000000 0.000000 0.004960 0.000000 0.000000 0.000320
0.000000 0.043147 0.216507 0.000000 0.001907 0.000293 0.016667 0.000773 0.004493 0.000627 0.006720 0.000000 0.049027 0.000733 0.000467 0.045160 0.055333 0.001933 0.011307 0.000000 0.004013 0.015907 0.120600 0.039720 0.027347 0.160160 0.000000 0.030013 0.000707 0.000280 0.018867 0.000093 0.000000 0.009613 0.000000 0.006320 0.016480 0.000000 0.000000 0.000000 0.000000 0.000000 0.000000 0.000000 0.003267 0.000000 0.007813 0.000000 0.000000 0.007613 0.003520 0.004067 0.004240 0.000000 0.000120 0.001173 0.008507 0.000293 0.001413 0.061307 0.087347 0.000253 0.000120 0.000000 0.007707 0.000067 0.000000 0.000360
0.000547 0.000133 0.010987 0.166493 0.000653 0.016120 0.250373 0.005600 0.011627 0.459693 0.000133 0.008027 0.000280 0.005120 0.000467 0.005773 0.000680 0.000107 0.000160 0.054880 0.040040 0.004480 0.040133 0.091960 0.000000 0.001467 0.030013 0.000000 0.018453 0.150413 0.000000 0.000507 0.002640 0.003027 0.000253 0.000000 0.000000 0.004893 0.000000 0.002080 0.002293 0.000960 0.000467 0.007920 0.000000 0.000560 0.000000 0.001507 0.000000 0.000533 0.000000 0.000000 0.000000 0.000507 0.000987 0.000427 0.000000 0.006187 0.000000 0.000093 0.000000 0.019893 0.004707 0.003320 0.000000 0.000133 0.000000 0.000587
0.062253 0.000000 0.011733 0.000840 0.000000 0.002387 0.040973 0.005600 0.002840 0.008600 0.006600 0.002160 0.010440 0.064613 0.000080 0.000000 0.020653 0.008160 0.017440 0.000960 0.001520 0.001373 0.002827 0.003533 0.000000 0.011600 0.000707 0.018453 0.000000 0.093573 0.000707 0.002000 0.017627 0.012720 0.000240 0.000000 0.000000 0.000067 0.000000 0.000000 0.000093 0.000000 0.000107 0.000240 0.000000 0.000000 0.000000 0.000427 0.000000 0.000000 0.000000 0.000000 0.000000 0.000000 0.000267 0.000160 0.000000 0.001360 0.000000 0.000000 0.000000 0.002200 0.003507 0.002840 0.000000 0.000000 0.000000 0.000067
0.012787 0.000000 0.026893 0.000000 0.000000 0.000173 0.018680 0.001840 0.002093 0.000080 0.000907 0.000000 0.000000 0.014507 0.000000 0.000187 0.041520 0.003947 0.014440 0.000000 0.055093 0.004547 0.052520 0.002427 0.000000 0.009827 0.000280 0.150413 0.093573 0.000000 0.000000 0.000000 0.005960 0.008480 0.000080 0.000000 0.000000 0.000000 0.000000 0.000000 0.000000 0.000000 0.000107 0.000000 0.000000 0.000000 0.000000 0.000333 0.000000 0.000987 0.000000 0.000000 0.000000 0.000000 0.002680 0.000893 0.000000 0.001493 0.000000 0.000000 0.000000 0.002880 0.005187 0.006587 0.000000 0.000000 0.000000 0.000107
0.000000 0.000280 0.000107 0.000000 0.000080 0.000000 0.000107 0.000147 0.000080 0.000067 0.013707 0.000000 0.015507 0.000120 0.000000 0.000160 0.000000 0.002573 0.000280 0.000000 0.000000 0.000253 0.000000 0.000253 0.001467 0.010120 0.018867 0.000000 0.000707 0.000000 0.000000 0.000000 0.000000 0.001547 0.000000 0.000000 0.000000 0.000000 0.000000 0.000000 0.000000 0.000000 0.000000 0.000000 0.002507 0.000000 0.007680 0.000000 0.000000 0.000000 0.000000 0.001173 0.000000 0.000000 0.000000 0.000000 0.000000 0.000000 0.000173 0.004600 0.002933 0.000000 0.000000 0.000000 0.004080 0.000000 0.000000 0.000093
0.000307 0.000080 0.000133 0.000120 0.005280 0.020307 0.000600 0.035360 0.000080 0.001200 0.000707 0.000760 0.005653 0.021947 0.002720 0.000000 0.000000 0.000080 0.000067 0.000347 0.000000 0.000000 0.000000 0.000920 0.000000 0.000133 0.000093 0.000507 0.002000 0.000000 0.000000 0.000000 0.000000 0.015840 0.000000 0.000000 0.000000 0.000000 0.000000 0.000000 0.000000 0.000000 0.000000 0.000000 0.000000 0.000000 0.000000 0.000000 0.000000 0.000000 0.000000 0.000000 0.000000 0.000000 0.000000 0.000000 0.000000 0.000000 0.000000 0.000000 0.000000 0.000120 0.000000 0.000000 0.000000 0.000000 0.000000 0.000000
0.000000 0.000000 0.000000 0.000000 0.000000 0.000000 0.000547 0.000000 0.000093 0.000000 0.000187 0.000000 0.000000 0.000000 0.000000 0.000000 0.000520 0.000813 0.001053 0.000000 0.000000 0.000293 0.000000 0.000667 0.000000 0.000000 0.000000 0.002640 0.017627 0.005960 0.000000 0.000000 0.000000 0.000493 0.000000 0.000000 0.000000 0.000000 0.000000 0.000000 0.000000 0.000000 0.000000 0.000000 0.000000 0.000000 0.000000 0.000000 0.000000 0.000000 0.000000 0.000000 0.000000 0.000000 0.000000 0.000000 0.000000 0.000120 0.000000 0.000000 0.000000 0.000213 0.000293 0.000333 0.000000 0.000000 0.000000 0.000000
0.000600 0.000067 0.000667 0.000160 0.014987 0.000827 0.001987 0.000973 0.000267 0.002707 0.015867 0.000680 0.015040 0.002147 0.000000 0.000000 0.019240 0.014280 0.039960 0.000440 0.008493 0.000093 0.010493 0.000627 0.000000 0.013893 0.009613 0.003027 0.012720 0.008480 0.001547 0.015840 0.000493 0.000000 0.000000 0.000000 0.000000 0.000000 0.000000 0.000000 0.000000 0.000000 0.000000 0.000000 0.000000 0.000000 0.000000 0.000000 0.000000 0.000000 0.000000 0.000000 0.000000 0.000000 0.000000 0.000000 0.000000 0.000173 0.000000 0.000107 0.000080 0.000267 0.000000 0.000147 0.000000 0.000000 0.000000 0.000067
0.000000 0.000000 0.000000 0.000000 0.000000 0.000000 0.000000 0.000000 0.000147 0.000000 0.000000 0.000000 0.000000 0.000000 0.000000 0.000000 0.000000 0.000000 0.000000 0.000000 0.000000 0.000080 0.000000 0.000333 0.000000 0.000000 0.000000 0.000253 0.000240 0.000080 0.000000 0.000000 0.000000 0.000000 0.000000 0.000000 0.000613 0.000000 0.000000 0.000000 0.012973 0.002533 0.001000 0.000160 0.000293 0.000000 0.000000 0.068027 0.000000 0.000000 0.000747 0.002827 0.003933 0.000000 0.000307 0.000200 0.000213 0.000347 0.000000 0.001760 0.000000 0.001227 0.057387 0.017067 0.000000 0.000067 0.000000 0.000280
0.000000 0.000000 0.000240 0.000000 0.000000 0.000000 0.000000 0.000000 0.000000 0.000000 0.000000 0.000000 0.000000 0.000000 0.000000 0.000000 0.000080 0.000000 0.000293 0.000000 0.000000 0.000000 0.000000 0.000000 0.000000 0.002507 0.006320 0.000000 0.000000 0.000000 0.000000 0.000000 0.000000 0.000000 0.000000 0.000000 0.001453 0.000000 0.001053 0.000880 0.000000 0.000000 0.006640 0.000000 0.001587 0.000093 0.003733 0.000000 0.002733 0.000160 0.000293 0.000000 0.001547 0.000000 0.000000 0.003027 0.000000 0.002400 0.016880 0.008307 0.061440 0.000000 0.000067 0.000000 0.000360 0.000907 0.000000 0.001120
0.000000 0.000120 0.013227 0.000000 0.000000 0.000000 0.000000 0.000000 0.000000 0.000000 0.000000 0.000000 0.000080 0.000000 0.000000 0.000000 0.000453 0.000000 0.000067 0.000000 0.000000 0.000000 0.001120 0.000000 0.000000 0.001253 0.016480 0.000000 0.000000 0.000000 0.000000 0.000000 0.000000 0.000000 0.000613 0.001453 0.000000 0.000000 0.000000 0.000000 0.013467 0.004347 0.000000 0.000280 0.000000 0.000000 0.000000 0.007920 0.000000 0.000000 0.038827 0.000000 0.002907 0.000000 0.003653 0.000000 0.065387 0.000120 0.000000 0.095040 0.049147 0.010453 0.000813 0.001547 0.000000 0.000000 0.000000 0.000120
0.000000 0.000000 0.000000 0.006213 0.000000 0.000120 0.000587 0.000067 0.000000 0.001333 0.000000 0.000080 0.000000 0.000000 0.000000 0.000000 0.000000 0.000000 0.000000 0.000280 0.000000 0.000000 0.000000 0.001560 0.000000 0.000000 0.000000 0.004893 0.000067 0.000000 0.000000 0.000000 0.000000 0.000000 0.000000 0.000000 0.000000 0.000000 0.000000 0.006347 0.001813 0.005907 0.002800 0.113973 0.000307 0.005853 0.000067 0.008773 0.000093 0.000000 0.000000 0.000120 0.000000 0.073173 0.000000 0.000000 0.000000 0.013587 0.000000 0.000093 0.000000 0.080640 0.004920 0.000000 0.000000 0.000413 0.000000 0.001787
0.000000 0.000000 0.000000 0.000000 0.000000 0.000000 0.000000 0.000000 0.000000 0.000000 0.000000 0.000000 0.000000 0.000000 0.000000 0.000000 0.000000 0.000000 0.000000 0.000000 0.000000 0.000000 0.000000 0.000000 0.000000 0.000000 0.000000 0.000000 0.000000 0.000000 0.000000 0.000000 0.000000 0.000000 0.000000 0.001053 0.000000 0.000000 0.000000 0.005720 0.000107 0.000067 0.000107 0.000280 0.000093 0.000000 0.000427 0.000000 0.016013 0.000000 0.000000 0.000000 0.000067 0.000000 0.000000 0.000720 0.000000 0.000187 0.000827 0.000107 0.000587 0.000253 0.000000 0.000000 0.000000 0.005760 0.000000 0.000387
0.000000 0.000000 0.000000 0.000627 0.000000 0.000000 0.000253 0.000000 0.000000 0.000840 0.000000 0.000000 0.000000 0.000000 0.000000 0.000000 0.000000 0.000000 0.000000 0.000000 0.000000 0.000000 0.000000 0.001067 0.000000 0.000000 0.000000 0.002080 0.000000 0.000000 0.000000 0.000000 0.000000 0.000000 0.000000 0.000880 0.000000 0.006347 0.005720 0.000000 0.026573 0.093267 0.000720 0.193973 0.000693 0.006320 0.000667 0.012640 0.012053 0.000000 0.000000 0.000267 0.000000 0.005840 0.000000 0.000640 0.000000 0.000947 0.000640 0.000267 0.000587 0.022907 0.002573 0.000000 0.000000 0.025213 0.000000 0.002053
0.000000 0.000000 0.000000 0.000413 0.000000 0.000133 0.000413 0.000000 0.000093 0.000920 0.000000 0.000000 0.000000 0.000000 0.000000 0.000000 0.000000 0.000000 0.000000 0.000067 0.000000 0.000000 0.000000 0.002667 0.000000 0.000000 0.000000 0.002293 0.000093 0.000000 0.000000 0.000000 0.000000 0.000000 0.012973 0.000000 0.013467 0.001813 0.000107 0.026573 0.000000 0.071720 0.003613 0.132400 0.000213 0.000880 0.000000 0.157987 0.000373 0.000000 0.001920 0.000680 0.001560 0.000267 0.009640 0.000000 0.008213 0.004533 0.000000 0.005853 0.001133 0.335787 0.015400 0.052667 0.000000 0.000787 0.000000 0.001333
0.000000 0.000000 0.000000 0.000280 0.000000 0.000000 0.000000 0.000000 0.000000 0.000200 0.000000 0.000000 0.000080 0.000000 0.000000 0.000000 0.000000 0.000000 0.000000 0.000000 0.000000 0.000000 0.000000 0.000733 0.000000 0.000000 0.000000 0.000960 0.000000 0.000000 0.000000 0.000000 0.000000 0.000000 0.002533 0.000000 0.004347 0.005907 0.000067 0.093267 0.071720 0.000000 0.000493 0.052640 0.000800 0.002893 0.000120 0.236480 0.002280 0.000000 0.000227 0.000627 0.000813 0.003533 0.000987 0.000080 0.000667 0.000840 0.000000 0.002773 0.000133 0.016747 0.007800 0.002200 0.000000 0.046800 0.000000 0.003893
0.000000 0.000000 0.000000 0.000107 0.000000 0.000000 0.000000 0.000000 0.000080 0.000173 0.000000 0.000000 0.000120 0.000000 0.000000 0.000000 0.000000 0.000000 0.000000 0.000000 0.000000 0.000000 0.000000 0.001920 0.000000 0.000000 0.000000 0.000467 0.000107 0.000107 0.000000 0.000000 0.000000 0.000000 0.001000 0.006640 0.000000 0.002800 0.000107 0.000720 0.003613 0.000493 0.000000 0.005160 0.001187 0.000160 0.003093 0.001680 0.000253 0.000000 0.000107 0.000000 0.000120 0.000347 0.000000 0.004293 0.000000 0.022120 0.004907 0.000253 0.001147 0.017667 0.007947 0.006933 0.000067 0.000293 0.000000 0.000867
0.000000 0.000000 0.000000 0.002893 0.000000 0.000173 0.000587 0.000080 0.000160 0.002173 0.000000 0.000267 0.000120 0.000000 0.000000 0.000000 0.000000 0.000000 0.000000 0.000253 0.000000 0.000000 0.000000 0.003960 0.000000 0.000000 0.000000 0.007920 0.000240 0.000000 0.000000 0.000000 0.000000 0.000000 0.000160 0.000000 0.000280 0.113973 0.000280 0.193973 0.132400 0.052640 0.005160 0.000000 0.000813 0.027187 0.000120 0.052133 0.000307 0.000000 0.000000 0.000640 0.000173 0.104347 0.000147 0.000000 0.000000 0.003040 0.000000 0.000520 0.000120 0.343000 0.015867 0.000093 0.000067 0.002920 0.000000 0.004680
0.000000 0.000107 0.000000 0.000000 0.000000 0.000000 0.000000 0.000000 0.000080 0.000000 0.001720 0.000000 0.007427 0.000000 0.000000 0.000067 0.000000 0.000240 0.000093 0.000000 0.000000 0.000000 0.000000 0.000147 0.000533 0.002107 0.003267 0.000000 0.000000 0.000000 0.002507 0.000000 0.000000 0.000000 0.000293 0.001587 0.000000 0.000307 0.000093 0.000693 0.000213 0.000800 0.001187 0.000813 0.000000 0.000227 0.022053 0.002880 0.000440 0.000000 0.000000 0.116493 0.007387 0.000280 0.000067 0.000147 0.000000 0.000307 0.002653 0.041573 0.002040 0.000413 0.010907 0.000373 0.027120 0.007013 0.000000 0.052133
0.000000 0.000000 0.000000 0.000160 0.000000 0.000000 0.000000 0.000000 0.000000 0.000120 0.000000 0.000000 0.000000 0.000000 0.000000 0.000000 0.000000 0.000000 0.000000 0.000000 0.000000 0.000000 0.000000 0.000120 0.000000 0.000000 0.000000 0.000560 0.000000 0.000000 0.000000 0.000000 0.000000 0.000000 0.000000 0.000093 0.000000 0.005853 0.000000 0.006320 0.000880 0.002893 0.000160 0.027187 0.000227 0.000000 0.000120 0.006333 0.000000 0.000000 0.000000 0.000160 0.000000 0.007600 0.000000 0.000067 0.000000 0.000827 0.000000 0.000067 0.000000 0.006667 0.002120 0.000000 0.000067 0.000440 0.000000 0.000787
0.000000 0.000160 0.000000 0.000000 0.000000 0.000000 0.000000 0.000000 0.000000 0.000000 0.005067 0.000000 0.021347 0.000000 0.000000 0.000093 0.000000 0.000467 0.000320 0.000000 0.000000 0.000067 0.000000 0.000187 0.001387 0.005840 0.007813 0.000000 0.000000 0.000000 0.007680 0.000000 0.000000 0.000000 0.000000 0.003733 0.000000 0.000067 0.000427 0.000667 0.000000 0.000120 0.003093 0.000120 0.022053 0.000120 0.000000 0.000627 0.001253 0.000280 0.000000 0.002053 0.000333 0.000000 0.000000 0.001547 0.000000 0.002280 0.029747 0.008827 0.050587 0.000147 0.002280 0.000000 0.029720 0.001840 0.000000 0.004400
0.000000 0.000000 0.000000 0.000307 0.000000 0.000000 0.000133 0.000000 0.000187 0.000320 0.000080 0.000000 0.000293 0.000000 0.000000 0.000000 0.000000 0.000000 0.000000 0.000000 0.000000 0.000080 0.000000 0.001267 0.000000 0.000000 0.000000 0.001507 0.000427 0.000333 0.000000 0.000000 0.000000 0.000000 0.068027 0.000000 0.007920 0.008773 0.000000 0.012640 0.157987 0.236480 0.001680 0.052133 0.002880 0.006333 0.000627 0.000000 0.000613 0.000000 0.001360 0.004240 0.005080 0.008147 0.000707 0.000107 0.001413 0.001147 0.000080 0.009533 0.000400 0.030067 0.064307 0.024520 0.000133 0.007040 0.000000 0.003987
0.000000 0.000000 0.000000 0.000000 0.000000 0.000000 0.000000 0.000000 0.000000 0.000000 0.000000 0.000000 0.000000 0.000000 0.000000 0.000000 0.000000 0.000000 0.000000 0.000000 0.000000 0.000000 0.000000 0.000000 0.000000 0.000000 0.000000 0.000000 0.000000 0.000000 0.000000 0.000000 0.000000 0.000000 0.000000 0.002733 0.000000 0.000093 0.016013 0.012053 0.000373 0.002280 0.000253 0.000307 0.000440 0.000000 0.001253 0.000613 0.000000 0.000000 0.000000 0.000000 0.000000 0.000000 0.000000 0.001867 0.000000 0.000533 0.001387 0.000187 0.000680 0.000893 0.000133 0.000000 0.000000 0.007773 0.000000 0.000267
0.000000 0.000000 0.000093 0.000000 0.000000 0.000000 0.000000 0.000000 0.000000 0.000000 0.000000 0.000000 0.000000 0.000000 0.000000 0.016333 0.000000 0.000000 0.000000 0.000000 0.005253 0.001653 0.013400 0.000400 0.000000 0.000093 0.007613 0.000533 0.000000 0.000987 0.000000 0.000000 0.000000 0.000000 0.000000 0.000160 0.000000 0.000000 0.000000 0.000000 0.000000 0.000000 0.000000 0.000000 0.000000 0.000000 0.000280 0.000000 0.000000 0.000000 0.000147 0.000000 0.000107 0.000000 0.013400 0.045800 0.080760 0.008213 0.000320 0.000333 0.013947 0.003320 0.000000 0.000827 0.000000 0.000000 0.000000 0.000240
0.000000 0.000067 0.002707 0.000000 0.000000 0.000000 0.000000 0.000000 0.000000 0.000000 0.000000 0.000000 0.000000 0.000000 0.000000 0.000000 0.000067 0.000000 0.000000 0.000000 0.000000 0.000000 0.000067 0.000000 0.000000 0.000613 0.003520 0.000000 0.000000 0.000000 0.000000 0.000000 0.000000 0.000000 0.000747 0.000293 0.038827 0.000000 0.000000 0.000000 0.001920 0.000227 0.000107 0.000000 0.000000 0.000000 0.000000 0.001360 0.000000 0.000147 0.000000 0.002053 0.075347 0.000000 0.000787 0.000000 0.031160 0.000000 0.000000 0.042187 0.046987 0.002653 0.002467 0.022747 0.000000 0.000000 0.000000 0.018413
0.000000 0.000000 0.000000 0.000000 0.000000 0.000000 0.000000 0.000000 0.000000 0.000000 0.000333 0.000000 0.001213 0.000000 0.000000 0.000000 0.000000 0.000253 0.000573 0.000000 0.000000 0.000000 0.000000 0.000067 0.000173 0.004093 0.004067 0.000000 0.000000 0.000000 0.001173 0.000000 0.000000 0.000000 0.002827 0.000000 0.000000 0.000120 0.000000 0.000267 0.000680 0.000627 0.000000 0.000640 0.116493 0.000160 0.002053 0.004240 0.000000 0.000000 0.002053 0.000000 0.038920 0.000227 0.000267 0.000000 0.000187 0.000000 0.000133 0.031960 0.003227 0.000373 0.010307 0.003173 0.002733 0.000987 0.000000 0.020920
0.000000 0.000000 0.000253 0.000000 0.000000 0.000000 0.000000 0.000000 0.000000 0.000000 0.000000 0.000000 0.000000 0.000000 0.000000 0.000000 0.000067 0.000000 0.000520 0.000000 0.000000 0.000000 0.000000 0.000000 0.000000 0.004920 0.004240 0.000000 0.000000 0.000000 0.000000 0.000000 0.000000 0.000000 0.003933 0.001547 0.002907 0.000000 0.000067 0.000000 0.001560 0.000813 0.000120 0.000173 0.007387 0.000000 0.000333 0.005080 0.000000 0.000107 0.075347 0.038920 0.000000 0.000000 0.000333 0.000253 0.002000 0.000507 0.000000 0.170733 0.027440 0.001333 0.012613 0.010307 0.000120 0.000093 0.000000 0.024093
0.000000 0.000000 0.000000 0.000533 0.000000 0.000000 0.000000 0.000000 0.000000 0.000093 0.000000 0.000000 0.000000 0.000000 0.000000 0.000000 0.000000 0.000000 0.000000 0.000000 0.000000 0.000000 0.000000 0.000120 0.000000 0.000000 0.000000 0.000507 0.000000 0.000000 0.000000 0.000000 0.000000 0.000000 0.000000 0.000000 0.000000 0.073173 0.000000 0.005840 0.000267 0.003533 0.000347 0.104347 0.000280 0.007600 0.000000 0.008147 0.000000 0.000000 0.000000 0.000227 0.000000 0.000000 0.000000 0.000000 0.000000 0.000320 0.000000 0.000133 0.000067 0.033520 0.002867 0.000000 0.000000 0.000467 0.000000 0.000773
0.000000 0.000000 0.000000 0.000000 0.000000 0.000000 0.000000 0.000000 0.000000 0.000000 0.000000 0.000000 0.000000 0.000000 0.000000 0.003640 0.000000 0.000000 0.000000 0.000000 0.003720 0.000347 0.000720 0.001200 0.000000 0.000000 0.000120 0.000987 0.000267 0.002680 0.000000 0.000000 0.000000 0.000000 0.000307 0.000000 0.003653 0.000000 0.000000 0.000000 0.009640 0.000987 0.000000 0.000147 0.000067 0.000000 0.000000 0.000707 0.000000 0.013400 0.000787 0.000267 0.000333 0.000000 0.000000 0.002440 0.146787 0.003293 0.000000 0.000680 0.000693 0.041893 0.001187 0.075760 0.000000 0.000000 0.000000 0.016333
0.000000 0.000000 0.000000 0.000000 0.000000 0.000000 0.000000 0.000000 0.000147 0.000000 0.000000 0.000000 0.000067 0.000000 0.000000 0.001080 0.000000 0.000000 0.000000 0.000000 0.000280 0.000213 0.000640 0.000813 0.000000 0.000000 0.001173 0.000427 0.000160 0.000893 0.000000 0.000000 0.000000 0.000000 0.000200 0.003027 0.000000 0.000000 0.000720 0.000640 0.000000 0.000080 0.004293 0.000000 0.000147 0.000067 0.001547 0.000107 0.001867 0.045800 0.000000 0.000000 0.000253 0.000000 0.002440 0.000000 0.001760 0.017533 0.001440 0.000987 0.011240 0.003667 0.005213 0.005987 0.000200 0.000840 0.000000 0.000293
0.000000 0.000000 0.000627 0.000000 0.000000 0.000000 0.000000 0.000000 0.000000 0.000000 0.000000 0.000000 0.000000 0.000000 0.000000 0.007547 0.000000 0.000000 0.000000 0.000000 0.000787 0.000227 0.007427 0.000000 0.000000 0.000000 0.008507 0.000000 0.000000 0.000000 0.000000 0.000000 0.000000 0.000000 0.000213 0.000000 0.065387 0.000000 0.000000 0.000000 0.008213 0.000667 0.000000 0.000000 0.000000 0.000000 0.000000 0.001413 0.000000 0.080760 0.031160 0.000187 0.002000 0.000000 0.146787 0.001760 0.000000 0.002400 0.000000 0.023600 0.104773 0.055000 0.000720 0.032480 0.000000 0.000000 0.000000 0.018707
0.000000 0.000000 0.000000 0.000747 0.000000 0.000173 0.000533 0.000000 0.001920 0.001093 0.000000 0.000000 0.000200 0.000213 0.000000 0.000200 0.000000 0.000000 0.000000 0.000120 0.000507 0.001040 0.000067 0.006173 0.000000 0.000347 0.000293 0.006187 0.001360 0.001493 0.000000 0.000000 0.000120 0.000173 0.000347 0.002400 0.000120 0.013587 0.000187 0.000947 0.004533 0.000840 0.022120 0.003040 0.000307 0.000827 0.002280 0.001147 0.000533 0.008213 0.000000 0.000000 0.000507 0.000320 0.003293 0.017533 0.002400 0.000000 0.002480 0.002680 0.014840 0.069920 0.003413 0.004280 0.000280 0.000307 0.000000 0.000800
0.000000 0.000000 0.000000 0.000000 0.000000 0.000000 0.000000 0.000000 0.000000 0.000000 0.000093 0.000000 0.000320 0.000000 0.000000 0.000000 0.000000 0.000000 0.000000 0.000000 0.000000 0.000000 0.000000 0.000000 0.000093 0.000573 0.001413 0.000000 0.000000 0.000000 0.000173 0.000000 0.000000 0.000000 0.000000 0.016880 0.000000 0.000000 0.000827 0.000640 0.000000 0.000000 0.004907 0.000000 0.002653 0.000000 0.029747 0.000080 0.001387 0.000320 0.000000 0.000133 0.000000 0.000000 0.000000 0.001440 0.000000 0.002480 0.000000 0.003627 0.015827 0.000133 0.000293 0.000000 0.001707 0.000800 0.000000 0.001880
0.000000 0.000320 0.004653 0.000000 0.000000 0.000000 0.000000 0.000000 0.000000 0.000000 0.001200 0.000000 0.004507 0.000000 0.000000 0.000253 0.001347 0.001080 0.006467 0.000000 0.000000 0.000200 0.000080 0.000240 0.001053 0.053213 0.061307 0.000093 0.000000 0.000000 0.004600 0.000000 0.000000 0.000107 0.001760 0.008307 0.095040 0.000093 0.000107 0.000267 0.005853 0.002773 0.000253 0.000520 0.041573 0.000067 0.008827 0.009533 0.000187 0.000333 0.042187 0.031960 0.170733 0.000133 0.000680 0.000987 0.023600 0.002680 0.003627 0.000000 0.093960 0.003933 0.006133 0.004547 0.008760 0.000667 0.000000 0.006733
0.000000 0.000653 0.017413 0.000000 0.000000 0.000000 0.000000 0.000000 0.000000 0.000000 0.001560 0.000000 0.005107 0.000000 0.000000 0.000627 0.001053 0.000573 0.004227 0.000000 0.000000 0.000107 0.005333 0.000227 0.001147 0.039947 0.087347 0.000000 0.000000 0.000000 0.002933 0.000000 0.000000 0.000080 0.000000 0.061440 0.049147 0.000000 0.000587 0.000587 0.001133 0.000133 0.001147 0.000120 0.002040 0.000000 0.050587 0.000400 0.000680 0.013947 0.046987 0.003227 0.027440 0.000067 0.000693 0.011240 0.104773 0.014840 0.015827 0.093960 0.000000 0.013027 0.000627 0.000467 0.004547 0.000667 0.000000 0.005040
0.000000 0.000000 0.000000 0.012227 0.000000 0.000720 0.001547 0.000307 0.001507 0.006867 0.000000 0.000533 0.000093 0.000360 0.000000 0.000547 0.000067 0.000000 0.000000 0.000813 0.000987 0.000693 0.000080 0.013707 0.000000 0.000000 0.000253 0.019893 0.002200 0.002880 0.000000 0.000120 0.000213 0.000267 0.001227 0.000000 0.010453 0.080640 0.000253 0.022907 0.335787 0.016747 0.017667 0.343000 0.000413 0.006667 0.000147 0.030067 0.000893 0.003320 0.002653 0.000373 0.001333 0.033520 0.041893 0.003667 0.055000 0.069920 0.000133 0.003933 0.013027 0.000000 0.026533 0.078333 0.000067 0.001200 0.000000 0.006827
0.000000 0.000000 0.000000 0.000173 0.000000 0.000093 0.000213 0.000080 0.000960 0.000493 0.000373 0.000000 0.001053 0.000413 0.000000 0.000227 0.000000 0.000000 0.000000 0.000000 0.000467 0.001093 0.000000 0.004827 0.000000 0.000000 0.000120 0.004707 0.003507 0.005187 0.000000 0.000000 0.000293 0.000000 0.057387 0.000067 0.000813 0.004920 0.000000 0.002573 0.015400 0.007800 0.007947 0.015867 0.010907 0.002120 0.002280 0.064307 0.000133 0.000000 0.002467 0.010307 0.012613 0.002867 0.001187 0.005213 0.000720 0.003413 0.000293 0.006133 0.000627 0.026533 0.000000 0.039920 0.000587 0.006347 0.046227 0.053053
0.000080 0.000000 0.000000 0.000000 0.000000 0.000000 0.000000 0.000000 0.000507 0.000000 0.000000 0.000000 0.000000 0.000147 0.000000 0.001813 0.000080 0.000000 0.000000 0.000000 0.002693 0.000987 0.000000 0.004027 0.000000 0.000000 0.000000 0.003320 0.002840 0.006587 0.000000 0.000000 0.000333 0.000147 0.017067 0.000000 0.001547 0.000000 0.000000 0.000000 0.052667 0.002200 0.006933 0.000093 0.000373 0.000000 0.000000 0.024520 0.000000 0.000827 0.022747 0.003173 0.010307 0.000000 0.075760 0.005987 0.032480 0.004280 0.000000 0.004547 0.000467 0.078333 0.039920 0.000000 0.000000 0.000000 0.000187 0.011987
0.000000 0.000160 0.000000 0.000000 0.000000 0.000000 0.000000 0.000000 0.000000 0.000000 0.001107 0.000000 0.005693 0.000000 0.000000 0.000000 0.000000 0.000360 0.000280 0.000000 0.000000 0.000000 0.000000 0.000133 0.000973 0.004960 0.007707 0.000000 0.000000 0.000000 0.004080 0.000000 0.000000 0.000000 0.000000 0.000360 0.000000 0.000000 0.000000 0.000000 0.000000 0.000000 0.000067 0.000067 0.027120 0.000067 0.029720 0.000133 0.000000 0.000000 0.000000 0.002733 0.000120 0.000000 0.000000 0.000200 0.000000 0.000280 0.001707 0.008760 0.004547 0.000067 0.000587 0.000000 0.000000 0.000187 0.000000 0.000893
