0.000000 0.000000 104.510386 0.000000 0.000000 85.182788 35.396848 48.804058 0.000000 107.410597 123.142915 0.000000 72.419388 35.549662 0.000000 0.000000 108.605096 131.198370 127.683150 0.000000 77.381203 0.000000 90.319345 0.000000 0.000000 122.764254 149.971543 98.664534 15.556661 25.143782 0.000000 83.438499 0.000000 80.063982 0.000000 0.000000 0.000000 0.000000 0.000000 0.000000 0.000000 0.000000 0.000000 0.000000 0.000000 0.000000 0.000000 0.000000 0.000000 0.000000 0.000000 0.000000 0.000000 0.000000 0.000000 0.000000 0.000000 135.793419 0.000000 0.000000 0.000000 0.000000 0.000000 0.000000 0.000000 0.000000 0.000000 0.000000
0.000000 0.000000 40.540477 0.000000 143.472262 0.000000 0.000000 0.000000 78.907611 0.000000 61.064592 103.744358 55.758522 0.000000 118.152855 78.691652 56.524968 0.000000 62.765339 0.000000 0.000000 26.104271 0.000000 82.396758 33.281723 51.057189 35.526121 125.211597 0.000000 0.000000 61.088010 144.438086 0.000000 83.330022 0.000000 0.000000 56.868962 0.000000 0.000000 0.000000 0.000000 0.000000 0.000000 0.000000 103.547718 0.000000 95.431698 0.000000 0.000000 0.000000 64.327656 118.447706 64.294515 0.000000 0.000000 0.000000 0.000000 108.606594 79.674170 63.070446 48.362222 177.066546 0.000000 0.000000 109.072326 0.000000 0.000000 71.364336
104.510386 40.540477 0.000000 133.256252 0.000000 154.540617 99.860518 125.744851 0.000000 138.457832 108.323521 0.000000 149.671964 122.423231 0.000000 85.803553 51.285123 83.207719 72.102415 0.000000 67.711820 0.000000 43.541476 105.661411 0.000000 39.560540 37.606145 112.417304 106.136818 86.600682 126.891165 117.528134 0.000000 61.499629 0.000000 51.601660 93.532875 0.000000 0.000000 0.000000 175.414664 0.000000 0.000000 0.000000 136.976232 0.000000 0.000000 0.000000 0.000000 0.000000 102.428157 132.859320 109.857106 0.000000 0.000000 0.000000 125.371992 0.000000 0.000000 100.366253 91.822838 0.000000 0.000000 0.000000 0.000000 0.000000 0.000000 0.000000
0.000000 0.000000 133.256252 0.000000 115.577941 82.619084 56.336553 106.000850 55.591612 22.921275 156.710880 36.958569 149.684721 116.409439 80.401109 0.000000 0.000000 0.000000 0.000000 15.378721 0.000000 0.000000 0.000000 24.890787 0.000000 167.389786 139.615774 26.652636 117.030825 0.000000 0.000000 128.295228 0.000000 112.252359 0.000000 0.000000 0.000000 144.957889 0.000000 162.102732 0.000000 155.708283 81.921379 150.404788 0.000000 120.803052 0.000000 166.829422 0.000000 0.000000 0.000000 0.000000 0.000000 116.970035 0.000000 0.000000 0.000000 128.784944 0.000000 0.000000 203.098767 137.280588 183.700795 0.000000 0.000000 0.000000 0.000000 149.040814
0.000000 143.472262 0.000000 115.577941 0.000000 30.759099 0.000000 51.423257 57.722524 117.039239 56.242894 77.553307 53.441367 0.000000 28.662212 0.000000 0.000000 93.304991 0.000000 97.061247 0.000000 111.769983 0.000000 99.387480 143.898212 181.345025 178.555307 121.706830 188.437811 0.000000 192.167399 15.467869 0.000000 28.992626 0.000000 0.000000 0.000000 0.000000 0.000000 0.000000 0.000000 0.000000 0.000000 0.000000 0.000000 0.000000 0.000000 0.000000 0.000000 0.000000 0.000000 0.000000 0.000000 0.000000 0.000000 0.000000 0.000000 0.000000 0.000000 0.000000 0.000000 0.000000 0.000000 0.000000 0.000000 0.000000 0.000000 0.000000
85.182788 0.000000 154.540617 82.619084 30.759099 0.000000 53.489763 29.928994 57.117773 40.097662 89.815969 41.733728 74.338343 74.984216 35.203276 0.000000 162.397766 108.468701 144.229099 71.759702 0.000000 125.681413 136.272922 80.472140 119.172519 141.203492 159.792596 71.782898 94.111106 123.377998 0.000000 39.150572 0.000000 52.929551 0.000000 0.000000 0.000000 0.000000 0.000000 0.000000 0.000000 0.000000 0.000000 0.000000 0.000000 0.000000 119.577272 0.000000 0.000000 0.000000 0.000000 0.000000 0.000000 0.000000 0.000000 0.000000 0.000000 162.109623 0.000000 0.000000 0.000000 184.771647 0.000000 0.000000 0.000000 0.000000 0.000000 0.000000
35.396848 0.000000 99.860518 56.336553 0.000000 53.489763 0.000000 57.502612 71.679696 28.761459 152.072828 84.421261 122.888125 52.208637 0.000000 77.111328 125.850052 160.088785 141.491875 60.121988 69.174444 0.000000 81.122895 55.050776 0.000000 124.904605 107.279816 38.704702 59.643126 32.324816 0.000000 113.577107 88.574078 83.782095 0.000000 0.000000 190.263309 0.000000 0.000000 0.000000 0.000000 0.000000 0.000000 0.000000 0.000000 0.000000 0.000000 0.000000 0.000000 0.000000 0.000000 0.000000 0.000000 0.000000 0.000000 0.000000 0.000000 0.000000 0.000000 0.000000 180.914119 165.038193 0.000000 0.000000 0.000000 0.000000 0.000000 0.000000
48.804058 0.000000 125.744851 106.000850 51.423257 29.928994 57.502612 0.000000 73.561318 61.457367 82.577971 88.337567 61.043244 22.741232 50.168589 0.000000 133.503520 114.382753 134.927607 90.909303 102.902618 0.000000 107.045918 89.940793 79.382079 132.824045 128.306002 84.595681 54.282070 73.175217 114.470270 26.783382 0.000000 78.669651 0.000000 0.000000 0.000000 0.000000 0.000000 0.000000 144.042505 170.440457 84.268616 166.486184 0.000000 170.156702 117.307864 173.911652 0.000000 0.000000 0.000000 0.000000 0.000000 0.000000 0.000000 0.000000 0.000000 134.749015 0.000000 0.000000 173.551318 152.824976 191.835117 0.000000 0.000000 0.000000 0.000000 0.000000
0.000000 78.907611 0.000000 55.591612 57.722524 57.117773 71.679696 73.561318 0.000000 69.563789 141.377265 54.164864 135.905571 86.775396 32.482139 0.000000 0.000000 0.000000 167.702759 43.601897 52.534906 38.106903 0.000000 37.004273 119.380031 134.045081 120.714682 62.963096 87.849594 0.000000 137.956567 98.126216 0.000000 115.897678 0.000000 0.000000 0.000000 94.609988 0.000000 0.000000 0.000000 93.532245 0.000000 95.299197 0.000000 115.096103 196.619526 114.053813 0.000000 0.000000 0.000000 0.000000 0.000000 96.189501 72.461338 0.000000 0.000000 49.945105 0.000000 178.709436 0.000000 82.689859 101.993364 0.000000 0.000000 0.000000 0.000000 0.000000
107.410597 0.000000 138.457832 22.921275 117.039239 40.097662 28.761459 61.457367 69.563789 0.000000 151.028248 32.554160 129.683432 95.275470 79.296569 71.291563 172.015348 170.239313 175.058792 15.736070 0.000000 0.000000 127.057875 58.310614 145.800752 168.391731 157.757243 48.594315 114.631403 106.472678 0.000000 127.754517 0.000000 98.138877 0.000000 0.000000 0.000000 160.041144 0.000000 183.503515 0.000000 162.990803 87.887352 165.392193 0.000000 165.455257 0.000000 180.377913 0.000000 0.000000 0.000000 0.000000 0.000000 164.768495 0.000000 0.000000 0.000000 138.047186 0.000000 0.000000 0.000000 157.891358 193.098157 0.000000 0.000000 216.708047 0.000000 186.051412
123.142915 61.064592 108.323521 156.710880 56.242894 89.815969 152.072828 82.577971 141.377265 151.028248 0.000000 141.549601 24.991045 92.108583 178.154489 0.000000 61.030164 21.844852 25.976491 144.882812 0.000000 89.032088 127.729986 147.178841 32.294567 29.740239 50.373131 173.408497 89.374883 118.415624 27.648573 63.068576 0.000000 25.835593 0.000000 96.865375 0.000000 0.000000 0.000000 0.000000 0.000000 0.000000 168.291843 0.000000 79.223930 0.000000 78.286274 0.000000 0.000000 0.000000 0.000000 93.361338 120.993005 0.000000 0.000000 0.000000 0.000000 189.059014 56.211774 89.859902 109.194231 0.000000 0.000000 0.000000 84.744971 0.000000 0.000000 0.000000
0.000000 103.744358 0.000000 36.958569 77.553307 41.733728 84.421261 88.337567 54.164864 32.554160 141.549601 0.000000 131.799700 103.033953 31.127127 0.000000 0.000000 162.084380 166.699221 15.281652 0.000000 65.422527 0.000000 31.348603 136.919086 160.868794 152.345908 53.511850 113.972338 0.000000 164.069391 107.162062 0.000000 108.566955 0.000000 0.000000 0.000000 147.736481 0.000000 0.000000 0.000000 0.000000 82.049061 161.330374 0.000000 161.453889 0.000000 0.000000 0.000000 0.000000 0.000000 0.000000 0.000000 154.274570 0.000000 0.000000 0.000000 141.893990 0.000000 0.000000 0.000000 159.044071 0.000000 0.000000 0.000000 0.000000 0.000000 0.000000
72.419388 55.758522 149.671964 149.684721 53.441367 74.338343 122.888125 61.043244 135.905571 129.683432 24.991045 131.799700 0.000000 66.959846 170.051966 0.000000 0.000000 46.917191 90.474603 119.492700 0.000000 82.479471 147.699989 140.504874 24.730098 25.350234 33.748558 163.691833 68.144480 114.534142 22.489639 36.851268 0.000000 21.553838 0.000000 100.319823 0.000000 0.000000 0.000000 0.000000 0.000000 0.000000 178.361839 0.000000 80.374458 0.000000 80.304161 0.000000 0.000000 0.000000 0.000000 92.469029 120.058966 0.000000 0.000000 0.000000 0.000000 179.061708 48.327235 89.512624 109.647057 200.069053 0.000000 0.000000 86.403880 0.000000 0.000000 0.000000
35.549662 0.000000 122.423231 116.409439 0.000000 74.984216 52.208637 22.741232 86.775396 95.275470 92.108583 103.033953 66.959846 0.000000 0.000000 0.000000 127.779359 124.711856 129.485251 106.038448 93.978052 0.000000 105.723376 152.307857 86.206147 131.957747 122.504992 102.879310 44.452950 66.511432 102.161361 32.697041 0.000000 74.172223 0.000000 0.000000 0.000000 0.000000 0.000000 0.000000 0.000000 0.000000 0.000000 0.000000 0.000000 0.000000 133.380394 186.471478 0.000000 0.000000 0.000000 0.000000 0.000000 0.000000 0.000000 0.000000 0.000000 148.382813 0.000000 197.289831 183.689018 160.138945 190.891953 0.000000 0.000000 0.000000 0.000000 0.000000
0.000000 118.152855 0.000000 80.401109 28.662212 35.203276 0.000000 50.168589 32.482139 79.296569 178.154489 31.127127 170.051966 0.000000 0.000000 0.000000 0.000000 0.000000 0.000000 59.110768 0.000000 82.995349 0.000000 68.488248 155.363642 165.024516 158.543768 89.956690 0.000000 0.000000 178.566701 42.697699 0.000000 0.000000 0.000000 0.000000 0.000000 0.000000 0.000000 0.000000 0.000000 0.000000 0.000000 0.000000 0.000000 0.000000 0.000000 0.000000 0.000000 0.000000 0.000000 0.000000 0.000000 0.000000 0.000000 0.000000 0.000000 0.000000 0.000000 0.000000 0.000000 0.000000 0.000000 0.000000 0.000000 0.000000 0.000000 0.000000
0.000000 78.691652 85.803553 0.000000 0.000000 0.000000 77.111328 0.000000 0.000000 71.291563 0.000000 0.000000 0.000000 0.000000 0.000000 0.000000 104.186256 0.000000 0.000000 0.000000 18.410440 31.118768 20.442934 22.318475 130.526502 108.904173 27.509388 38.181926 0.000000 86.736665 122.807153 0.000000 0.000000 92.231831 0.000000 0.000000 117.450972 0.000000 0.000000 0.000000 0.000000 0.000000 0.000000 0.000000 0.000000 0.000000 0.000000 0.000000 0.000000 96.604704 0.000000 0.000000 0.000000 0.000000 117.327319 47.273226 108.810552 109.344714 0.000000 152.130202 90.770020 125.723372 0.000000 0.000000 0.000000 0.000000 0.000000 0.000000
108.605096 56.524968 51.285123 0.000000 0.000000 162.397766 125.850052 133.503520 0.000000 172.015348 61.030164 0.000000 0.000000 127.779359 0.000000 104.186256 0.000000 48.441267 23.774134 0.000000 80.801823 0.000000 37.757697 131.187318 83.680711 48.360061 70.296331 139.377642 101.961786 77.547572 0.000000 115.368160 83.492516 25.632036 0.000000 58.426739 102.923135 0.000000 0.000000 0.000000 0.000000 0.000000 0.000000 0.000000 0.000000 0.000000 142.747031 0.000000 0.000000 0.000000 107.111698 121.131357 119.872786 0.000000 0.000000 0.000000 0.000000 0.000000 74.657330 104.793456 105.553130 0.000000 0.000000 0.000000 0.000000 0.000000 0.000000 0.000000
131.198370 0.000000 83.207719 0.000000 93.304991 108.468701 160.088785 114.382753 0.000000 170.239313 21.844852 162.084380 46.917191 124.711856 0.000000 0.000000 48.441267 0.000000 26.114508 0.000000 128.821075 0.000000 99.324258 148.878472 35.035493 28.023132 67.291488 172.417690 119.962721 117.882754 43.931855 80.803457 0.000000 46.851390 0.000000 0.000000 0.000000 0.000000 0.000000 0.000000 0.000000 0.000000 0.000000 0.000000 77.302183 0.000000 81.013731 0.000000 0.000000 0.000000 0.000000 90.367765 97.129131 0.000000 0.000000 0.000000 0.000000 0.000000 46.946901 85.840526 98.464255 0.000000 0.000000 0.000000 85.086594 0.000000 0.000000 0.000000
127.683150 62.765339 72.102415 0.000000 0.000000 144.229099 141.491875 134.927607 167.702759 175.058792 25.976491 166.699221 90.474603 129.485251 0.000000 0.000000 23.774134 26.114508 0.000000 0.000000 103.356925 0.000000 72.873442 142.604865 49.090322 28.018410 72.784266 163.159687 119.647084 104.036520 61.241121 88.087043 111.076845 42.762213 0.000000 70.983925 130.137415 0.000000 0.000000 0.000000 0.000000 0.000000 0.000000 0.000000 92.544989 0.000000 96.858425 0.000000 0.000000 0.000000 0.000000 99.007522 112.640486 0.000000 0.000000 0.000000 0.000000 181.762238 60.761465 96.945310 103.226394 0.000000 0.000000 0.000000 97.726764 0.000000 0.000000 0.000000
0.000000 0.000000 0.000000 15.378721 97.061247 71.759702 60.121988 90.909303 43.601897 15.736070 144.882812 15.281652 119.492700 106.038448 59.110768 0.000000 0.000000 0.000000 0.000000 0.000000 0.000000 0.000000 0.000000 39.187039 0.000000 0.000000 161.235339 33.679756 119.773857 0.000000 0.000000 112.182295 0.000000 0.000000 0.000000 0.000000 0.000000 140.083079 0.000000 0.000000 0.000000 0.000000 70.183264 152.061139 0.000000 151.643814 0.000000 0.000000 0.000000 0.000000 0.000000 0.000000 0.000000 148.028257 0.000000 0.000000 0.000000 128.860233 0.000000 0.000000 0.000000 144.779043 0.000000 0.000000 0.000000 0.000000 0.000000 0.000000
77.381203 0.000000 67.711820 0.000000 0.000000 0.000000 69.174444 102.902618 52.534906 0.000000 0.000000 0.000000 0.000000 93.978052 0.000000 18.410440 80.801823 128.821075 103.356925 0.000000 0.000000 52.691056 41.713947 13.276486 0.000000 91.406060 68.119918 30.327987 70.147063 36.949275 0.000000 104.440532 74.285461 34.401870 0.000000 0.000000 0.000000 0.000000 0.000000 0.000000 0.000000 0.000000 0.000000 0.000000 0.000000 0.000000 0.000000 0.000000 0.000000 113.802984 0.000000 0.000000 0.000000 0.000000 128.372096 64.286293 131.300801 117.963396 0.000000 184.784766 134.979037 127.808172 146.172159 0.000000 0.000000 0.000000 0.000000 0.000000
0.000000 26.104271 0.000000 0.000000 111.769983 125.681413 0.000000 0.000000 38.106903 0.000000 89.032088 65.422527 82.479471 0.000000 82.995349 31.118768 0.000000 0.000000 0.000000 0.000000 52.691056 0.000000 51.675771 43.578204 63.399286 90.770925 58.645549 59.949512 0.000000 0.000000 99.196667 133.061605 0.000000 0.000000 0.000000 0.000000 0.000000 0.000000 0.000000 0.000000 0.000000 0.000000 0.000000 0.000000 0.000000 0.000000 130.714421 0.000000 0.000000 52.901468 0.000000 0.000000 0.000000 0.000000 71.088937 0.000000 70.139675 60.412160 0.000000 140.472039 58.096897 0.000000 0.000000 0.000000 146.957628 0.000000 0.000000 0.000000
90.319345 0.000000 43.541476 0.000000 0.000000 136.272922 81.122895 107.045918 0.000000 127.057875 127.729986 0.000000 147.699989 105.723376 0.000000 20.442934 37.757697 99.324258 72.873442 0.000000 41.713947 51.675771 0.000000 60.014470 0.000000 66.923186 46.435847 60.378201 90.870179 62.300280 0.000000 105.406600 0.000000 33.472971 0.000000 57.957260 100.650301 0.000000 0.000000 0.000000 0.000000 0.000000 0.000000 0.000000 0.000000 0.000000 0.000000 0.000000 0.000000 104.711754 0.000000 0.000000 0.000000 0.000000 128.772888 59.682050 114.588250 134.130855 0.000000 0.000000 102.646084 152.787884 0.000000 0.000000 0.000000 0.000000 0.000000 0.000000
0.000000 82.396758 105.661411 24.890787 99.387480 80.472140 55.050776 89.940793 37.004273 58.310614 147.178841 31.348603 140.504874 152.307857 68.488248 22.318475 131.187318 148.878472 142.604865 39.187039 13.276486 43.578204 60.014470 0.000000 119.525712 131.433610 92.616209 23.656064 119.213825 71.662624 144.192532 128.202602 102.772365 131.349109 0.000000 113.227449 149.776498 130.776891 0.000000 156.911728 142.734950 149.959174 61.597858 135.139670 182.833111 136.884293 186.725579 151.006377 0.000000 108.739297 170.885373 208.180909 199.434706 143.013340 117.443421 55.000808 119.308765 71.323438 143.274331 184.602193 169.494654 119.124186 146.404252 117.386443 199.504970 0.000000 0.000000 143.255230
0.000000 33.281723 0.000000 0.000000 143.898212 119.172519 0.000000 79.382079 119.380031 145.800752 32.294567 136.919086 24.730098 86.206147 155.363642 130.526502 83.680711 35.035493 49.090322 0.000000 0.000000 63.399286 0.000000 119.525712 0.000000 33.112012 31.568418 164.391107 77.616279 0.000000 37.489991 72.428749 0.000000 33.117060 0.000000 0.000000 0.000000 0.000000 0.000000 0.000000 0.000000 0.000000 0.000000 0.000000 56.531245 0.000000 39.760146 0.000000 0.000000 0.000000 0.000000 51.679056 64.788668 0.000000 0.000000 0.000000 0.000000 141.472036 21.597338 53.177194 59.092231 0.000000 0.000000 0.000000 50.558723 0.000000 0.000000 0.000000
122.764254 51.057189 39.560540 167.389786 181.345025 141.203492 124.904605 132.824045 134.045081 168.391731 29.740239 160.868794 25.350234 131.957747 165.024516 108.904173 48.360061 28.023132 28.018410 0.000000 91.406060 90.770925 66.923186 131.433610 33.112012 0.000000 46.422492 149.478973 119.602077 106.301405 20.452576 91.718970 120.317356 54.686273 0.000000 53.864155 112.116592 0.000000 0.000000 0.000000 201.965492 0.000000 0.000000 229.734770 84.508796 0.000000 81.412648 179.740159 0.000000 149.405983 105.496301 91.086110 99.627912 0.000000 192.361298 0.000000 183.676629 163.352076 47.609298 88.966749 92.486961 208.554448 183.176870 178.905500 87.533975 0.000000 0.000000 105.377301
149.971543 35.526121 37.606145 139.615774 178.555307 159.792596 107.279816 128.306002 120.714682 157.757243 50.373131 152.345908 33.748558 122.504992 158.543768 27.509388 70.296331 67.291488 72.784266 161.235339 68.119918 58.645549 46.435847 92.616209 31.568418 46.422492 0.000000 81.937935 118.148362 104.634169 37.753444 109.307610 124.589200 69.668256 0.000000 50.599469 95.321912 0.000000 0.000000 0.000000 191.988364 0.000000 0.000000 216.064592 95.056476 0.000000 91.386010 177.029920 0.000000 100.700529 107.206892 102.403759 109.358667 0.000000 146.352514 48.732163 103.752011 140.732011 52.070187 94.600432 91.365866 179.507789 208.674789 190.429943 96.092913 0.000000 0.000000 116.613275
98.664534 125.211597 112.417304 26.652636 121.706830 71.782898 38.704702 84.595681 62.963096 48.594315 173.408497 53.511850 163.691833 102.879310 89.956690 38.181926 139.377642 172.417690 163.159687 33.679756 30.327987 59.949512 60.378201 23.656064 164.391107 149.478973 81.937935 0.000000 108.285646 54.201489 176.135921 142.934302 80.901791 94.626678 0.000000 0.000000 166.492809 156.678608 0.000000 175.748995 159.821634 158.793079 88.040434 161.531697 213.428918 164.361294 219.308572 166.354578 0.000000 121.813295 0.000000 220.244707 203.274794 158.827488 128.815902 67.732129 149.008000 119.382063 188.498074 202.845205 181.761590 148.985824 157.555053 128.946965 0.000000 0.000000 0.000000 167.292918
15.556661 0.000000 106.136818 117.030825 188.437811 94.111106 59.643126 54.282070 87.849594 114.631403 89.374883 113.972338 68.144480 44.452950 0.000000 0.000000 101.961786 119.962721 119.647084 119.773857 70.147063 0.000000 90.870179 119.213825 77.616279 119.602077 118.148362 108.285646 0.000000 32.859153 101.665540 25.187902 25.431110 45.164666 0.000000 0.000000 0.000000 0.000000 0.000000 0.000000 0.000000 207.212189 104.782369 0.000000 199.464175 0.000000 123.044748 186.328043 0.000000 0.000000 0.000000 0.000000 0.000000 0.000000 152.767625 0.000000 0.000000 146.201738 0.000000 193.607816 160.531799 155.390576 177.428469 139.004782 0.000000 0.000000 0.000000 0.000000
25.143782 0.000000 86.600682 0.000000 0.000000 123.377998 32.324816 73.175217 0.000000 106.472678 118.415624 0.000000 114.534142 66.511432 0.000000 86.736665 77.547572 117.882754 104.036520 0.000000 36.949275 0.000000 62.300280 71.662624 0.000000 106.301405 104.634169 54.201489 32.859153 0.000000 0.000000 118.865234 0.000000 32.397539 0.000000 0.000000 0.000000 0.000000 0.000000 0.000000 0.000000 0.000000 0.000000 0.000000 0.000000 0.000000 0.000000 0.000000 0.000000 0.000000 0.000000 0.000000 0.000000 0.000000 0.000000 0.000000 0.000000 0.000000 0.000000 0.000000 156.134319 0.000000 0.000000 0.000000 0.000000 0.000000 0.000000 0.000000
0.000000 61.088010 126.891165 0.000000 192.167399 0.000000 0.000000 114.470270 137.956567 0.000000 27.648573 164.069391 22.489639 102.161361 178.566701 122.807153 0.000000 43.931855 61.241121 0.000000 0.000000 99.196667 0.000000 144.192532 37.489991 20.452576 37.753444 176.135921 101.665540 0.000000 0.000000 95.713097 0.000000 73.194933 0.000000 105.646958 0.000000 0.000000 0.000000 0.000000 0.000000 0.000000 0.000000 0.000000 85.077632 0.000000 85.297675 0.000000 0.000000 0.000000 0.000000 91.335621 102.484457 0.000000 0.000000 0.000000 0.000000 196.928392 47.899278 89.041228 110.492019 0.000000 0.000000 0.000000 90.107377 0.000000 0.000000 0.000000
83.438499 144.438086 117.528134 128.295228 15.467869 39.150572 113.577107 26.783382 98.126216 127.754517 63.068576 107.162062 36.851268 32.697041 42.697699 0.000000 115.368160 80.803457 88.087043 112.182295 104.440532 133.061605 105.406600 128.202602 72.428749 91.718970 109.307610 142.934302 25.187902 118.865234 95.713097 0.000000 0.000000 27.824082 0.000000 0.000000 0.000000 0.000000 0.000000 0.000000 0.000000 0.000000 0.000000 0.000000 0.000000 0.000000 113.105400 0.000000 0.000000 0.000000 0.000000 0.000000 0.000000 0.000000 0.000000 0.000000 0.000000 177.209563 0.000000 0.000000 144.124151 184.435213 0.000000 0.000000 0.000000 0.000000 0.000000 0.000000
0.000000 0.000000 0.000000 0.000000 0.000000 0.000000 88.574078 0.000000 0.000000 0.000000 0.000000 0.000000 0.000000 0.000000 0.000000 0.000000 83.492516 0.000000 111.076845 0.000000 74.285461 0.000000 0.000000 102.772365 0.000000 120.317356 124.589200 80.901791 25.431110 0.000000 0.000000 0.000000 0.000000 40.724012 0.000000 0.000000 0.000000 0.000000 0.000000 0.000000 0.000000 0.000000 0.000000 0.000000 0.000000 0.000000 0.000000 0.000000 0.000000 0.000000 0.000000 0.000000 0.000000 0.000000 0.000000 0.000000 0.000000 0.000000 0.000000 0.000000 0.000000 0.000000 0.000000 0.000000 0.000000 0.000000 0.000000 0.000000
80.063982 83.330022 61.499629 112.252359 28.992626 52.929551 83.782095 78.669651 115.897678 98.138877 25.835593 108.566955 21.553838 74.172223 0.000000 92.231831 25.632036 46.851390 42.762213 0.000000 34.401870 0.000000 33.472971 131.349109 33.117060 54.686273 69.668256 94.626678 45.164666 32.397539 73.194933 27.824082 40.724012 0.000000 0.000000 77.316930 103.399732 0.000000 0.000000 0.000000 0.000000 0.000000 0.000000 0.000000 0.000000 0.000000 81.548389 153.201811 0.000000 0.000000 0.000000 147.466310 142.921695 0.000000 0.000000 0.000000 0.000000 132.118107 0.000000 115.827652 116.060734 144.471870 166.186322 0.000000 0.000000 0.000000 0.000000 0.000000
0.000000 0.000000 0.000000 0.000000 0.000000 0.000000 0.000000 0.000000 0.000000 0.000000 0.000000 0.000000 0.000000 0.000000 0.000000 0.000000 0.000000 0.000000 0.000000 0.000000 0.000000 0.000000 0.000000 0.000000 0.000000 0.000000 0.000000 0.000000 0.000000 0.000000 0.000000 0.000000 0.000000 0.000000 0.000000 0.000000 106.371068 0.000000 0.000000 0.000000 32.035697 56.225384 0.000000 78.695174 107.449024 0.000000 108.236381 19.184545 0.000000 0.000000 106.161350 126.776226 118.514582 0.000000 0.000000 0.000000 109.706227 152.190506 0.000000 123.733322 124.767686 98.957018 26.828549 21.921188 0.000000 84.589533 43.443556 75.491072
0.000000 0.000000 51.601660 0.000000 0.000000 0.000000 0.000000 0.000000 0.000000 0.000000 96.865375 0.000000 100.319823 0.000000 0.000000 0.000000 58.426739 0.000000 70.983925 0.000000 0.000000 0.000000 57.957260 113.227449 0.000000 53.864155 50.599469 0.000000 0.000000 0.000000 105.646958 0.000000 0.000000 77.316930 0.000000 0.000000 46.334580 0.000000 132.292777 0.000000 128.237526 0.000000 73.305045 145.849444 74.196100 0.000000 55.531174 0.000000 105.738245 54.233182 54.805099 69.233120 53.497947 0.000000 101.821685 26.362156 0.000000 84.650889 27.562836 41.535648 33.007438 111.968662 0.000000 0.000000 59.995057 152.171854 0.000000 78.737483
0.000000 56.868962 93.532875 0.000000 0.000000 0.000000 190.263309 0.000000 0.000000 0.000000 0.000000 0.000000 0.000000 0.000000 0.000000 117.450972 102.923135 0.000000 130.137415 0.000000 0.000000 0.000000 100.650301 149.776498 0.000000 112.116592 95.321912 166.492809 0.000000 0.000000 0.000000 0.000000 0.000000 103.399732 106.371068 46.334580 0.000000 0.000000 0.000000 141.807056 99.180680 126.960086 0.000000 114.964626 93.870551 0.000000 98.554913 117.248039 0.000000 0.000000 42.437045 84.597255 53.392865 0.000000 77.239057 0.000000 36.676358 112.121911 0.000000 35.220925 35.156335 91.759286 136.906553 85.500741 89.382312 173.541721 0.000000 65.769813
0.000000 0.000000 0.000000 144.957889 0.000000 0.000000 0.000000 0.000000 94.609988 160.041144 0.000000 147.736481 0.000000 0.000000 0.000000 0.000000 0.000000 0.000000 0.000000 140.083079 0.000000 0.000000 0.000000 130.776891 0.000000 0.000000 0.000000 156.678608 0.000000 0.000000 0.000000 0.000000 0.000000 0.000000 0.000000 0.000000 0.000000 0.000000 101.117668 82.922636 73.504316 104.534106 63.577418 25.611548 148.187524 41.556417 0.000000 117.176456 84.334570 0.000000 0.000000 0.000000 0.000000 17.265864 0.000000 0.000000 0.000000 20.794369 0.000000 0.000000 156.350603 31.089309 124.222432 0.000000 0.000000 123.571942 0.000000 112.245157
0.000000 0.000000 0.000000 0.000000 0.000000 0.000000 0.000000 0.000000 0.000000 0.000000 0.000000 0.000000 0.000000 0.000000 0.000000 0.000000 0.000000 0.000000 0.000000 0.000000 0.000000 0.000000 0.000000 0.000000 0.000000 0.000000 0.000000 0.000000 0.000000 0.000000 0.000000 0.000000 0.000000 0.000000 0.000000 132.292777 0.000000 101.117668 0.000000 20.535541 0.000000 0.000000 80.178504 120.831335 37.728452 88.736809 172.652171 0.000000 22.172358 0.000000 0.000000 0.000000 0.000000 95.110826 0.000000 105.420518 0.000000 98.818040 154.411737 159.971252 174.099466 114.902053 0.000000 0.000000 116.043784 16.381326 0.000000 11.175584
0.000000 0.000000 0.000000 162.102732 0.000000 0.000000 0.000000 0.000000 0.000000 183.503515 0.000000 0.000000 0.000000 0.000000 0.000000 0.000000 0.000000 0.000000 0.000000 0.000000 0.000000 0.000000 0.000000 156.911728 0.000000 0.000000 0.000000 175.748995 0.000000 0.000000 0.000000 0.000000 0.000000 0.000000 0.000000 0.000000 141.807056 82.922636 20.535541 0.000000 62.932748 27.335828 87.831174 45.908712 69.232641 48.992107 129.053943 91.501991 37.368371 0.000000 0.000000 136.546603 159.737045 65.618189 118.840889 124.959260 0.000000 110.892212 121.309046 144.130851 169.933873 71.976473 112.461359 124.307575 138.331857 25.497208 0.000000 50.844423
0.000000 0.000000 175.414664 0.000000 0.000000 0.000000 0.000000 144.042505 0.000000 0.000000 0.000000 0.000000 0.000000 0.000000 0.000000 0.000000 0.000000 0.000000 0.000000 0.000000 0.000000 0.000000 0.000000 142.734950 0.000000 201.965492 191.988364 159.821634 0.000000 0.000000 0.000000 0.000000 0.000000 0.000000 32.035697 128.237526 99.180680 73.504316 0.000000 62.932748 0.000000 60.448187 73.594297 32.128082 142.088883 102.174397 166.284028 42.237887 0.000000 77.150967 106.177017 138.659913 122.097414 76.274929 72.452941 94.898391 88.760237 62.187506 0.000000 122.520894 118.192233 36.754417 93.812379 42.833937 159.919257 126.006931 93.006254 104.466409
0.000000 0.000000 0.000000 155.708283 0.000000 0.000000 0.000000 170.440457 93.532245 162.990803 0.000000 0.000000 0.000000 0.000000 0.000000 0.000000 0.000000 0.000000 0.000000 0.000000 0.000000 0.000000 0.000000 149.959174 0.000000 0.000000 0.000000 158.793079 207.212189 0.000000 0.000000 0.000000 0.000000 0.000000 56.225384 0.000000 126.960086 104.534106 0.000000 27.335828 60.448187 0.000000 95.834577 51.653014 69.959551 98.627719 94.996716 26.222141 0.000000 0.000000 138.591930 113.705183 142.424181 100.115910 118.920579 0.000000 115.314633 110.869946 83.396908 139.064943 142.074506 85.416629 52.090005 82.546785 106.342520 32.092126 0.000000 47.802476
0.000000 0.000000 0.000000 81.921379 0.000000 0.000000 0.000000 84.268616 0.000000 87.887352 168.291843 82.049061 178.361839 0.000000 0.000000 0.000000 0.000000 0.000000 0.000000 70.183264 0.000000 0.000000 0.000000 61.597858 0.000000 0.000000 0.000000 88.040434 104.782369 0.000000 0.000000 0.000000 0.000000 0.000000 0.000000 73.305045 0.000000 63.577418 80.178504 87.831174 73.594297 95.834577 0.000000 75.816217 143.127293 67.385468 129.795217 97.186389 42.388788 0.000000 0.000000 0.000000 159.494747 66.902815 56.232370 28.780859 0.000000 36.864473 109.952578 126.901039 119.538404 65.195269 98.571611 0.000000 0.000000 102.676639 0.000000 126.187496
0.000000 0.000000 0.000000 150.404788 0.000000 0.000000 0.000000 166.486184 95.299197 165.392193 0.000000 161.330374 0.000000 0.000000 0.000000 0.000000 0.000000 0.000000 0.000000 152.061139 0.000000 0.000000 0.000000 135.139670 0.000000 229.734770 216.064592 161.531697 0.000000 0.000000 0.000000 0.000000 0.000000 0.000000 78.695174 145.849444 114.964626 25.611548 120.831335 45.908712 32.128082 51.653014 75.816217 0.000000 134.187962 30.059953 169.873358 64.973973 91.184473 0.000000 165.961841 165.753668 164.698648 20.602692 88.459412 0.000000 102.747792 74.601281 169.778897 155.698415 157.605240 46.370096 111.119147 106.678183 168.159485 128.570000 150.963007 99.639026
0.000000 103.547718 136.976232 0.000000 0.000000 0.000000 0.000000 0.000000 0.000000 0.000000 79.223930 0.000000 80.374458 0.000000 0.000000 0.000000 0.000000 77.302183 92.544989 0.000000 0.000000 0.000000 0.000000 182.833111 56.531245 84.508796 95.056476 213.428918 199.464175 0.000000 85.077632 0.000000 0.000000 0.000000 107.449024 74.196100 93.870551 148.187524 37.728452 69.232641 142.088883 69.959551 143.127293 134.187962 0.000000 137.157999 25.341145 73.170162 0.000000 0.000000 56.925653 22.565327 34.281317 138.012571 100.816045 0.000000 109.591273 156.235500 33.006170 25.619387 58.899547 147.422854 65.983506 89.938303 32.950718 48.888750 0.000000 19.983615
0.000000 0.000000 0.000000 120.803052 0.000000 0.000000 0.000000 170.156702 115.096103 165.455257 0.000000 161.453889 0.000000 0.000000 0.000000 0.000000 0.000000 0.000000 0.000000 151.643814 0.000000 0.000000 0.000000 136.884293 0.000000 0.000000 0.000000 164.361294 0.000000 0.000000 0.000000 0.000000 0.000000 0.000000 0.000000 0.000000 0.000000 41.556417 88.736809 48.992107 102.174397 98.627719 67.385468 30.059953 137.157999 0.000000 160.815655 112.339059 78.612910 0.000000 0.000000 165.706057 168.757131 31.162101 0.000000 59.694327 0.000000 21.574856 0.000000 170.824373 176.378748 57.169730 122.312500 0.000000 179.684556 124.557658 0.000000 108.228298
0.000000 95.431698 0.000000 0.000000 0.000000 119.577272 0.000000 117.307864 196.619526 0.000000 78.286274 0.000000 80.304161 133.380394 0.000000 0.000000 142.747031 81.013731 96.858425 0.000000 0.000000 130.714421 0.000000 186.725579 39.760146 81.412648 91.386010 219.308572 123.044748 0.000000 85.297675 113.105400 0.000000 81.548389 108.236381 55.531174 98.554913 0.000000 172.652171 129.053943 166.284028 94.996716 129.795217 169.873358 25.341145 160.815655 0.000000 93.768915 157.586767 111.446138 130.009459 49.142058 74.454538 170.692741 159.082421 78.463762 0.000000 142.122859 24.193248 36.315304 38.562852 167.841791 79.028025 0.000000 22.322091 88.980054 0.000000 45.458844
0.000000 0.000000 0.000000 166.829422 0.000000 0.000000 0.000000 173.911652 114.053813 180.377913 0.000000 0.000000 0.000000 186.471478 0.000000 0.000000 0.000000 0.000000 0.000000 0.000000 0.000000 0.000000 0.000000 151.006377 0.000000 179.740159 177.029920 166.354578 186.328043 0.000000 0.000000 0.000000 0.000000 153.201811 19.184545 0.000000 117.248039 117.176456 0.000000 91.501991 42.237887 26.222141 97.186389 64.973973 73.170162 112.339059 93.768915 0.000000 0.000000 0.000000 126.062627 111.588933 125.976747 113.852361 106.276885 0.000000 109.995528 128.237643 86.420228 129.155166 121.452105 105.015385 41.425812 67.177930 105.453003 20.202066 90.697462 43.699649
0.000000 0.000000 0.000000 0.000000 0.000000 0.000000 0.000000 0.000000 0.000000 0.000000 0.000000 0.000000 0.000000 0.000000 0.000000 0.000000 0.000000 0.000000 0.000000 0.000000 0.000000 0.000000 0.000000 0.000000 0.000000 0.000000 0.000000 0.000000 0.000000 0.000000 0.000000 0.000000 0.000000 0.000000 0.000000 105.738245 0.000000 84.334570 22.172358 37.368371 0.000000 0.000000 42.388788 91.184473 0.000000 78.612910 157.586767 0.000000 0.000000 0.000000 0.000000 0.000000 0.000000 79.039112 0.000000 84.355999 0.000000 73.192375 137.154870 134.057407 132.793353 84.739931 0.000000 0.000000 0.000000 43.420282 0.000000 0.000000
0.000000 0.000000 0.000000 0.000000 0.000000 0.000000 0.000000 0.000000 0.000000 0.000000 0.000000 0.000000 0.000000 0.000000 0.000000 96.604704 0.000000 0.000000 0.000000 0.000000 113.802984 52.901468 104.711754 108.739297 0.000000 149.405983 100.700529 121.813295 0.000000 0.000000 0.000000 0.000000 0.000000 0.000000 0.000000 54.233182 0.000000 0.000000 0.000000 0.000000 77.150967 0.000000 0.000000 0.000000 0.000000 0.000000 111.446138 0.000000 0.000000 0.000000 107.133032 0.000000 0.000000 0.000000 23.260669 36.456710 14.102156 26.836635 85.423434 100.411829 55.106357 37.840364 0.000000 83.870549 0.000000 0.000000 0.000000 90.376312
0.000000 64.327656 102.428157 0.000000 0.000000 0.000000 0.000000 0.000000 0.000000 0.000000 0.000000 0.000000 0.000000 0.000000 0.000000 0.000000 107.111698 0.000000 0.000000 0.000000 0.000000 0.000000 0.000000 170.885373 0.000000 105.496301 107.206892 0.000000 0.000000 0.000000 0.000000 0.000000 0.000000 0.000000 106.161350 54.805099 42.437045 0.000000 0.000000 0.000000 106.177017 138.591930 0.000000 165.961841 56.925653 0.000000 130.009459 126.062627 0.000000 107.133032 0.000000 52.006675 21.290571 0.000000 66.449073 0.000000 35.094606 129.885146 0.000000 24.901050 72.135190 120.871019 107.665277 77.094954 0.000000 0.000000 0.000000 26.509111
0.000000 118.447706 132.859320 0.000000 0.000000 0.000000 0.000000 0.000000 0.000000 0.000000 93.361338 0.000000 92.469029 0.000000 0.000000 0.000000 121.131357 90.367765 99.007522 0.000000 0.000000 0.000000 0.000000 208.180909 51.679056 91.086110 102.403759 220.244707 0.000000 0.000000 91.335621 0.000000 0.000000 147.466310 126.776226 69.233120 84.597255 0.000000 0.000000 136.546603 138.659913 113.705183 0.000000 165.753668 22.565327 165.706057 49.142058 111.588933 0.000000 0.000000 52.006675 0.000000 25.987485 162.426156 110.549012 0.000000 101.088941 155.682672 37.291943 30.821243 65.055646 168.978462 119.289819 107.909523 48.116608 85.792157 143.952101 53.830041
0.000000 64.294515 109.857106 0.000000 0.000000 0.000000 0.000000 0.000000 0.000000 0.000000 120.993005 0.000000 120.058966 0.000000 0.000000 0.000000 119.872786 97.129131 112.640486 0.000000 0.000000 0.000000 0.000000 199.434706 64.788668 99.627912 109.358667 203.274794 0.000000 0.000000 102.484457 0.000000 0.000000 142.921695 118.514582 53.497947 53.392865 0.000000 0.000000 159.737045 122.097414 142.424181 159.494747 164.698648 34.281317 168.757131 74.454538 125.976747 0.000000 0.000000 21.290571 25.987485 0.000000 169.613516 109.091224 0.000000 80.355404 145.959005 54.096529 30.307141 68.656606 162.372861 125.820310 101.086310 67.559313 92.356183 135.617077 46.607058
0.000000 0.000000 0.000000 116.970035 0.000000 0.000000 0.000000 0.000000 96.189501 164.768495 0.000000 154.274570 0.000000 0.000000 0.000000 0.000000 0.000000 0.000000 0.000000 148.028257 0.000000 0.000000 0.000000 143.013340 0.000000 0.000000 0.000000 158.827488 0.000000 0.000000 0.000000 0.000000 0.000000 0.000000 0.000000 0.000000 0.000000 17.265864 95.110826 65.618189 76.274929 100.115910 66.902815 20.602692 138.012571 31.162101 170.692741 113.852361 79.039112 0.000000 0.000000 162.426156 169.613516 0.000000 0.000000 0.000000 0.000000 32.169992 0.000000 176.164952 172.969000 38.331543 124.119134 0.000000 0.000000 122.240914 0.000000 114.856439
0.000000 0.000000 0.000000 0.000000 0.000000 0.000000 0.000000 0.000000 72.461338 0.000000 0.000000 0.000000 0.000000 0.000000 0.000000 117.327319 0.000000 0.000000 0.000000 0.000000 128.372096 71.088937 128.772888 117.443421 0.000000 192.361298 146.352514 128.815902 152.767625 0.000000 0.000000 0.000000 0.000000 0.000000 0.000000 101.821685 77.239057 0.000000 0.000000 118.840889 72.452941 118.920579 56.232370 88.459412 100.816045 0.000000 159.082421 106.276885 0.000000 23.260669 66.449073 110.549012 109.091224 0.000000 0.000000 56.873246 35.079387 12.715789 0.000000 109.098955 83.964391 33.706651 100.405834 38.490126 0.000000 124.620129 79.232466 64.325036
0.000000 0.000000 0.000000 0.000000 0.000000 0.000000 0.000000 0.000000 0.000000 0.000000 0.000000 0.000000 0.000000 0.000000 0.000000 47.273226 0.000000 0.000000 0.000000 0.000000 64.286293 0.000000 59.682050 55.000808 0.000000 0.000000 48.732163 67.732129 0.000000 0.000000 0.000000 0.000000 0.000000 0.000000 0.000000 26.362156 0.000000 0.000000 105.420518 124.959260 94.898391 0.000000 28.780859 0.000000 0.000000 59.694327 78.463762 0.000000 84.355999 36.456710 0.000000 0.000000 0.000000 0.000000 56.873246 0.000000 56.623745 51.013700 65.233192 84.589668 32.128154 67.243356 0.000000 0.000000 0.000000 124.352474 0.000000 98.590918
0.000000 0.000000 125.371992 0.000000 0.000000 0.000000 0.000000 0.000000 0.000000 0.000000 0.000000 0.000000 0.000000 0.000000 0.000000 108.810552 0.000000 0.000000 0.000000 0.000000 131.300801 70.139675 114.588250 119.308765 0.000000 183.676629 103.752011 149.008000 0.000000 0.000000 0.000000 0.000000 0.000000 0.000000 109.706227 0.000000 36.676358 0.000000 0.000000 0.000000 88.760237 115.314633 0.000000 102.747792 109.591273 0.000000 0.000000 109.995528 0.000000 14.102156 35.094606 101.088941 80.355404 0.000000 35.079387 56.623745 0.000000 64.369290 0.000000 68.278573 65.245374 68.102104 110.610253 49.666387 0.000000 0.000000 0.000000 59.055455
135.793419 108.606594 0.000000 128.784944 0.000000 162.109623 0.000000 134.749015 49.945105 138.047186 189.059014 141.893990 179.061708 148.382813 0.000000 109.344714 0.000000 0.000000 181.762238 128.860233 117.963396 60.412160 134.130855 71.323438 141.472036 163.352076 140.732011 119.382063 146.201738 0.000000 196.928392 177.209563 0.000000 132.118107 152.190506 84.650889 112.121911 20.794369 98.818040 110.892212 62.187506 110.869946 36.864473 74.601281 156.235500 21.574856 142.122859 128.237643 73.192375 26.836635 129.885146 155.682672 145.959005 32.169992 12.715789 51.013700 64.369290 0.000000 124.009494 128.015643 96.423417 30.337611 111.705653 81.554678 148.663708 116.559851 84.767918 127.256888
0.000000 79.674170 0.000000 0.000000 0.000000 0.000000 0.000000 0.000000 0.000000 0.000000 56.211774 0.000000 48.327235 0.000000 0.000000 0.000000 74.657330 46.946901 60.761465 0.000000 0.000000 0.000000 0.000000 143.274331 21.597338 47.609298 52.070187 188.498074 0.000000 0.000000 47.899278 0.000000 0.000000 0.000000 0.000000 27.562836 0.000000 0.000000 154.411737 121.309046 0.000000 83.396908 109.952578 169.778897 33.006170 0.000000 24.193248 86.420228 137.154870 85.423434 0.000000 37.291943 54.096529 0.000000 0.000000 65.233192 0.000000 124.009494 0.000000 33.711794 31.278755 150.860941 73.039569 0.000000 35.606806 103.251491 0.000000 40.466375
0.000000 63.070446 100.366253 0.000000 0.000000 0.000000 0.000000 0.000000 178.709436 0.000000 89.859902 0.000000 89.512624 197.289831 0.000000 152.130202 104.793456 85.840526 96.945310 0.000000 184.784766 140.472039 0.000000 184.602193 53.177194 88.966749 94.600432 202.845205 193.607816 0.000000 89.041228 0.000000 0.000000 115.827652 123.733322 41.535648 35.220925 0.000000 159.971252 144.130851 122.520894 139.064943 126.901039 155.698415 25.619387 170.824373 36.315304 129.155166 134.057407 100.411829 24.901050 30.821243 30.307141 176.164952 109.098955 84.589668 68.278573 128.015643 33.711794 0.000000 38.939634 142.265165 119.679563 104.586015 32.627705 92.578001 0.000000 58.341594
