0.000000 0.000000 0.002360 0.000000 0.000000 0.000107 0.036053 0.005013 0.000000 0.000227 0.000280 0.000000 0.000080 0.057440 0.000000 0.000000 0.002760 0.000280 0.001787 0.000000 0.000653 0.000000 0.002533 0.000000 0.000000 0.002467 0.000360 0.000627 0.123000 0.012400 0.000000 0.000347 0.000000 0.000227 0.000000 0.000000 0.000000 0.000000 0.000000 0.000000 0.000000 0.000000 0.000000 0.000000 0.000000 0.000000 0.000000 0.000000 0.000000 0.000000 0.000000 0.000000 0.000000 0.000000 0.000000 0.000000 0.000000 0.000080 0.000000 0.000000 0.000000 0.000000 0.000000 0.000000 0.000000 0.000000 0.000000 0.000000
0.000000 0.000000 0.000120 0.000000 0.000920 0.000000 0.000000 0.000000 0.001907 0.000000 0.000440 0.000360 0.007160 0.000000 0.000360 0.000133 0.000120 0.000000 0.000147 0.000000 0.000000 0.005240 0.000000 0.005613 0.013880 0.002107 0.044800 0.000320 0.000000 0.000000 0.000560 0.000080 0.000000 0.000080 0.000000 0.000000 0.000240 0.000000 0.000000 0.000000 0.000000 0.000000 0.000000 0.000000 0.000147 0.000000 0.000467 0.000000 0.000000 0.000000 0.000307 0.000120 0.000520 0.000000 0.000000 0.000000 0.000000 0.000440 0.000067 0.002027 0.006640 0.000080 0.000000 0.000000 0.000120 0.000000 0.000000 0.000067
0.002360 0.000120 0.000000 0.000173 0.000000 0.000267 0.012013 0.009480 0.000000 0.000653 0.000440 0.000000 0.000067 0.014707 0.000000 0.000200 0.101827 0.001387 0.011187 0.000000 0.034320 0.000000 0.134413 0.001853 0.000000 0.163213 0.198507 0.009653 0.006027 0.012107 0.000120 0.000320 0.000000 0.005253 0.000000 0.000280 0.003520 0.000000 0.000000 0.000000 0.000067 0.000000 0.000000 0.000000 0.000080 0.000000 0.000000 0.000000 0.000000 0.000000 0.001040 0.000307 0.001360 0.000000 0.000000 0.000000 0.000200 0.000000 0.000000 0.002747 0.012853 0.000000 0.000000 0.000000 0.000000 0.000000 0.000000 0.000000
0.000000 0.000000 0.000173 0.000000 0.000987 0.004080 0.000387 0.001400 0.020640 0.060787 0.000120 0.039947 0.000200 0.000787 0.000933 0.000000 0.000000 0.000000 0.000000 0.157387 0.000000 0.000000 0.000000 0.032000 0.000000 0.000280 0.000653 0.166600 0.000907 0.000000 0.000000 0.000587 0.000000 0.000147 0.000000 0.000000 0.000000 0.000933 0.000000 0.000120 0.000000 0.000360 0.000653 0.001920 0.000000 0.000640 0.000000 0.000133 0.000000 0.000000 0.000000 0.000000 0.000000 0.000893 0.000000 0.000000 0.000000 0.001053 0.000000 0.000000 0.000067 0.004893 0.000080 0.000000 0.000000 0.000000 0.000000 0.000067
0.000000 0.000920 0.000000 0.000987 0.000000 0.021533 0.000000 0.002360 0.003213 0.000867 0.001267 0.002533 0.005973 0.000000 0.040547 0.000000 0.000000 0.000107 0.000000 0.000320 0.000000 0.003933 0.000000 0.003560 0.000907 0.000800 0.003093 0.003040 0.000067 0.000000 0.000200 0.003200 0.000000 0.002173 0.000000 0.000000 0.000000 0.000000 0.000000 0.000000 0.000000 0.000000 0.000000 0.000000 0.000000 0.000000 0.000000 0.000000 0.000000 0.000000 0.000000 0.000000 0.000000 0.000000 0.000000 0.000000 0.000000 0.000000 0.000000 0.000000 0.000000 0.000000 0.000000 0.000000 0.000000 0.000000 0.000000 0.000000
0.000107 0.000000 0.000267 0.004080 0.021533 0.000000 0.012227 0.088333 0.001520 0.164587 0.000853 0.076653 0.001493 0.003133 0.011693 0.000000 0.000067 0.000187 0.000173 0.001640 0.000000 0.000080 0.000200 0.001933 0.000213 0.000347 0.000907 0.045747 0.001587 0.000080 0.000000 0.015640 0.000000 0.000387 0.000000 0.000000 0.000000 0.000000 0.000000 0.000000 0.000000 0.000000 0.000000 0.000000 0.000000 0.000000 0.000067 0.000000 0.000000 0.000000 0.000000 0.000000 0.000000 0.000000 0.000000 0.000000 0.000000 0.000093 0.000000 0.000000 0.000000 0.000200 0.000000 0.000000 0.000000 0.000000 0.000000 0.000000
0.036053 0.000000 0.012013 0.000387 0.000000 0.012227 0.000000 0.070160 0.000093 0.083320 0.000200 0.000280 0.000400 0.122160 0.000000 0.000160 0.001347 0.000080 0.000547 0.000107 0.003960 0.000000 0.013227 0.004507 0.000000 0.004107 0.005893 0.331453 0.042227 0.092893 0.000000 0.000947 0.000067 0.002520 0.000000 0.000000 0.000067 0.000000 0.000000 0.000000 0.000000 0.000000 0.000000 0.000000 0.000000 0.000000 0.000000 0.000000 0.000000 0.000000 0.000000 0.000000 0.000000 0.000000 0.000000 0.000000 0.000000 0.000000 0.000000 0.000000 0.000173 0.000093 0.000000 0.000000 0.000000 0.000000 0.000000 0.000000
0.005013 0.000000 0.009480 0.001400 0.002360 0.088333 0.070160 0.000000 0.001333 0.047933 0.005547 0.018960 0.007187 0.210360 0.000667 0.000000 0.004067 0.001773 0.005773 0.000720 0.001373 0.000000 0.009120 0.001133 0.001040 0.009347 0.004627 0.021453 0.015120 0.003787 0.000413 0.079307 0.000000 0.001293 0.000000 0.000000 0.000000 0.000000 0.000000 0.000000 0.000067 0.000333 0.000067 0.000400 0.000000 0.000107 0.000173 0.000267 0.000000 0.000000 0.000000 0.000000 0.000000 0.000000 0.000000 0.000000 0.000000 0.002107 0.000000 0.000000 0.000160 0.002653 0.000187 0.000000 0.000000 0.000000 0.000000 0.000000
0.000000 0.001907 0.000000 0.020640 0.003213 0.001520 0.000093 0.001333 0.000000 0.004800 0.000160 0.008213 0.001987 0.000573 0.002360 0.000000 0.000000 0.000000 0.000067 0.004480 0.000213 0.031200 0.000000 0.040973 0.002227 0.000627 0.003587 0.029653 0.000760 0.000000 0.000160 0.000360 0.000000 0.000107 0.000000 0.000000 0.000000 0.000213 0.000000 0.000000 0.000000 0.000133 0.000000 0.000427 0.000000 0.000067 0.000147 0.000160 0.000000 0.000000 0.000000 0.000000 0.000000 0.000120 0.000267 0.000000 0.000000 0.006173 0.000000 0.000107 0.000000 0.002520 0.000173 0.000000 0.000000 0.000000 0.000000 0.000000
0.000227 0.000000 0.000653 0.060787 0.000867 0.164587 0.083320 0.047933 0.004800 0.000000 0.000960 0.066947 0.001720 0.024053 0.000760 0.000067 0.000160 0.000133 0.000427 0.107067 0.000000 0.000000 0.000240 0.004627 0.000293 0.000733 0.002293 0.244160 0.018067 0.000120 0.000000 0.003320 0.000000 0.003533 0.000000 0.000000 0.000000 0.000747 0.000000 0.000080 0.000000 0.000400 0.000760 0.002213 0.000000 0.000520 0.000000 0.000147 0.000000 0.000000 0.000000 0.000000 0.000000 0.000573 0.000000 0.000000 0.000000 0.001653 0.000000 0.000000 0.000000 0.005027 0.000067 0.000000 0.000000 0.000067 0.000000 0.000160
0.000280 0.000440 0.000440 0.000120 0.001267 0.000853 0.000200 0.005547 0.000160 0.000960 0.000000 0.001040 0.050507 0.005520 0.000067 0.000000 0.001800 0.062533 0.033360 0.000093 0.000000 0.000227 0.000160 0.000667 0.004813 0.061973 0.018987 0.000400 0.006600 0.000280 0.024133 0.013960 0.000000 0.016733 0.000000 0.000267 0.000000 0.000000 0.000000 0.000000 0.000000 0.000000 0.000107 0.000000 0.000613 0.000000 0.005960 0.000000 0.000000 0.000000 0.000000 0.000613 0.000133 0.000000 0.000000 0.000000 0.000000 0.000293 0.000067 0.001507 0.000800 0.000000 0.000000 0.000000 0.001240 0.000000 0.000000 0.000000
0.000000 0.000360 0.000000 0.039947 0.002533 0.076653 0.000280 0.018960 0.008213 0.066947 0.001040 0.000000 0.002120 0.010920 0.002013 0.000000 0.000000 0.000267 0.000400 0.080213 0.000000 0.001453 0.000000 0.006253 0.000667 0.000787 0.002053 0.022080 0.006867 0.000000 0.000133 0.003733 0.000000 0.000253 0.000000 0.000000 0.000000 0.000267 0.000000 0.000000 0.000000 0.000000 0.000320 0.000627 0.000000 0.000133 0.000000 0.000000 0.000000 0.000000 0.000000 0.000000 0.000000 0.000213 0.000000 0.000000 0.000000 0.000080 0.000000 0.000000 0.000000 0.000933 0.000000 0.000000 0.000000 0.000000 0.000000 0.000000
0.000080 0.007160 0.000067 0.000200 0.005973 0.001493 0.000400 0.007187 0.001987 0.001720 0.050507 0.002120 0.000000 0.004147 0.000520 0.000000 0.000000 0.001480 0.000240 0.000080 0.000000 0.003507 0.000067 0.004893 0.062240 0.013373 0.092053 0.001027 0.002053 0.000107 0.043253 0.021587 0.000000 0.008960 0.000000 0.000400 0.000000 0.000000 0.000000 0.000000 0.000000 0.000000 0.000147 0.000000 0.002320 0.000000 0.012533 0.000000 0.000000 0.000000 0.000000 0.000947 0.000133 0.000000 0.000000 0.000000 0.000000 0.000533 0.000613 0.004107 0.001547 0.000253 0.000000 0.000000 0.003293 0.000000 0.000000 0.000000
0.057440 0.000000 0.014707 0.000787 0.000000 0.003133 0.122160 0.210360 0.000573 0.024053 0.005520 0.010920 0.004147 0.000000 0.000000 0.000000 0.013213 0.003187 0.013813 0.000573 0.003680 0.000000 0.012693 0.000613 0.000827 0.016853 0.007747 0.010853 0.153813 0.022667 0.000360 0.017280 0.000000 0.002347 0.000000 0.000000 0.000000 0.000000 0.000000 0.000000 0.000000 0.000000 0.000000 0.000000 0.000000 0.000000 0.000200 0.000107 0.000000 0.000000 0.000000 0.000000 0.000000 0.000000 0.000000 0.000000 0.000000 0.000907 0.000000 0.000147 0.000107 0.000933 0.000067 0.000000 0.000000 0.000000 0.000000 0.000000
0.000000 0.000360 0.000000 0.000933 0.040547 0.011693 0.000000 0.000667 0.002360 0.000760 0.000067 0.002013 0.000520 0.000000 0.000000 0.000000 0.000000 0.000000 0.000000 0.000173 0.000000 0.003000 0.000000 0.002360 0.000640 0.000333 0.001440 0.002147 0.000000 0.000000 0.000093 0.004973 0.000000 0.000000 0.000000 0.000000 0.000000 0.000000 0.000000 0.000000 0.000000 0.000000 0.000000 0.000000 0.000000 0.000000 0.000000 0.000000 0.000000 0.000000 0.000000 0.000000 0.000000 0.000000 0.000000 0.000000 0.000000 0.000000 0.000000 0.000000 0.000000 0.000000 0.000000 0.000000 0.000000 0.000000 0.000000 0.000000
0.000000 0.000133 0.000200 0.000000 0.000000 0.000000 0.000160 0.000000 0.000000 0.000067 0.000000 0.000000 0.000000 0.000000 0.000000 0.000000 0.000387 0.000000 0.000000 0.000000 0.140680 0.031933 0.144840 0.012347 0.000120 0.000333 0.047640 0.019400 0.000000 0.000360 0.000080 0.000000 0.000000 0.000587 0.000000 0.000000 0.000240 0.000000 0.000000 0.000000 0.000000 0.000000 0.000000 0.000000 0.000000 0.000000 0.000000 0.000000 0.000000 0.016747 0.000000 0.000000 0.000000 0.000000 0.003680 0.001893 0.021187 0.000400 0.000000 0.000213 0.016627 0.000467 0.000000 0.000000 0.000000 0.000000 0.000000 0.000000
0.002760 0.000120 0.101827 0.000000 0.000000 0.000067 0.001347 0.004067 0.000000 0.000160 0.001800 0.000000 0.000000 0.013213 0.000000 0.000387 0.000000 0.004867 0.104880 0.000000 0.006827 0.000000 0.049293 0.001493 0.000160 0.019253 0.100413 0.003533 0.040573 0.035507 0.000000 0.000467 0.000640 0.009587 0.000000 0.000373 0.000253 0.000000 0.000000 0.000000 0.000000 0.000000 0.000000 0.000000 0.000000 0.000000 0.000080 0.000000 0.000000 0.000000 0.000173 0.000147 0.000280 0.000000 0.000000 0.000000 0.000000 0.000000 0.000067 0.001333 0.002773 0.000000 0.000000 0.000000 0.000000 0.000000 0.000000 0.000000
0.000280 0.000000 0.001387 0.000000 0.000107 0.000187 0.000080 0.001773 0.000000 0.000133 0.062533 0.000267 0.001480 0.003187 0.000000 0.000000 0.004867 0.000000 0.035707 0.000000 0.000133 0.000000 0.000520 0.000120 0.003280 0.037480 0.006360 0.000147 0.005000 0.000440 0.001227 0.002307 0.000000 0.004693 0.000000 0.000000 0.000000 0.000000 0.000000 0.000000 0.000000 0.000000 0.000000 0.000000 0.000307 0.000000 0.001427 0.000000 0.000000 0.000000 0.000000 0.000747 0.000080 0.000000 0.000000 0.000000 0.000000 0.000000 0.000333 0.001800 0.000773 0.000000 0.000000 0.000000 0.000573 0.000000 0.000000 0.000000
0.001787 0.000147 0.011187 0.000000 0.000000 0.000173 0.000547 0.005773 0.000067 0.000427 0.033360 0.000400 0.000240 0.013813 0.000000 0.000000 0.104880 0.035707 0.000000 0.000000 0.000560 0.000000 0.004213 0.000467 0.001027 0.081413 0.031000 0.000507 0.029213 0.004640 0.000347 0.003907 0.000587 0.040187 0.000000 0.000133 0.000067 0.000000 0.000000 0.000000 0.000000 0.000000 0.000000 0.000000 0.000147 0.000000 0.000533 0.000000 0.000000 0.000000 0.000000 0.000853 0.000427 0.000000 0.000000 0.000000 0.000000 0.000067 0.000373 0.005320 0.003347 0.000000 0.000000 0.000000 0.000240 0.000000 0.000000 0.000000
0.000000 0.000000 0.000000 0.157387 0.000320 0.001640 0.000107 0.000720 0.004480 0.107067 0.000093 0.080213 0.000080 0.000573 0.000173 0.000000 0.000000 0.000000 0.000000 0.000000 0.000000 0.000000 0.000000 0.001387 0.000000 0.000000 0.000120 0.029840 0.000467 0.000000 0.000000 0.000227 0.000000 0.000000 0.000000 0.000000 0.000000 0.000187 0.000000 0.000000 0.000000 0.000000 0.000107 0.000347 0.000000 0.000160 0.000000 0.000000 0.000000 0.000000 0.000000 0.000000 0.000000 0.000080 0.000000 0.000000 0.000000 0.000160 0.000000 0.000000 0.000000 0.001000 0.000000 0.000000 0.000000 0.000000 0.000000 0.000000
0.000653 0.000000 0.034320 0.000000 0.000000 0.000000 0.003960 0.001373 0.000213 0.000000 0.000000 0.000000 0.000000 0.003680 0.000000 0.140680 0.006827 0.000133 0.000560 0.000000 0.000000 0.002200 0.247760 0.024293 0.000000 0.010827 0.019360 0.086453 0.012840 0.219480 0.000000 0.000133 0.000120 0.038627 0.000000 0.000000 0.000000 0.000000 0.000000 0.000000 0.000000 0.000000 0.000000 0.000000 0.000000 0.000000 0.000000 0.000000 0.000000 0.000827 0.000000 0.000000 0.000000 0.000000 0.002253 0.000120 0.000627 0.000867 0.000000 0.000120 0.000627 0.000347 0.000147 0.000000 0.000000 0.000000 0.000000 0.000000
0.000000 0.005240 0.000000 0.000000 0.003933 0.000080 0.000000 0.000000 0.031200 0.000000 0.000227 0.001453 0.003507 0.000000 0.003000 0.031933 0.000000 0.000000 0.000000 0.000000 0.002200 0.000000 0.003387 0.009347 0.004747 0.000560 0.006360 0.002067 0.000000 0.000000 0.000293 0.000280 0.000000 0.000000 0.000000 0.000000 0.000000 0.000000 0.000000 0.000000 0.000000 0.000000 0.000000 0.000000 0.000000 0.000000 0.000133 0.000000 0.000000 0.002587 0.000000 0.000000 0.000000 0.000000 0.000947 0.000000 0.001240 0.000507 0.000000 0.000173 0.001067 0.000000 0.000000 0.000000 0.000080 0.000000 0.000000 0.000000
0.002533 0.000000 0.134413 0.000000 0.000000 0.000200 0.013227 0.009120 0.000000 0.000240 0.000160 0.000000 0.000067 0.012693 0.000000 0.144840 0.049293 0.000520 0.004213 0.000000 0.247760 0.003387 0.000000 0.002413 0.000000 0.037253 0.168853 0.055120 0.010987 0.052947 0.000000 0.000573 0.000000 0.038187 0.000000 0.000080 0.002333 0.000000 0.000000 0.000000 0.000000 0.000000 0.000000 0.000000 0.000000 0.000000 0.000000 0.000000 0.000000 0.011853 0.000000 0.000000 0.000000 0.000000 0.000907 0.000867 0.020720 0.000253 0.000000 0.000000 0.027267 0.000160 0.000000 0.000000 0.000000 0.000000 0.000000 0.000000
0.000000 0.005613 0.001853 0.032000 0.003560 0.001933 0.004507 0.001133 0.040973 0.004627 0.000667 0.006253 0.004893 0.000613 0.002360 0.012347 0.001493 0.000120 0.000467 0.001387 0.024293 0.009347 0.002413 0.000000 0.004840 0.006853 0.049360 0.164440 0.001613 0.000960 0.000787 0.000653 0.000120 0.001280 0.000000 0.000253 0.000187 0.000227 0.000000 0.000120 0.000093 0.000587 0.000747 0.000560 0.000120 0.000160 0.000467 0.001267 0.000000 0.000507 0.000080 0.000240 0.000240 0.000120 0.003400 0.000387 0.000280 0.020853 0.000240 0.001373 0.001680 0.009253 0.001733 0.000400 0.000187 0.000000 0.000000 0.000307
0.000000 0.013880 0.000000 0.000000 0.000907 0.000213 0.000000 0.001040 0.002227 0.000293 0.004813 0.000667 0.062240 0.000827 0.000640 0.000120 0.000160 0.003280 0.001027 0.000000 0.000000 0.004747 0.000000 0.004840 0.000000 0.017320 0.060480 0.000387 0.000453 0.000000 0.008320 0.002533 0.000000 0.001880 0.000000 0.000000 0.000000 0.000000 0.000000 0.000000 0.000000 0.000000 0.000000 0.000000 0.000173 0.000000 0.003213 0.000000 0.000000 0.000000 0.000000 0.001027 0.000107 0.000000 0.000000 0.000000 0.000000 0.000320 0.000320 0.003173 0.002253 0.000000 0.000000 0.000000 0.000693 0.000000 0.000000 0.000000
0.002467 0.002107 0.163213 0.000280 0.000800 0.000347 0.004107 0.009347 0.000627 0.000733 0.061973 0.000787 0.013373 0.016853 0.000333 0.000333 0.019253 0.037480 0.081413 0.000000 0.010827 0.000560 0.037253 0.006853 0.017320 0.000000 0.175520 0.004733 0.015773 0.008093 0.009680 0.004547 0.000120 0.012773 0.000000 0.001240 0.000667 0.000000 0.000000 0.000000 0.000227 0.000000 0.000000 0.000107 0.001280 0.000000 0.010520 0.000280 0.000000 0.000067 0.000920 0.005507 0.006920 0.000000 0.000067 0.000000 0.000093 0.001053 0.002653 0.048027 0.049720 0.000573 0.000107 0.000080 0.002200 0.000000 0.000000 0.000493
0.000360 0.044800 0.198507 0.000653 0.003093 0.000907 0.005893 0.004627 0.003587 0.002293 0.018987 0.002053 0.092053 0.007747 0.001440 0.047640 0.100413 0.006360 0.031000 0.000120 0.019360 0.006360 0.168853 0.049360 0.060480 0.175520 0.000000 0.102373 0.008333 0.001733 0.021120 0.005760 0.000080 0.045453 0.000000 0.008853 0.024200 0.000000 0.000000 0.000000 0.000307 0.000000 0.000000 0.000107 0.002187 0.000000 0.009520 0.000253 0.000000 0.003280 0.004267 0.006280 0.009280 0.000000 0.000333 0.000493 0.010173 0.002840 0.004120 0.057453 0.176000 0.001267 0.000147 0.000093 0.003360 0.000000 0.000000 0.000840
0.000627 0.000320 0.009653 0.166600 0.003040 0.045747 0.331453 0.021453 0.029653 0.244160 0.000400 0.022080 0.001027 0.010853 0.002147 0.019400 0.003533 0.000147 0.000507 0.029840 0.086453 0.002067 0.055120 0.164440 0.000387 0.004733 0.102373 0.000000 0.019027 0.229053 0.000267 0.001493 0.001053 0.005973 0.000000 0.000000 0.000133 0.001640 0.000000 0.000333 0.000107 0.000960 0.001893 0.004107 0.000120 0.000840 0.000067 0.000667 0.000000 0.000453 0.000000 0.000120 0.000147 0.001227 0.002040 0.000187 0.000293 0.008440 0.000067 0.000707 0.001773 0.013307 0.001000 0.000293 0.000000 0.000000 0.000000 0.000200
0.123000 0.000000 0.006027 0.000907 0.000067 0.001587 0.042227 0.015120 0.000760 0.018067 0.006600 0.006867 0.002053 0.153813 0.000000 0.000000 0.040573 0.005000 0.029213 0.000467 0.012840 0.000000 0.010987 0.001613 0.000453 0.015773 0.008333 0.019027 0.000000 0.102507 0.000360 0.005987 0.123627 0.020933 0.000000 0.000000 0.000000 0.000000 0.000000 0.000000 0.000000 0.000093 0.000187 0.000000 0.000067 0.000000 0.000067 0.000307 0.000000 0.000000 0.000000 0.000000 0.000000 0.000000 0.000480 0.000000 0.000000 0.002360 0.000000 0.000133 0.000187 0.002200 0.000373 0.000067 0.000000 0.000000 0.000000 0.000000
0.012400 0.000000 0.012107 0.000000 0.000000 0.000080 0.092893 0.003787 0.000000 0.000120 0.000280 0.000000 0.000107 0.022667 0.000000 0.000360 0.035507 0.000440 0.004640 0.000000 0.219480 0.000000 0.052947 0.000960 0.000000 0.008093 0.001733 0.229053 0.102507 0.000000 0.000000 0.000187 0.000000 0.008707 0.000000 0.000000 0.000000 0.000000 0.000000 0.000000 0.000000 0.000000 0.000000 0.000000 0.000000 0.000000 0.000000 0.000000 0.000000 0.000000 0.000000 0.000000 0.000000 0.000000 0.000000 0.000000 0.000000 0.000000 0.000000 0.000000 0.000107 0.000000 0.000000 0.000000 0.000000 0.000000 0.000000 0.000000
0.000000 0.000560 0.000120 0.000000 0.000200 0.000000 0.000000 0.000413 0.000160 0.000000 0.024133 0.000133 0.043253 0.000360 0.000093 0.000080 0.000000 0.001227 0.000347 0.000000 0.000000 0.000293 0.000000 0.000787 0.008320 0.009680 0.021120 0.000267 0.000360 0.000000 0.000000 0.000573 0.000000 0.000133 0.000000 0.000160 0.000000 0.000000 0.000000 0.000000 0.000000 0.000000 0.000000 0.000000 0.000760 0.000000 0.004640 0.000000 0.000000 0.000000 0.000000 0.000693 0.000067 0.000000 0.000000 0.000000 0.000000 0.000213 0.000213 0.002560 0.001040 0.000000 0.000000 0.000000 0.001453 0.000000 0.000000 0.000000
0.000347 0.000080 0.000320 0.000587 0.003200 0.015640 0.000947 0.079307 0.000360 0.003320 0.013960 0.003733 0.021587 0.017280 0.004973 0.000000 0.000467 0.002307 0.003907 0.000227 0.000133 0.000280 0.000573 0.000653 0.002533 0.004547 0.005760 0.001493 0.005987 0.000187 0.000573 0.000000 0.000000 0.021853 0.000000 0.000000 0.000000 0.000000 0.000000 0.000000 0.000000 0.000000 0.000000 0.000000 0.000000 0.000000 0.000373 0.000000 0.000000 0.000000 0.000000 0.000000 0.000000 0.000000 0.000000 0.000000 0.000000 0.000240 0.000000 0.000000 0.000120 0.000200 0.000000 0.000000 0.000000 0.000000 0.000000 0.000000
0.000000 0.000000 0.000000 0.000000 0.000000 0.000000 0.000067 0.000000 0.000000 0.000000 0.000000 0.000000 0.000000 0.000000 0.000000 0.000000 0.000640 0.000000 0.000587 0.000000 0.000120 0.000000 0.000000 0.000120 0.000000 0.000120 0.000080 0.001053 0.123627 0.000000 0.000000 0.000000 0.000000 0.001200 0.000000 0.000000 0.000000 0.000000 0.000000 0.000000 0.000000 0.000000 0.000000 0.000000 0.000000 0.000000 0.000000 0.000000 0.000000 0.000000 0.000000 0.000000 0.000000 0.000000 0.000000 0.000000 0.000000 0.000000 0.000000 0.000000 0.000000 0.000000 0.000000 0.000000 0.000000 0.000000 0.000000 0.000000
0.000227 0.000080 0.005253 0.000147 0.002173 0.000387 0.002520 0.001293 0.000107 0.003533 0.016733 0.000253 0.008960 0.002347 0.000000 0.000587 0.009587 0.004693 0.040187 0.000000 0.038627 0.000000 0.038187 0.001280 0.001880 0.012773 0.045453 0.005973 0.020933 0.008707 0.000133 0.021853 0.001200 0.000000 0.000000 0.000080 0.000120 0.000000 0.000000 0.000000 0.000000 0.000000 0.000000 0.000000 0.000000 0.000000 0.000320 0.000093 0.000000 0.000000 0.000000 0.000067 0.000107 0.000000 0.000000 0.000000 0.000000 0.000600 0.000000 0.000360 0.000947 0.000467 0.000120 0.000000 0.000000 0.000000 0.000000 0.000000
0.000000 0.000000 0.000000 0.000000 0.000000 0.000000 0.000000 0.000000 0.000000 0.000000 0.000000 0.000000 0.000000 0.000000 0.000000 0.000000 0.000000 0.000000 0.000000 0.000000 0.000000 0.000000 0.000000 0.000000 0.000000 0.000000 0.000000 0.000000 0.000000 0.000000 0.000000 0.000000 0.000000 0.000000 0.000000 0.000000 0.000227 0.000000 0.000000 0.000000 0.023187 0.000853 0.000000 0.000667 0.000440 0.000000 0.000160 0.091480 0.000000 0.000000 0.001133 0.001187 0.003067 0.000000 0.000000 0.000000 0.000067 0.000067 0.000000 0.000880 0.000333 0.000840 0.173840 0.065560 0.000000 0.000120 0.001747 0.000667
0.000000 0.000000 0.000280 0.000000 0.000000 0.000000 0.000000 0.000000 0.000000 0.000000 0.000267 0.000000 0.000400 0.000000 0.000000 0.000000 0.000373 0.000000 0.000133 0.000000 0.000000 0.000000 0.000080 0.000253 0.000000 0.001240 0.008853 0.000000 0.000000 0.000000 0.000160 0.000000 0.000000 0.000080 0.000000 0.000000 0.000307 0.000000 0.001080 0.000000 0.000107 0.000000 0.001093 0.000093 0.000227 0.000000 0.009853 0.000000 0.000613 0.000440 0.000493 0.000107 0.000867 0.000000 0.000080 0.000587 0.000000 0.007573 0.017533 0.002947 0.036493 0.001480 0.000000 0.000000 0.000080 0.000613 0.000000 0.000093
0.000000 0.000240 0.003520 0.000000 0.000000 0.000000 0.000067 0.000000 0.000000 0.000000 0.000000 0.000000 0.000000 0.000000 0.000000 0.000240 0.000253 0.000000 0.000067 0.000000 0.000000 0.000000 0.002333 0.000187 0.000000 0.000667 0.024200 0.000133 0.000000 0.000000 0.000000 0.000000 0.000000 0.000120 0.000227 0.000307 0.000000 0.000000 0.000000 0.000173 0.052160 0.004000 0.000000 0.002253 0.000320 0.000000 0.000160 0.007427 0.000000 0.000000 0.084133 0.000773 0.015213 0.000000 0.011307 0.000000 0.096387 0.000120 0.000000 0.106053 0.128827 0.014333 0.001373 0.000800 0.000080 0.000067 0.000000 0.001280
0.000000 0.000000 0.000000 0.000933 0.000000 0.000000 0.000000 0.000000 0.000213 0.000747 0.000000 0.000267 0.000000 0.000000 0.000000 0.000000 0.000000 0.000000 0.000000 0.000187 0.000000 0.000000 0.000000 0.000227 0.000000 0.000000 0.000000 0.001640 0.000000 0.000000 0.000000 0.000000 0.000000 0.000000 0.000000 0.000000 0.000000 0.000000 0.000360 0.002373 0.000347 0.000960 0.007213 0.069360 0.000160 0.029867 0.000000 0.000613 0.000093 0.000000 0.000000 0.000000 0.000000 0.045600 0.000000 0.000000 0.000000 0.008520 0.000000 0.000000 0.000200 0.108160 0.000427 0.000000 0.000000 0.000653 0.000000 0.000187
0.000000 0.000000 0.000000 0.000000 0.000000 0.000000 0.000000 0.000000 0.000000 0.000000 0.000000 0.000000 0.000000 0.000000 0.000000 0.000000 0.000000 0.000000 0.000000 0.000000 0.000000 0.000000 0.000000 0.000000 0.000000 0.000000 0.000000 0.000000 0.000000 0.000000 0.000000 0.000000 0.000000 0.000000 0.000000 0.001080 0.000000 0.000360 0.000000 0.003493 0.000000 0.000000 0.001347 0.000347 0.001573 0.000267 0.002147 0.000000 0.004227 0.000000 0.000000 0.000000 0.000000 0.000227 0.000000 0.003280 0.000000 0.006573 0.000813 0.000067 0.001027 0.003013 0.000000 0.000000 0.000093 0.011627 0.000000 0.015853
0.000000 0.000000 0.000000 0.000120 0.000000 0.000000 0.000000 0.000000 0.000000 0.000080 0.000000 0.000000 0.000000 0.000000 0.000000 0.000000 0.000000 0.000000 0.000000 0.000000 0.000000 0.000000 0.000000 0.000120 0.000000 0.000000 0.000000 0.000333 0.000000 0.000000 0.000000 0.000000 0.000000 0.000000 0.000000 0.000000 0.000173 0.002373 0.003493 0.000000 0.022040 0.129067 0.000320 0.225587 0.003227 0.055640 0.000493 0.004187 0.005587 0.000000 0.000000 0.000440 0.000453 0.006200 0.000080 0.000173 0.000000 0.000587 0.000080 0.000453 0.000680 0.027307 0.001947 0.000133 0.000187 0.068400 0.000000 0.005547
0.000000 0.000000 0.000067 0.000000 0.000000 0.000000 0.000000 0.000067 0.000000 0.000000 0.000000 0.000000 0.000000 0.000000 0.000000 0.000000 0.000000 0.000000 0.000000 0.000000 0.000000 0.000000 0.000000 0.000093 0.000000 0.000227 0.000307 0.000107 0.000000 0.000000 0.000000 0.000000 0.000000 0.000000 0.023187 0.000107 0.052160 0.000347 0.000000 0.022040 0.000000 0.106120 0.000147 0.287187 0.001520 0.000307 0.000333 0.261773 0.000000 0.000147 0.028880 0.002907 0.019747 0.000400 0.039827 0.000067 0.051400 0.001867 0.000000 0.027533 0.026547 0.297987 0.026107 0.234347 0.000227 0.000947 0.000253 0.003880
0.000000 0.000000 0.000000 0.000360 0.000000 0.000000 0.000000 0.000333 0.000133 0.000400 0.000000 0.000000 0.000000 0.000000 0.000000 0.000000 0.000000 0.000000 0.000000 0.000000 0.000000 0.000000 0.000000 0.000587 0.000000 0.000000 0.000000 0.000960 0.000093 0.000000 0.000000 0.000000 0.000000 0.000000 0.000853 0.000000 0.004000 0.000960 0.000000 0.129067 0.106120 0.000000 0.000480 0.127760 0.008000 0.010240 0.001280 0.273360 0.000000 0.000000 0.001400 0.001813 0.003187 0.002187 0.000413 0.000000 0.002107 0.000227 0.000227 0.005080 0.001320 0.022480 0.022107 0.004547 0.000413 0.069053 0.000000 0.006720
0.000000 0.000000 0.000000 0.000653 0.000000 0.000000 0.000000 0.000067 0.000000 0.000760 0.000107 0.000320 0.000147 0.000000 0.000000 0.000000 0.000000 0.000000 0.000000 0.000107 0.000000 0.000000 0.000000 0.000747 0.000000 0.000000 0.000000 0.001893 0.000187 0.000000 0.000000 0.000000 0.000000 0.000000 0.000000 0.001093 0.000000 0.007213 0.001347 0.000320 0.000147 0.000480 0.000000 0.008147 0.000133 0.002013 0.002453 0.000360 0.000440 0.000000 0.000000 0.000000 0.000093 0.003000 0.000067 0.003293 0.000000 0.046013 0.000933 0.000093 0.001493 0.039147 0.000307 0.000000 0.000000 0.000560 0.000000 0.000093
0.000000 0.000000 0.000000 0.001920 0.000000 0.000000 0.000000 0.000400 0.000427 0.002213 0.000000 0.000627 0.000000 0.000000 0.000000 0.000000 0.000000 0.000000 0.000000 0.000347 0.000000 0.000000 0.000000 0.000560 0.000000 0.000107 0.000107 0.004107 0.000000 0.000000 0.000000 0.000000 0.000000 0.000000 0.000667 0.000093 0.002253 0.069360 0.000347 0.225587 0.287187 0.127760 0.008147 0.000000 0.003440 0.121587 0.000587 0.056533 0.000267 0.000000 0.000253 0.001600 0.002333 0.135693 0.000293 0.000000 0.001493 0.001960 0.000067 0.002147 0.004947 0.311960 0.021440 0.000547 0.000240 0.004667 0.000067 0.006933
0.000000 0.000147 0.000080 0.000000 0.000000 0.000000 0.000000 0.000000 0.000000 0.000000 0.000613 0.000000 0.002320 0.000000 0.000000 0.000000 0.000000 0.000307 0.000147 0.000000 0.000000 0.000000 0.000000 0.000120 0.000173 0.001280 0.002187 0.000120 0.000067 0.000000 0.000760 0.000000 0.000000 0.000000 0.000440 0.000227 0.000320 0.000160 0.001573 0.003227 0.001520 0.008000 0.000133 0.003440 0.000000 0.001760 0.019667 0.020840 0.000000 0.000000 0.001200 0.178747 0.031533 0.000347 0.000293 0.000000 0.000120 0.000440 0.002707 0.048307 0.008867 0.001013 0.024427 0.002413 0.007907 0.026360 0.000000 0.029467
0.000000 0.000000 0.000000 0.000640 0.000000 0.000000 0.000000 0.000107 0.000067 0.000520 0.000000 0.000133 0.000000 0.000000 0.000000 0.000000 0.000000 0.000000 0.000000 0.000160 0.000000 0.000000 0.000000 0.000160 0.000000 0.000000 0.000000 0.000840 0.000000 0.000000 0.000000 0.000000 0.000000 0.000000 0.000000 0.000000 0.000000 0.029867 0.000267 0.055640 0.000307 0.010240 0.002013 0.121587 0.001760 0.000000 0.000453 0.009480 0.000200 0.000000 0.000000 0.001107 0.001013 0.026413 0.000000 0.000080 0.000000 0.003920 0.000000 0.000693 0.001080 0.030307 0.005933 0.000000 0.000267 0.002773 0.000000 0.002013
0.000000 0.000467 0.000000 0.000000 0.000000 0.000067 0.000000 0.000173 0.000147 0.000000 0.005960 0.000000 0.012533 0.000200 0.000000 0.000000 0.000080 0.001427 0.000533 0.000000 0.000000 0.000133 0.000000 0.000467 0.003213 0.010520 0.009520 0.000067 0.000067 0.000000 0.004640 0.000373 0.000000 0.000320 0.000160 0.009853 0.000160 0.000000 0.002147 0.000493 0.000333 0.001280 0.002453 0.000587 0.019667 0.000453 0.000000 0.003013 0.001200 0.000320 0.000080 0.003747 0.000587 0.000120 0.000093 0.001173 0.000000 0.011747 0.066080 0.012720 0.092627 0.002560 0.002533 0.000000 0.036893 0.005947 0.000000 0.005440
0.000000 0.000000 0.000000 0.000133 0.000000 0.000000 0.000000 0.000267 0.000160 0.000147 0.000000 0.000000 0.000000 0.000107 0.000000 0.000000 0.000000 0.000000 0.000000 0.000000 0.000000 0.000000 0.000000 0.001267 0.000000 0.000280 0.000253 0.000667 0.000307 0.000000 0.000000 0.000000 0.000000 0.000093 0.091480 0.000000 0.007427 0.000613 0.000000 0.004187 0.261773 0.273360 0.000360 0.056533 0.020840 0.009480 0.003013 0.000000 0.000000 0.000000 0.007760 0.009187 0.019013 0.001413 0.000533 0.000000 0.002080 0.000453 0.000533 0.018093 0.005307 0.012653 0.163293 0.043733 0.001493 0.091360 0.000213 0.015493
0.000000 0.000000 0.000000 0.000000 0.000000 0.000000 0.000000 0.000000 0.000000 0.000000 0.000000 0.000000 0.000000 0.000000 0.000000 0.000000 0.000000 0.000000 0.000000 0.000000 0.000000 0.000000 0.000000 0.000000 0.000000 0.000000 0.000000 0.000000 0.000000 0.000000 0.000000 0.000000 0.000000 0.000000 0.000000 0.000613 0.000000 0.000093 0.004227 0.005587 0.000000 0.000000 0.000440 0.000267 0.000000 0.000200 0.001200 0.000000 0.000000 0.000000 0.000000 0.000000 0.000000 0.000067 0.000000 0.001213 0.000000 0.002973 0.000453 0.000067 0.000707 0.001440 0.000000 0.000000 0.000000 0.003747 0.000000 0.000000
0.000000 0.000000 0.000000 0.000000 0.000000 0.000000 0.000000 0.000000 0.000000 0.000000 0.000000 0.000000 0.000000 0.000000 0.000000 0.016747 0.000000 0.000000 0.000000 0.000000 0.000827 0.002587 0.011853 0.000507 0.000000 0.000067 0.003280 0.000453 0.000000 0.000000 0.000000 0.000000 0.000000 0.000000 0.000000 0.000440 0.000000 0.000000 0.000000 0.000000 0.000147 0.000000 0.000000 0.000000 0.000000 0.000000 0.000320 0.000000 0.000000 0.000000 0.000080 0.000000 0.000000 0.000000 0.027320 0.009107 0.100240 0.015680 0.000067 0.000200 0.006933 0.009533 0.000000 0.001640 0.000000 0.000000 0.000000 0.000467
0.000000 0.000307 0.001040 0.000000 0.000000 0.000000 0.000000 0.000000 0.000000 0.000000 0.000000 0.000000 0.000000 0.000000 0.000000 0.000000 0.000173 0.000000 0.000000 0.000000 0.000000 0.000000 0.000000 0.000080 0.000000 0.000920 0.004267 0.000000 0.000000 0.000000 0.000000 0.000000 0.000000 0.000000 0.001133 0.000493 0.084133 0.000000 0.000000 0.000000 0.028880 0.001400 0.000000 0.000253 0.001200 0.000000 0.000080 0.007760 0.000000 0.000080 0.000000 0.003373 0.083733 0.000000 0.006067 0.000000 0.044587 0.000267 0.000000 0.018293 0.120840 0.003067 0.012627 0.043973 0.000000 0.000000 0.000000 0.013453
0.000000 0.000120 0.000307 0.000000 0.000000 0.000000 0.000000 0.000000 0.000000 0.000000 0.000613 0.000000 0.000947 0.000000 0.000000 0.000000 0.000147 0.000747 0.000853 0.000000 0.000000 0.000000 0.000000 0.000240 0.001027 0.005507 0.006280 0.000120 0.000000 0.000000 0.000693 0.000000 0.000000 0.000067 0.001187 0.000107 0.000773 0.000000 0.000000 0.000440 0.002907 0.001813 0.000000 0.001600 0.178747 0.001107 0.003747 0.009187 0.000000 0.000000 0.003373 0.000000 0.089147 0.000173 0.000347 0.000000 0.000427 0.000120 0.004760 0.052520 0.015640 0.000600 0.014360 0.005813 0.003187 0.001800 0.000080 0.009173
0.000000 0.000520 0.001360 0.000000 0.000000 0.000000 0.000000 0.000000 0.000000 0.000000 0.000133 0.000000 0.000133 0.000000 0.000000 0.000000 0.000280 0.000080 0.000427 0.000000 0.000000 0.000000 0.000000 0.000240 0.000107 0.006920 0.009280 0.000147 0.000000 0.000000 0.000067 0.000000 0.000000 0.000107 0.003067 0.000867 0.015213 0.000000 0.000000 0.000453 0.019747 0.003187 0.000093 0.002333 0.031533 0.001013 0.000587 0.019013 0.000000 0.000000 0.083733 0.089147 0.000000 0.000107 0.001373 0.000000 0.006933 0.000440 0.000253 0.077947 0.049933 0.001560 0.041960 0.026413 0.000493 0.000600 0.000387 0.058853
0.000000 0.000000 0.000000 0.000893 0.000000 0.000000 0.000000 0.000000 0.000120 0.000573 0.000000 0.000213 0.000000 0.000000 0.000000 0.000000 0.000000 0.000000 0.000000 0.000080 0.000000 0.000000 0.000000 0.000120 0.000000 0.000000 0.000000 0.001227 0.000000 0.000000 0.000000 0.000000 0.000000 0.000000 0.000000 0.000000 0.000000 0.045600 0.000227 0.006200 0.000400 0.002187 0.003000 0.135693 0.000347 0.026413 0.000120 0.001413 0.000067 0.000000 0.000000 0.000173 0.000107 0.000000 0.000000 0.000000 0.000000 0.002040 0.000000 0.000093 0.000133 0.061333 0.001187 0.000000 0.000000 0.000680 0.000000 0.000267
0.000000 0.000000 0.000000 0.000000 0.000000 0.000000 0.000000 0.000000 0.000267 0.000000 0.000000 0.000000 0.000000 0.000000 0.000000 0.003680 0.000000 0.000000 0.000000 0.000000 0.002253 0.000947 0.000907 0.003400 0.000000 0.000067 0.000333 0.002040 0.000480 0.000000 0.000000 0.000000 0.000000 0.000000 0.000000 0.000080 0.011307 0.000000 0.000000 0.000080 0.039827 0.000413 0.000067 0.000293 0.000293 0.000000 0.000093 0.000533 0.000000 0.027320 0.006067 0.000347 0.001373 0.000000 0.000000 0.002067 0.290107 0.006120 0.000000 0.001347 0.016760 0.079267 0.001320 0.194893 0.000000 0.000107 0.000640 0.033027
0.000000 0.000000 0.000000 0.000000 0.000000 0.000000 0.000000 0.000000 0.000000 0.000000 0.000000 0.000000 0.000000 0.000000 0.000000 0.001893 0.000000 0.000000 0.000000 0.000000 0.000120 0.000000 0.000867 0.000387 0.000000 0.000000 0.000493 0.000187 0.000000 0.000000 0.000000 0.000000 0.000000 0.000000 0.000000 0.000587 0.000000 0.000000 0.003280 0.000173 0.000067 0.000000 0.003293 0.000000 0.000000 0.000080 0.001173 0.000000 0.001213 0.009107 0.000000 0.000000 0.000000 0.000000 0.002067 0.000000 0.002213 0.012733 0.000613 0.000173 0.009453 0.002933 0.000000 0.000000 0.000000 0.001507 0.000000 0.000080
0.000000 0.000000 0.000200 0.000000 0.000000 0.000000 0.000000 0.000000 0.000000 0.000000 0.000000 0.000000 0.000000 0.000000 0.000000 0.021187 0.000000 0.000000 0.000000 0.000000 0.000627 0.001240 0.020720 0.000280 0.000000 0.000093 0.010173 0.000293 0.000000 0.000000 0.000000 0.000000 0.000000 0.000000 0.000067 0.000000 0.096387 0.000000 0.000000 0.000000 0.051400 0.002107 0.000000 0.001493 0.000120 0.000000 0.000000 0.002080 0.000000 0.100240 0.044587 0.000427 0.006933 0.000000 0.290107 0.002213 0.000000 0.002027 0.000000 0.014133 0.106400 0.082240 0.000453 0.050107 0.000000 0.000000 0.000000 0.015920
0.000080 0.000440 0.000000 0.001053 0.000000 0.000093 0.000000 0.002107 0.006173 0.001653 0.000293 0.000080 0.000533 0.000907 0.000000 0.000400 0.000000 0.000000 0.000067 0.000160 0.000867 0.000507 0.000253 0.020853 0.000320 0.001053 0.002840 0.008440 0.002360 0.000000 0.000213 0.000240 0.000000 0.000600 0.000067 0.007573 0.000120 0.008520 0.006573 0.000587 0.001867 0.000227 0.046013 0.001960 0.000440 0.003920 0.011747 0.000453 0.002973 0.015680 0.000267 0.000120 0.000440 0.002040 0.006120 0.012733 0.002027 0.000000 0.004133 0.003547 0.043587 0.094427 0.001267 0.004107 0.000733 0.004853 0.000200 0.000800
0.000000 0.000067 0.000000 0.000000 0.000000 0.000000 0.000000 0.000000 0.000000 0.000000 0.000067 0.000000 0.000613 0.000000 0.000000 0.000000 0.000067 0.000333 0.000373 0.000000 0.000000 0.000000 0.000000 0.000240 0.000320 0.002653 0.004120 0.000067 0.000000 0.000000 0.000213 0.000000 0.000000 0.000000 0.000000 0.017533 0.000000 0.000000 0.000813 0.000080 0.000000 0.000227 0.000933 0.000067 0.002707 0.000000 0.066080 0.000533 0.000453 0.000067 0.000000 0.004760 0.000253 0.000000 0.000000 0.000613 0.000000 0.004133 0.000000 0.016400 0.029533 0.000613 0.000533 0.000000 0.005840 0.001747 0.000000 0.001040
0.000000 0.002027 0.002747 0.000000 0.000000 0.000000 0.000000 0.000000 0.000107 0.000000 0.001507 0.000000 0.004107 0.000147 0.000000 0.000213 0.001333 0.001800 0.005320 0.000000 0.000120 0.000173 0.000000 0.001373 0.003173 0.048027 0.057453 0.000707 0.000133 0.000000 0.002560 0.000000 0.000000 0.000360 0.000880 0.002947 0.106053 0.000000 0.000067 0.000453 0.027533 0.005080 0.000093 0.002147 0.048307 0.000693 0.012720 0.018093 0.000067 0.000200 0.018293 0.052520 0.077947 0.000093 0.001347 0.000173 0.014133 0.003547 0.016400 0.000000 0.229080 0.003520 0.010467 0.004347 0.006573 0.001600 0.000000 0.004800
0.000000 0.006640 0.012853 0.000067 0.000000 0.000000 0.000173 0.000160 0.000000 0.000000 0.000800 0.000000 0.001547 0.000107 0.000000 0.016627 0.002773 0.000773 0.003347 0.000000 0.000627 0.001067 0.027267 0.001680 0.002253 0.049720 0.176000 0.001773 0.000187 0.000107 0.001040 0.000120 0.000000 0.000947 0.000333 0.036493 0.128827 0.000200 0.001027 0.000680 0.026547 0.001320 0.001493 0.004947 0.008867 0.001080 0.092627 0.005307 0.000707 0.006933 0.120840 0.015640 0.049933 0.000133 0.016760 0.009453 0.106400 0.043587 0.029533 0.229080 0.000000 0.086707 0.002933 0.001093 0.011853 0.001093 0.000000 0.029160
0.000000 0.000080 0.000000 0.004893 0.000000 0.000200 0.000093 0.002653 0.002520 0.005027 0.000000 0.000933 0.000253 0.000933 0.000000 0.000467 0.000000 0.000000 0.000000 0.001000 0.000347 0.000000 0.000160 0.009253 0.000000 0.000573 0.001267 0.013307 0.002200 0.000000 0.000000 0.000200 0.000000 0.000467 0.000840 0.001480 0.014333 0.108160 0.003013 0.027307 0.297987 0.022480 0.039147 0.311960 0.001013 0.030307 0.002560 0.012653 0.001440 0.009533 0.003067 0.000600 0.001560 0.061333 0.079267 0.002933 0.082240 0.094427 0.000613 0.003520 0.086707 0.000000 0.031320 0.170080 0.000440 0.003960 0.004947 0.009600
0.000000 0.000000 0.000000 0.000080 0.000000 0.000000 0.000000 0.000187 0.000173 0.000067 0.000000 0.000000 0.000000 0.000067 0.000000 0.000000 0.000000 0.000000 0.000000 0.000000 0.000147 0.000000 0.000000 0.001733 0.000000 0.000107 0.000147 0.001000 0.000373 0.000000 0.000000 0.000000 0.000000 0.000120 0.173840 0.000000 0.001373 0.000427 0.000000 0.001947 0.026107 0.022107 0.000307 0.021440 0.024427 0.005933 0.002533 0.163293 0.000000 0.000000 0.012627 0.014360 0.041960 0.001187 0.001320 0.000000 0.000453 0.001267 0.000533 0.010467 0.002933 0.031320 0.000000 0.146800 0.001107 0.045560 0.115720 0.057453
0.000000 0.000000 0.000000 0.000000 0.000000 0.000000 0.000000 0.000000 0.000000 0.000000 0.000000 0.000000 0.000000 0.000000 0.000000 0.000000 0.000000 0.000000 0.000000 0.000000 0.000000 0.000000 0.000000 0.000400 0.000000 0.000080 0.000093 0.000293 0.000067 0.000000 0.000000 0.000000 0.000000 0.000000 0.065560 0.000000 0.000800 0.000000 0.000000 0.000133 0.234347 0.004547 0.000000 0.000547 0.002413 0.000000 0.000000 0.043733 0.000000 0.001640 0.043973 0.005813 0.026413 0.000000 0.194893 0.000000 0.050107 0.004107 0.000000 0.004347 0.001093 0.170080 0.146800 0.000000 0.000000 0.000000 0.001373 0.023053
0.000000 0.000120 0.000000 0.000000 0.000000 0.000000 0.000000 0.000000 0.000000 0.000000 0.001240 0.000000 0.003293 0.000000 0.000000 0.000000 0.000000 0.000573 0.000240 0.000000 0.000000 0.000080 0.000000 0.000187 0.000693 0.002200 0.003360 0.000000 0.000000 0.000000 0.001453 0.000000 0.000000 0.000000 0.000000 0.000080 0.000080 0.000000 0.000093 0.000187 0.000227 0.000413 0.000000 0.000240 0.007907 0.000267 0.036893 0.001493 0.000000 0.000000 0.000000 0.003187 0.000493 0.000000 0.000000 0.000000 0.000000 0.000733 0.005840 0.006573 0.011853 0.000440 0.001107 0.000000 0.000000 0.000693 0.000000 0.000533
