1.000000000000000222e+00 2.827950173574663925e-02 -3.354955951133699044e-01 6.719400326933018253e-01 -1.525439318998466631e-01 2.836447653627722776e-01 3.797338316102449873e-01 -4.671761922652089005e-01 5.933765597449383034e-01 -1.382690121323576493e-01 -3.320463277749335917e-01 5.582153270214980090e-01 -2.256966844912152992e-01 6.793152126676665903e-01 1.238588366111870454e-01 -1.917507766981290940e-01 3.918315358372554402e-01 -2.661871471309517068e-01 4.058629027325794114e-01 7.549308085044860173e-01 -2.652458661153851427e-01 1.488270344649804122e-01 -2.330831577277723832e-01 4.087731259917928295e-01 2.606837927388558351e-01 4.203835664083347616e-04 -2.748338907484336735e-01 -8.387445531415972655e-02 3.690767178942810367e-01 2.385623410069110384e-01 2.852009251390458799e-01 -5.936555741810284337e-02 1.918703551247716854e-01 -1.065421337295495430e-02 7.785999752215425410e-03 5.806735358901320143e-02 -4.226804322151404003e-01 4.481909925883947321e-01 -1.450019281513432456e-01 3.641408637297652295e-01 -8.319521081786769579e-02 -4.546073965697828290e-01 1.627268846368670197e-01 3.702095021789699736e-01 -2.462527816874985342e-01 2.173304495020359772e-01 -2.570139924940295084e-01 4.203998684383040696e-01 -1.211801005380909041e-01 -1.270953695554310203e-01 2.555257548009783330e-01 -2.811041207526498442e-01 3.337207750403357962e-03 4.058084511061060828e-01 -3.468494410727444577e-01 8.232862333894394591e-02 -2.889857937419658129e-01 2.558316014907484059e-01 1.411067907177925018e-01 3.655843091642611148e-02 -3.300175286008490416e-01 -2.777969681751272790e-01 4.746835271000720002e-01 2.010157645412713467e-01 -1.017700890622449950e-01 3.444837610140455975e-01 -1.434014079226151039e-01 4.112646112331764803e-01
2.827950173574663925e-02 1.000000000000000000e+00 3.940945620279803219e-01 3.655348255109897027e-01 2.426951702501659036e-01 2.335005219746829064e-01 5.656422350184012737e-01 2.123079496412307310e-01 3.045037966133009588e-01 2.526427221094162401e-01 2.472846535037377114e-01 1.486080236127009235e-01 2.140034631969440215e-01 -7.713499507483220774e-03 5.344071368326112209e-02 5.119258883877558786e-01 6.100646944348259160e-01 1.092289060859599203e-01 6.508566135382845008e-01 2.046541578900387404e-01 2.225360577007520213e-01 7.738801581359942006e-01 3.134056624280286973e-01 6.762369752262704647e-01 7.165604793190066824e-01 7.536381578995009489e-01 4.887811792181642190e-01 4.118945555382990120e-01 1.161096263865271649e-01 6.025275444923217094e-01 8.329481693864772274e-02 2.210669856746477202e-01 1.193447974362408653e-01 3.746511429058934639e-01 7.739339065398955810e-03 7.490974031473649486e-01 2.110049294805929621e-01 3.148087197530664016e-01 2.434441524585980177e-01 2.727774543232796556e-01 4.797735364160383709e-01 2.861833609464207728e-01 -7.735233253006797149e-02 3.356520185858717920e-01 2.971065174491299143e-01 -2.087753538239001030e-03 2.954238960196824415e-01 3.944537444295661555e-01 2.761163701357711719e-01 5.532200713974786410e-01 6.678161054230064009e-01 2.883534020059144165e-01 3.694666076821200296e-01 1.531044546995257716e-01 2.841649862821390427e-01 8.092548371111053518e-01 4.221213746707623282e-01 6.252944619769320589e-01 5.536930063896122745e-01 7.272932428585420217e-01 4.436770467432230025e-01 2.809495444157693034e-01 3.872308223916114955e-01 5.872535222944194055e-01 1.439152244279047477e-01 2.646479804955267912e-01 1.319199667693342071e-01 4.123365836736286871e-01
-3.354955951133699044e-01 3.940945620279803219e-01 1.000000000000000222e+00 -1.566011579271902876e-01 5.572417126664690468e-01 3.198594918133740861e-01 2.667151741758161387e-01 7.930846605237861224e-01 -2.964703491924430279e-01 5.691050746338005561e-01 6.987783756679504243e-01 -1.911803537840963685e-01 5.943792161012794173e-01 -3.455660976123978712e-01 1.457357300292346780e-01 7.770669056212129444e-01 3.087674120484755480e-02 5.656901765935571369e-01 1.426501031500398420e-01 -3.765160886132421503e-01 8.656807968265267661e-01 5.026619052927362441e-01 9.180029715264809154e-01 2.516826850075064015e-01 3.189907747566708696e-01 6.530913082623811539e-01 9.578922861646597120e-01 8.246541249349982339e-01 -1.190204381581504711e-01 4.195308610054199194e-01 1.044203741433611830e-03 5.186208465908487275e-01 -1.527230165427246322e-01 3.705811530449416025e-01 -3.683851673086023237e-01 3.597566301100489916e-01 9.434220019649737221e-01 -3.529092046855031306e-02 4.294679592044070016e-01 3.242271962089747217e-01 4.703499928318169987e-01 7.787673979619714748e-01 -1.103126144734333514e-01 1.987477440395505890e-01 6.612207215390755177e-01 -1.201768892117978937e-01 6.696567251294960332e-01 2.516286270230799933e-03 5.604645639552351399e-01 7.888279367032767775e-01 2.052571740546025036e-01 6.575940220489242538e-01 2.330350061888068203e-01 -3.016781696775596711e-01 8.698526325829715189e-01 4.677455848422411577e-01 9.015114177739111945e-01 5.309489479040456761e-01 2.593917994326501719e-01 5.870856888538250606e-01 9.424421511811811314e-01 9.049058219225407651e-01 -1.786417921753904736e-01 4.168837542072201252e-01 3.055897554062724231e-01 8.269476662796444721e-02 1.848046074347984014e-01 -7.385393290184955051e-02
6.719400326933018253e-01 3.655348255109897027e-01 -1.566011579271902876e-01 9.999999999999998890e-01 1.071747815653666669e-01 4.580088913213508084e-01 7.687578635903100643e-01 -1.864599003328591409e-01 6.887635520082868723e-01 1.872840046066973629e-01 -9.312358216173312331e-02 6.359171879991195597e-01 2.249385608504428716e-02 5.771467784091388609e-01 2.326238014906597817e-01 1.279933027607769447e-01 6.633849224636682029e-01 -1.241986775748694649e-01 6.768234494591457429e-01 7.535044221188427205e-01 -8.917787633454779539e-02 4.411863224581441534e-01 -1.095953145279323360e-01 7.647160488444895154e-01 5.367198676275590774e-01 3.997346857838719458e-01 -2.959421982121420228e-02 2.671800888280346786e-01 3.028748232019466413e-01 6.213816834436927117e-01 4.035560794578115784e-01 9.922264389569569742e-02 1.361925289015099294e-01 1.048057048791557755e-01 -8.016793888748442731e-02 4.558685353536536256e-01 -2.892223103309727317e-01 7.827780215794560847e-01 1.446262475038216921e-01 4.361063478378215397e-01 2.912072016727690338e-01 -1.556866082467623646e-01 9.209944957003148025e-02 6.946022071029870348e-01 -2.215760317872777357e-03 2.735276475681576169e-01 1.644745698999062339e-02 4.652148579519150839e-01 1.851406428436897650e-02 2.044586368788638697e-01 5.721757781522124331e-01 -1.093691816184566568e-01 1.988451073508949729e-01 4.456144905007594637e-01 -1.705088903489356267e-01 4.275886341814158498e-01 -4.591748586986861558e-02 6.136359893049343484e-01 3.471962161290512716e-01 4.518116284695166684e-01 -1.063285117137979796e-01 -5.097301906866415211e-02 5.980504005062630135e-01 5.974214380036260152e-01 6.068811239773354294e-02 4.727899307679070406e-01 -1.165349806454511472e-01 6.124014414658566219e-01
-1.525439318998466631e-01 2.426951702501659036e-01 5.572417126664690468e-01 1.071747815653666669e-01 1.000000000000000000e+00 6.041630194092488804e-01 3.620142596324182893e-01 7.387581318194247348e-01 -1.023252261344532316e-01 6.590068484317690434e-01 7.515619399409076973e-01 1.541301410501273554e-02 7.403953190326365563e-01 -8.111831704707340995e-02 3.443649948442634168e-01 6.186255870819403757e-01 1.250162169998619011e-01 6.304456295059067683e-01 2.215718811303944435e-01 -1.871142534816502001e-01 5.961992937773247236e-01 2.847510255901709031e-01 5.546134520028608295e-01 3.282710917552958962e-01 3.542762198397633178e-01 5.243506806018251032e-01 5.780879459404132392e-01 6.573604053390943447e-01 7.937076041056150000e-02 4.185307190033313862e-01 2.139283736357695531e-01 6.313431795525646928e-01 -1.541039562702304355e-01 3.606574752818911267e-01 -2.635894749344790955e-01 3.703429716829725327e-01 5.391634795264683699e-01 2.079495060603001044e-01 8.094794353864817049e-01 5.241252713055405410e-01 3.813720411019178580e-01 7.529184544176832361e-01 -1.424826539043516915e-01 4.776122799416445686e-01 6.947209393898147178e-01 -3.955889588010186309e-02 7.553795531288772791e-01 1.829010203702867987e-01 4.985905404089785997e-01 5.545620976366981703e-01 1.631252234766918385e-01 5.633941968413296308e-01 2.676258910037077610e-01 -2.699647730638781717e-01 5.249928638933798464e-01 2.647346755395680873e-01 5.145934636379573268e-01 4.384994632591445729e-01 2.455116574898030812e-01 5.271053157279883550e-01 5.859961060371484676e-01 6.379480581981168408e-01 6.331076253601825021e-02 3.127386446477947723e-01 3.712493500313924777e-01 4.082855164683372173e-01 2.356601968685255177e-01 9.748911871913200355e-02
2.836447653627722776e-01 2.335005219746829064e-01 3.198594918133740861e-01 4.580088913213508084e-01 6.041630194092488804e-01 1.000000000000000000e+00 4.279994577991514948e-01 4.646418095107515134e-01 2.602742494255462224e-01 6.965944209072528759e-01 5.973353842874055131e-01 4.559582716463448371e-01 5.986292174925570420e-01 2.438350998400740099e-01 5.682202048724305232e-01 5.716924613074573225e-01 2.530548200755214361e-01 4.968747180816454057e-01 2.715365821032101890e-01 2.653974453003288270e-01 3.958409335571249077e-01 3.185305524520522513e-01 3.974629900115621006e-01 5.236878162976729145e-01 4.984211820872822551e-01 4.602553946464982282e-01 4.192478607883584063e-01 6.006849147663351207e-01 7.437934868371351427e-02 4.239424524505625014e-01 2.982105624681029576e-01 3.968398410227625406e-01 -1.021183894788195851e-01 2.442365168185542113e-01 -2.913041569193879354e-01 3.713732722866063818e-01 2.879296060532424706e-01 4.313992064126102033e-01 4.987299331174035455e-01 7.459576120609782146e-01 1.897496551519048114e-01 4.459702559047677428e-01 -8.572215056667525923e-02 7.283072275300406240e-01 6.018011525648779836e-01 1.653026989563434468e-01 5.828761189906275231e-01 2.864739649580473335e-01 3.338070137223815292e-01 5.055766123138641932e-01 2.494888586662936947e-01 4.195699058575112494e-01 1.607550219118187851e-01 -8.986689793874758428e-03 3.545282384648105745e-01 2.953719724426135951e-01 3.785094671116724929e-01 5.716004701756872697e-01 3.645650584109777492e-01 5.122172325454039665e-01 4.193529161440530673e-01 4.636988770070476495e-01 2.892099546655216291e-01 3.842525342551518786e-01 4.302690772999060997e-01 5.880601771281288581e-01 -3.887067355407457930e-02 2.796327995861283555e-01
3.797338316102449873e-01 5.656422350184012737e-01 2.667151741758161387e-01 7.687578635903100643e-01 3.620142596324182893e-01 4.279994577991514948e-01 1.000000000000000222e+00 1.548998850514806958e-01 4.597135190308010988e-01 2.721676844714595589e-01 1.925154141815691722e-01 2.433899777001608533e-01 2.209028135867905918e-01 3.925379756997737779e-01 1.851344270561680605e-01 4.122339345840222991e-01 7.252236013546572435e-01 1.007191592496004401e-01 8.118132155308208642e-01 4.046163715101328551e-01 1.831269184728350208e-01 6.592359817415230916e-01 2.136995148319063564e-01 8.233201547121059560e-01 6.551527958057664636e-01 7.513658585154863179e-01 3.376203115956789569e-01 5.368299386146965224e-01 2.348981435143477903e-01 8.748433521583709460e-01 3.265225882100695198e-01 3.352111180708208238e-01 6.505329771385073845e-02 2.672539476852646700e-01 -7.956753652261132348e-02 6.700395222307610199e-01 7.075256159288252633e-02 6.729712082807840501e-01 3.755893172457427376e-01 4.542686432853934586e-01 6.664380383738922609e-01 1.879827649835403292e-01 1.257973603174973240e-02 6.368030416935374083e-01 2.450994330906205720e-01 -5.638696026436733344e-02 2.687709259708300213e-01 5.094096460648771529e-01 2.506564950088889243e-01 4.727372290915534681e-01 6.701200481993261349e-01 1.344897312827874336e-01 3.365558538911082032e-01 1.489881895113346622e-01 9.327100801845539246e-02 6.575548430918219944e-01 2.694530720855631833e-01 7.356893628347209724e-01 3.952282344370119382e-01 7.491910949813938014e-01 2.616764811890702758e-01 2.758968241131111720e-01 4.919108594775002397e-01 7.465973917542538807e-01 4.738230621388915542e-02 4.243931501893208336e-01 8.490025818990867834e-02 5.175827740534871824e-01
-4.671761922652089005e-01 2.123079496412307310e-01 7.930846605237861224e-01 -1.864599003328591409e-01 7.387581318194247348e-01 4.646418095107515134e-01 1.548998850514806958e-01 1.000000000000000000e+00 -3.655736954526682680e-01 7.835092637799667692e-01 9.164772549105324462e-01 -2.022077559655108270e-01 8.365067189662649394e-01 -3.611598521942829265e-01 2.205774253789114236e-01 7.629481326625150439e-01 -1.065347083582849491e-01 7.483843880568401552e-01 -3.757067535051733520e-02 -4.557636775784904559e-01 7.962593306589911268e-01 2.262893377671460760e-01 7.684569812592311200e-01 1.361260118148836240e-01 2.300277827978108036e-01 5.221011221921292300e-01 7.835349580559161087e-01 7.730035165968430766e-01 -1.486808297046035010e-01 2.847722997257640110e-01 -4.067818755376923293e-03 4.455557718509533527e-01 -2.851201628135704991e-01 3.088051687459700823e-01 -3.367429443491082308e-01 3.111905271610914125e-01 8.242312749896453239e-01 -1.055379034196789710e-02 6.258499063120641637e-01 3.299930421590823171e-01 3.985165916707259504e-01 9.536273885294723751e-01 -2.039591415378735617e-01 3.051647296000196130e-01 8.433155401168470622e-01 -7.339935490709029176e-02 8.694064189972097179e-01 -1.549077568577004738e-01 5.096610152909998304e-01 6.982662562322951016e-01 4.765568565637665760e-02 7.031881682033269687e-01 2.351397932263506463e-01 -3.352932789690835635e-01 7.951991298583541701e-01 2.032019710582314842e-01 7.553627424392060918e-01 3.798619431824064585e-01 2.109469487318759440e-01 4.991213714292706549e-01 8.273411108097591393e-01 8.257356925835297456e-01 -2.798852714192067159e-01 2.880724381072523044e-01 4.366209187011967363e-01 1.225892814541692105e-01 1.612231254260713675e-01 -1.446170986615541443e-01
5.933765597449383034e-01 3.045037966133009588e-01 -2.964703491924430279e-01 6.887635520082868723e-01 -1.023252261344532316e-01 2.602742494255462224e-01 4.597135190308010988e-01 -3.655736954526682680e-01 1.000000000000000000e+00 7.881900541320522105e-03 -2.925814220244411512e-01 6.464070213809878229e-01 -1.678608219426981629e-01 5.620017158650889577e-01 1.653577732997819627e-01 -9.172842491211141702e-02 4.702932590756544462e-01 -2.888324850430443735e-01 4.327908438642247280e-01 7.470682326740615276e-01 -2.829626978021992367e-01 3.171761690413568147e-01 -2.981123372569667307e-01 5.935951382403215071e-01 3.606621660720131795e-01 1.030276360743928449e-01 -2.388360399672665169e-01 -4.000477866919576603e-02 3.388518086566105758e-01 2.904821809113309894e-01 2.809422683001733811e-01 -2.514382578520423309e-02 2.795617056255098043e-01 7.663761445182631915e-02 2.155349445377495732e-01 1.772326052542570751e-01 -4.486748592480478970e-01 5.798938764717933569e-01 -1.075990196465576171e-01 3.301318021643855349e-01 1.553482565382340308e-01 -3.248505211844539553e-01 3.666574306582544018e-01 5.014049410476281166e-01 -2.532330708474968550e-01 4.204299883312762054e-01 -2.058012670188774096e-01 4.090224065481762872e-01 -5.144682989882646412e-02 -2.337123128465237731e-02 2.943426980258714298e-01 -3.080616907667936832e-01 6.870707646886643760e-02 6.125273240453575907e-01 -3.096798030437326599e-01 3.010907264031097985e-01 -2.193129589330168328e-01 4.124645424464897792e-01 1.921843302567591005e-01 1.115483967972853291e-01 -3.124323542205714732e-01 -2.674484805104616614e-01 4.647591394998180081e-01 2.899312537201553797e-01 -9.124219462471480635e-03 2.991114632038977539e-01 -9.433115517372137049e-02 3.511686218405259963e-01
-1.382690121323576493e-01 2.526427221094162401e-01 5.691050746338005561e-01 1.872840046066973629e-01 6.590068484317690434e-01 6.965944209072528759e-01 2.721676844714595589e-01 7.835092637799667692e-01 7.881900541320522105e-03 1.000000000000000222e+00 7.831049136640455544e-01 3.156023373238453500e-01 7.880455743732335261e-01 -1.037008614569993881e-02 4.544193693197980388e-01 7.204418866324742154e-01 2.489587682027297189e-02 6.866640741429247408e-01 7.524671380099622053e-02 -3.895166892054815339e-02 6.580548271883279732e-01 2.914350875810097219e-01 5.904471468965668546e-01 3.350837331909808370e-01 3.354260860585249193e-01 4.891970345493888983e-01 6.107139563156573914e-01 7.524498412451249285e-01 1.265282589540146774e-01 3.750751576482072580e-01 3.514435132984893850e-01 4.047175467094982215e-01 -1.135145334562382147e-01 3.865541026393999324e-01 -2.692550644824177608e-01 3.502505549358994608e-01 5.847288680988146359e-01 3.409816983962228321e-01 5.183378940591224504e-01 5.597585034847143426e-01 3.659171337045658001e-01 7.761519811223851484e-01 -5.598565588225832418e-02 7.166504810980240947e-01 7.728821955894005225e-01 3.438042485619338673e-01 7.966732339816364750e-01 5.464074380872668835e-02 5.165423753329360101e-01 6.737746545874876425e-01 1.412170024887495212e-01 6.578550318598102020e-01 2.478540391039676660e-01 1.977896944760102957e-02 6.597029037321299194e-01 2.798895201791400944e-01 6.250040020579034072e-01 5.051171849272444447e-01 2.950642440900289598e-01 5.084552896798819610e-01 6.458210540632614016e-01 6.897056611671186221e-01 2.134321165578549617e-02 3.699063557809663116e-01 6.104423024492557914e-01 2.663587169628830464e-01 1.186773722982926577e-01 9.077505128713900251e-02
-3.320463277749335917e-01 2.472846535037377114e-01 6.987783756679504243e-01 -9.312358216173312331e-02 7.515619399409076973e-01 5.973353842874055131e-01 1.925154141815691722e-01 9.164772549105324462e-01 -2.925814220244411512e-01 7.831049136640455544e-01 1.000000000000000000e+00 -1.176638639155309501e-01 9.241484989843137265e-01 -2.648068436284673477e-01 3.110099056928380956e-01 7.782732502408383768e-01 -2.462045397794630081e-02 8.615757169967537266e-01 1.928168226903750199e-02 -3.359669338396702454e-01 6.919131878666584523e-01 2.221641794410880999e-01 6.994827386247320922e-01 1.977281522443823381e-01 3.648291945761960031e-01 5.473231129937812245e-01 7.328254743889550671e-01 7.274084243779685988e-01 -7.761013459650023538e-02 2.923562962786578900e-01 7.796618616400345647e-02 4.232401064660198942e-01 -2.367167974089947335e-01 3.132723262499530481e-01 -3.544672574414098332e-01 3.845398646875926030e-01 7.189025575181478001e-01 -2.379376272305174997e-02 6.881207700935200178e-01 4.498604020864794828e-01 3.078862363924929624e-01 9.177392574579524842e-01 -2.731285641392557917e-01 3.742192831882186210e-01 9.390206224680847091e-01 -1.098463095781796739e-01 9.403108242844951947e-01 -1.393175688703507560e-02 4.820449471763296745e-01 6.738372233195404348e-01 9.159991771677648831e-02 7.432344378132469398e-01 2.302911910534429507e-01 -3.279496982982738063e-01 6.888505749974590531e-01 2.087892016512591931e-01 6.840843444645388072e-01 3.953031993274913614e-01 3.584338037521582199e-01 5.416300115537884263e-01 7.984609640210832415e-01 7.470901394567739384e-01 -1.055190348563870700e-01 2.654424932358608324e-01 5.615608532098746997e-01 3.085612952196263858e-01 1.272590529837512585e-01 1.376969737499119870e-02
5.582153270214980090e-01 1.486080236127009235e-01 -1.911803537840963685e-01 6.359171879991195597e-01 1.541301410501273554e-02 4.559582716463448371e-01 2.433899777001608533e-01 -2.022077559655108270e-01 6.464070213809878229e-01 3.156023373238453500e-01 -1.176638639155309501e-01 1.000000000000000000e+00 1.127199726945490171e-02 4.925177959402749495e-01 4.111764044733045576e-01 4.547109324680628784e-02 1.981191595874218780e-01 -5.315114141791069807e-02 1.885656127703589646e-01 7.704772134545664342e-01 -4.980751693961534693e-02 2.514916356793598373e-01 -1.116258751620983758e-01 4.547912792721987008e-01 2.377070146018514518e-01 2.629534234078640190e-02 -1.309198203172199093e-01 1.143944403492994227e-01 3.643646517366076476e-01 2.076734522121857218e-01 4.167836717316300010e-01 6.390898448857966485e-02 2.228848202013131163e-01 1.688029223058479522e-01 2.415506159392847435e-03 7.743731857276872632e-02 -2.409167226938682405e-01 6.161084434841546109e-01 -6.084945415343773201e-02 5.097261888467514712e-01 -3.411197767135114300e-02 -1.787105475419935863e-01 3.305145871357831333e-01 6.572481434839324566e-01 -3.932115303827569269e-02 7.813172488309668706e-01 -2.730617804735731638e-02 2.791055081879631472e-01 1.235385610336196260e-01 6.923180706796046302e-02 1.388515246260478841e-01 -7.699798682194168575e-02 2.694772236625272641e-02 7.071254264453624705e-01 -5.175184606684804511e-02 2.055676621941057713e-01 -8.236333190191974518e-02 3.972621414413599061e-01 1.682282278244974505e-01 7.315990803953321964e-02 -1.540927348174673805e-01 -6.884810470186991660e-02 3.656854912021837434e-01 2.171534933406634171e-01 2.988405087765343970e-01 3.148756816224781985e-01 -9.919614126754408567e-02 2.898175304924192064e-01
-2.256966844912152992e-01 2.140034631969440215e-01 5.943792161012794173e-01 2.249385608504428716e-02 7.403953190326365563e-01 5.986292174925570420e-01 2.209028135867905918e-01 8.365067189662649394e-01 -1.678608219426981629e-01 7.880455743732335261e-01 9.241484989843137265e-01 1.127199726945490171e-02 1.000000000000000000e+00 -1.589768400327931375e-01 3.334786901237573042e-01 7.161558950888131658e-01 -6.333173699513133933e-04 8.169555174764652206e-01 4.400001829654101582e-02 -2.272233170571609784e-01 6.292315169516387030e-01 1.735108901991979369e-01 5.937339922374296197e-01 2.432196824967686188e-01 3.854362646568934569e-01 4.872728413787654755e-01 6.258920248786854490e-01 6.829357194195158076e-01 1.587997973653998765e-02 2.876917914239156548e-01 2.555055600856608877e-01 3.991638037925356874e-01 -1.743982645860919500e-01 3.157880748023817463e-01 -3.267066299210635294e-01 3.461030728369045018e-01 6.217378197682953411e-01 7.242530005496156109e-02 7.067602051707646549e-01 4.568507213904366981e-01 2.968551451265790675e-01 8.431774220136859510e-01 -2.279370049350107619e-01 4.399741107237672422e-01 8.840658027475429837e-01 2.131768993287975339e-03 9.338398053787453357e-01 1.007311515311959393e-02 4.546092919619617589e-01 6.239816629166627937e-01 8.587114096455202017e-02 7.078862482273468038e-01 2.176343007615353375e-01 -2.091506238347348723e-01 5.876797372839265288e-01 1.646247918409445010e-01 5.843944219786926242e-01 4.294160212007106514e-01 3.585081580277040270e-01 4.821663470728829171e-01 6.914336058798682405e-01 6.604417764779239031e-01 -6.840456729128055469e-02 2.529908570526366862e-01 6.157842964259828689e-01 3.718263614898885128e-01 1.109382896823530723e-01 5.050790727521153878e-02
6.793152126676665903e-01 -7.713499507483220774e-03 -3.455660976123978712e-01 5.771467784091388609e-01 -8.111831704707340995e-02 2.438350998400740099e-01 3.925379756997737779e-01 -3.611598521942829265e-01 5.620017158650889577e-01 -1.037008614569993881e-02 -2.648068436284673477e-01 4.925177959402749495e-01 -1.589768400327931375e-01 1.000000000000000000e+00 3.175177810753536667e-01 -2.078110378019168702e-01 3.593740001741437262e-01 -1.614862650790671317e-01 3.070743763789436365e-01 5.858655254805573698e-01 -2.993522279180733658e-01 7.344394258846401180e-02 -2.947033137619172738e-01 3.462893692186986838e-01 1.698702095196851225e-01 -2.988592838331359525e-02 -3.013480403487459047e-01 -1.408337467559559741e-01 6.029965666304096805e-01 2.542021579500049477e-01 3.857089113359266075e-01 5.851984701640190051e-02 3.422615161462724265e-01 1.403243507176721028e-01 2.402370149091449802e-01 8.835283841591549947e-02 -4.338936477952687332e-01 4.606700517073595846e-01 -1.130842199821652933e-01 3.277378586291158635e-01 1.258577792435567055e-01 -3.757058509070442254e-01 3.351747141152130460e-01 4.417576471833103424e-01 -2.069201550733484052e-01 3.060791536565895532e-01 -2.199728303630081871e-01 4.193825483178822422e-01 -3.797029660400667167e-02 -1.584921870829509583e-01 1.714079005838022030e-01 -2.533031638600819480e-01 1.646352861984102522e-01 3.929097745584703705e-01 -3.681556398028029142e-01 7.887325449289601942e-02 -2.662800815688224909e-01 2.158521498082723589e-01 1.151535976661524630e-01 -4.369984012213723457e-03 -3.289822806993505377e-01 -2.834910930643199101e-01 5.036765945898277197e-01 1.653031977053027457e-01 -2.718502330189421015e-02 3.489206643606013736e-01 1.212395953005972471e-01 3.837286290677398015e-01
1.238588366111870454e-01 5.344071368326112209e-02 1.457357300292346780e-01 2.326238014906597817e-01 3.443649948442634168e-01 5.682202048724305232e-01 1.851344270561680605e-01 2.205774253789114236e-01 1.653577732997819627e-01 4.544193693197980388e-01 3.110099056928380956e-01 4.111764044733045576e-01 3.334786901237573042e-01 3.175177810753536667e-01 1.000000000000000000e+00 3.090657700800680252e-01 9.343895814070928008e-02 2.675987612296161777e-01 4.821239377168499290e-02 1.560501801974578384e-01 1.763417833472065988e-01 1.209018708823190319e-01 1.634517008958437656e-01 2.445602465912678769e-01 2.246849167693582838e-01 1.634045377443690827e-01 1.694568943444293152e-01 2.818323179133397360e-01 2.630462989569339882e-01 2.064566589818553344e-01 2.331519176973784746e-01 3.030128132413881237e-01 6.062628965731146902e-02 3.238892780211252154e-01 1.031533636271525639e-01 1.519520333621705854e-01 1.229204747492663174e-01 2.912036508614480046e-01 2.716912162543086429e-01 5.146826138522000438e-01 2.081057393877042694e-01 2.090959815654728771e-01 1.657121476107894231e-01 4.919065170639227991e-01 3.610303139129522609e-01 3.172924778037849447e-01 3.001451281701233986e-01 2.433834117118383045e-01 2.428823810787737736e-01 2.315378748525713237e-01 9.531943343723614515e-02 2.631162604681842043e-01 1.831910472927606726e-01 1.735293099601013245e-01 1.619116006837186261e-01 1.208644585922929865e-01 1.972112952583365830e-01 3.048040508579725749e-01 1.892277324711914566e-01 1.949991214085298741e-01 1.891544420627663536e-01 2.548095977118109423e-01 2.593508543312413317e-01 1.393463877161697784e-01 4.187375871292544072e-01 4.437238223557773975e-01 2.486279955353534188e-01 1.529333506655993213e-01
-1.917507766981290940e-01 5.119258883877558786e-01 7.770669056212129444e-01 1.279933027607769447e-01 6.186255870819403757e-01 5.716924613074573225e-01 4.122339345840222991e-01 7.629481326625150439e-01 -9.172842491211141702e-02 7.204418866324742154e-01 7.782732502408383768e-01 4.547109324680628784e-02 7.161558950888131658e-01 -2.078110378019168702e-01 3.090657700800680252e-01 9.999999999999998890e-01 2.249553615678311358e-01 5.929114662646212119e-01 2.873121746758571793e-01 -1.673757403895414497e-01 7.615517260798524424e-01 5.296634260337932387e-01 7.950872656317325982e-01 4.859828458402553064e-01 5.345269660592443239e-01 7.419677669577193768e-01 8.457400185041986651e-01 8.735086867289320045e-01 -2.223335518898053587e-02 5.750010206785006739e-01 1.277016350978541215e-01 4.358597485571620855e-01 -1.746274600805585164e-01 3.849610418822422830e-01 -2.493247135359781264e-01 5.567634843278794765e-01 7.207736755690727914e-01 2.216028318796937902e-01 5.497333905365380247e-01 4.745181552449740936e-01 4.518200349753493938e-01 7.701544714032622085e-01 -1.719753923923182104e-01 4.464534041403591669e-01 7.992065682808898730e-01 9.390944131994777982e-03 7.905468016462197101e-01 1.851791301006810997e-01 5.574581803409903724e-01 9.154039203391132196e-01 3.819812883751047550e-01 6.890609737049627759e-01 3.472114916954449626e-01 -1.651376892219473258e-01 7.235294654255611801e-01 5.265209907223499242e-01 8.430835399196114910e-01 6.750088792670734250e-01 4.157736641906051855e-01 7.089556767630966760e-01 8.481607031085183213e-01 8.047075442158831970e-01 7.319777474221496327e-02 4.743889413541012567e-01 5.000056991096030190e-01 2.929758345822359722e-01 1.815924473819339746e-01 1.664434284110369588e-01
3.918315358372554402e-01 6.100646944348259160e-01 3.087674120484755480e-02 6.633849224636682029e-01 1.250162169998619011e-01 2.530548200755214361e-01 7.252236013546572435e-01 -1.065347083582849491e-01 4.702932590756544462e-01 2.489587682027297189e-02 -2.462045397794630081e-02 1.981191595874218780e-01 -6.333173699513133933e-04 3.593740001741437262e-01 9.343895814070928008e-02 2.249553615678311358e-01 1.000000000000000000e+00 -1.286660749422929573e-01 8.494691383799746198e-01 4.574015498697509008e-01 -1.151698394713246282e-01 5.645448127104920610e-01 -6.990084724221815038e-03 7.036881972339270597e-01 6.585050575133253314e-01 6.114520023011514871e-01 1.429264269720302294e-01 2.066688086898076371e-01 2.116297985921124503e-01 6.283397840242265220e-01 1.471867095832928296e-01 8.806000643371954262e-02 1.511439781057151710e-01 2.066250666273575232e-01 7.103362409094690633e-02 6.576890832366015793e-01 -1.792950538943161587e-01 4.754773502034529975e-01 1.627448078715426627e-01 2.024462564115588614e-01 3.979945778841412762e-01 -4.820892297924363190e-02 -1.116212226717822886e-01 3.848590314382938082e-01 6.928229460481519220e-02 -7.389964338057110338e-02 3.422205515264117870e-02 5.523090209098099335e-01 8.377421240280849557e-02 2.750449150429923328e-01 7.395844883286571969e-01 2.899314117537861446e-03 3.384946675381650949e-01 2.127453786799557434e-01 -1.559367327772286094e-01 6.252096495762573536e-01 8.705571195871535106e-02 5.394376146502529723e-01 4.098277273810445043e-01 5.680689250278677660e-01 5.389870235513940372e-02 -4.409379998490444569e-02 6.311306331045705154e-01 5.049730671852881159e-01 -6.778481032747082913e-02 3.756925275629576788e-01 8.076730146715545289e-02 6.594019292204866822e-01
-2.661871471309517068e-01 1.092289060859599203e-01 5.656901765935571369e-01 -1.241986775748694649e-01 6.304456295059067683e-01 4.968747180816454057e-01 1.007191592496004401e-01 7.483843880568401552e-01 -2.888324850430443735e-01 6.866640741429247408e-01 8.615757169967537266e-01 -5.315114141791069807e-02 8.169555174764652206e-01 -1.614862650790671317e-01 2.675987612296161777e-01 5.929114662646212119e-01 -1.286660749422929573e-01 1.000000000000000222e+00 -6.822272421600028558e-02 -3.040090935140320472e-01 5.700511611606645657e-01 7.763252608191287263e-02 5.824407884353969278e-01 5.024299444697637868e-02 2.114844781447651756e-01 3.708090143980858344e-01 5.716054899802802680e-01 5.703737327379021504e-01 -2.168834332525187286e-02 1.623984360423816053e-01 2.238651756879334598e-01 3.463726237115157258e-01 -1.465409824414501405e-01 2.036737929218245813e-01 -4.026392406661374879e-01 2.666643320998944300e-01 6.321687343250922408e-01 -6.294368087621846075e-02 5.609857134097266940e-01 3.988485309484434693e-01 1.861173520829808303e-01 7.372782154359212026e-01 -1.839420014997961428e-01 3.182665615731349873e-01 7.871777030504673034e-01 -1.148015939003486571e-02 7.906631994297751431e-01 -1.077591167605587152e-01 4.109873328613892207e-01 5.021228890118430987e-01 -1.025313353996868682e-01 6.414101718648478334e-01 9.140766454048318557e-02 -2.997342350327428795e-01 5.579360158239456968e-01 8.747707968475895712e-02 5.391896246765649492e-01 2.522374639378173189e-01 2.650901097007111185e-01 3.483258088346670167e-01 6.732563784730840606e-01 6.121269242162641344e-01 -1.679273713162396375e-01 1.321940010297799895e-01 4.972518730446020552e-01 2.626950652633948113e-01 7.100663324924337549e-02 -5.777871847425391366e-02
4.058629027325794114e-01 6.508566135382845008e-01 1.426501031500398420e-01 6.768234494591457429e-01 2.215718811303944435e-01 2.715365821032101890e-01 8.118132155308208642e-01 -3.757067535051733520e-02 4.327908438642247280e-01 7.524671380099622053e-02 1.928168226903750199e-02 1.885656127703589646e-01 4.400001829654101582e-02 3.070743763789436365e-01 4.821239377168499290e-02 2.873121746758571793e-01 8.494691383799746198e-01 -6.822272421600028558e-02 9.999999999999997780e-01 4.351469345582927861e-01 -1.551775903272568967e-03 7.078147238892660287e-01 8.668075484000313524e-02 7.815899243160461252e-01 6.959820128712363996e-01 7.391987046825712060e-01 2.418371578211413742e-01 3.134011967075025495e-01 2.318524634211046043e-01 7.520916267849278025e-01 2.364899749731130540e-01 2.224067230747732993e-01 1.206251775847713009e-01 3.000517982117934523e-01 -8.523028845891888854e-04 6.206080731527473526e-01 -8.578236518556117685e-02 5.165845374669805201e-01 2.638350998751796128e-01 3.019263622535315328e-01 4.640404385979945978e-01 3.785642953650913967e-02 -1.062621420475244050e-01 4.408805002611629886e-01 1.105799617582795130e-01 -1.211727905100574709e-01 1.173173922280744408e-01 6.488872166907777572e-01 1.897766052138363246e-01 3.767458441585818663e-01 7.981211628776246902e-01 1.399431557774206691e-01 3.651758482940761774e-01 1.645759651954277480e-01 -6.637545356908118588e-02 6.900064221915909179e-01 1.230494378347192774e-01 6.127382863884308639e-01 4.240091130940936703e-01 7.080363475928822536e-01 1.292304057764765701e-01 6.206851082070187486e-02 6.469914499663118601e-01 5.689733651383657165e-01 -5.709124069297779464e-02 3.771550511431727704e-01 1.196091680495016546e-01 6.771445079201477979e-01
7.549308085044860173e-01 2.046541578900387404e-01 -3.765160886132421503e-01 7.535044221188427205e-01 -1.871142534816502001e-01 2.653974453003288270e-01 4.046163715101328551e-01 -4.557636775784904559e-01 7.470682326740615276e-01 -3.895166892054815339e-02 -3.359669338396702454e-01 7.704772134545664342e-01 -2.272233170571609784e-01 5.858655254805573698e-01 1.560501801974578384e-01 -1.673757403895414497e-01 4.574015498697509008e-01 -3.040090935140320472e-01 4.351469345582927861e-01 1.000000000000000000e+00 -3.516615678252245636e-01 2.935701859951804771e-01 -3.261395742730541780e-01 5.323851024638891483e-01 3.457374324832311330e-01 5.819436385225323222e-02 -3.094350996954845501e-01 -1.006025951662107981e-01 3.608611998597489046e-01 2.517086149145658092e-01 2.379833864922183961e-01 -1.439249480221419242e-01 2.285793873470769177e-01 6.100339892518033547e-02 1.368368311004325988e-01 1.409176319695777113e-01 -5.020237822014198548e-01 5.665628555520086929e-01 -1.738245918186905603e-01 3.756503612091760536e-01 1.023689173391602661e-02 -3.964807969297371448e-01 2.467012855924294867e-01 4.998906302018066294e-01 -2.484146683390774102e-01 4.458302126859109982e-01 -2.469190257971613234e-01 4.299659066543712327e-01 -4.746402786820386882e-02 -8.247142039158043836e-02 3.364394647042995845e-01 -3.249074624574843639e-01 4.669893222705961966e-02 7.356857857110423726e-01 -3.572095770963681916e-01 2.324581836231663368e-01 -3.110565734405527638e-01 3.460271870130806060e-01 2.337725918723075613e-01 9.591248339109015308e-02 -3.621859944302761591e-01 -3.428397251530583278e-01 5.447226901471631244e-01 2.767900692965750697e-01 -3.840386303426484432e-02 3.386059417641750779e-01 -1.597910280205353806e-01 4.987325484850309576e-01
-2.652458661153851427e-01 2.225360577007520213e-01 8.656807968265267661e-01 -8.917787633454779539e-02 5.961992937773247236e-01 3.958409335571249077e-01 1.831269184728350208e-01 7.962593306589911268e-01 -2.829626978021992367e-01 6.580548271883279732e-01 6.919131878666584523e-01 -4.980751693961534693e-02 6.292315169516387030e-01 -2.993522279180733658e-01 1.763417833472065988e-01 7.615517260798524424e-01 -1.151698394713246282e-01 5.700511611606645657e-01 -1.551775903272568967e-03 -3.516615678252245636e-01 9.999999999999998890e-01 3.436479391506829240e-01 9.309369129117442965e-01 1.669785951535119328e-01 2.108649203060018185e-01 4.851950415866711497e-01 8.667404494415434923e-01 8.653144040658782288e-01 -3.377411895717821050e-02 3.892460235320319151e-01 1.066033867999066354e-01 5.241599856425340764e-01 -1.693669514505489193e-01 3.744300694227624682e-01 -4.010845669561121651e-01 2.212361665004626277e-01 9.015096015527916951e-01 7.378442498660234272e-02 4.382348210882461292e-01 3.828558941076495858e-01 3.593443955606036022e-01 7.575182081285706248e-01 -1.035292743149681012e-02 2.849378692687094539e-01 6.464321858763243389e-01 4.098035876368849584e-02 7.043764496893573090e-01 -6.366369635311538988e-02 5.857534261697242561e-01 7.347522397596589760e-01 5.178362719559803651e-02 6.287814959882425114e-01 1.701361828638466023e-01 -2.608942582842845304e-01 8.928873376055708189e-01 2.789136243682794336e-01 8.561974816159421131e-01 5.036387650853670905e-01 1.391537540082948554e-01 4.437182309558953541e-01 8.588650770257869604e-01 9.458895576220556212e-01 -2.645338429167050642e-01 3.218793553528273010e-01 3.997423870186601613e-01 8.112993033224218109e-02 1.521028126004556058e-01 -1.624594767905605530e-01
1.488270344649804122e-01 7.738801581359942006e-01 5.026619052927362441e-01 4.411863224581441534e-01 2.847510255901709031e-01 3.185305524520522513e-01 6.592359817415230916e-01 2.262893377671460760e-01 3.171761690413568147e-01 2.914350875810097219e-01 2.221641794410880999e-01 2.514916356793598373e-01 1.735108901991979369e-01 7.344394258846401180e-02 1.209018708823190319e-01 5.296634260337932387e-01 5.645448127104920610e-01 7.763252608191287263e-02 7.078147238892660287e-01 2.935701859951804771e-01 3.436479391506829240e-01 1.000000000000000000e+00 4.266048079032012108e-01 7.473697501266737264e-01 6.436807855616696328e-01 7.853392557444349720e-01 5.555710408884455553e-01 5.430233788870550971e-01 2.089969231572327280e-01 7.588857395952670615e-01 1.642247514810984410e-01 4.075419157196883413e-01 6.376189511422374057e-02 5.041372786791745719e-01 -3.649025174338281496e-02 6.088701670619101058e-01 2.787414000171556383e-01 4.348236124629967780e-01 2.253447462510104193e-01 4.575521758502209546e-01 5.522317585662900319e-01 2.879312464649617653e-01 9.153989513144304702e-02 4.378281601688399083e-01 2.943507739786228039e-01 8.207494395943830401e-02 2.924846658679924327e-01 5.113185233323921386e-01 4.457448594309675882e-01 6.409155842828684335e-01 6.833267034443644139e-01 2.965074996849997313e-01 3.862794013132928583e-01 2.004772848344985869e-01 3.607099314242457888e-01 9.042749803506625605e-01 4.919276473273133665e-01 7.696359657217980432e-01 4.166304257868426175e-01 7.361755190051544329e-01 4.620386508849349538e-01 4.133241675329863973e-01 4.289873013848943262e-01 6.325877517565062780e-01 1.607203731529827651e-01 2.766136254900265490e-01 2.234092568327634143e-01 4.184786925448985562e-01
-2.330831577277723832e-01 3.134056624280286973e-01 9.180029715264809154e-01 -1.095953145279323360e-01 5.546134520028608295e-01 3.974629900115621006e-01 2.136995148319063564e-01 7.684569812592311200e-01 -2.981123372569667307e-01 5.904471468965668546e-01 6.994827386247320922e-01 -1.116258751620983758e-01 5.937339922374296197e-01 -2.947033137619172738e-01 1.634517008958437656e-01 7.950872656317325982e-01 -6.990084724221815038e-03 5.824407884353969278e-01 8.668075484000313524e-02 -3.261395742730541780e-01 9.309369129117442965e-01 4.266048079032012108e-01 1.000000000000000000e+00 1.981257534055234082e-01 3.148950135164668707e-01 5.764639771079584918e-01 9.256362496583764310e-01 8.554055304635364010e-01 -7.238014797139331880e-02 3.940634775197868200e-01 2.592302874304458580e-03 4.989849738651929711e-01 -1.504376598402187570e-01 3.762229341033860863e-01 -3.979795925326859440e-01 3.363502812598841429e-01 9.167547184286968243e-01 1.967050497947126636e-02 4.133780849483570941e-01 3.870208714737147226e-01 3.632581838283329145e-01 7.456655888592701453e-01 -9.254071858864024169e-02 2.205567128234470209e-01 6.734610321884964002e-01 -6.035520789406750852e-02 6.802089958923130952e-01 2.153258844239843220e-02 5.640011855679285535e-01 7.832530206563158570e-01 1.704634150380645585e-01 6.554966815848980444e-01 2.184152618906550769e-01 -2.860152975680428922e-01 9.091655866869352565e-01 3.654247021283965613e-01 9.181568435703461040e-01 5.147849447189200012e-01 2.468765989796010418e-01 5.408134302728485610e-01 9.295573983016008901e-01 9.397886850229770772e-01 -1.741425664364161519e-01 3.594577838034986872e-01 3.663950735846979723e-01 1.158875188250833299e-01 1.673992921059575256e-01 -6.267202253653821054e-02
