0.000000 0.000000 103.235753 0.000000 0.000000 90.392440 27.585555 52.037294 67.006379 90.261706 115.821502 107.889827 0.000000 19.610643 0.000000 0.000000 100.371558 130.734423 115.033565 0.000000 74.531803 0.000000 83.930421 95.261131 0.000000 109.386732 139.923111 91.411160 31.388508 34.528786 0.000000 0.000000 38.232114 58.912557 0.000000 0.000000 0.000000 0.000000 0.000000 0.000000 0.000000 0.000000 0.000000 0.000000 0.000000 0.000000 0.000000 0.000000 0.000000 0.000000 0.000000 0.000000 0.000000 0.000000 0.000000 0.000000 0.000000 140.097132 0.000000 0.000000 0.000000 137.428699 0.000000 0.000000 0.000000 0.000000 0.000000 0.000000
0.000000 0.000000 43.065012 0.000000 139.462138 0.000000 0.000000 129.569355 74.659764 166.582516 63.575969 0.000000 45.379594 105.407227 123.194892 0.000000 56.540948 52.353771 52.169980 0.000000 0.000000 29.342442 84.720724 87.977624 22.525999 39.285784 36.525172 124.280556 93.232891 0.000000 50.119837 124.094307 0.000000 63.420956 0.000000 0.000000 53.164037 0.000000 0.000000 0.000000 0.000000 0.000000 0.000000 0.000000 101.935245 0.000000 53.560110 0.000000 0.000000 0.000000 0.000000 0.000000 60.835705 0.000000 0.000000 0.000000 0.000000 0.000000 0.000000 51.696549 44.489473 0.000000 0.000000 0.000000 0.000000 0.000000 0.000000 0.000000
103.235753 43.065012 0.000000 144.851116 0.000000 137.533189 107.583967 124.100269 0.000000 125.466621 96.523603 0.000000 98.172369 116.041127 0.000000 84.223007 60.100671 91.350245 78.460055 0.000000 69.965339 49.998459 38.870063 106.614985 0.000000 37.540803 41.993968 101.572692 143.520942 83.889340 94.602723 0.000000 0.000000 61.345387 0.000000 56.471082 102.256164 0.000000 0.000000 0.000000 0.000000 0.000000 0.000000 0.000000 0.000000 0.000000 0.000000 0.000000 0.000000 120.930381 117.784553 0.000000 138.395528 0.000000 159.018336 55.778268 107.199803 169.049635 0.000000 102.006746 97.616345 182.377451 0.000000 0.000000 0.000000 0.000000 0.000000 111.679049
0.000000 0.000000 144.851116 0.000000 113.638688 72.029164 50.540273 113.269649 62.105470 25.122195 0.000000 41.296672 0.000000 119.546086 100.165882 0.000000 0.000000 0.000000 187.424213 22.307917 0.000000 102.767123 128.427225 27.900185 0.000000 173.874322 160.381633 20.685017 119.518130 0.000000 0.000000 130.618209 0.000000 110.847416 0.000000 0.000000 0.000000 54.541485 0.000000 130.330040 144.221422 166.637786 88.157155 67.212779 0.000000 52.770370 0.000000 166.952649 0.000000 0.000000 0.000000 0.000000 0.000000 30.847496 0.000000 0.000000 0.000000 135.627746 0.000000 0.000000 0.000000 123.960877 178.307426 0.000000 0.000000 0.000000 0.000000 0.000000
0.000000 139.462138 0.000000 113.638688 0.000000 32.626683 126.962405 135.653939 0.000000 113.783280 176.578760 87.862954 160.207956 0.000000 25.346028 0.000000 0.000000 0.000000 0.000000 94.460893 0.000000 116.034135 0.000000 96.461584 0.000000 192.699647 174.560450 112.165290 0.000000 0.000000 0.000000 13.315503 0.000000 116.135875 0.000000 0.000000 0.000000 0.000000 0.000000 0.000000 0.000000 0.000000 0.000000 0.000000 0.000000 0.000000 0.000000 0.000000 0.000000 0.000000 0.000000 0.000000 0.000000 0.000000 0.000000 0.000000 0.000000 0.000000 0.000000 0.000000 0.000000 0.000000 0.000000 0.000000 0.000000 0.000000 0.000000 0.000000
90.392440 0.000000 137.533189 72.029164 32.626683 0.000000 49.271713 40.619112 85.305214 32.587948 129.540780 37.553534 116.058818 77.576234 24.352619 147.700196 161.995866 150.321036 153.178951 51.369730 102.711562 132.428560 126.749947 82.638412 0.000000 159.960132 158.341571 65.212250 82.678859 115.520461 0.000000 26.817054 95.520247 78.036021 0.000000 0.000000 0.000000 0.000000 0.000000 0.000000 162.622952 0.000000 0.000000 168.237992 0.000000 99.967613 0.000000 0.000000 0.000000 0.000000 0.000000 0.000000 0.000000 0.000000 0.000000 0.000000 0.000000 153.257628 0.000000 0.000000 0.000000 161.178228 0.000000 0.000000 0.000000 0.000000 0.000000 0.000000
27.585555 0.000000 107.583967 50.540273 126.962405 49.271713 0.000000 50.572703 63.547954 29.037939 151.849122 0.000000 174.313798 41.125407 0.000000 112.206855 104.483834 137.889449 125.356531 50.377575 73.404882 80.189881 89.446843 61.927316 0.000000 119.905057 124.923961 41.494895 87.246469 28.756996 0.000000 123.103151 73.338623 83.914884 0.000000 0.000000 200.205527 0.000000 0.000000 0.000000 138.285979 0.000000 0.000000 161.887615 0.000000 0.000000 0.000000 0.000000 0.000000 0.000000 0.000000 0.000000 0.000000 0.000000 167.535803 0.000000 200.678745 132.279127 0.000000 0.000000 199.342861 147.993212 162.022387 0.000000 0.000000 0.000000 0.000000 0.000000
52.037294 129.569355 124.100269 113.269649 135.653939 40.619112 50.572703 0.000000 82.517578 44.195711 122.831853 88.196655 98.475672 26.902661 43.426134 152.453646 126.432015 139.349656 136.475833 87.278151 97.209396 146.906954 116.020388 90.111295 92.672181 132.236578 139.864305 90.966338 41.489753 68.612189 139.863114 27.008939 0.000000 60.507461 0.000000 0.000000 0.000000 185.848214 0.000000 175.617650 158.534858 176.277724 111.981471 176.140363 147.889075 0.000000 0.000000 195.596371 0.000000 0.000000 0.000000 0.000000 0.000000 0.000000 0.000000 0.000000 198.957526 145.127442 0.000000 0.000000 0.000000 156.296569 184.889359 0.000000 0.000000 0.000000 0.000000 163.352073
67.006379 74.659764 0.000000 62.105470 0.000000 85.305214 63.547954 82.517578 0.000000 73.944716 138.927358 31.974728 132.318309 85.119802 0.000000 73.948225 0.000000 0.000000 143.118041 55.265245 55.486821 31.749467 109.560712 36.803131 115.837796 130.964740 115.702350 60.498158 85.378558 59.311119 144.444119 116.041318 58.228691 132.009603 0.000000 0.000000 0.000000 83.036845 0.000000 0.000000 125.204674 111.211869 62.303814 98.490997 0.000000 0.000000 0.000000 105.497061 0.000000 0.000000 0.000000 0.000000 0.000000 0.000000 81.940728 10.098611 0.000000 63.908119 0.000000 173.061652 205.552734 88.980854 100.065927 73.542296 0.000000 0.000000 0.000000 79.095806
90.261706 166.582516 125.466621 25.122195 113.783280 32.587948 29.037939 44.195711 73.944716 0.000000 158.865668 26.582089 173.215327 85.221721 93.554618 136.683332 138.748783 157.784945 163.151374 18.778917 90.752497 127.459418 112.745666 63.829206 0.000000 143.041833 165.499377 31.596004 100.246466 102.440635 0.000000 119.960770 94.035104 93.325695 0.000000 0.000000 0.000000 158.323345 168.415862 174.148013 158.603693 183.833867 127.741096 174.204490 0.000000 145.551518 0.000000 186.793052 0.000000 0.000000 0.000000 0.000000 0.000000 169.364548 0.000000 0.000000 0.000000 146.231075 0.000000 0.000000 0.000000 162.453799 197.702633 0.000000 0.000000 0.000000 0.000000 200.172021
115.821502 63.575969 96.523603 0.000000 176.578760 129.540780 151.849122 122.831853 138.927358 158.865668 0.000000 156.453496 29.239866 101.689680 0.000000 129.625914 55.260182 25.464907 31.578393 159.476572 94.587344 97.023908 76.272330 157.115560 28.761837 30.109116 69.913244 176.560519 90.758012 102.324432 41.644385 55.669749 96.143629 30.026769 0.000000 0.000000 140.232117 0.000000 0.000000 0.000000 0.000000 113.589234 0.000000 0.000000 66.837097 0.000000 72.471113 116.891709 0.000000 0.000000 0.000000 0.000000 0.000000 0.000000 0.000000 0.000000 0.000000 0.000000 0.000000 107.400597 111.743516 0.000000 94.130449 0.000000 91.357731 95.667319 0.000000 79.609849
107.889827 0.000000 0.000000 41.296672 87.862954 37.553534 0.000000 88.196655 31.974728 26.582089 156.453496 0.000000 166.188010 101.436141 69.240486 0.000000 0.000000 162.918450 159.178082 14.150127 0.000000 0.000000 0.000000 38.710239 0.000000 169.541612 178.720458 42.671752 104.766222 0.000000 0.000000 108.875772 0.000000 93.000899 0.000000 0.000000 0.000000 133.815081 0.000000 0.000000 0.000000 0.000000 0.000000 147.901369 0.000000 77.437565 0.000000 0.000000 0.000000 0.000000 0.000000 0.000000 0.000000 0.000000 0.000000 0.000000 0.000000 117.835104 0.000000 0.000000 0.000000 144.159797 0.000000 0.000000 0.000000 0.000000 0.000000 0.000000
0.000000 45.379594 98.172369 0.000000 160.207956 116.058818 174.313798 98.475672 132.318309 173.215327 29.239866 166.188010 0.000000 94.979226 0.000000 0.000000 0.000000 58.286953 76.963754 0.000000 0.000000 90.650445 0.000000 149.418750 26.307648 32.685862 37.373648 181.371352 64.759710 0.000000 17.008509 32.150951 0.000000 26.410716 0.000000 0.000000 0.000000 0.000000 0.000000 0.000000 0.000000 117.004515 0.000000 0.000000 69.893253 0.000000 72.588255 115.635996 0.000000 0.000000 0.000000 98.634129 0.000000 0.000000 0.000000 0.000000 0.000000 222.729740 55.414445 92.200091 104.164195 0.000000 97.199319 0.000000 90.208816 100.775311 0.000000 80.725486
19.610643 105.407227 116.041127 119.546086 0.000000 77.576234 41.125407 26.902661 85.119802 85.221721 101.689680 101.436141 94.979226 0.000000 0.000000 0.000000 117.542847 128.968467 123.282463 103.079298 90.476574 140.262094 99.703683 104.420754 84.880692 123.180461 120.406945 103.282794 28.617580 57.597353 120.445029 29.361226 0.000000 34.402900 0.000000 0.000000 0.000000 0.000000 0.000000 0.000000 170.907864 183.829793 100.164496 0.000000 136.825249 0.000000 0.000000 195.551200 0.000000 0.000000 0.000000 0.000000 0.000000 0.000000 152.675141 0.000000 0.000000 147.936008 0.000000 166.045609 179.994179 158.120681 180.841247 0.000000 0.000000 0.000000 0.000000 157.524373
0.000000 123.194892 0.000000 100.165882 25.346028 24.352619 0.000000 43.426134 0.000000 93.554618 0.000000 69.240486 0.000000 0.000000 0.000000 0.000000 0.000000 0.000000 0.000000 69.567307 0.000000 90.953796 0.000000 76.823943 0.000000 0.000000 149.929226 94.170241 0.000000 0.000000 0.000000 38.374068 0.000000 0.000000 0.000000 0.000000 0.000000 0.000000 0.000000 0.000000 0.000000 0.000000 0.000000 0.000000 0.000000 0.000000 0.000000 0.000000 0.000000 0.000000 0.000000 0.000000 0.000000 0.000000 0.000000 0.000000 0.000000 0.000000 0.000000 0.000000 0.000000 0.000000 0.000000 0.000000 0.000000 0.000000 0.000000 0.000000
0.000000 0.000000 84.223007 0.000000 0.000000 147.700196 112.206855 152.453646 73.948225 136.683332 129.625914 0.000000 0.000000 0.000000 0.000000 0.000000 110.707307 0.000000 126.867513 0.000000 25.056716 43.547482 26.878852 54.098545 0.000000 116.646275 20.190652 64.929447 121.002310 83.989754 0.000000 0.000000 81.542033 85.524260 0.000000 0.000000 103.414432 0.000000 0.000000 0.000000 185.094053 0.000000 0.000000 0.000000 0.000000 0.000000 0.000000 0.000000 0.000000 122.665095 0.000000 0.000000 0.000000 0.000000 130.346714 63.358068 124.643894 124.439634 0.000000 0.000000 118.557988 140.202144 140.638830 117.472378 0.000000 0.000000 0.000000 156.780528
100.371558 56.540948 60.100671 0.000000 0.000000 161.995866 104.483834 126.432015 0.000000 138.748783 55.260182 0.000000 0.000000 117.542847 0.000000 110.707307 0.000000 45.153873 19.677670 0.000000 70.141536 112.247815 43.408419 136.256215 0.000000 28.626584 76.897490 115.814262 104.806228 73.088167 0.000000 0.000000 97.793826 40.976715 0.000000 63.297957 109.613385 0.000000 0.000000 0.000000 0.000000 0.000000 0.000000 0.000000 0.000000 0.000000 0.000000 0.000000 0.000000 0.000000 122.313607 0.000000 124.185731 0.000000 0.000000 0.000000 136.094575 0.000000 0.000000 104.674254 109.177107 0.000000 0.000000 0.000000 0.000000 0.000000 0.000000 0.000000
130.734423 52.353771 91.350245 0.000000 0.000000 150.321036 137.889449 139.349656 0.000000 157.784945 25.464907 162.918450 58.286953 128.968467 0.000000 0.000000 45.153873 0.000000 17.797860 0.000000 116.548023 0.000000 113.299132 163.222251 0.000000 28.537129 64.475551 166.913616 122.702773 109.425953 55.309997 114.187859 116.891895 58.383754 0.000000 0.000000 0.000000 0.000000 0.000000 0.000000 0.000000 0.000000 0.000000 0.000000 83.221031 0.000000 84.487987 0.000000 0.000000 0.000000 0.000000 101.434564 113.651912 0.000000 0.000000 0.000000 0.000000 0.000000 55.314001 99.177702 103.600071 0.000000 0.000000 0.000000 100.276492 0.000000 0.000000 0.000000
115.033565 52.169980 78.460055 187.424213 0.000000 153.178951 125.356531 136.475833 143.118041 163.151374 31.578393 159.178082 76.963754 123.282463 0.000000 126.867513 19.677670 17.797860 0.000000 0.000000 91.055089 114.205248 87.085474 152.018526 67.390290 38.672660 72.561167 153.042688 114.328248 92.562451 72.276542 116.221308 107.874855 45.810131 0.000000 66.960149 120.324872 0.000000 0.000000 0.000000 0.000000 0.000000 0.000000 0.000000 105.870831 0.000000 97.688614 0.000000 0.000000 0.000000 128.735551 111.925894 111.542241 0.000000 0.000000 0.000000 0.000000 213.089890 61.627940 103.217162 109.314650 213.439011 0.000000 0.000000 112.255198 0.000000 0.000000 123.233330
0.000000 0.000000 0.000000 22.307917 94.460893 51.369730 50.377575 87.278151 55.265245 18.778917 159.476572 14.150127 0.000000 103.079298 69.567307 0.000000 0.000000 0.000000 0.000000 0.000000 0.000000 0.000000 0.000000 27.982489 0.000000 156.164653 160.242568 29.625915 107.758741 0.000000 0.000000 116.512993 0.000000 98.802240 0.000000 0.000000 0.000000 142.024370 0.000000 0.000000 146.294507 0.000000 0.000000 150.724865 0.000000 39.917053 0.000000 0.000000 0.000000 0.000000 0.000000 0.000000 0.000000 0.000000 0.000000 0.000000 0.000000 122.626296 0.000000 0.000000 0.000000 148.102938 0.000000 0.000000 0.000000 0.000000 0.000000 0.000000
74.531803 0.000000 69.965339 0.000000 0.000000 102.711562 73.404882 97.209396 55.486821 90.752497 94.587344 0.000000 0.000000 90.476574 0.000000 25.056716 70.141536 116.548023 91.055089 0.000000 0.000000 55.324999 37.310342 21.708556 0.000000 81.031579 93.712444 35.801558 99.001760 38.337983 0.000000 0.000000 84.584886 55.580002 0.000000 0.000000 0.000000 0.000000 0.000000 0.000000 0.000000 0.000000 0.000000 0.000000 0.000000 0.000000 0.000000 0.000000 0.000000 128.155380 0.000000 0.000000 0.000000 0.000000 131.903028 72.678408 140.069683 123.607660 0.000000 0.000000 149.594563 131.597154 152.924560 135.193312 0.000000 0.000000 119.551343 133.801695
0.000000 29.342442 49.998459 102.767123 116.034135 132.428560 80.189881 146.906954 31.749467 127.459418 97.023908 0.000000 90.650445 140.262094 90.953796 43.547482 112.247815 0.000000 114.205248 0.000000 55.324999 0.000000 58.370027 42.497852 67.831904 90.968019 54.190912 66.537384 110.922798 62.386497 106.672981 126.587202 72.956680 100.234111 0.000000 0.000000 65.262037 0.000000 0.000000 0.000000 0.000000 0.000000 0.000000 0.000000 0.000000 0.000000 0.000000 0.000000 0.000000 70.417449 0.000000 0.000000 0.000000 0.000000 77.350387 26.759208 75.543787 65.791532 0.000000 143.312246 56.576789 78.746563 95.921400 0.000000 0.000000 0.000000 0.000000 0.000000
83.930421 84.720724 38.870063 128.427225 0.000000 126.749947 89.446843 116.020388 109.560712 112.745666 76.272330 0.000000 0.000000 99.703683 0.000000 26.878852 43.408419 113.299132 87.085474 0.000000 37.310342 58.370027 0.000000 72.171526 0.000000 52.942609 55.614327 64.196339 102.749456 52.172927 0.000000 0.000000 96.455102 58.535725 0.000000 61.467006 109.087365 0.000000 0.000000 0.000000 0.000000 0.000000 0.000000 0.000000 0.000000 0.000000 0.000000 0.000000 0.000000 121.840815 135.608012 0.000000 0.000000 0.000000 142.468141 65.613746 120.095969 145.080954 0.000000 0.000000 111.323446 161.075117 163.109844 0.000000 0.000000 0.000000 0.000000 142.663619
95.261131 87.977624 106.614985 27.900185 96.461584 82.638412 61.927316 90.111295 36.803131 63.829206 157.115560 38.710239 149.418750 104.420754 76.823943 54.098545 136.256215 163.222251 152.018526 27.982489 21.708556 42.497852 72.171526 0.000000 126.233237 129.497247 100.530182 22.522928 103.369252 84.146243 151.758255 111.882629 83.420702 109.959479 0.000000 0.000000 171.045729 132.740612 0.000000 152.954610 124.989965 145.831045 73.566885 142.354333 202.742236 133.669518 0.000000 154.632941 0.000000 133.343777 0.000000 0.000000 197.564783 137.213747 126.396850 82.001929 151.955771 112.745605 0.000000 187.537645 186.537286 128.186602 156.553191 136.719096 0.000000 0.000000 0.000000 139.150395
0.000000 22.525999 0.000000 0.000000 0.000000 0.000000 0.000000 92.672181 115.837796 0.000000 28.761837 0.000000 26.307648 84.880692 0.000000 0.000000 0.000000 0.000000 67.390290 0.000000 0.000000 67.831904 0.000000 126.233237 0.000000 37.164542 35.784112 0.000000 66.246206 0.000000 41.365700 83.251115 0.000000 36.731663 0.000000 0.000000 0.000000 0.000000 0.000000 0.000000 0.000000 0.000000 0.000000 0.000000 0.000000 0.000000 42.879175 0.000000 0.000000 0.000000 0.000000 0.000000 0.000000 0.000000 0.000000 0.000000 0.000000 0.000000 0.000000 0.000000 96.574045 0.000000 0.000000 0.000000 49.674944 0.000000 0.000000 0.000000
109.386732 39.285784 37.540803 173.874322 192.699647 159.960132 119.905057 132.236578 130.964740 143.041833 30.109116 169.541612 32.685862 123.180461 0.000000 116.646275 28.626584 28.537129 38.672660 156.164653 81.031579 90.968019 52.942609 129.497247 37.164542 0.000000 43.317536 132.609151 116.538333 95.947301 26.803759 118.098068 0.000000 58.866960 0.000000 52.824144 98.326967 0.000000 0.000000 0.000000 0.000000 0.000000 177.613013 0.000000 84.581030 0.000000 80.394094 171.179255 0.000000 0.000000 110.460845 99.052953 101.388153 0.000000 0.000000 0.000000 134.948181 184.916873 50.478847 91.674532 93.618615 201.009247 190.430208 0.000000 96.075251 0.000000 0.000000 111.015646
139.923111 36.525172 41.993968 160.381633 174.560450 158.341571 124.923961 139.864305 115.702350 165.499377 69.913244 178.720458 37.373648 120.406945 149.929226 20.190652 76.897490 64.475551 72.561167 160.242568 93.712444 54.190912 55.614327 100.530182 35.784112 43.317536 0.000000 94.150390 113.358138 137.077746 50.263939 167.351422 147.220313 70.234587 0.000000 53.250031 99.463877 0.000000 0.000000 0.000000 201.019709 184.957626 0.000000 217.686556 95.571478 0.000000 87.959874 171.064651 0.000000 105.642540 117.064334 104.309342 108.678178 0.000000 164.022685 53.585581 107.115765 192.487267 56.358608 96.842946 96.210460 201.359316 163.402052 0.000000 98.851946 147.743287 0.000000 127.460506
91.411160 124.280556 101.572692 20.685017 112.165290 65.212250 41.494895 90.966338 60.498158 31.596004 176.560519 42.671752 181.371352 103.282794 94.170241 64.929447 115.814262 166.913616 153.042688 29.625915 35.801558 66.537384 64.196339 22.522928 0.000000 132.609151 94.150390 0.000000 104.177507 55.824493 178.073079 129.714467 80.901987 84.934511 149.169395 0.000000 163.873243 158.014876 167.660460 171.948315 144.432256 160.961612 93.512878 164.217692 0.000000 131.759381 0.000000 167.357778 0.000000 149.585682 0.000000 0.000000 0.000000 163.940344 128.690717 90.720014 158.485397 125.511114 0.000000 207.351076 176.387204 144.219389 162.495022 142.609738 0.000000 191.493294 133.459630 140.982922
31.388508 93.232891 143.520942 119.518130 0.000000 82.678859 87.246469 41.489753 85.378558 100.246466 90.758012 104.766222 64.759710 28.617580 0.000000 121.002310 104.806228 122.702773 114.328248 107.758741 99.001760 110.922798 102.749456 103.369252 66.246206 116.538333 113.358138 104.177507 0.000000 37.232366 110.424102 16.633838 20.734048 24.994177 0.000000 0.000000 0.000000 0.000000 0.000000 0.000000 179.574839 191.302945 87.132708 0.000000 127.680841 0.000000 0.000000 196.433903 0.000000 138.275550 0.000000 0.000000 0.000000 0.000000 141.798027 83.726869 0.000000 147.040571 0.000000 0.000000 0.000000 153.997870 176.406465 0.000000 0.000000 0.000000 0.000000 147.052511
34.528786 0.000000 83.889340 0.000000 0.000000 115.520461 28.756996 68.612189 59.311119 102.440635 102.324432 0.000000 0.000000 57.597353 0.000000 83.989754 73.088167 109.425953 92.562451 0.000000 38.337983 62.386497 52.172927 84.146243 0.000000 95.947301 137.077746 55.824493 37.232366 0.000000 0.000000 127.645307 49.004342 41.019321 0.000000 0.000000 0.000000 0.000000 0.000000 0.000000 0.000000 0.000000 0.000000 0.000000 0.000000 0.000000 0.000000 0.000000 0.000000 139.050963 0.000000 0.000000 0.000000 0.000000 125.750139 78.563269 158.954414 123.155847 0.000000 0.000000 0.000000 134.414310 152.752519 0.000000 0.000000 0.000000 0.000000 134.738661
0.000000 50.119837 94.602723 0.000000 0.000000 0.000000 0.000000 139.863114 144.444119 0.000000 41.644385 0.000000 17.008509 120.445029 0.000000 0.000000 0.000000 55.309997 72.276542 0.000000 0.000000 106.672981 0.000000 151.758255 41.365700 26.803759 50.263939 178.073079 110.424102 0.000000 0.000000 0.000000 0.000000 69.938870 0.000000 0.000000 0.000000 0.000000 0.000000 0.000000 0.000000 0.000000 0.000000 0.000000 81.461937 0.000000 83.275282 0.000000 0.000000 0.000000 0.000000 0.000000 0.000000 0.000000 0.000000 0.000000 0.000000 0.000000 0.000000 98.101414 107.778408 0.000000 0.000000 0.000000 96.732521 0.000000 0.000000 0.000000
0.000000 124.094307 0.000000 130.618209 13.315503 26.817054 123.103151 27.008939 116.041318 119.960770 55.669749 108.875772 32.150951 29.361226 38.374068 0.000000 0.000000 114.187859 116.221308 116.512993 0.000000 126.587202 0.000000 111.882629 83.251115 118.098068 167.351422 129.714467 16.633838 127.645307 0.000000 0.000000 0.000000 13.210625 0.000000 0.000000 0.000000 0.000000 0.000000 0.000000 0.000000 0.000000 0.000000 0.000000 0.000000 0.000000 0.000000 0.000000 0.000000 0.000000 0.000000 0.000000 0.000000 0.000000 0.000000 0.000000 0.000000 0.000000 0.000000 0.000000 0.000000 0.000000 0.000000 0.000000 0.000000 0.000000 0.000000 0.000000
38.232114 0.000000 0.000000 0.000000 0.000000 95.520247 73.338623 0.000000 58.228691 94.035104 96.143629 0.000000 0.000000 0.000000 0.000000 81.542033 97.793826 116.891895 107.874855 0.000000 84.584886 72.956680 96.455102 83.420702 0.000000 0.000000 147.220313 80.901987 20.734048 49.004342 0.000000 0.000000 0.000000 21.050726 0.000000 0.000000 0.000000 0.000000 0.000000 0.000000 0.000000 0.000000 0.000000 0.000000 0.000000 0.000000 0.000000 0.000000 0.000000 109.718980 0.000000 0.000000 0.000000 0.000000 127.347282 0.000000 139.553839 118.689929 0.000000 0.000000 0.000000 130.113916 158.650466 134.705157 0.000000 0.000000 0.000000 0.000000
58.912557 63.420956 61.345387 110.847416 116.135875 78.036021 83.914884 60.507461 132.009603 93.325695 30.026769 93.000899 26.410716 34.402900 0.000000 85.524260 40.976715 58.383754 45.810131 98.802240 55.580002 100.234111 58.535725 109.959479 36.731663 58.866960 70.234587 84.934511 24.994177 41.019321 69.938870 13.210625 21.050726 0.000000 0.000000 0.000000 107.759956 0.000000 0.000000 0.000000 0.000000 145.220228 0.000000 0.000000 81.500166 0.000000 85.618534 146.940732 0.000000 0.000000 0.000000 0.000000 118.103182 0.000000 0.000000 0.000000 147.738164 139.734256 0.000000 103.350882 104.292373 152.181269 131.135697 0.000000 0.000000 106.905707 0.000000 84.342907
0.000000 0.000000 0.000000 0.000000 0.000000 0.000000 0.000000 0.000000 0.000000 0.000000 0.000000 0.000000 0.000000 0.000000 0.000000 0.000000 0.000000 0.000000 0.000000 0.000000 0.000000 0.000000 0.000000 0.000000 0.000000 0.000000 0.000000 149.169395 0.000000 0.000000 0.000000 0.000000 0.000000 0.000000 0.000000 0.000000 107.274510 0.000000 0.000000 87.371278 32.161860 60.320733 0.000000 98.923732 125.076804 0.000000 113.031313 20.465980 0.000000 0.000000 104.716190 125.270653 115.704987 0.000000 70.495272 67.217276 100.237604 85.087248 0.000000 117.729322 140.362632 86.791887 25.365890 36.505361 0.000000 0.000000 0.000000 65.184337
0.000000 0.000000 56.471082 0.000000 0.000000 0.000000 0.000000 0.000000 0.000000 0.000000 0.000000 0.000000 0.000000 0.000000 0.000000 0.000000 63.297957 0.000000 66.960149 0.000000 0.000000 0.000000 61.467006 0.000000 0.000000 52.824144 53.250031 0.000000 0.000000 0.000000 0.000000 0.000000 0.000000 0.000000 0.000000 0.000000 42.350996 0.000000 133.657747 0.000000 0.000000 0.000000 72.066187 0.000000 74.138192 0.000000 53.701209 0.000000 113.174625 48.895038 58.127080 0.000000 56.799024 0.000000 0.000000 32.441818 52.122999 84.370663 25.452128 50.051141 29.355880 117.296551 0.000000 0.000000 72.556474 145.666501 0.000000 71.255199
0.000000 53.164037 102.256164 0.000000 0.000000 0.000000 200.205527 0.000000 0.000000 0.000000 140.232117 0.000000 0.000000 0.000000 0.000000 103.414432 109.613385 0.000000 120.324872 0.000000 0.000000 65.262037 109.087365 171.045729 0.000000 98.326967 99.463877 163.873243 0.000000 0.000000 0.000000 0.000000 0.000000 107.759956 107.274510 42.350996 0.000000 139.856641 0.000000 139.645983 104.847483 130.467063 0.000000 131.727918 82.342008 154.539035 101.844550 117.862864 0.000000 78.622902 50.414993 86.499730 66.827446 0.000000 67.448508 44.456401 32.004218 115.754457 0.000000 33.365863 51.239408 96.160116 156.800446 77.748994 91.432212 124.082190 0.000000 66.833287
0.000000 0.000000 0.000000 54.541485 0.000000 0.000000 0.000000 185.848214 83.036845 158.323345 0.000000 133.815081 0.000000 0.000000 0.000000 0.000000 0.000000 0.000000 0.000000 142.024370 0.000000 0.000000 0.000000 132.740612 0.000000 0.000000 0.000000 158.014876 0.000000 0.000000 0.000000 0.000000 0.000000 0.000000 0.000000 0.000000 139.856641 0.000000 0.000000 73.780153 62.373269 114.009996 49.862822 22.656726 0.000000 38.832501 0.000000 113.330535 72.498613 0.000000 0.000000 0.000000 0.000000 18.213246 0.000000 0.000000 105.356059 20.352446 0.000000 165.046889 143.233572 30.016300 123.731970 0.000000 0.000000 0.000000 0.000000 111.301578
0.000000 0.000000 0.000000 0.000000 0.000000 0.000000 0.000000 0.000000 0.000000 168.415862 0.000000 0.000000 0.000000 0.000000 0.000000 0.000000 0.000000 0.000000 0.000000 0.000000 0.000000 0.000000 0.000000 0.000000 0.000000 0.000000 0.000000 167.660460 0.000000 0.000000 0.000000 0.000000 0.000000 0.000000 0.000000 133.657747 0.000000 0.000000 0.000000 18.959359 123.211842 26.127164 65.470019 117.866130 74.880788 97.346438 161.063915 25.187112 26.239531 0.000000 0.000000 0.000000 0.000000 0.000000 0.000000 111.198674 0.000000 106.168131 176.199631 168.365329 164.771143 118.388477 20.350183 0.000000 137.229129 10.276147 0.000000 15.537101
0.000000 0.000000 0.000000 130.330040 0.000000 0.000000 0.000000 175.617650 0.000000 174.148013 0.000000 0.000000 0.000000 0.000000 0.000000 0.000000 0.000000 0.000000 0.000000 0.000000 0.000000 0.000000 0.000000 152.954610 0.000000 0.000000 0.000000 171.948315 0.000000 0.000000 0.000000 0.000000 0.000000 0.000000 87.371278 0.000000 139.645983 73.780153 18.959359 0.000000 61.737976 29.663338 92.357618 40.522578 128.405924 38.039533 136.480241 69.118623 29.363578 0.000000 0.000000 132.384658 171.132188 58.433896 125.384196 0.000000 133.293181 76.781830 0.000000 158.808549 157.211900 71.010732 86.410930 111.863085 0.000000 30.423707 0.000000 77.016632
0.000000 0.000000 0.000000 144.221422 0.000000 162.622952 138.285979 158.534858 125.204674 158.603693 0.000000 0.000000 0.000000 170.907864 0.000000 185.094053 0.000000 0.000000 0.000000 146.294507 0.000000 0.000000 0.000000 124.989965 0.000000 0.000000 201.019709 144.432256 179.574839 0.000000 0.000000 0.000000 0.000000 0.000000 32.161860 0.000000 104.847483 62.373269 123.211842 61.737976 0.000000 65.633907 72.667870 28.435820 143.966724 86.023174 169.368091 51.582089 92.989615 138.205338 106.396105 133.461825 119.252654 74.334621 81.397799 0.000000 94.525373 65.165919 0.000000 118.366251 140.423688 41.060036 95.576432 38.664726 173.001074 132.112550 89.699526 89.408648
0.000000 0.000000 0.000000 166.637786 0.000000 0.000000 0.000000 176.277724 111.211869 183.833867 113.589234 0.000000 117.004515 183.829793 0.000000 0.000000 0.000000 0.000000 0.000000 0.000000 0.000000 0.000000 0.000000 145.831045 0.000000 0.000000 184.957626 160.961612 191.302945 0.000000 0.000000 0.000000 0.000000 145.220228 60.320733 0.000000 130.467063 114.009996 26.127164 29.663338 65.633907 0.000000 89.280087 46.136152 103.492222 94.201433 106.901404 29.710544 43.242215 0.000000 150.833656 106.123937 129.939851 92.729130 121.811626 0.000000 126.426431 93.095875 0.000000 139.103937 134.425628 94.459336 44.949067 75.116110 116.234581 21.920878 0.000000 45.761440
0.000000 0.000000 0.000000 88.157155 0.000000 0.000000 0.000000 111.981471 62.303814 127.741096 0.000000 0.000000 0.000000 100.164496 0.000000 0.000000 0.000000 0.000000 0.000000 0.000000 0.000000 0.000000 0.000000 73.566885 0.000000 177.613013 0.000000 93.512878 87.132708 0.000000 0.000000 0.000000 0.000000 0.000000 0.000000 72.066187 0.000000 49.862822 65.470019 92.357618 72.667870 89.280087 0.000000 73.186158 150.592982 53.471775 127.513678 101.510609 46.587677 0.000000 135.871040 0.000000 147.217249 56.348241 0.000000 40.235282 0.000000 36.744788 103.328903 124.803955 107.162761 63.394364 90.841208 71.393194 143.287778 105.265445 0.000000 115.830232
0.000000 0.000000 0.000000 67.212779 0.000000 168.237992 161.887615 176.140363 98.490997 174.204490 0.000000 147.901369 0.000000 0.000000 0.000000 0.000000 0.000000 0.000000 0.000000 150.724865 0.000000 0.000000 0.000000 142.354333 0.000000 0.000000 217.686556 164.217692 0.000000 0.000000 0.000000 0.000000 0.000000 0.000000 98.923732 0.000000 131.727918 22.656726 117.866130 40.522578 28.435820 46.136152 73.186158 0.000000 150.261328 28.133865 168.836653 82.711327 77.579776 0.000000 167.978893 163.388514 163.986739 18.170610 110.462685 0.000000 116.250465 59.388217 0.000000 155.436284 161.824770 45.255042 108.666457 97.245088 177.160322 126.587145 0.000000 94.310840
0.000000 101.935245 0.000000 0.000000 0.000000 0.000000 0.000000 147.889075 0.000000 0.000000 66.837097 0.000000 69.893253 136.825249 0.000000 0.000000 0.000000 83.221031 105.870831 0.000000 0.000000 0.000000 0.000000 202.742236 0.000000 84.581030 95.571478 0.000000 127.680841 0.000000 81.461937 0.000000 0.000000 81.500166 125.076804 74.138192 82.342008 0.000000 74.880788 128.405924 143.966724 103.492222 150.592982 150.261328 0.000000 152.056563 30.742948 96.527579 0.000000 0.000000 53.987884 24.261234 28.879770 155.584019 84.903242 98.972663 78.649776 163.276481 32.542155 35.639668 64.155049 164.964385 95.622402 104.864012 39.585745 58.036644 81.902784 29.763616
0.000000 0.000000 0.000000 52.770370 0.000000 99.967613 0.000000 0.000000 0.000000 145.551518 0.000000 77.437565 0.000000 0.000000 0.000000 0.000000 0.000000 0.000000 0.000000 39.917053 0.000000 0.000000 0.000000 133.669518 0.000000 0.000000 0.000000 131.759381 0.000000 0.000000 0.000000 0.000000 0.000000 0.000000 0.000000 0.000000 154.539035 38.832501 97.346438 38.039533 86.023174 94.201433 53.471775 28.133865 152.056563 0.000000 159.150327 107.210600 61.758968 0.000000 0.000000 155.242791 156.536595 14.265824 0.000000 0.000000 120.523191 44.140620 0.000000 168.851901 169.761317 51.157056 114.284823 0.000000 190.399358 126.560684 0.000000 99.290359
0.000000 53.560110 0.000000 0.000000 0.000000 0.000000 0.000000 0.000000 0.000000 0.000000 72.471113 0.000000 72.588255 0.000000 0.000000 0.000000 0.000000 84.487987 97.688614 0.000000 0.000000 0.000000 0.000000 0.000000 42.879175 80.394094 87.959874 0.000000 0.000000 0.000000 83.275282 0.000000 0.000000 85.618534 113.031313 53.701209 101.844550 0.000000 161.063915 136.480241 169.368091 106.901404 127.513678 168.836653 30.742948 159.150327 0.000000 96.541713 169.388281 108.991390 0.000000 58.840881 74.563787 0.000000 0.000000 87.067785 0.000000 148.003035 22.553518 30.615851 37.067382 170.877351 75.813788 149.611988 19.837299 75.017260 0.000000 42.013832
0.000000 0.000000 0.000000 166.952649 0.000000 0.000000 0.000000 195.596371 105.497061 186.793052 116.891709 0.000000 115.635996 195.551200 0.000000 0.000000 0.000000 0.000000 0.000000 0.000000 0.000000 0.000000 0.000000 154.632941 0.000000 171.179255 171.064651 167.357778 196.433903 0.000000 0.000000 0.000000 0.000000 146.940732 20.465980 0.000000 117.862864 113.330535 25.187112 69.118623 51.582089 29.710544 101.510609 82.711327 96.527579 107.210600 96.541713 0.000000 55.972808 116.458979 129.028212 115.568929 127.090578 106.688797 108.423102 92.673197 116.992610 106.957315 0.000000 128.800361 122.380522 105.804796 34.026742 66.367780 111.720146 19.629252 0.000000 34.888176
0.000000 0.000000 0.000000 0.000000 0.000000 0.000000 0.000000 0.000000 0.000000 0.000000 0.000000 0.000000 0.000000 0.000000 0.000000 0.000000 0.000000 0.000000 0.000000 0.000000 0.000000 0.000000 0.000000 0.000000 0.000000 0.000000 0.000000 0.000000 0.000000 0.000000 0.000000 0.000000 0.000000 0.000000 0.000000 113.174625 0.000000 72.498613 26.239531 29.363578 92.989615 43.242215 46.587677 77.579776 0.000000 61.758968 169.388281 55.972808 0.000000 0.000000 0.000000 0.000000 0.000000 55.202334 0.000000 91.362190 0.000000 83.697431 0.000000 170.078232 140.027623 91.486753 72.069514 0.000000 0.000000 45.764894 0.000000 0.000000
0.000000 0.000000 120.930381 0.000000 0.000000 0.000000 0.000000 0.000000 0.000000 0.000000 0.000000 0.000000 0.000000 0.000000 0.000000 122.665095 0.000000 0.000000 0.000000 0.000000 128.155380 70.417449 121.840815 133.343777 0.000000 0.000000 105.642540 149.585682 138.275550 139.050963 0.000000 0.000000 109.718980 0.000000 0.000000 48.895038 78.622902 0.000000 0.000000 0.000000 138.205338 0.000000 0.000000 0.000000 0.000000 0.000000 108.991390 116.458979 0.000000 0.000000 102.059697 145.329449 128.003338 0.000000 22.647678 44.741919 28.949915 43.339590 0.000000 107.111952 21.479955 48.061991 101.213956 77.254388 0.000000 0.000000 78.909265 95.751916
0.000000 0.000000 117.784553 0.000000 0.000000 0.000000 0.000000 0.000000 0.000000 0.000000 0.000000 0.000000 0.000000 0.000000 0.000000 0.000000 122.313607 0.000000 128.735551 0.000000 0.000000 0.000000 135.608012 0.000000 0.000000 110.460845 117.064334 0.000000 0.000000 0.000000 0.000000 0.000000 0.000000 0.000000 104.716190 58.127080 50.414993 0.000000 0.000000 0.000000 106.396105 150.833656 135.871040 167.978893 53.987884 0.000000 0.000000 129.028212 0.000000 102.059697 0.000000 48.077338 22.842113 0.000000 67.068334 104.772656 34.380042 146.575651 0.000000 34.593222 76.714237 118.230068 111.032784 77.356575 0.000000 0.000000 0.000000 50.107262
0.000000 0.000000 0.000000 0.000000 0.000000 0.000000 0.000000 0.000000 0.000000 0.000000 0.000000 0.000000 98.634129 0.000000 0.000000 0.000000 0.000000 101.434564 111.925894 0.000000 0.000000 0.000000 0.000000 0.000000 0.000000 99.052953 104.309342 0.000000 0.000000 0.000000 0.000000 0.000000 0.000000 0.000000 125.270653 0.000000 86.499730 0.000000 0.000000 132.384658 133.461825 106.123937 0.000000 163.388514 24.261234 155.242791 58.840881 115.568929 0.000000 145.329449 48.077338 0.000000 19.355894 0.000000 105.078058 0.000000 94.398318 162.394330 42.181587 27.090376 66.176913 149.579840 126.641779 112.458110 60.395515 88.143422 100.907674 55.218310
0.000000 60.835705 138.395528 0.000000 0.000000 0.000000 0.000000 0.000000 0.000000 0.000000 0.000000 0.000000 0.000000 0.000000 0.000000 0.000000 124.185731 113.651912 111.542241 0.000000 0.000000 0.000000 0.000000 197.564783 0.000000 101.388153 108.678178 0.000000 0.000000 0.000000 0.000000 0.000000 0.000000 118.103182 115.704987 56.799024 66.827446 0.000000 0.000000 171.132188 119.252654 129.939851 147.217249 163.986739 28.879770 156.536595 74.563787 127.090578 0.000000 128.003338 22.842113 19.355894 0.000000 0.000000 88.513776 112.694930 79.884652 157.301978 55.075943 33.957933 69.534164 120.504772 123.301186 98.116418 70.860984 0.000000 100.300835 42.353478
0.000000 0.000000 0.000000 30.847496 0.000000 0.000000 0.000000 0.000000 0.000000 169.364548 0.000000 0.000000 0.000000 0.000000 0.000000 0.000000 0.000000 0.000000 0.000000 0.000000 0.000000 0.000000 0.000000 137.213747 0.000000 0.000000 0.000000 163.940344 0.000000 0.000000 0.000000 0.000000 0.000000 0.000000 0.000000 0.000000 0.000000 18.213246 0.000000 58.433896 74.334621 92.729130 56.348241 18.170610 155.584019 14.265824 0.000000 106.688797 55.202334 0.000000 0.000000 0.000000 0.000000 0.000000 0.000000 0.000000 0.000000 28.980448 0.000000 162.481619 159.528386 34.333250 115.856762 0.000000 0.000000 0.000000 0.000000 99.476711
0.000000 0.000000 159.018336 0.000000 0.000000 0.000000 167.535803 0.000000 81.940728 0.000000 0.000000 0.000000 0.000000 152.675141 0.000000 130.346714 0.000000 0.000000 0.000000 0.000000 131.903028 77.350387 142.468141 126.396850 0.000000 0.000000 164.022685 128.690717 141.798027 125.750139 0.000000 0.000000 127.347282 0.000000 70.495272 0.000000 67.448508 0.000000 0.000000 125.384196 81.397799 121.811626 0.000000 110.462685 84.903242 0.000000 0.000000 108.423102 0.000000 22.647678 67.068334 105.078058 88.513776 0.000000 0.000000 62.148881 38.484012 10.387640 0.000000 87.373240 74.999272 30.734359 93.759170 50.017304 0.000000 113.473615 77.400257 72.851922
0.000000 0.000000 55.778268 0.000000 0.000000 0.000000 0.000000 0.000000 10.098611 0.000000 0.000000 0.000000 0.000000 0.000000 0.000000 63.358068 0.000000 0.000000 0.000000 0.000000 72.678408 26.759208 65.613746 82.001929 0.000000 0.000000 53.585581 90.720014 83.726869 78.563269 0.000000 0.000000 0.000000 0.000000 67.217276 32.441818 44.456401 0.000000 111.198674 0.000000 0.000000 0.000000 40.235282 0.000000 98.972663 0.000000 87.067785 92.673197 91.362190 44.741919 104.772656 0.000000 112.694930 0.000000 62.148881 0.000000 58.073339 36.763508 66.907307 83.197500 36.992931 60.017833 84.118321 67.302543 95.530124 131.340422 56.488661 61.644463
0.000000 0.000000 107.199803 0.000000 0.000000 0.000000 200.678745 198.957526 0.000000 0.000000 0.000000 0.000000 0.000000 0.000000 0.000000 124.643894 136.094575 0.000000 0.000000 0.000000 140.069683 75.543787 120.095969 151.955771 0.000000 134.948181 107.115765 158.485397 0.000000 158.954414 0.000000 0.000000 139.553839 147.738164 100.237604 52.122999 32.004218 105.356059 0.000000 133.293181 94.525373 126.426431 0.000000 116.250465 78.649776 120.523191 0.000000 116.992610 0.000000 28.949915 34.380042 94.398318 79.884652 0.000000 38.484012 58.073339 0.000000 58.594217 0.000000 74.124264 45.327006 66.038030 114.258455 58.865622 0.000000 132.906844 87.183023 70.991474
140.097132 0.000000 169.049635 135.627746 0.000000 153.257628 132.279127 145.127442 63.908119 146.231075 0.000000 117.835104 222.729740 147.936008 0.000000 124.439634 0.000000 0.000000 213.089890 122.626296 123.607660 65.791532 145.080954 112.745605 0.000000 184.916873 192.487267 125.511114 147.040571 123.155847 0.000000 0.000000 118.689929 139.734256 85.087248 84.370663 115.754457 20.352446 106.168131 76.781830 65.165919 93.095875 36.744788 59.388217 163.276481 44.140620 148.003035 106.957315 83.697431 43.339590 146.575651 162.394330 157.301978 28.980448 10.387640 36.763508 58.594217 0.000000 122.928232 133.687671 92.599305 22.440196 107.271984 84.211832 154.175467 130.006002 88.729265 97.749554
0.000000 0.000000 0.000000 0.000000 0.000000 0.000000 0.000000 0.000000 0.000000 0.000000 0.000000 0.000000 55.414445 0.000000 0.000000 0.000000 0.000000 55.314001 61.627940 0.000000 0.000000 0.000000 0.000000 0.000000 0.000000 50.478847 56.358608 0.000000 0.000000 0.000000 0.000000 0.000000 0.000000 0.000000 0.000000 25.452128 0.000000 0.000000 176.199631 0.000000 0.000000 0.000000 103.328903 0.000000 32.542155 0.000000 22.553518 0.000000 0.000000 0.000000 0.000000 42.181587 55.075943 0.000000 0.000000 66.907307 0.000000 122.928232 0.000000 35.574656 32.380227 0.000000 0.000000 0.000000 40.443652 0.000000 0.000000 50.350007
0.000000 51.696549 102.006746 0.000000 0.000000 0.000000 0.000000 0.000000 173.061652 0.000000 107.400597 0.000000 92.200091 166.045609 0.000000 0.000000 104.674254 99.177702 103.217162 0.000000 0.000000 143.312246 0.000000 187.537645 0.000000 91.674532 96.842946 207.351076 0.000000 0.000000 98.101414 0.000000 0.000000 103.350882 117.729322 50.051141 33.365863 165.046889 168.365329 158.808549 118.366251 139.103937 124.803955 155.436284 35.639668 168.851901 30.615851 128.800361 170.078232 107.111952 34.593222 27.090376 33.957933 162.481619 87.373240 83.197500 74.124264 133.687671 35.574656 0.000000 52.562950 123.281419 134.154801 107.810203 23.446990 96.945520 129.156464 58.893163
