0.000000 0.000000 0.000267 0.000000 0.000000 0.000107 0.012280 0.002733 0.000240 0.000827 0.001267 0.000067 0.000000 0.081453 0.000000 0.000000 0.005733 0.000640 0.002840 0.000000 0.000267 0.000000 0.000867 0.000507 0.000000 0.003453 0.000227 0.000893 0.101533 0.023613 0.000000 0.000000 0.000427 0.000693 0.000000 0.000000 0.000000 0.000000 0.000000 0.000000 0.000000 0.000000 0.000000 0.000000 0.000000 0.000000 0.000000 0.000000 0.000000 0.000000 0.000000 0.000000 0.000000 0.000000 0.000000 0.000000 0.000000 0.000120 0.000000 0.000000 0.000000 0.000320 0.000000 0.000000 0.000000 0.000000 0.000000 0.000000
0.000000 0.000000 0.004320 0.000000 0.000227 0.000000 0.000000 0.000133 0.004880 0.000093 0.001947 0.000000 0.007400 0.000280 0.000093 0.000000 0.000733 0.000227 0.001560 0.000000 0.000000 0.003600 0.000120 0.004627 0.005787 0.018853 0.106320 0.000333 0.000147 0.000000 0.000373 0.000107 0.000000 0.001493 0.000000 0.000000 0.001080 0.000000 0.000000 0.000000 0.000000 0.000000 0.000000 0.000000 0.000067 0.000000 0.000173 0.000000 0.000000 0.000000 0.000000 0.000000 0.000133 0.000000 0.000000 0.000000 0.000000 0.000000 0.000000 0.001013 0.002573 0.000000 0.000000 0.000000 0.000000 0.000000 0.000000 0.000000
0.000267 0.004320 0.000000 0.000280 0.000000 0.002040 0.040627 0.008080 0.000000 0.007387 0.003653 0.000000 0.001320 0.004240 0.000000 0.001320 0.048813 0.000360 0.002840 0.000000 0.020307 0.001107 0.172293 0.000867 0.000000 0.157173 0.079080 0.017107 0.000613 0.004907 0.000240 0.000000 0.000000 0.007000 0.000000 0.000907 0.043120 0.000000 0.000000 0.000000 0.000000 0.000000 0.000000 0.000000 0.000000 0.000000 0.000000 0.000000 0.000000 0.000600 0.001280 0.000000 0.000227 0.000000 0.000093 0.000320 0.011293 0.000267 0.000000 0.002040 0.019133 0.000360 0.000000 0.000000 0.000000 0.000000 0.000000 0.000107
0.000000 0.000000 0.000280 0.000000 0.000560 0.003360 0.001427 0.001120 0.006307 0.139733 0.000000 0.047093 0.000000 0.000733 0.000253 0.000000 0.000000 0.000000 0.000107 0.092467 0.000000 0.000093 0.000107 0.022827 0.000000 0.000307 0.000280 0.271493 0.001120 0.000000 0.000000 0.000387 0.000000 0.000147 0.000000 0.000000 0.000000 0.002960 0.000000 0.000173 0.000613 0.000160 0.000107 0.005373 0.000000 0.003573 0.000000 0.000080 0.000000 0.000000 0.000000 0.000000 0.000000 0.001787 0.000000 0.000000 0.000000 0.001467 0.000000 0.000000 0.000000 0.005440 0.000080 0.000000 0.000000 0.000000 0.000000 0.000000
0.000000 0.000227 0.000000 0.000560 0.000000 0.001547 0.000067 0.000093 0.000000 0.000453 0.000067 0.000747 0.000173 0.000000 0.002867 0.000000 0.000000 0.000000 0.000000 0.000160 0.000000 0.000173 0.000000 0.003573 0.000000 0.000160 0.000760 0.001613 0.000000 0.000000 0.000000 0.010240 0.000000 0.000093 0.000000 0.000000 0.000000 0.000000 0.000000 0.000000 0.000000 0.000000 0.000000 0.000000 0.000000 0.000000 0.000000 0.000000 0.000000 0.000000 0.000000 0.000000 0.000000 0.000000 0.000000 0.000000 0.000000 0.000000 0.000000 0.000000 0.000000 0.000000 0.000000 0.000000 0.000000 0.000000 0.000000 0.000000
0.000107 0.000000 0.002040 0.003360 0.001547 0.000000 0.028027 0.112187 0.000507 0.132013 0.000493 0.013787 0.000280 0.008013 0.007560 0.000173 0.000133 0.000133 0.000360 0.001680 0.000467 0.000080 0.000627 0.001467 0.000000 0.001787 0.001160 0.021013 0.006613 0.000187 0.000000 0.013947 0.000080 0.001347 0.000000 0.000000 0.000000 0.000000 0.000000 0.000000 0.000187 0.000000 0.000000 0.000253 0.000000 0.000067 0.000000 0.000000 0.000000 0.000000 0.000000 0.000000 0.000000 0.000000 0.000000 0.000000 0.000000 0.000280 0.000000 0.000000 0.000000 0.001240 0.000000 0.000000 0.000000 0.000000 0.000000 0.000000
0.012280 0.000000 0.040627 0.001427 0.000067 0.028027 0.000000 0.065653 0.001160 0.115853 0.001093 0.000000 0.000320 0.095440 0.000000 0.000813 0.007267 0.000427 0.002053 0.000160 0.019040 0.000067 0.022213 0.003333 0.000000 0.020133 0.004440 0.230667 0.025267 0.098907 0.000000 0.000080 0.003867 0.003667 0.000000 0.000000 0.000093 0.000000 0.000000 0.000000 0.000200 0.000000 0.000000 0.000187 0.000000 0.000000 0.000000 0.000000 0.000000 0.000000 0.000000 0.000000 0.000000 0.000000 0.000067 0.000000 0.000200 0.000373 0.000000 0.000000 0.000093 0.001107 0.000093 0.000000 0.000000 0.000000 0.000000 0.000000
0.002733 0.000133 0.008080 0.001120 0.000093 0.112187 0.065653 0.000000 0.002427 0.096107 0.004387 0.006587 0.001467 0.189987 0.000947 0.000187 0.006547 0.001160 0.003467 0.001227 0.004240 0.000080 0.003520 0.004827 0.000240 0.020760 0.001760 0.014667 0.034107 0.008880 0.000187 0.021040 0.000000 0.001707 0.000000 0.000000 0.000000 0.000093 0.000000 0.000093 0.000347 0.000267 0.000227 0.000133 0.000067 0.000000 0.000000 0.000187 0.000000 0.000000 0.000000 0.000000 0.000000 0.000000 0.000000 0.000000 0.000067 0.001573 0.000000 0.000000 0.000000 0.003173 0.000373 0.000000 0.000000 0.000000 0.000000 0.000227
0.000240 0.004880 0.000000 0.006307 0.000000 0.000507 0.001160 0.002427 0.000000 0.006547 0.000947 0.000880 0.001707 0.003080 0.000000 0.000320 0.000000 0.000000 0.000320 0.000600 0.001800 0.007747 0.000133 0.056293 0.000733 0.001653 0.014693 0.023547 0.002360 0.000920 0.000067 0.000080 0.000307 0.000493 0.000000 0.000000 0.000000 0.000387 0.000000 0.000000 0.000160 0.000093 0.000067 0.000667 0.000000 0.000000 0.000000 0.000227 0.000000 0.000000 0.000000 0.000000 0.000000 0.000000 0.000253 0.000080 0.000000 0.002133 0.000000 0.000067 0.000067 0.002573 0.000840 0.000120 0.000000 0.000000 0.000000 0.000147
0.000827 0.000093 0.007387 0.139733 0.000453 0.132013 0.115853 0.096107 0.006547 0.000000 0.000987 0.066467 0.000387 0.024533 0.000293 0.000253 0.000453 0.000240 0.000760 0.059347 0.001987 0.000120 0.001880 0.009133 0.000000 0.005547 0.002267 0.358400 0.030693 0.000507 0.000000 0.000813 0.000387 0.003867 0.000000 0.000000 0.000000 0.000707 0.000133 0.000227 0.001267 0.000280 0.000120 0.002040 0.000000 0.000427 0.000000 0.000147 0.000000 0.000000 0.000000 0.000000 0.000000 0.000160 0.000000 0.000000 0.000000 0.002027 0.000000 0.000000 0.000000 0.005693 0.000120 0.000000 0.000000 0.000000 0.000000 0.000067
0.001267 0.001947 0.003653 0.000000 0.000067 0.000493 0.001093 0.004387 0.000947 0.000987 0.000000 0.000213 0.073480 0.010827 0.000000 0.000080 0.001320 0.091747 0.036187 0.000093 0.001813 0.001227 0.002853 0.000973 0.006333 0.089907 0.011973 0.000467 0.014760 0.002520 0.008213 0.001600 0.001213 0.025667 0.000000 0.000000 0.000080 0.000000 0.000000 0.000000 0.000000 0.000360 0.000000 0.000000 0.004347 0.000000 0.002960 0.000240 0.000000 0.000000 0.000000 0.000000 0.000000 0.000000 0.000000 0.000000 0.000000 0.000000 0.000000 0.000627 0.000747 0.000000 0.001227 0.000000 0.000307 0.000680 0.000000 0.001080
0.000067 0.000000 0.000000 0.047093 0.000747 0.013787 0.000000 0.006587 0.000880 0.066467 0.000213 0.000000 0.000160 0.006333 0.000253 0.000000 0.000000 0.000187 0.000347 0.076440 0.000000 0.000000 0.000000 0.000493 0.000000 0.000480 0.001000 0.027467 0.004093 0.000000 0.000000 0.000640 0.000000 0.001187 0.000000 0.000000 0.000000 0.000227 0.000000 0.000000 0.000000 0.000000 0.000000 0.000440 0.000000 0.000293 0.000000 0.000000 0.000000 0.000000 0.000000 0.000000 0.000000 0.000000 0.000000 0.000000 0.000000 0.000187 0.000000 0.000000 0.000000 0.000773 0.000000 0.000000 0.000000 0.000000 0.000000 0.000000
0.000000 0.007400 0.001320 0.000000 0.000173 0.000280 0.000320 0.001467 0.001707 0.000387 0.073480 0.000160 0.000000 0.002613 0.000000 0.000000 0.000000 0.001093 0.001040 0.000000 0.000000 0.002427 0.000000 0.001827 0.026080 0.011627 0.081800 0.000587 0.001907 0.000000 0.014813 0.003373 0.000000 0.011867 0.000000 0.000000 0.000000 0.000000 0.000000 0.000000 0.000000 0.000267 0.000000 0.000000 0.012960 0.000000 0.011400 0.000373 0.000000 0.000000 0.000000 0.000200 0.000000 0.000000 0.000000 0.000000 0.000000 0.000120 0.000093 0.001560 0.001640 0.000000 0.001013 0.000000 0.001613 0.000693 0.000000 0.001227
0.081453 0.000280 0.004240 0.000733 0.000000 0.008013 0.095440 0.189987 0.003080 0.024533 0.010827 0.006333 0.002613 0.000000 0.000000 0.000000 0.019267 0.003720 0.012440 0.000987 0.002053 0.000107 0.004200 0.005773 0.000440 0.030827 0.004960 0.009573 0.143307 0.034187 0.000360 0.007253 0.000000 0.013653 0.000000 0.000000 0.000000 0.000000 0.000000 0.000000 0.000227 0.000080 0.000213 0.000000 0.000133 0.000000 0.000000 0.000160 0.000000 0.000000 0.000000 0.000000 0.000000 0.000000 0.000107 0.000000 0.000000 0.001560 0.000000 0.000120 0.000160 0.002853 0.000440 0.000000 0.000000 0.000000 0.000000 0.000240
0.000000 0.000093 0.000000 0.000253 0.002867 0.007560 0.000000 0.000947 0.000000 0.000293 0.000000 0.000253 0.000000 0.000000 0.000000 0.000000 0.000000 0.000000 0.000000 0.000093 0.000000 0.000067 0.000000 0.001080 0.000000 0.000000 0.000280 0.000307 0.000000 0.000000 0.000000 0.002747 0.000000 0.000000 0.000000 0.000000 0.000000 0.000000 0.000000 0.000000 0.000000 0.000000 0.000000 0.000000 0.000000 0.000000 0.000000 0.000000 0.000000 0.000000 0.000000 0.000000 0.000000 0.000000 0.000000 0.000000 0.000000 0.000000 0.000000 0.000000 0.000000 0.000000 0.000000 0.000000 0.000000 0.000000 0.000000 0.000000
0.000000 0.000000 0.001320 0.000000 0.000000 0.000173 0.000813 0.000187 0.000320 0.000253 0.000080 0.000000 0.000000 0.000000 0.000000 0.000000 0.000587 0.000000 0.000093 0.000000 0.110440 0.041400 0.290533 0.017053 0.000000 0.000320 0.043733 0.037853 0.000400 0.005000 0.000000 0.000000 0.000360 0.002960 0.000000 0.000000 0.000173 0.000000 0.000000 0.000000 0.000107 0.000000 0.000000 0.000000 0.000000 0.000000 0.000000 0.000000 0.000000 0.013800 0.000000 0.000000 0.000000 0.000000 0.003320 0.003440 0.016147 0.000387 0.000000 0.000000 0.002773 0.000653 0.000360 0.000080 0.000000 0.000000 0.000000 0.000067
0.005733 0.000733 0.048813 0.000000 0.000000 0.000133 0.007267 0.006547 0.000000 0.000453 0.001320 0.000000 0.000000 0.019267 0.000000 0.000587 0.000000 0.001733 0.028880 0.000000 0.012293 0.000120 0.007213 0.000440 0.000000 0.052093 0.105533 0.002240 0.016760 0.028333 0.000000 0.000000 0.000067 0.008133 0.000000 0.000120 0.005880 0.000000 0.000000 0.000000 0.000000 0.000000 0.000000 0.000000 0.000000 0.000000 0.000000 0.000000 0.000000 0.000000 0.000253 0.000000 0.000173 0.000000 0.000000 0.000000 0.000080 0.000000 0.000000 0.003520 0.003013 0.000000 0.000000 0.000000 0.000000 0.000000 0.000000 0.000000
0.000640 0.000227 0.000360 0.000000 0.000000 0.000133 0.000427 0.001160 0.000000 0.000240 0.091747 0.000187 0.001093 0.003720 0.000000 0.000000 0.001733 0.000000 0.081720 0.000000 0.000187 0.000000 0.000200 0.000187 0.000000 0.042173 0.006773 0.000107 0.003747 0.000987 0.000507 0.000120 0.000067 0.003827 0.000000 0.000000 0.000000 0.000000 0.000000 0.000000 0.000000 0.000000 0.000000 0.000000 0.000747 0.000000 0.001293 0.000000 0.000000 0.000000 0.000000 0.000187 0.000120 0.000000 0.000000 0.000000 0.000000 0.000000 0.000067 0.001960 0.001640 0.000000 0.000000 0.000000 0.000467 0.000000 0.000000 0.000000
0.002840 0.001560 0.002840 0.000107 0.000000 0.000360 0.002053 0.003467 0.000320 0.000760 0.036187 0.000347 0.001040 0.012440 0.000000 0.000093 0.028880 0.081720 0.000000 0.000000 0.001520 0.000307 0.001040 0.000987 0.000107 0.095267 0.058253 0.001013 0.013493 0.007280 0.000307 0.000187 0.000293 0.034920 0.000000 0.000147 0.000933 0.000000 0.000000 0.000000 0.000000 0.000000 0.000000 0.000000 0.000293 0.000000 0.000587 0.000000 0.000000 0.000000 0.000160 0.000493 0.001800 0.000000 0.000000 0.000000 0.000000 0.000067 0.000160 0.010200 0.005347 0.000093 0.000000 0.000000 0.000320 0.000000 0.000000 0.000173
0.000000 0.000000 0.000000 0.092467 0.000160 0.001680 0.000160 0.001227 0.000600 0.059347 0.000093 0.076440 0.000000 0.000987 0.000093 0.000000 0.000000 0.000000 0.000000 0.000000 0.000000 0.000000 0.000000 0.002093 0.000000 0.000120 0.000187 0.035267 0.001000 0.000000 0.000000 0.000080 0.000000 0.000240 0.000000 0.000000 0.000000 0.000093 0.000000 0.000000 0.000067 0.000000 0.000000 0.000200 0.000000 0.000267 0.000000 0.000000 0.000000 0.000000 0.000000 0.000000 0.000000 0.000000 0.000000 0.000000 0.000000 0.000133 0.000000 0.000000 0.000000 0.000493 0.000000 0.000000 0.000000 0.000000 0.000000 0.000000
0.000267 0.000000 0.020307 0.000000 0.000000 0.000467 0.019040 0.004240 0.001800 0.001987 0.001813 0.000000 0.000000 0.002053 0.000000 0.110440 0.012293 0.000187 0.001520 0.000000 0.000000 0.008573 0.321827 0.004507 0.000000 0.011480 0.006280 0.065373 0.002853 0.165040 0.000000 0.000000 0.002120 0.027360 0.000000 0.000000 0.000000 0.000000 0.000000 0.000000 0.000000 0.000000 0.000000 0.000000 0.000000 0.000000 0.000000 0.000000 0.000000 0.004387 0.000000 0.000000 0.000000 0.000000 0.005960 0.001053 0.003827 0.001347 0.000000 0.000000 0.000480 0.002880 0.001520 0.000373 0.000000 0.000000 0.000093 0.000453
0.000000 0.003600 0.001107 0.000093 0.000173 0.000080 0.000067 0.000080 0.007747 0.000120 0.001227 0.000000 0.002427 0.000107 0.000067 0.041400 0.000120 0.000000 0.000307 0.000000 0.008573 0.000000 0.019720 0.028387 0.000587 0.002747 0.017787 0.003067 0.000173 0.000333 0.000307 0.000107 0.000093 0.000467 0.000000 0.000000 0.000613 0.000000 0.000000 0.000000 0.000000 0.000000 0.000000 0.000000 0.000000 0.000000 0.000000 0.000000 0.000000 0.005320 0.000000 0.000000 0.000000 0.000000 0.000813 0.003787 0.005360 0.000333 0.000000 0.000173 0.003027 0.000453 0.000200 0.000000 0.000000 0.000000 0.000000 0.000000
0.000867 0.000120 0.172293 0.000107 0.000000 0.000627 0.022213 0.003520 0.000133 0.001880 0.002853 0.000000 0.000000 0.004200 0.000000 0.290533 0.007213 0.000200 0.001040 0.000000 0.321827 0.019720 0.000000 0.008120 0.000000 0.025560 0.244520 0.091080 0.001733 0.053453 0.000000 0.000000 0.000120 0.012187 0.000000 0.000107 0.006453 0.000000 0.000000 0.000000 0.000000 0.000000 0.000000 0.000000 0.000000 0.000000 0.000000 0.000000 0.000000 0.027653 0.000133 0.000000 0.000000 0.000000 0.002347 0.005080 0.053653 0.000187 0.000000 0.000000 0.014600 0.000520 0.000107 0.000000 0.000000 0.000000 0.000000 0.000107
0.000507 0.004627 0.000867 0.022827 0.003573 0.001467 0.003333 0.004827 0.056293 0.009133 0.000973 0.000493 0.001827 0.005773 0.001080 0.017053 0.000440 0.000187 0.000987 0.002093 0.004507 0.028387 0.008120 0.000000 0.000520 0.008933 0.029933 0.118320 0.008427 0.010760 0.000213 0.001867 0.001653 0.002227 0.000000 0.000000 0.000187 0.000987 0.000000 0.000480 0.002773 0.001080 0.000800 0.003253 0.000067 0.000440 0.000000 0.000827 0.000000 0.000347 0.000000 0.000000 0.000107 0.000227 0.000880 0.000147 0.000413 0.010467 0.000000 0.000427 0.000560 0.021813 0.002880 0.000400 0.000000 0.000000 0.000000 0.000627
0.000000 0.005787 0.000000 0.000000 0.000000 0.000000 0.000000 0.000240 0.000733 0.000000 0.006333 0.000000 0.026080 0.000440 0.000000 0.000000 0.000000 0.000000 0.000107 0.000000 0.000000 0.000587 0.000000 0.000520 0.000000 0.003707 0.010413 0.000000 0.000320 0.000000 0.000907 0.000147 0.000000 0.001853 0.000000 0.000000 0.000000 0.000000 0.000000 0.000000 0.000000 0.000000 0.000000 0.000000 0.000000 0.000000 0.000293 0.000000 0.000000 0.000000 0.000000 0.000000 0.000000 0.000000 0.000000 0.000000 0.000000 0.000000 0.000000 0.000000 0.000120 0.000000 0.000000 0.000000 0.000067 0.000000 0.000000 0.000000
0.003453 0.018853 0.157173 0.000307 0.000160 0.001787 0.020133 0.020760 0.001653 0.005547 0.089907 0.000480 0.011627 0.030827 0.000000 0.000320 0.052093 0.042173 0.095267 0.000120 0.011480 0.002747 0.025560 0.008933 0.003707 0.000000 0.166733 0.007400 0.009520 0.009600 0.005040 0.000173 0.000000 0.016493 0.000000 0.001987 0.017000 0.000000 0.000000 0.000000 0.000000 0.000000 0.000240 0.000000 0.003947 0.000000 0.009053 0.000187 0.000000 0.000000 0.001493 0.003840 0.012053 0.000000 0.000000 0.000000 0.000267 0.000667 0.001707 0.056653 0.049333 0.000427 0.000093 0.000000 0.003053 0.000000 0.000000 0.000773
0.000227 0.106320 0.079080 0.000280 0.000760 0.001160 0.004440 0.001760 0.014693 0.002267 0.011973 0.001000 0.081800 0.004960 0.000280 0.043733 0.105533 0.006773 0.058253 0.000187 0.006280 0.017787 0.244520 0.029933 0.010413 0.166733 0.000000 0.032880 0.002320 0.000413 0.005973 0.000227 0.000080 0.041693 0.000000 0.002413 0.025813 0.000000 0.000000 0.000000 0.000080 0.000080 0.000000 0.000080 0.003680 0.000000 0.005760 0.000067 0.000000 0.001627 0.000933 0.001240 0.003133 0.000000 0.000200 0.000760 0.011093 0.000547 0.001067 0.024507 0.034987 0.000533 0.000147 0.000000 0.002373 0.000107 0.000000 0.000400
0.000893 0.000333 0.017107 0.271493 0.001613 0.021013 0.230667 0.014667 0.023547 0.358400 0.000467 0.027467 0.000587 0.009573 0.000307 0.037853 0.002240 0.000107 0.001013 0.035267 0.065373 0.003067 0.091080 0.118320 0.000000 0.007400 0.032880 0.000000 0.025467 0.077733 0.000093 0.000920 0.008853 0.012173 0.000093 0.000000 0.000160 0.001827 0.000120 0.000693 0.004733 0.001480 0.000720 0.004893 0.000000 0.000827 0.000000 0.001507 0.000000 0.000600 0.000000 0.000000 0.000000 0.000267 0.001507 0.000373 0.001067 0.012787 0.000000 0.000147 0.000640 0.028347 0.003627 0.000333 0.000000 0.000080 0.000080 0.000947
0.101533 0.000147 0.000613 0.001120 0.000000 0.006613 0.025267 0.034107 0.002360 0.030693 0.014760 0.004093 0.001907 0.143307 0.000000 0.000400 0.016760 0.003747 0.013493 0.001000 0.002853 0.000173 0.001733 0.008427 0.000320 0.009520 0.002320 0.025467 0.000000 0.061547 0.000173 0.042480 0.068040 0.014947 0.000000 0.000000 0.000000 0.000000 0.000000 0.000000 0.000147 0.000120 0.000080 0.000000 0.000067 0.000000 0.000000 0.000227 0.000000 0.000120 0.000000 0.000000 0.000000 0.000000 0.000627 0.000080 0.000000 0.001547 0.000000 0.000000 0.000000 0.003213 0.000773 0.000000 0.000000 0.000000 0.000000 0.000360
0.023613 0.000000 0.004907 0.000000 0.000000 0.000187 0.098907 0.008880 0.000920 0.000507 0.002520 0.000000 0.000000 0.034187 0.000000 0.005000 0.028333 0.000987 0.007280 0.000000 0.165040 0.000333 0.053453 0.010760 0.000000 0.009600 0.000413 0.077733 0.061547 0.000000 0.000000 0.000080 0.001707 0.003893 0.000000 0.000000 0.000000 0.000000 0.000000 0.000000 0.000000 0.000000 0.000000 0.000000 0.000000 0.000000 0.000000 0.000000 0.000000 0.000213 0.000000 0.000000 0.000000 0.000000 0.000653 0.000133 0.000107 0.000293 0.000000 0.000000 0.000000 0.000973 0.000347 0.000000 0.000000 0.000000 0.000000 0.000080
0.000000 0.000373 0.000240 0.000000 0.000000 0.000000 0.000000 0.000187 0.000067 0.000000 0.008213 0.000000 0.014813 0.000360 0.000000 0.000000 0.000000 0.000507 0.000307 0.000000 0.000000 0.000307 0.000000 0.000213 0.000907 0.005040 0.005973 0.000093 0.000173 0.000000 0.000000 0.000000 0.000000 0.000413 0.000000 0.000000 0.000000 0.000000 0.000000 0.000000 0.000000 0.000000 0.000000 0.000000 0.000840 0.000000 0.001413 0.000000 0.000000 0.000000 0.000000 0.000000 0.000000 0.000000 0.000000 0.000000 0.000000 0.000000 0.000000 0.000200 0.000280 0.000000 0.000000 0.000000 0.000293 0.000000 0.000000 0.000000
0.000000 0.000107 0.000000 0.000387 0.010240 0.013947 0.000080 0.021040 0.000080 0.000813 0.001600 0.000640 0.003373 0.007253 0.002747 0.000000 0.000000 0.000120 0.000187 0.000080 0.000000 0.000107 0.000000 0.001867 0.000147 0.000173 0.000227 0.000920 0.042480 0.000080 0.000000 0.000000 0.000000 0.012853 0.000000 0.000000 0.000000 0.000000 0.000000 0.000000 0.000000 0.000000 0.000000 0.000000 0.000000 0.000000 0.000000 0.000000 0.000000 0.000000 0.000000 0.000000 0.000000 0.000000 0.000000 0.000000 0.000000 0.000000 0.000000 0.000000 0.000000 0.000000 0.000000 0.000000 0.000000 0.000000 0.000000 0.000000
0.000427 0.000000 0.000000 0.000000 0.000000 0.000080 0.003867 0.000000 0.000307 0.000387 0.001213 0.000000 0.000000 0.000000 0.000000 0.000360 0.000067 0.000067 0.000293 0.000000 0.002120 0.000093 0.000120 0.001653 0.000000 0.000000 0.000080 0.008853 0.068040 0.001707 0.000000 0.000000 0.000000 0.003907 0.000000 0.000000 0.000000 0.000000 0.000000 0.000000 0.000000 0.000000 0.000000 0.000000 0.000000 0.000000 0.000000 0.000000 0.000000 0.000067 0.000000 0.000000 0.000000 0.000000 0.000280 0.000000 0.000067 0.000227 0.000000 0.000000 0.000000 0.000533 0.000213 0.000093 0.000000 0.000000 0.000000 0.000000
0.000693 0.001493 0.007000 0.000147 0.000093 0.001347 0.003667 0.001707 0.000493 0.003867 0.025667 0.001187 0.011867 0.013653 0.000000 0.002960 0.008133 0.003827 0.034920 0.000240 0.027360 0.000467 0.012187 0.002227 0.001853 0.016493 0.041693 0.012173 0.014947 0.003893 0.000413 0.012853 0.003907 0.000000 0.000000 0.000000 0.000293 0.000000 0.000000 0.000000 0.000000 0.000080 0.000000 0.000000 0.000307 0.000000 0.000133 0.000067 0.000000 0.000000 0.000000 0.000000 0.000160 0.000000 0.000000 0.000000 0.000147 0.000267 0.000000 0.000520 0.000360 0.000440 0.000267 0.000000 0.000000 0.000093 0.000000 0.000293
0.000000 0.000000 0.000000 0.000000 0.000000 0.000000 0.000000 0.000000 0.000000 0.000000 0.000000 0.000000 0.000000 0.000000 0.000000 0.000000 0.000000 0.000000 0.000000 0.000000 0.000000 0.000000 0.000000 0.000000 0.000000 0.000000 0.000000 0.000093 0.000000 0.000000 0.000000 0.000000 0.000000 0.000000 0.000000 0.000000 0.000627 0.000000 0.000000 0.000093 0.052240 0.003293 0.000000 0.000413 0.001667 0.000000 0.000067 0.165800 0.000000 0.000000 0.000520 0.001400 0.002213 0.000000 0.000347 0.000067 0.000120 0.000640 0.000000 0.005160 0.000400 0.002440 0.043520 0.021720 0.000000 0.000000 0.000000 0.000653
0.000000 0.000000 0.000907 0.000000 0.000000 0.000000 0.000000 0.000000 0.000000 0.000000 0.000000 0.000000 0.000000 0.000000 0.000000 0.000000 0.000120 0.000000 0.000147 0.000000 0.000000 0.000000 0.000107 0.000000 0.000000 0.001987 0.002413 0.000000 0.000000 0.000000 0.000000 0.000000 0.000000 0.000000 0.000000 0.000000 0.009147 0.000000 0.001653 0.000000 0.000000 0.000000 0.006747 0.000000 0.000120 0.000000 0.006920 0.000000 0.000427 0.000080 0.000160 0.000000 0.000347 0.000000 0.000000 0.000987 0.001013 0.001893 0.006067 0.001973 0.069560 0.000240 0.000000 0.000000 0.000253 0.000160 0.000000 0.000133
0.000000 0.001080 0.043120 0.000000 0.000000 0.000000 0.000093 0.000000 0.000000 0.000000 0.000080 0.000000 0.000000 0.000000 0.000000 0.000173 0.005880 0.000000 0.000933 0.000000 0.000000 0.000613 0.006453 0.000187 0.000000 0.017000 0.025813 0.000160 0.000000 0.000000 0.000000 0.000000 0.000000 0.000293 0.000627 0.009147 0.000000 0.000200 0.000000 0.001560 0.050107 0.009200 0.000000 0.007467 0.001240 0.000093 0.000147 0.009160 0.000000 0.000413 0.044493 0.000160 0.002187 0.000000 0.014573 0.000227 0.122067 0.000333 0.000000 0.060987 0.103773 0.020787 0.000787 0.001293 0.000080 0.000080 0.000000 0.004107
0.000000 0.000000 0.000000 0.002960 0.000000 0.000000 0.000000 0.000093 0.000387 0.000707 0.000000 0.000227 0.000000 0.000000 0.000000 0.000000 0.000000 0.000000 0.000000 0.000093 0.000000 0.000000 0.000000 0.000987 0.000000 0.000000 0.000000 0.001827 0.000000 0.000000 0.000000 0.000000 0.000000 0.000000 0.000000 0.000000 0.000200 0.000000 0.000000 0.001600 0.001053 0.000573 0.004280 0.127893 0.000000 0.042267 0.000000 0.000680 0.000093 0.000000 0.000000 0.000000 0.000000 0.060693 0.000000 0.000000 0.000160 0.016987 0.000000 0.000133 0.000293 0.099733 0.000467 0.000000 0.000000 0.000000 0.000000 0.000213
0.000000 0.000000 0.000000 0.000000 0.000000 0.000000 0.000000 0.000000 0.000000 0.000133 0.000000 0.000000 0.000000 0.000000 0.000000 0.000000 0.000000 0.000000 0.000000 0.000000 0.000000 0.000000 0.000000 0.000000 0.000000 0.000000 0.000000 0.000120 0.000000 0.000000 0.000000 0.000000 0.000000 0.000000 0.000000 0.001653 0.000000 0.000000 0.000000 0.002920 0.000173 0.000733 0.000800 0.000360 0.000307 0.000133 0.000747 0.000080 0.007760 0.000000 0.000000 0.000000 0.000000 0.000000 0.000000 0.001173 0.000000 0.005587 0.000200 0.000453 0.000640 0.002200 0.000480 0.000000 0.000093 0.051720 0.000000 0.012373
0.000000 0.000000 0.000000 0.000173 0.000000 0.000000 0.000000 0.000093 0.000000 0.000227 0.000000 0.000000 0.000000 0.000000 0.000000 0.000000 0.000000 0.000000 0.000000 0.000000 0.000000 0.000000 0.000000 0.000480 0.000000 0.000000 0.000000 0.000693 0.000000 0.000000 0.000000 0.000000 0.000000 0.000000 0.000093 0.000000 0.001560 0.001600 0.002920 0.000000 0.026427 0.139333 0.000173 0.196253 0.000480 0.021253 0.000107 0.008120 0.006573 0.000000 0.000000 0.000107 0.000147 0.001973 0.000093 0.000000 0.000867 0.001480 0.000000 0.000987 0.000813 0.030200 0.004307 0.000333 0.000000 0.024133 0.000000 0.000627
0.000000 0.000000 0.000000 0.000613 0.000000 0.000187 0.000200 0.000347 0.000160 0.001267 0.000000 0.000000 0.000000 0.000227 0.000000 0.000107 0.000000 0.000000 0.000000 0.000067 0.000000 0.000000 0.000000 0.002773 0.000000 0.000000 0.000080 0.004733 0.000147 0.000000 0.000000 0.000000 0.000000 0.000000 0.052240 0.000000 0.050107 0.001053 0.000173 0.026427 0.000000 0.094400 0.000427 0.195493 0.002827 0.000360 0.000333 0.218613 0.000080 0.000187 0.006667 0.002640 0.009627 0.000160 0.004547 0.000000 0.022640 0.003040 0.000000 0.048587 0.004760 0.256107 0.045173 0.143787 0.000147 0.000467 0.000173 0.006733
0.000000 0.000000 0.000000 0.000160 0.000000 0.000000 0.000000 0.000267 0.000093 0.000280 0.000360 0.000000 0.000267 0.000080 0.000000 0.000000 0.000000 0.000000 0.000000 0.000000 0.000000 0.000000 0.000000 0.001080 0.000000 0.000000 0.000080 0.001480 0.000120 0.000000 0.000000 0.000000 0.000000 0.000080 0.003293 0.000000 0.009200 0.000573 0.000733 0.139333 0.094400 0.000000 0.000640 0.133307 0.006173 0.006480 0.002387 0.268987 0.000920 0.000000 0.000213 0.001080 0.000760 0.001093 0.000160 0.000000 0.001653 0.002507 0.000000 0.012213 0.003147 0.016440 0.039933 0.006653 0.000680 0.087733 0.000000 0.003920
0.000000 0.000000 0.000000 0.000107 0.000000 0.000000 0.000000 0.000227 0.000067 0.000120 0.000000 0.000000 0.000000 0.000213 0.000000 0.000000 0.000000 0.000000 0.000000 0.000000 0.000000 0.000000 0.000000 0.000800 0.000000 0.000240 0.000000 0.000720 0.000080 0.000000 0.000000 0.000000 0.000000 0.000000 0.000000 0.006747 0.000000 0.004280 0.000800 0.000173 0.000427 0.000640 0.000000 0.003920 0.000333 0.000547 0.003760 0.000747 0.000173 0.000000 0.000093 0.000000 0.000360 0.000520 0.000000 0.006440 0.000000 0.042733 0.001613 0.001907 0.004640 0.014453 0.001133 0.000147 0.000347 0.000107 0.000000 0.000253
0.000000 0.000000 0.000000 0.005373 0.000000 0.000253 0.000187 0.000133 0.000667 0.002040 0.000000 0.000440 0.000000 0.000000 0.000000 0.000000 0.000000 0.000000 0.000000 0.000200 0.000000 0.000000 0.000000 0.003253 0.000000 0.000000 0.000080 0.004893 0.000000 0.000000 0.000000 0.000000 0.000000 0.000000 0.000413 0.000000 0.007467 0.127893 0.000360 0.196253 0.195493 0.133307 0.003920 0.000000 0.001053 0.103373 0.000293 0.039573 0.000173 0.000000 0.000267 0.000427 0.000533 0.135533 0.000133 0.000000 0.003320 0.011280 0.000000 0.004613 0.004160 0.297427 0.032360 0.000920 0.000173 0.001027 0.000000 0.006867
0.000000 0.000067 0.000000 0.000000 0.000000 0.000000 0.000000 0.000067 0.000000 0.000000 0.004347 0.000000 0.012960 0.000133 0.000000 0.000000 0.000000 0.000747 0.000293 0.000000 0.000000 0.000000 0.000000 0.000067 0.000000 0.003947 0.003680 0.000000 0.000067 0.000000 0.000840 0.000000 0.000000 0.000307 0.001667 0.000120 0.001240 0.000000 0.000307 0.000480 0.002827 0.006173 0.000333 0.001053 0.000000 0.000360 0.051467 0.013853 0.000000 0.000000 0.001800 0.148853 0.046773 0.000107 0.000627 0.000160 0.002907 0.000573 0.001240 0.071360 0.017240 0.000453 0.015680 0.008253 0.016987 0.004013 0.000320 0.034480
0.000000 0.000000 0.000000 0.003573 0.000000 0.000067 0.000000 0.000000 0.000000 0.000427 0.000000 0.000293 0.000000 0.000000 0.000000 0.000000 0.000000 0.000000 0.000000 0.000267 0.000000 0.000000 0.000000 0.000440 0.000000 0.000000 0.000000 0.000827 0.000000 0.000000 0.000000 0.000000 0.000000 0.000000 0.000000 0.000000 0.000093 0.042267 0.000133 0.021253 0.000360 0.006480 0.000547 0.103373 0.000360 0.000000 0.000147 0.004427 0.000080 0.000000 0.000000 0.000093 0.000093 0.093747 0.000000 0.000000 0.000160 0.003800 0.000000 0.000613 0.000760 0.054787 0.004133 0.000000 0.000080 0.000547 0.000000 0.000960
0.000000 0.000173 0.000000 0.000000 0.000000 0.000000 0.000000 0.000000 0.000000 0.000000 0.002960 0.000000 0.011400 0.000000 0.000000 0.000000 0.000000 0.001293 0.000587 0.000000 0.000000 0.000000 0.000000 0.000000 0.000293 0.009053 0.005760 0.000000 0.000000 0.000000 0.001413 0.000000 0.000000 0.000133 0.000067 0.006920 0.000147 0.000000 0.000747 0.000107 0.000333 0.002387 0.003760 0.000293 0.051467 0.000147 0.000000 0.004347 0.000107 0.000120 0.000000 0.001547 0.000867 0.000000 0.000000 0.001787 0.000000 0.003093 0.030307 0.009800 0.066627 0.000453 0.003387 0.000147 0.017707 0.002067 0.000000 0.006267
0.000000 0.000000 0.000000 0.000080 0.000000 0.000000 0.000000 0.000187 0.000227 0.000147 0.000240 0.000000 0.000373 0.000160 0.000000 0.000000 0.000000 0.000000 0.000000 0.000000 0.000000 0.000000 0.000000 0.000827 0.000000 0.000187 0.000067 0.001507 0.000227 0.000000 0.000000 0.000000 0.000000 0.000067 0.165800 0.000000 0.009160 0.000680 0.000080 0.008120 0.218613 0.268987 0.000747 0.039573 0.013853 0.004427 0.004347 0.000000 0.000107 0.000107 0.000853 0.003787 0.003267 0.000880 0.000347 0.000107 0.001213 0.003773 0.000000 0.026307 0.006453 0.015907 0.160347 0.037120 0.001293 0.071400 0.000000 0.020240
0.000000 0.000000 0.000000 0.000000 0.000000 0.000000 0.000000 0.000000 0.000000 0.000000 0.000000 0.000000 0.000000 0.000000 0.000000 0.000000 0.000000 0.000000 0.000000 0.000000 0.000000 0.000000 0.000000 0.000000 0.000000 0.000000 0.000000 0.000000 0.000000 0.000000 0.000000 0.000000 0.000000 0.000000 0.000000 0.000427 0.000000 0.000093 0.007760 0.006573 0.000080 0.000920 0.000173 0.000173 0.000000 0.000080 0.000107 0.000107 0.000000 0.000000 0.000000 0.000000 0.000000 0.000080 0.000000 0.000533 0.000000 0.000840 0.000000 0.000067 0.000200 0.000493 0.000107 0.000000 0.000000 0.001973 0.000000 0.000000
0.000000 0.000000 0.000600 0.000000 0.000000 0.000000 0.000000 0.000000 0.000000 0.000000 0.000000 0.000000 0.000000 0.000000 0.000000 0.013800 0.000000 0.000000 0.000000 0.000000 0.004387 0.005320 0.027653 0.000347 0.000000 0.000000 0.001627 0.000600 0.000120 0.000213 0.000000 0.000000 0.000067 0.000000 0.000000 0.000080 0.000413 0.000000 0.000000 0.000000 0.000187 0.000000 0.000000 0.000000 0.000000 0.000000 0.000120 0.000107 0.000000 0.000000 0.000720 0.000067 0.000227 0.000000 0.087333 0.045480 0.184547 0.019267 0.000000 0.000600 0.065413 0.026000 0.000680 0.005493 0.000000 0.000000 0.000093 0.003693
0.000000 0.000000 0.001280 0.000000 0.000000 0.000000 0.000000 0.000000 0.000000 0.000000 0.000000 0.000000 0.000000 0.000000 0.000000 0.000000 0.000253 0.000000 0.000160 0.000000 0.000000 0.000000 0.000133 0.000000 0.000000 0.001493 0.000933 0.000000 0.000000 0.000000 0.000000 0.000000 0.000000 0.000000 0.000520 0.000160 0.044493 0.000000 0.000000 0.000000 0.006667 0.000213 0.000093 0.000267 0.001800 0.000000 0.000000 0.000853 0.000000 0.000720 0.000000 0.003907 0.082080 0.000000 0.009907 0.000093 0.030453 0.001827 0.000000 0.056053 0.156360 0.004200 0.001653 0.015747 0.000000 0.000000 0.000000 0.004347
0.000000 0.000000 0.000000 0.000000 0.000000 0.000000 0.000000 0.000000 0.000000 0.000000 0.000000 0.000000 0.000200 0.000000 0.000000 0.000000 0.000000 0.000187 0.000493 0.000000 0.000000 0.000000 0.000000 0.000000 0.000000 0.003840 0.001240 0.000000 0.000000 0.000000 0.000000 0.000000 0.000000 0.000000 0.001400 0.000000 0.000160 0.000000 0.000000 0.000107 0.002640 0.001080 0.000000 0.000427 0.148853 0.000093 0.001547 0.003787 0.000000 0.000067 0.003907 0.000000 0.076707 0.000000 0.000427 0.000000 0.000907 0.000133 0.000120 0.064013 0.016133 0.000507 0.006093 0.009040 0.002187 0.000347 0.000080 0.006107
0.000000 0.000133 0.000227 0.000000 0.000000 0.000000 0.000000 0.000000 0.000000 0.000000 0.000000 0.000000 0.000000 0.000000 0.000000 0.000000 0.000173 0.000120 0.001800 0.000000 0.000000 0.000000 0.000000 0.000107 0.000000 0.012053 0.003133 0.000000 0.000000 0.000000 0.000000 0.000000 0.000000 0.000160 0.002213 0.000347 0.002187 0.000000 0.000000 0.000147 0.009627 0.000760 0.000360 0.000533 0.046773 0.000093 0.000867 0.003267 0.000000 0.000227 0.082080 0.076707 0.000000 0.000000 0.004453 0.000173 0.004440 0.001053 0.000240 0.105800 0.074907 0.002747 0.009747 0.027893 0.001173 0.000000 0.000133 0.034893
0.000000 0.000000 0.000000 0.001787 0.000000 0.000000 0.000000 0.000000 0.000000 0.000160 0.000000 0.000000 0.000000 0.000000 0.000000 0.000000 0.000000 0.000000 0.000000 0.000000 0.000000 0.000000 0.000000 0.000227 0.000000 0.000000 0.000000 0.000267 0.000000 0.000000 0.000000 0.000000 0.000000 0.000000 0.000000 0.000000 0.000000 0.060693 0.000000 0.001973 0.000160 0.001093 0.000520 0.135533 0.000107 0.093747 0.000000 0.000880 0.000080 0.000000 0.000000 0.000000 0.000000 0.000000 0.000000 0.000000 0.000000 0.003507 0.000000 0.000107 0.000200 0.043733 0.000813 0.000000 0.000000 0.000000 0.000000 0.000200
0.000000 0.000000 0.000093 0.000000 0.000000 0.000000 0.000067 0.000000 0.000253 0.000000 0.000000 0.000000 0.000000 0.000107 0.000000 0.003320 0.000000 0.000000 0.000000 0.000000 0.005960 0.000813 0.002347 0.000880 0.000000 0.000000 0.000200 0.001507 0.000627 0.000653 0.000000 0.000000 0.000280 0.000000 0.000347 0.000000 0.014573 0.000000 0.000000 0.000093 0.004547 0.000160 0.000000 0.000133 0.000627 0.000000 0.000000 0.000347 0.000000 0.087333 0.009907 0.000427 0.004453 0.000000 0.000000 0.002400 0.253627 0.007707 0.000000 0.007347 0.010787 0.090960 0.007880 0.103160 0.000000 0.000107 0.001347 0.033507
0.000000 0.000000 0.000320 0.000000 0.000000 0.000000 0.000000 0.000000 0.000080 0.000000 0.000000 0.000000 0.000000 0.000000 0.000000 0.003440 0.000000 0.000000 0.000000 0.000000 0.001053 0.003787 0.005080 0.000147 0.000000 0.000000 0.000760 0.000373 0.000080 0.000133 0.000000 0.000000 0.000000 0.000000 0.000067 0.000987 0.000227 0.000000 0.001173 0.000000 0.000000 0.000000 0.006440 0.000000 0.000160 0.000000 0.001787 0.000107 0.000533 0.045480 0.000093 0.000000 0.000173 0.000000 0.002400 0.000000 0.016093 0.019520 0.000520 0.000640 0.026547 0.002680 0.001813 0.000520 0.000173 0.000120 0.000080 0.000267
0.000000 0.000000 0.011293 0.000000 0.000000 0.000000 0.000200 0.000067 0.000000 0.000000 0.000000 0.000000 0.000000 0.000000 0.000000 0.016147 0.000080 0.000000 0.000000 0.000000 0.003827 0.005360 0.053653 0.000413 0.000000 0.000267 0.011093 0.001067 0.000000 0.000107 0.000000 0.000000 0.000067 0.000147 0.000120 0.001013 0.122067 0.000160 0.000000 0.000867 0.022640 0.001653 0.000000 0.003320 0.002907 0.000160 0.000000 0.001213 0.000000 0.184547 0.030453 0.000907 0.004440 0.000000 0.253627 0.016093 0.000000 0.006480 0.000000 0.007320 0.352827 0.079453 0.001480 0.016680 0.000000 0.000080 0.000107 0.029347
0.000120 0.000000 0.000267 0.001467 0.000000 0.000280 0.000373 0.001573 0.002133 0.002027 0.000000 0.000187 0.000120 0.001560 0.000000 0.000387 0.000000 0.000000 0.000067 0.000133 0.001347 0.000333 0.000187 0.010467 0.000000 0.000667 0.000547 0.012787 0.001547 0.000293 0.000000 0.000000 0.000227 0.000267 0.000640 0.001893 0.000333 0.016987 0.005587 0.001480 0.003040 0.002507 0.042733 0.011280 0.000573 0.003800 0.003093 0.003773 0.000840 0.019267 0.001827 0.000133 0.001053 0.003507 0.007707 0.019520 0.006480 0.000000 0.000493 0.004307 0.034520 0.141133 0.014267 0.010120 0.000547 0.000240 0.000200 0.003240
0.000000 0.000000 0.000000 0.000000 0.000000 0.000000 0.000000 0.000000 0.000000 0.000000 0.000000 0.000000 0.000093 0.000000 0.000000 0.000000 0.000000 0.000067 0.000160 0.000000 0.000000 0.000000 0.000000 0.000000 0.000000 0.001707 0.001067 0.000000 0.000000 0.000000 0.000000 0.000000 0.000000 0.000000 0.000000 0.006067 0.000000 0.000000 0.000200 0.000000 0.000000 0.000000 0.001613 0.000000 0.001240 0.000000 0.030307 0.000000 0.000000 0.000000 0.000000 0.000120 0.000240 0.000000 0.000000 0.000520 0.000000 0.000493 0.000000 0.005987 0.018493 0.000000 0.000000 0.000000 0.002867 0.000000 0.000000 0.000080
0.000000 0.001013 0.002040 0.000000 0.000000 0.000000 0.000000 0.000000 0.000067 0.000000 0.000627 0.000000 0.001560 0.000120 0.000000 0.000000 0.003520 0.001960 0.010200 0.000000 0.000000 0.000173 0.000000 0.000427 0.000000 0.056653 0.024507 0.000147 0.000000 0.000000 0.000200 0.000000 0.000000 0.000520 0.005160 0.001973 0.060987 0.000133 0.000453 0.000987 0.048587 0.012213 0.001907 0.004613 0.071360 0.000613 0.009800 0.026307 0.000067 0.000600 0.056053 0.064013 0.105800 0.000107 0.007347 0.000640 0.007320 0.004307 0.005987 0.000000 0.150987 0.007640 0.010893 0.016373 0.014480 0.000600 0.000160 0.020587
0.000000 0.002573 0.019133 0.000000 0.000000 0.000000 0.000093 0.000000 0.000067 0.000000 0.000747 0.000000 0.001640 0.000160 0.000000 0.002773 0.003013 0.001640 0.005347 0.000000 0.000480 0.003027 0.014600 0.000560 0.000120 0.049333 0.034987 0.000640 0.000000 0.000000 0.000280 0.000000 0.000000 0.000360 0.000400 0.069560 0.103773 0.000293 0.000640 0.000813 0.004760 0.003147 0.004640 0.004160 0.017240 0.000760 0.066627 0.006453 0.000200 0.065413 0.156360 0.016133 0.074907 0.000200 0.010787 0.026547 0.352827 0.034520 0.018493 0.150987 0.000000 0.049467 0.002693 0.001240 0.022800 0.000973 0.000000 0.055040
0.000320 0.000000 0.000360 0.005440 0.000000 0.001240 0.001107 0.003173 0.002573 0.005693 0.000000 0.000773 0.000000 0.002853 0.000000 0.000653 0.000000 0.000000 0.000093 0.000493 0.002880 0.000453 0.000520 0.021813 0.000000 0.000427 0.000533 0.028347 0.003213 0.000973 0.000000 0.000000 0.000533 0.000440 0.002440 0.000240 0.020787 0.099733 0.002200 0.030200 0.256107 0.016440 0.014453 0.297427 0.000453 0.054787 0.000453 0.015907 0.000493 0.026000 0.004200 0.000507 0.002747 0.043733 0.090960 0.002680 0.079453 0.141133 0.000000 0.007640 0.049467 0.000000 0.058333 0.185333 0.000107 0.000493 0.002467 0.017000
0.000000 0.000000 0.000000 0.000080 0.000000 0.000000 0.000093 0.000373 0.000840 0.000120 0.001227 0.000000 0.001013 0.000440 0.000000 0.000360 0.000000 0.000000 0.000000 0.000000 0.001520 0.000200 0.000107 0.002880 0.000000 0.000093 0.000147 0.003627 0.000773 0.000347 0.000000 0.000000 0.000213 0.000267 0.043520 0.000000 0.000787 0.000467 0.000480 0.004307 0.045173 0.039933 0.001133 0.032360 0.015680 0.004133 0.003387 0.160347 0.000107 0.000680 0.001653 0.006093 0.009747 0.000813 0.007880 0.001813 0.001480 0.014267 0.000000 0.010893 0.002693 0.058333 0.000000 0.066707 0.000453 0.023213 0.048467 0.030027
0.000000 0.000000 0.000000 0.000000 0.000000 0.000000 0.000000 0.000000 0.000120 0.000000 0.000000 0.000000 0.000000 0.000000 0.000000 0.000080 0.000000 0.000000 0.000000 0.000000 0.000373 0.000000 0.000000 0.000400 0.000000 0.000000 0.000000 0.000333 0.000000 0.000000 0.000000 0.000000 0.000093 0.000000 0.021720 0.000000 0.001293 0.000000 0.000000 0.000333 0.143787 0.006653 0.000147 0.000920 0.008253 0.000000 0.000147 0.037120 0.000000 0.005493 0.015747 0.009040 0.027893 0.000000 0.103160 0.000520 0.016680 0.010120 0.000000 0.016373 0.001240 0.185333 0.066707 0.000000 0.000093 0.000000 0.001440 0.005013
0.000000 0.000000 0.000000 0.000000 0.000000 0.000000 0.000000 0.000000 0.000000 0.000000 0.000307 0.000000 0.001613 0.000000 0.000000 0.000000 0.000000 0.000467 0.000320 0.000000 0.000000 0.000000 0.000000 0.000000 0.000067 0.003053 0.002373 0.000000 0.000000 0.000000 0.000293 0.000000 0.000000 0.000000 0.000000 0.000253 0.000080 0.000000 0.000093 0.000000 0.000147 0.000680 0.000347 0.000173 0.016987 0.000080 0.017707 0.001293 0.000000 0.000000 0.000000 0.002187 0.001173 0.000000 0.000000 0.000173 0.000000 0.000547 0.002867 0.014480 0.022800 0.000107 0.000453 0.000093 0.000000 0.000253 0.000000 0.000773
