0.000000 0.000000 106.664951 88.479682 0.000000 74.413467 27.379016 46.311606 63.058954 71.733328 119.291232 82.978370 0.000000 16.696779 0.000000 0.000000 109.493975 138.003363 129.300388 90.075803 71.697976 0.000000 84.852129 71.807442 0.000000 120.437783 161.567732 84.878625 20.864229 41.105381 0.000000 77.212373 36.240252 95.317307 0.000000 0.000000 0.000000 0.000000 0.000000 0.000000 0.000000 0.000000 0.000000 0.000000 0.000000 0.000000 0.000000 0.000000 0.000000 0.000000 0.000000 0.000000 0.000000 0.000000 0.000000 0.000000 0.000000 133.138748 0.000000 0.000000 0.000000 140.121297 163.776482 0.000000 0.000000 0.000000 0.000000 0.000000
0.000000 0.000000 54.555707 0.000000 137.412700 150.307413 0.000000 154.130820 77.071044 0.000000 69.565652 0.000000 56.972702 139.028580 129.868282 0.000000 62.117319 0.000000 70.926199 0.000000 0.000000 22.971845 45.728326 86.386313 31.251916 50.950383 32.418231 97.239540 148.019015 0.000000 73.280333 163.309947 136.028049 93.371828 0.000000 0.000000 51.423848 0.000000 0.000000 0.000000 0.000000 0.000000 0.000000 0.000000 0.000000 0.000000 0.000000 0.000000 0.000000 0.000000 68.590200 0.000000 64.266586 0.000000 0.000000 45.365895 61.370749 0.000000 0.000000 57.354494 50.844897 0.000000 0.000000 0.000000 0.000000 0.000000 0.000000 65.649532
106.664951 54.555707 0.000000 145.563211 0.000000 161.346173 109.926408 132.599518 114.630545 125.348382 109.239179 0.000000 0.000000 126.242583 0.000000 0.000000 53.079835 97.092961 78.226136 0.000000 65.792639 71.413100 42.831544 99.738209 0.000000 36.893448 31.270679 100.046343 136.601320 79.814714 0.000000 0.000000 0.000000 63.073769 0.000000 56.982659 98.469357 0.000000 0.000000 0.000000 0.000000 0.000000 0.000000 0.000000 0.000000 0.000000 0.000000 0.000000 0.000000 103.659328 108.493581 0.000000 0.000000 0.000000 0.000000 0.000000 106.109235 0.000000 0.000000 114.062237 99.207403 0.000000 0.000000 0.000000 0.000000 0.000000 0.000000 0.000000
88.479682 0.000000 145.563211 0.000000 117.093877 62.229553 51.099609 109.593503 70.666508 28.733794 0.000000 39.899216 0.000000 118.919873 100.814584 0.000000 0.000000 0.000000 0.000000 18.882245 0.000000 0.000000 0.000000 17.676206 0.000000 157.714300 0.000000 18.382698 119.725888 0.000000 0.000000 137.864232 0.000000 103.363136 0.000000 0.000000 0.000000 151.580984 0.000000 160.996027 157.017873 165.509911 103.459745 165.772746 0.000000 154.479078 0.000000 177.835737 0.000000 0.000000 0.000000 0.000000 0.000000 166.724919 0.000000 0.000000 0.000000 137.170992 0.000000 0.000000 0.000000 161.726349 206.983758 0.000000 0.000000 0.000000 0.000000 204.863577
0.000000 137.412700 0.000000 117.093877 0.000000 10.186702 113.017171 0.000000 59.628176 132.434466 53.951283 0.000000 83.317103 0.000000 24.554284 0.000000 0.000000 0.000000 0.000000 0.000000 0.000000 114.250414 0.000000 100.448448 171.163062 136.414310 197.699132 116.420962 150.170046 0.000000 0.000000 14.560508 0.000000 11.776926 0.000000 0.000000 0.000000 0.000000 0.000000 0.000000 0.000000 0.000000 0.000000 0.000000 0.000000 0.000000 0.000000 0.000000 0.000000 0.000000 0.000000 0.000000 0.000000 0.000000 0.000000 0.000000 0.000000 0.000000 0.000000 0.000000 0.000000 0.000000 0.000000 0.000000 0.000000 0.000000 0.000000 0.000000
74.413467 150.307413 161.346173 62.229553 10.186702 0.000000 66.337853 19.535410 88.644721 36.946437 75.025818 40.413601 101.044947 73.209878 30.681620 0.000000 176.528710 102.691170 154.730304 55.420206 0.000000 127.037665 153.323267 84.605898 105.852039 145.696963 166.868053 70.017196 97.427125 0.000000 0.000000 28.950899 0.000000 40.379645 0.000000 0.000000 0.000000 173.616100 0.000000 0.000000 169.639641 192.436960 0.000000 178.449131 0.000000 0.000000 0.000000 0.000000 0.000000 0.000000 0.000000 0.000000 0.000000 0.000000 0.000000 0.000000 0.000000 140.398109 0.000000 0.000000 0.000000 177.387200 0.000000 0.000000 0.000000 0.000000 0.000000 0.000000
27.379016 0.000000 109.926408 51.099609 113.017171 66.337853 0.000000 62.269345 63.369923 22.631905 131.755479 65.957337 0.000000 34.490228 103.264534 76.108619 123.912225 165.676176 139.810871 64.929650 84.615246 62.167434 91.739373 50.585179 0.000000 127.202130 123.519974 38.765306 91.420982 18.573184 0.000000 126.165121 85.687454 87.941988 0.000000 0.000000 0.000000 151.667952 0.000000 0.000000 137.317337 158.094536 73.002381 151.376029 0.000000 141.129956 0.000000 170.211118 0.000000 0.000000 0.000000 0.000000 0.000000 157.008571 0.000000 0.000000 0.000000 129.857453 0.000000 0.000000 0.000000 147.143572 181.270267 0.000000 0.000000 0.000000 0.000000 181.708325
46.311606 154.130820 132.599518 109.593503 0.000000 19.535410 62.269345 0.000000 84.494397 55.248224 98.542723 106.787147 99.116668 22.458801 42.349784 0.000000 142.941218 144.689683 154.107480 101.424269 111.436210 109.653836 118.638517 94.956523 98.924981 139.182064 148.510530 102.266684 51.355605 80.814630 119.023249 30.373790 0.000000 78.384381 0.000000 0.000000 0.000000 170.345053 0.000000 185.879944 158.756607 173.129183 95.419554 166.242533 0.000000 0.000000 0.000000 183.657264 0.000000 0.000000 0.000000 0.000000 0.000000 170.261823 0.000000 0.000000 0.000000 146.169399 0.000000 0.000000 0.000000 162.591351 196.092976 0.000000 0.000000 0.000000 0.000000 185.880133
63.058954 77.071044 114.630545 70.666508 59.628176 88.644721 63.369923 84.494397 0.000000 77.416913 0.000000 34.742883 137.268545 83.224946 45.098049 42.219464 0.000000 0.000000 0.000000 51.888017 53.523500 39.831189 112.531654 37.058128 99.874975 132.419397 131.289361 59.076255 83.776148 55.769807 146.244956 91.149699 72.073982 81.195948 0.000000 0.000000 0.000000 91.970482 0.000000 0.000000 85.951250 95.000435 0.000000 92.617795 0.000000 86.890593 0.000000 100.182069 0.000000 0.000000 0.000000 0.000000 0.000000 85.602989 0.000000 32.621581 0.000000 68.726315 0.000000 185.730862 0.000000 81.917513 105.822442 0.000000 0.000000 0.000000 0.000000 88.571184
71.733328 0.000000 125.348382 28.733794 132.434466 36.946437 22.631905 55.248224 77.416913 0.000000 154.914472 23.687169 167.621652 58.770591 81.136670 0.000000 136.203055 173.037436 160.888073 24.075651 100.398737 0.000000 110.926267 48.859763 0.000000 138.598550 156.460407 33.701804 104.182961 76.588353 0.000000 136.539430 97.675067 93.998567 0.000000 0.000000 0.000000 167.701889 0.000000 164.418951 151.940183 168.671392 104.939202 168.310315 0.000000 161.962157 0.000000 181.096689 0.000000 0.000000 0.000000 0.000000 0.000000 167.254035 0.000000 0.000000 0.000000 137.328973 0.000000 0.000000 0.000000 165.167805 194.636138 0.000000 0.000000 0.000000 0.000000 0.000000
119.291232 69.565652 109.239179 0.000000 53.951283 75.025818 131.755479 98.542723 0.000000 154.914472 0.000000 150.721295 28.277830 103.039989 0.000000 119.622517 60.084911 26.497496 26.853687 0.000000 87.786565 92.129573 107.225580 157.808399 34.273412 37.048301 61.411123 162.265087 78.548544 100.514940 40.947772 58.632425 122.105884 26.940567 0.000000 112.804210 0.000000 0.000000 0.000000 0.000000 0.000000 0.000000 0.000000 0.000000 68.211174 0.000000 85.543459 0.000000 0.000000 0.000000 0.000000 107.317480 0.000000 0.000000 0.000000 0.000000 0.000000 0.000000 92.008360 104.039034 115.675556 0.000000 0.000000 0.000000 106.765470 0.000000 0.000000 71.407904
82.978370 0.000000 0.000000 39.899216 0.000000 40.413601 65.957337 106.787147 34.742883 23.687169 150.721295 0.000000 0.000000 108.017414 71.282704 0.000000 0.000000 0.000000 178.975366 24.264197 0.000000 0.000000 0.000000 30.177485 0.000000 185.567579 181.462305 49.377740 111.437890 0.000000 0.000000 137.578609 0.000000 101.234820 0.000000 0.000000 0.000000 124.563876 0.000000 0.000000 151.600703 0.000000 0.000000 135.306621 0.000000 124.807573 0.000000 0.000000 0.000000 0.000000 0.000000 0.000000 0.000000 0.000000 0.000000 0.000000 0.000000 126.698184 0.000000 0.000000 0.000000 137.072449 0.000000 0.000000 0.000000 0.000000 0.000000 0.000000
0.000000 56.972702 0.000000 0.000000 83.317103 101.044947 0.000000 99.116668 137.268545 167.621652 28.277830 0.000000 0.000000 93.084329 0.000000 0.000000 168.759175 55.617861 0.000000 0.000000 0.000000 93.606455 0.000000 145.619610 25.263406 29.374837 33.971433 0.000000 81.802130 0.000000 24.947605 76.817372 0.000000 29.791304 0.000000 96.050209 0.000000 0.000000 0.000000 0.000000 0.000000 137.049423 0.000000 0.000000 75.770242 0.000000 84.062257 0.000000 0.000000 0.000000 0.000000 97.804609 126.874177 0.000000 0.000000 0.000000 0.000000 197.261876 70.722260 98.247569 111.107268 0.000000 102.754941 0.000000 99.365891 0.000000 0.000000 109.748660
16.696779 139.028580 126.242583 118.919873 0.000000 73.209878 34.490228 22.458801 83.224946 58.770591 103.039989 108.017414 93.084329 0.000000 0.000000 0.000000 134.735523 130.287276 144.740175 100.586476 98.016931 0.000000 109.320820 98.651612 0.000000 130.682259 139.217029 112.655834 29.703392 67.783107 117.469878 18.448586 0.000000 80.434412 0.000000 0.000000 0.000000 186.147642 0.000000 0.000000 161.372569 185.541842 0.000000 176.776071 0.000000 0.000000 121.303278 181.222759 0.000000 0.000000 0.000000 0.000000 0.000000 0.000000 0.000000 0.000000 0.000000 159.671134 0.000000 0.000000 0.000000 168.982688 202.203044 0.000000 0.000000 0.000000 0.000000 0.000000
0.000000 129.868282 0.000000 100.814584 24.554284 30.681620 103.264534 42.349784 45.098049 81.136670 0.000000 71.282704 0.000000 0.000000 0.000000 0.000000 0.000000 0.000000 0.000000 0.000000 0.000000 98.972843 0.000000 81.081047 153.929710 136.696222 184.950906 96.916549 0.000000 0.000000 0.000000 38.216321 0.000000 0.000000 0.000000 0.000000 0.000000 0.000000 0.000000 0.000000 0.000000 0.000000 0.000000 0.000000 0.000000 0.000000 0.000000 0.000000 0.000000 0.000000 0.000000 0.000000 0.000000 0.000000 0.000000 0.000000 0.000000 0.000000 0.000000 0.000000 0.000000 0.000000 0.000000 0.000000 0.000000 0.000000 0.000000 0.000000
0.000000 0.000000 0.000000 0.000000 0.000000 0.000000 76.108619 0.000000 42.219464 0.000000 119.622517 0.000000 0.000000 0.000000 0.000000 0.000000 93.195647 0.000000 111.617912 0.000000 43.456325 37.685165 15.621452 27.676634 0.000000 97.761046 29.383040 39.336189 0.000000 108.128349 128.409482 0.000000 0.000000 85.749716 0.000000 0.000000 0.000000 0.000000 0.000000 0.000000 0.000000 0.000000 0.000000 0.000000 0.000000 0.000000 0.000000 0.000000 0.000000 104.410063 0.000000 0.000000 0.000000 0.000000 120.205571 54.418421 108.159862 118.680119 0.000000 184.410095 104.721308 119.100442 140.824836 120.529620 0.000000 0.000000 0.000000 123.353546
109.493975 62.117319 53.079835 0.000000 0.000000 176.528710 123.912225 142.941218 0.000000 136.203055 60.084911 0.000000 168.759175 134.735523 0.000000 93.195647 0.000000 56.357195 27.801991 0.000000 55.950356 0.000000 38.067628 151.655939 0.000000 37.838786 71.313781 103.032900 123.373964 76.805764 0.000000 157.361974 0.000000 37.627333 0.000000 67.949312 107.332030 0.000000 0.000000 0.000000 0.000000 0.000000 0.000000 0.000000 0.000000 0.000000 0.000000 0.000000 0.000000 0.000000 122.939423 0.000000 135.303847 0.000000 162.020176 0.000000 127.699798 0.000000 0.000000 113.903945 114.145048 167.677069 0.000000 0.000000 0.000000 0.000000 0.000000 0.000000
138.003363 0.000000 97.092961 0.000000 0.000000 102.691170 165.676176 144.689683 0.000000 173.037436 26.497496 0.000000 55.617861 130.287276 0.000000 0.000000 56.357195 0.000000 19.560578 0.000000 0.000000 0.000000 112.681216 0.000000 44.344409 23.356413 67.577828 137.759452 100.381335 118.059559 58.217609 92.397690 0.000000 56.293906 0.000000 0.000000 0.000000 0.000000 0.000000 0.000000 0.000000 0.000000 0.000000 0.000000 93.805556 0.000000 96.038722 0.000000 0.000000 0.000000 0.000000 99.968649 0.000000 0.000000 0.000000 0.000000 0.000000 0.000000 0.000000 103.491053 110.986925 0.000000 0.000000 0.000000 99.478315 0.000000 0.000000 0.000000
129.300388 70.926199 78.226136 0.000000 0.000000 154.730304 139.810871 154.107480 0.000000 160.888073 26.853687 178.975366 0.000000 144.740175 0.000000 111.617912 27.801991 19.560578 0.000000 0.000000 84.813559 102.679906 86.068662 148.844436 53.454419 34.736463 68.443467 121.742291 123.810657 97.555175 67.596643 101.298693 128.512933 56.478279 0.000000 69.054537 115.452842 0.000000 0.000000 0.000000 0.000000 0.000000 0.000000 0.000000 0.000000 0.000000 124.727130 0.000000 0.000000 0.000000 113.414996 0.000000 113.032787 0.000000 0.000000 0.000000 0.000000 0.000000 0.000000 104.403704 112.220557 0.000000 0.000000 0.000000 112.178603 0.000000 0.000000 0.000000
90.075803 0.000000 0.000000 18.882245 0.000000 55.420206 64.929650 101.424269 51.888017 24.075651 0.000000 24.264197 0.000000 100.586476 0.000000 0.000000 0.000000 0.000000 0.000000 0.000000 0.000000 0.000000 0.000000 20.530784 0.000000 0.000000 0.000000 35.433919 113.496391 0.000000 0.000000 133.617222 0.000000 102.301373 0.000000 0.000000 0.000000 115.863213 0.000000 0.000000 152.716366 172.945520 0.000000 161.029473 0.000000 142.854208 0.000000 0.000000 0.000000 0.000000 0.000000 0.000000 0.000000 0.000000 0.000000 0.000000 0.000000 132.615194 0.000000 0.000000 0.000000 157.125730 0.000000 0.000000 0.000000 0.000000 0.000000 0.000000
71.697976 0.000000 65.792639 0.000000 0.000000 0.000000 84.615246 111.436210 53.523500 100.398737 87.786565 0.000000 0.000000 98.016931 0.000000 43.456325 55.950356 0.000000 84.813559 0.000000 0.000000 54.237823 28.779334 50.204795 0.000000 85.302203 63.708409 24.492265 76.945655 32.512232 0.000000 0.000000 72.710248 65.867117 136.172117 0.000000 0.000000 0.000000 0.000000 0.000000 163.605615 156.376974 0.000000 0.000000 0.000000 0.000000 0.000000 153.252933 0.000000 123.030227 0.000000 0.000000 0.000000 0.000000 127.827402 69.941018 123.032590 124.301885 0.000000 0.000000 0.000000 130.415573 150.502963 126.354742 0.000000 0.000000 0.000000 136.591851
0.000000 22.971845 71.413100 0.000000 114.250414 127.037665 62.167434 109.653836 39.831189 0.000000 92.129573 0.000000 93.606455 0.000000 98.972843 37.685165 0.000000 0.000000 102.679906 0.000000 54.237823 0.000000 49.665135 34.525269 56.502446 91.021799 36.176261 54.127165 100.445426 58.278161 102.837717 138.289068 0.000000 109.116942 0.000000 0.000000 55.405012 0.000000 0.000000 0.000000 0.000000 0.000000 0.000000 0.000000 0.000000 0.000000 0.000000 0.000000 0.000000 53.799098 0.000000 0.000000 0.000000 0.000000 71.451410 14.557060 62.676833 79.345975 0.000000 137.764587 46.650451 83.695868 83.649640 75.407494 0.000000 0.000000 0.000000 0.000000
84.852129 45.728326 42.831544 0.000000 0.000000 153.323267 91.739373 118.638517 112.531654 110.926267 107.225580 0.000000 0.000000 109.320820 0.000000 15.621452 38.067628 112.681216 86.068662 0.000000 28.779334 49.665135 0.000000 69.880830 0.000000 56.879554 46.278131 66.739274 91.554896 52.788994 0.000000 0.000000 92.264929 40.860086 0.000000 0.000000 102.588480 0.000000 0.000000 0.000000 0.000000 0.000000 0.000000 0.000000 0.000000 0.000000 0.000000 0.000000 0.000000 108.308273 119.854361 0.000000 0.000000 0.000000 127.132639 62.350597 111.038129 127.215383 0.000000 0.000000 103.912060 133.940930 141.699427 121.689935 0.000000 0.000000 0.000000 137.623639
71.807442 86.386313 99.738209 17.676206 100.448448 84.605898 50.585179 94.956523 37.058128 48.859763 157.808399 30.177485 145.619610 98.651612 81.081047 27.676634 151.655939 0.000000 148.844436 20.530784 50.204795 34.525269 69.880830 0.000000 115.440510 134.476337 87.426217 20.310671 90.703467 68.231648 157.520654 118.944142 77.459153 89.875374 157.887087 0.000000 0.000000 135.863040 0.000000 141.144965 125.891749 143.234201 60.831021 134.569653 0.000000 122.700805 0.000000 148.026217 0.000000 0.000000 0.000000 0.000000 205.833859 135.178621 127.682152 58.562265 156.755603 113.665628 0.000000 199.041669 172.125653 131.578905 154.212634 128.632818 0.000000 0.000000 0.000000 143.098120
0.000000 31.251916 0.000000 0.000000 171.163062 105.852039 0.000000 98.924981 99.874975 0.000000 34.273412 0.000000 25.263406 0.000000 153.929710 0.000000 0.000000 44.344409 53.454419 0.000000 0.000000 56.502446 0.000000 115.440510 0.000000 40.138443 35.843544 0.000000 120.753588 0.000000 44.130555 96.055252 0.000000 51.991113 0.000000 0.000000 0.000000 0.000000 0.000000 0.000000 0.000000 0.000000 0.000000 0.000000 56.813531 0.000000 27.139843 0.000000 0.000000 0.000000 0.000000 0.000000 0.000000 0.000000 0.000000 0.000000 0.000000 0.000000 0.000000 83.458332 71.704425 0.000000 0.000000 0.000000 96.569966 0.000000 0.000000 0.000000
120.437783 50.950383 36.893448 157.714300 136.414310 145.696963 127.202130 139.182064 132.419397 138.598550 37.048301 185.567579 29.374837 130.682259 136.696222 97.761046 37.838786 23.356413 34.736463 0.000000 85.302203 91.021799 56.879554 134.476337 40.138443 0.000000 38.622329 126.694364 106.344258 92.716816 17.895714 100.191645 0.000000 64.843566 0.000000 65.519263 94.975912 0.000000 0.000000 0.000000 0.000000 0.000000 0.000000 0.000000 115.444614 0.000000 99.908646 0.000000 0.000000 168.666908 110.255418 107.615926 108.927151 0.000000 187.273397 0.000000 117.712778 192.069184 74.431436 99.857715 103.048625 201.753747 0.000000 0.000000 104.808674 0.000000 0.000000 125.617939
161.567732 32.418231 31.270679 0.000000 197.699132 166.868053 123.519974 148.510530 131.289361 156.460407 61.411123 181.462305 33.971433 139.217029 184.950906 29.383040 71.313781 67.577828 68.443467 0.000000 63.708409 36.176261 46.278131 87.426217 35.843544 38.622329 0.000000 87.768533 117.534874 122.970593 35.705179 122.591163 0.000000 70.706420 0.000000 53.060142 93.183688 0.000000 0.000000 0.000000 183.906495 0.000000 0.000000 179.062518 107.425055 0.000000 111.051310 196.355994 0.000000 100.945961 111.005729 113.473534 109.560254 0.000000 142.378480 53.003921 102.769182 186.300406 83.878767 101.632461 99.811943 189.953065 0.000000 0.000000 115.304921 0.000000 0.000000 127.784341
84.878625 97.239540 100.046343 18.382698 116.420962 70.017196 38.765306 102.266684 59.076255 33.701804 162.265087 49.377740 0.000000 112.655834 96.916549 39.336189 103.032900 137.759452 121.742291 35.433919 24.492265 54.127165 66.739274 20.310671 0.000000 126.694364 87.768533 0.000000 101.758036 26.350458 166.313031 137.015308 78.144719 73.319442 148.839362 0.000000 0.000000 159.501863 0.000000 166.266479 140.617021 159.958206 79.686133 157.800953 0.000000 153.478847 0.000000 153.263333 0.000000 0.000000 0.000000 0.000000 0.000000 159.702553 135.138215 0.000000 166.671932 130.797161 0.000000 0.000000 169.311680 151.153748 166.177968 143.972883 0.000000 0.000000 0.000000 156.840805
20.864229 148.019015 136.601320 119.725888 150.170046 97.427125 91.420982 51.355605 83.776148 104.182961 78.548544 111.437890 81.802130 29.703392 0.000000 0.000000 123.373964 100.381335 123.810657 113.496391 76.945655 100.445426 91.554896 90.703467 120.753588 106.344258 117.534874 101.758036 0.000000 38.922933 102.140719 12.454613 21.877669 45.933469 161.054828 0.000000 0.000000 189.977930 0.000000 0.000000 174.672566 179.870926 100.765943 180.589213 104.634827 0.000000 112.406063 174.334321 0.000000 0.000000 0.000000 0.000000 0.000000 0.000000 0.000000 0.000000 0.000000 148.637179 0.000000 212.225807 209.486330 167.145451 189.571645 0.000000 0.000000 0.000000 0.000000 163.438073
41.105381 0.000000 79.814714 0.000000 0.000000 0.000000 18.573184 80.814630 55.769807 76.588353 100.514940 0.000000 0.000000 67.783107 0.000000 108.128349 76.805764 118.059559 97.555175 0.000000 32.512232 58.278161 52.788994 68.231648 0.000000 92.716816 122.970593 26.350458 38.922933 0.000000 0.000000 0.000000 30.932367 52.153953 0.000000 0.000000 0.000000 0.000000 0.000000 0.000000 0.000000 0.000000 0.000000 0.000000 0.000000 0.000000 0.000000 0.000000 0.000000 123.787033 0.000000 0.000000 0.000000 0.000000 123.150834 0.000000 110.687920 124.445590 0.000000 0.000000 0.000000 126.005144 154.982604 121.511459 0.000000 0.000000 0.000000 0.000000
0.000000 73.280333 0.000000 0.000000 0.000000 0.000000 0.000000 119.023249 146.244956 0.000000 40.947772 0.000000 24.947605 117.469878 0.000000 128.409482 0.000000 58.217609 67.596643 0.000000 0.000000 102.837717 0.000000 157.520654 44.130555 17.895714 35.705179 166.313031 102.140719 0.000000 0.000000 109.133580 0.000000 73.493386 0.000000 0.000000 0.000000 0.000000 0.000000 0.000000 0.000000 0.000000 0.000000 0.000000 106.010220 0.000000 104.069762 0.000000 0.000000 0.000000 0.000000 106.951560 117.577393 0.000000 0.000000 0.000000 0.000000 200.077484 90.062290 105.867830 113.410738 0.000000 0.000000 0.000000 111.810811 0.000000 0.000000 0.000000
77.212373 163.309947 0.000000 137.864232 14.560508 28.950899 126.165121 30.373790 91.149699 136.539430 58.632425 137.578609 76.817372 18.448586 38.216321 0.000000 157.361974 92.397690 101.298693 133.617222 0.000000 138.289068 0.000000 118.944142 96.055252 100.191645 122.591163 137.015308 12.454613 0.000000 109.133580 0.000000 0.000000 22.869201 0.000000 0.000000 0.000000 0.000000 0.000000 0.000000 0.000000 0.000000 0.000000 0.000000 100.042462 0.000000 0.000000 0.000000 0.000000 0.000000 0.000000 0.000000 0.000000 0.000000 0.000000 0.000000 0.000000 0.000000 0.000000 0.000000 0.000000 0.000000 0.000000 0.000000 0.000000 0.000000 0.000000 0.000000
36.240252 136.028049 0.000000 0.000000 0.000000 0.000000 85.687454 0.000000 72.073982 97.675067 122.105884 0.000000 0.000000 0.000000 0.000000 0.000000 0.000000 0.000000 128.512933 0.000000 72.710248 0.000000 92.264929 77.459153 0.000000 0.000000 0.000000 78.144719 21.877669 30.932367 0.000000 0.000000 0.000000 35.621935 0.000000 0.000000 0.000000 0.000000 0.000000 0.000000 160.611536 149.992825 0.000000 159.695371 0.000000 0.000000 0.000000 162.237131 0.000000 0.000000 0.000000 0.000000 0.000000 0.000000 0.000000 0.000000 0.000000 131.959709 0.000000 0.000000 0.000000 152.158730 159.049366 0.000000 0.000000 0.000000 0.000000 0.000000
95.317307 93.371828 63.073769 103.363136 11.776926 40.379645 87.941988 78.384381 81.195948 93.998567 26.940567 101.234820 29.791304 80.434412 0.000000 85.749716 37.627333 56.293906 56.478279 102.301373 65.867117 109.116942 40.860086 89.875374 51.991113 64.843566 70.706420 73.319442 45.933469 52.153953 73.493386 22.869201 35.621935 0.000000 0.000000 0.000000 0.000000 0.000000 0.000000 0.000000 0.000000 165.337864 0.000000 161.590819 71.408196 0.000000 97.043759 176.502923 0.000000 0.000000 0.000000 0.000000 0.000000 0.000000 0.000000 0.000000 0.000000 138.921264 0.000000 152.455276 155.948110 151.168925 168.388802 0.000000 0.000000 0.000000 0.000000 102.231752
0.000000 0.000000 0.000000 0.000000 0.000000 0.000000 0.000000 0.000000 0.000000 0.000000 0.000000 0.000000 0.000000 0.000000 0.000000 0.000000 0.000000 0.000000 0.000000 0.000000 136.172117 0.000000 0.000000 157.887087 0.000000 0.000000 0.000000 148.839362 161.054828 0.000000 0.000000 0.000000 0.000000 0.000000 0.000000 0.000000 98.989099 78.405933 0.000000 105.358587 34.451190 49.691930 70.510436 72.675797 109.355057 84.209477 0.000000 25.555278 0.000000 0.000000 116.362607 129.767614 123.023915 82.370937 56.022548 0.000000 99.223549 76.040194 0.000000 124.112340 142.247925 81.445445 25.430773 21.261295 0.000000 0.000000 0.000000 76.287360
0.000000 0.000000 56.982659 0.000000 0.000000 0.000000 0.000000 0.000000 0.000000 0.000000 112.804210 0.000000 96.050209 0.000000 0.000000 0.000000 67.949312 0.000000 69.054537 0.000000 0.000000 0.000000 0.000000 0.000000 0.000000 65.519263 53.060142 0.000000 0.000000 0.000000 0.000000 0.000000 0.000000 0.000000 0.000000 0.000000 41.343947 0.000000 149.682474 0.000000 0.000000 169.410873 73.206977 0.000000 61.344469 0.000000 50.222569 0.000000 130.520616 0.000000 54.028849 74.517220 53.080937 0.000000 0.000000 34.290552 50.267352 101.908566 29.943629 41.477525 34.274112 134.505094 0.000000 0.000000 64.282733 178.740230 0.000000 0.000000
0.000000 51.423848 98.469357 0.000000 0.000000 0.000000 0.000000 0.000000 0.000000 0.000000 0.000000 0.000000 0.000000 0.000000 0.000000 0.000000 107.332030 0.000000 115.452842 0.000000 0.000000 55.405012 102.588480 0.000000 0.000000 94.975912 93.183688 0.000000 0.000000 0.000000 0.000000 0.000000 0.000000 0.000000 98.989099 41.343947 0.000000 127.120180 0.000000 0.000000 101.530472 131.041582 0.000000 118.490112 82.247577 0.000000 0.000000 111.520244 0.000000 0.000000 47.732818 93.561802 70.003143 0.000000 79.092479 46.799434 34.360733 101.006775 0.000000 31.094722 29.140532 98.586473 145.520679 64.005942 0.000000 0.000000 0.000000 57.328539
0.000000 0.000000 0.000000 151.580984 0.000000 173.616100 151.667952 170.345053 91.970482 167.701889 0.000000 124.563876 0.000000 186.147642 0.000000 0.000000 0.000000 0.000000 0.000000 115.863213 0.000000 0.000000 0.000000 135.863040 0.000000 0.000000 0.000000 159.501863 189.977930 0.000000 0.000000 0.000000 0.000000 0.000000 78.405933 0.000000 127.120180 0.000000 0.000000 82.727911 55.523052 107.703159 74.444413 20.098487 0.000000 36.021338 0.000000 117.052305 107.474820 0.000000 0.000000 0.000000 0.000000 25.364469 0.000000 0.000000 124.683588 26.017956 0.000000 163.043793 0.000000 19.930937 116.673035 0.000000 0.000000 146.786833 0.000000 108.248482
0.000000 0.000000 0.000000 0.000000 0.000000 0.000000 0.000000 0.000000 0.000000 0.000000 0.000000 0.000000 0.000000 0.000000 0.000000 0.000000 0.000000 0.000000 0.000000 0.000000 0.000000 0.000000 0.000000 0.000000 0.000000 0.000000 0.000000 0.000000 0.000000 0.000000 0.000000 0.000000 0.000000 0.000000 0.000000 149.682474 0.000000 0.000000 0.000000 13.045272 116.798461 15.948036 54.021102 0.000000 0.000000 51.724036 0.000000 62.800447 22.220505 0.000000 0.000000 0.000000 0.000000 0.000000 0.000000 117.510436 0.000000 97.926011 0.000000 0.000000 183.338441 120.561013 0.000000 0.000000 0.000000 14.595046 0.000000 0.000000
0.000000 0.000000 0.000000 160.996027 0.000000 0.000000 0.000000 185.879944 0.000000 164.418951 0.000000 0.000000 0.000000 0.000000 0.000000 0.000000 0.000000 0.000000 0.000000 0.000000 0.000000 0.000000 0.000000 141.144965 0.000000 0.000000 0.000000 166.266479 0.000000 0.000000 0.000000 0.000000 0.000000 0.000000 105.358587 0.000000 0.000000 82.727911 13.045272 0.000000 65.215995 15.929827 73.623291 41.382966 85.867260 41.527492 116.831873 45.861023 29.636477 0.000000 0.000000 121.586296 161.162721 59.716299 0.000000 0.000000 0.000000 72.112415 0.000000 138.127350 176.658322 76.206381 66.982449 0.000000 0.000000 33.278349 0.000000 36.157551
0.000000 0.000000 0.000000 157.017873 0.000000 169.639641 137.317337 158.756607 85.951250 151.940183 0.000000 151.600703 0.000000 161.372569 0.000000 0.000000 0.000000 0.000000 0.000000 152.716366 163.605615 0.000000 0.000000 125.891749 0.000000 0.000000 183.906495 140.617021 174.672566 0.000000 0.000000 0.000000 160.611536 0.000000 34.451190 0.000000 101.530472 55.523052 116.798461 65.215995 0.000000 62.950849 61.605478 30.953753 128.308990 89.772937 174.241092 41.970784 101.367517 0.000000 116.007637 133.790644 121.794841 84.285860 73.212550 84.186729 88.707641 54.588136 0.000000 122.693226 136.864123 37.972262 86.279619 18.648622 168.724935 136.801413 0.000000 92.478534
0.000000 0.000000 0.000000 165.509911 0.000000 192.436960 158.094536 173.129183 95.000435 168.671392 0.000000 0.000000 137.049423 185.541842 0.000000 0.000000 0.000000 0.000000 0.000000 172.945520 156.376974 0.000000 0.000000 143.234201 0.000000 0.000000 0.000000 159.958206 179.870926 0.000000 0.000000 0.000000 149.992825 165.337864 49.691930 169.410873 131.041582 107.703159 15.948036 15.929827 62.950849 0.000000 82.347371 58.010798 94.472908 102.121594 103.421106 21.138327 39.079905 0.000000 147.567997 144.384359 152.467957 105.152649 100.710667 0.000000 122.848834 92.922994 0.000000 136.789736 160.532974 98.464343 43.114587 83.767148 115.757893 28.645121 0.000000 51.303141
0.000000 0.000000 0.000000 103.459745 0.000000 0.000000 73.002381 95.419554 0.000000 104.939202 0.000000 0.000000 0.000000 0.000000 0.000000 0.000000 0.000000 0.000000 0.000000 0.000000 0.000000 0.000000 0.000000 60.831021 0.000000 0.000000 0.000000 79.686133 100.765943 0.000000 0.000000 0.000000 0.000000 0.000000 70.510436 73.206977 0.000000 74.444413 54.021102 73.623291 61.605478 82.347371 0.000000 74.277444 0.000000 64.396236 115.717193 83.022031 38.725684 0.000000 0.000000 0.000000 0.000000 70.271761 56.891435 38.453456 0.000000 48.184963 106.440523 127.427055 112.401586 60.824462 93.678443 60.375992 0.000000 67.305771 0.000000 86.087352
0.000000 0.000000 0.000000 165.772746 0.000000 178.449131 151.376029 166.242533 92.617795 168.310315 0.000000 135.306621 0.000000 176.776071 0.000000 0.000000 0.000000 0.000000 0.000000 161.029473 0.000000 0.000000 0.000000 134.569653 0.000000 0.000000 179.062518 157.800953 180.589213 0.000000 0.000000 0.000000 159.695371 161.590819 72.675797 0.000000 118.490112 20.098487 0.000000 41.382966 30.953753 58.010798 74.277444 0.000000 152.190848 24.880185 176.000410 46.634953 84.540524 0.000000 145.248018 166.155177 152.387910 16.315092 112.071608 0.000000 112.280926 51.687342 0.000000 152.163152 177.088780 34.460551 111.157761 0.000000 192.899558 139.416365 0.000000 106.603252
0.000000 0.000000 0.000000 0.000000 0.000000 0.000000 0.000000 0.000000 0.000000 0.000000 68.211174 0.000000 75.770242 0.000000 0.000000 0.000000 0.000000 93.805556 0.000000 0.000000 0.000000 0.000000 0.000000 0.000000 56.813531 115.444614 107.425055 0.000000 104.634827 0.000000 106.010220 100.042462 0.000000 71.408196 109.355057 61.344469 82.247577 0.000000 0.000000 85.867260 128.308990 94.472908 0.000000 152.190848 0.000000 152.363073 24.147031 99.188447 0.000000 0.000000 64.874332 19.818412 23.376570 162.618914 94.843092 90.750152 69.113943 151.448183 29.114070 34.328061 60.328880 160.234234 63.462286 97.156031 41.228487 38.071579 0.000000 20.688300
0.000000 0.000000 0.000000 154.479078 0.000000 0.000000 141.129956 0.000000 86.890593 161.962157 0.000000 124.807573 0.000000 0.000000 0.000000 0.000000 0.000000 0.000000 0.000000 142.854208 0.000000 0.000000 0.000000 122.700805 0.000000 0.000000 0.000000 153.478847 0.000000 0.000000 0.000000 0.000000 0.000000 0.000000 84.209477 0.000000 0.000000 36.021338 51.724036 41.527492 89.772937 102.121594 64.396236 24.880185 152.363073 0.000000 171.778973 114.357874 35.559860 0.000000 0.000000 174.560692 160.207291 21.577153 0.000000 0.000000 0.000000 35.034498 0.000000 177.708367 179.843785 53.029014 115.178505 0.000000 189.699244 99.281392 0.000000 109.075654
0.000000 0.000000 0.000000 0.000000 0.000000 0.000000 0.000000 0.000000 0.000000 0.000000 85.543459 0.000000 84.062257 121.303278 0.000000 0.000000 0.000000 96.038722 124.727130 0.000000 0.000000 0.000000 0.000000 0.000000 27.139843 99.908646 111.051310 0.000000 112.406063 0.000000 104.069762 0.000000 0.000000 97.043759 0.000000 50.222569 0.000000 0.000000 0.000000 116.831873 174.241092 103.421106 115.717193 176.000410 24.147031 171.778973 0.000000 102.691539 174.135800 0.000000 105.709427 48.683030 80.183914 0.000000 0.000000 75.172021 0.000000 139.760066 26.426514 39.897963 39.721499 182.648007 74.685321 0.000000 25.174421 75.766121 0.000000 44.675249
0.000000 0.000000 0.000000 177.835737 0.000000 0.000000 170.211118 183.657264 100.182069 181.096689 0.000000 0.000000 0.000000 181.222759 0.000000 0.000000 0.000000 0.000000 0.000000 0.000000 153.252933 0.000000 0.000000 148.026217 0.000000 0.000000 196.355994 153.263333 174.334321 0.000000 0.000000 0.000000 162.237131 176.502923 25.555278 0.000000 111.520244 117.052305 62.800447 45.861023 41.970784 21.138327 83.022031 46.634953 99.188447 114.357874 102.691539 0.000000 45.934148 0.000000 136.568559 139.477745 138.435911 119.101243 89.280324 107.814514 107.967478 93.170528 81.152370 133.959429 149.756107 100.919302 31.374492 72.383733 121.261047 17.709235 0.000000 62.896278
0.000000 0.000000 0.000000 0.000000 0.000000 0.000000 0.000000 0.000000 0.000000 0.000000 0.000000 0.000000 0.000000 0.000000 0.000000 0.000000 0.000000 0.000000 0.000000 0.000000 0.000000 0.000000 0.000000 0.000000 0.000000 0.000000 0.000000 0.000000 0.000000 0.000000 0.000000 0.000000 0.000000 0.000000 0.000000 130.520616 0.000000 107.474820 22.220505 29.636477 101.367517 39.079905 38.725684 84.540524 0.000000 35.559860 174.135800 45.934148 0.000000 0.000000 0.000000 0.000000 0.000000 0.000000 0.000000 98.777155 0.000000 74.400569 149.220279 146.760984 157.748809 96.323415 61.496667 0.000000 183.280811 42.809923 0.000000 51.032063
0.000000 0.000000 103.659328 0.000000 0.000000 0.000000 0.000000 0.000000 0.000000 0.000000 0.000000 0.000000 0.000000 0.000000 0.000000 104.410063 0.000000 0.000000 0.000000 0.000000 123.030227 53.799098 108.308273 0.000000 0.000000 168.666908 100.945961 0.000000 0.000000 123.787033 0.000000 0.000000 0.000000 0.000000 0.000000 0.000000 0.000000 0.000000 0.000000 0.000000 0.000000 0.000000 0.000000 0.000000 0.000000 0.000000 0.000000 0.000000 0.000000 0.000000 107.852603 128.595029 110.700365 0.000000 57.681535 41.512306 14.634979 39.456387 0.000000 103.207887 65.917325 48.208037 0.000000 81.438132 0.000000 0.000000 0.000000 83.319070
0.000000 68.590200 108.493581 0.000000 0.000000 0.000000 0.000000 0.000000 0.000000 0.000000 0.000000 0.000000 0.000000 0.000000 0.000000 0.000000 122.939423 0.000000 113.414996 0.000000 0.000000 0.000000 119.854361 0.000000 0.000000 110.255418 111.005729 0.000000 0.000000 0.000000 0.000000 0.000000 0.000000 0.000000 116.362607 54.028849 47.732818 0.000000 0.000000 0.000000 116.007637 147.567997 0.000000 145.248018 64.874332 0.000000 105.709427 136.568559 0.000000 107.852603 0.000000 54.761353 20.570723 0.000000 59.506917 0.000000 37.936842 136.123559 0.000000 44.387395 70.188072 123.156315 135.497516 70.431946 0.000000 0.000000 0.000000 25.006566
0.000000 0.000000 0.000000 0.000000 0.000000 0.000000 0.000000 0.000000 0.000000 0.000000 107.317480 0.000000 97.804609 0.000000 0.000000 0.000000 0.000000 99.968649 0.000000 0.000000 0.000000 0.000000 0.000000 0.000000 0.000000 107.615926 113.473534 0.000000 0.000000 0.000000 106.951560 0.000000 0.000000 0.000000 129.767614 74.517220 93.561802 0.000000 0.000000 121.586296 133.790644 144.384359 0.000000 166.155177 19.818412 174.560692 48.683030 139.477745 0.000000 128.595029 54.761353 0.000000 21.309439 0.000000 93.042344 0.000000 76.380501 172.973580 40.559457 26.883242 74.167876 150.026176 124.762143 103.072452 47.686885 0.000000 0.000000 49.393056
0.000000 64.266586 0.000000 0.000000 0.000000 0.000000 0.000000 0.000000 0.000000 0.000000 0.000000 0.000000 126.874177 0.000000 0.000000 0.000000 135.303847 0.000000 113.032787 0.000000 0.000000 0.000000 0.000000 205.833859 0.000000 108.927151 109.560254 0.000000 0.000000 0.000000 117.577393 0.000000 0.000000 0.000000 123.023915 53.080937 70.003143 0.000000 0.000000 161.162721 121.794841 152.467957 0.000000 152.387910 23.376570 160.207291 80.183914 138.435911 0.000000 110.700365 20.570723 21.309439 0.000000 0.000000 76.266856 0.000000 60.273100 147.681997 50.811810 30.842110 65.164844 139.143789 131.185231 87.111666 66.910502 0.000000 0.000000 43.519696
0.000000 0.000000 0.000000 166.724919 0.000000 0.000000 157.008571 170.261823 85.602989 167.254035 0.000000 0.000000 0.000000 0.000000 0.000000 0.000000 0.000000 0.000000 0.000000 0.000000 0.000000 0.000000 0.000000 135.178621 0.000000 0.000000 0.000000 159.702553 0.000000 0.000000 0.000000 0.000000 0.000000 0.000000 82.370937 0.000000 0.000000 25.364469 0.000000 59.716299 84.285860 105.152649 70.271761 16.315092 162.618914 21.577153 0.000000 119.101243 0.000000 0.000000 0.000000 0.000000 0.000000 0.000000 0.000000 0.000000 0.000000 35.393639 0.000000 191.795596 0.000000 41.853054 121.263441 0.000000 0.000000 0.000000 0.000000 111.080587
0.000000 0.000000 0.000000 0.000000 0.000000 0.000000 0.000000 0.000000 0.000000 0.000000 0.000000 0.000000 0.000000 0.000000 0.000000 120.205571 162.020176 0.000000 0.000000 0.000000 127.827402 71.451410 127.132639 127.682152 0.000000 187.273397 142.378480 135.138215 0.000000 123.150834 0.000000 0.000000 0.000000 0.000000 56.022548 0.000000 79.092479 0.000000 0.000000 0.000000 73.212550 100.710667 56.891435 112.071608 94.843092 0.000000 0.000000 89.280324 0.000000 57.681535 59.506917 93.042344 76.266856 0.000000 0.000000 56.821527 42.568127 31.833592 0.000000 93.130106 82.386267 30.530106 86.281039 30.279862 0.000000 0.000000 0.000000 53.590520
0.000000 45.365895 0.000000 0.000000 0.000000 0.000000 0.000000 0.000000 32.621581 0.000000 0.000000 0.000000 0.000000 0.000000 0.000000 54.418421 0.000000 0.000000 0.000000 0.000000 69.941018 14.557060 62.350597 58.562265 0.000000 0.000000 53.003921 0.000000 0.000000 0.000000 0.000000 0.000000 0.000000 0.000000 0.000000 34.290552 46.799434 0.000000 117.510436 0.000000 84.186729 0.000000 38.453456 0.000000 90.750152 0.000000 75.172021 107.814514 98.777155 41.512306 0.000000 0.000000 0.000000 0.000000 56.821527 0.000000 52.191872 54.155316 61.610300 76.343991 41.463051 57.269070 75.581111 56.933755 92.640977 133.009825 0.000000 0.000000
0.000000 61.370749 106.109235 0.000000 0.000000 0.000000 0.000000 0.000000 0.000000 0.000000 0.000000 0.000000 0.000000 0.000000 0.000000 108.159862 127.699798 0.000000 0.000000 0.000000 123.032590 62.676833 111.038129 156.755603 0.000000 117.712778 102.769182 166.671932 0.000000 110.687920 0.000000 0.000000 0.000000 0.000000 99.223549 50.267352 34.360733 124.683588 0.000000 0.000000 88.707641 122.848834 0.000000 112.280926 69.113943 0.000000 0.000000 107.967478 0.000000 14.634979 37.936842 76.380501 60.273100 0.000000 42.568127 52.191872 0.000000 61.430654 0.000000 60.546231 65.137462 65.143332 108.141973 43.270120 0.000000 0.000000 0.000000 49.763464
133.138748 0.000000 0.000000 137.170992 0.000000 140.398109 129.857453 146.169399 68.726315 137.328973 0.000000 126.698184 197.261876 159.671134 0.000000 118.680119 0.000000 0.000000 0.000000 132.615194 124.301885 79.345975 127.215383 113.665628 0.000000 192.069184 186.300406 130.797161 148.637179 124.445590 200.077484 0.000000 131.959709 138.921264 76.040194 101.908566 101.006775 26.017956 97.926011 72.112415 54.588136 92.922994 48.184963 51.687342 151.448183 35.034498 139.760066 93.170528 74.400569 39.456387 136.123559 172.973580 147.681997 35.393639 31.833592 54.155316 61.430654 0.000000 124.211558 136.385199 118.324343 33.070513 98.826094 82.040249 153.640424 117.617678 0.000000 102.574120
0.000000 0.000000 0.000000 0.000000 0.000000 0.000000 0.000000 0.000000 0.000000 0.000000 92.008360 0.000000 70.722260 0.000000 0.000000 0.000000 0.000000 0.000000 0.000000 0.000000 0.000000 0.000000 0.000000 0.000000 0.000000 74.431436 83.878767 0.000000 0.000000 0.000000 90.062290 0.000000 0.000000 0.000000 0.000000 29.943629 0.000000 0.000000 0.000000 0.000000 0.000000 0.000000 106.440523 0.000000 29.114070 0.000000 26.426514 81.152370 149.220279 0.000000 0.000000 40.559457 50.811810 0.000000 0.000000 61.610300 0.000000 124.211558 0.000000 37.934150 36.076406 0.000000 63.001404 0.000000 44.161048 88.890497 0.000000 33.743964
0.000000 57.354494 114.062237 0.000000 0.000000 0.000000 0.000000 0.000000 185.730862 0.000000 104.039034 0.000000 98.247569 0.000000 0.000000 184.410095 113.903945 103.491053 104.403704 0.000000 0.000000 137.764587 0.000000 199.041669 83.458332 99.857715 101.632461 0.000000 212.225807 0.000000 105.867830 0.000000 0.000000 152.455276 124.112340 41.477525 31.094722 163.043793 0.000000 138.127350 122.693226 136.789736 127.427055 152.163152 34.328061 177.708367 39.897963 133.959429 146.760984 103.207887 44.387395 26.883242 30.842110 191.795596 93.130106 76.343991 60.546231 136.385199 37.934150 0.000000 46.486595 129.879522 125.925996 97.892893 32.596983 121.216523 0.000000 60.283332
