0.000000 0.000000 0.000240 0.000187 0.000000 0.000253 0.016880 0.003707 0.000707 0.001867 0.000627 0.000240 0.000000 0.092707 0.000000 0.000000 0.002667 0.000120 0.001387 0.000107 0.001467 0.000000 0.001813 0.000400 0.000000 0.000667 0.000280 0.000893 0.089973 0.011440 0.000000 0.000160 0.000067 0.000307 0.000000 0.000000 0.000000 0.000000 0.000000 0.000000 0.000000 0.000000 0.000000 0.000000 0.000000 0.000000 0.000000 0.000000 0.000000 0.000000 0.000000 0.000000 0.000000 0.000000 0.000000 0.000000 0.000000 0.000067 0.000000 0.000000 0.000000 0.000173 0.000107 0.000000 0.000000 0.000000 0.000000 0.000000
0.000000 0.000000 0.001560 0.000000 0.000760 0.000213 0.000000 0.000067 0.005187 0.000000 0.000547 0.000000 0.003093 0.000067 0.000440 0.000000 0.000213 0.000000 0.000333 0.000000 0.000000 0.007747 0.000093 0.014200 0.008333 0.004867 0.068160 0.000293 0.000653 0.000000 0.000840 0.000307 0.000133 0.000253 0.000000 0.000000 0.000387 0.000000 0.000000 0.000000 0.000000 0.000000 0.000000 0.000000 0.000000 0.000000 0.000000 0.000000 0.000000 0.000000 0.000360 0.000000 0.000227 0.000000 0.000000 0.000080 0.000120 0.000000 0.000000 0.001280 0.004653 0.000000 0.000000 0.000000 0.000000 0.000000 0.000000 0.000080
0.000240 0.001560 0.000000 0.000253 0.000000 0.000413 0.024267 0.002613 0.000173 0.005120 0.000080 0.000000 0.000000 0.001813 0.000000 0.000000 0.078013 0.000227 0.003800 0.000000 0.005347 0.000173 0.157933 0.003533 0.000000 0.097640 0.030280 0.019720 0.000493 0.001480 0.000000 0.000000 0.000000 0.003453 0.000000 0.000213 0.004120 0.000000 0.000000 0.000000 0.000000 0.000000 0.000000 0.000000 0.000000 0.000000 0.000000 0.000000 0.000000 0.000120 0.000520 0.000000 0.000000 0.000000 0.000000 0.000000 0.002640 0.000000 0.000000 0.000240 0.009000 0.000000 0.000000 0.000000 0.000000 0.000000 0.000000 0.000000
0.000187 0.000000 0.000253 0.000000 0.000133 0.001360 0.000973 0.001013 0.005213 0.111987 0.000000 0.025467 0.000000 0.001027 0.000160 0.000000 0.000000 0.000000 0.000000 0.166347 0.000000 0.000000 0.000000 0.040907 0.000000 0.000080 0.000000 0.200840 0.002253 0.000000 0.000000 0.000120 0.000000 0.000507 0.000000 0.000000 0.000000 0.001813 0.000000 0.000173 0.000707 0.000440 0.000133 0.001973 0.000000 0.000947 0.000000 0.000107 0.000000 0.000000 0.000000 0.000000 0.000000 0.000360 0.000000 0.000000 0.000000 0.001147 0.000000 0.000000 0.000000 0.004573 0.000093 0.000000 0.000000 0.000000 0.000000 0.000067
0.000000 0.000760 0.000000 0.000133 0.000000 0.012907 0.000160 0.000000 0.001147 0.000120 0.000520 0.000000 0.000200 0.000000 0.014867 0.000000 0.000000 0.000000 0.000000 0.000000 0.000000 0.000333 0.000000 0.001000 0.000160 0.000080 0.000093 0.000920 0.000133 0.000000 0.000000 0.011613 0.000000 0.005787 0.000000 0.000000 0.000000 0.000000 0.000000 0.000000 0.000000 0.000000 0.000000 0.000000 0.000000 0.000000 0.000000 0.000000 0.000000 0.000000 0.000000 0.000000 0.000000 0.000000 0.000000 0.000000 0.000000 0.000000 0.000000 0.000000 0.000000 0.000000 0.000000 0.000000 0.000000 0.000000 0.000000 0.000000
0.000253 0.000213 0.000413 0.001360 0.012907 0.000000 0.012787 0.154240 0.000653 0.145347 0.000480 0.022040 0.000227 0.004560 0.010480 0.000000 0.000253 0.000067 0.000160 0.003280 0.000000 0.000120 0.000173 0.001480 0.000067 0.000280 0.000200 0.007853 0.003240 0.000000 0.000000 0.028880 0.000000 0.001547 0.000000 0.000000 0.000000 0.000227 0.000000 0.000000 0.000187 0.000160 0.000000 0.000387 0.000000 0.000000 0.000000 0.000000 0.000000 0.000000 0.000000 0.000000 0.000000 0.000000 0.000000 0.000000 0.000000 0.000120 0.000000 0.000000 0.000000 0.000773 0.000000 0.000000 0.000000 0.000000 0.000000 0.000000
0.016880 0.000000 0.024267 0.000973 0.000160 0.012787 0.000000 0.023573 0.003160 0.167867 0.000133 0.000253 0.000000 0.078747 0.000093 0.000133 0.005960 0.000120 0.001680 0.000240 0.001720 0.000213 0.014960 0.004853 0.000000 0.007267 0.004520 0.165227 0.015000 0.031333 0.000000 0.000280 0.001093 0.002747 0.000000 0.000000 0.000000 0.000507 0.000000 0.000000 0.000453 0.000320 0.000133 0.001280 0.000000 0.000253 0.000000 0.000133 0.000000 0.000000 0.000000 0.000000 0.000000 0.000093 0.000000 0.000000 0.000000 0.000640 0.000000 0.000000 0.000000 0.002880 0.000200 0.000000 0.000000 0.000000 0.000000 0.000067
0.003707 0.000067 0.002613 0.001013 0.000000 0.154240 0.023573 0.000000 0.003853 0.070053 0.001880 0.006307 0.000667 0.223960 0.001080 0.000000 0.007373 0.000560 0.003107 0.002453 0.001760 0.000067 0.004040 0.001280 0.000093 0.003520 0.001373 0.004773 0.014813 0.006933 0.000107 0.019600 0.000000 0.001093 0.000000 0.000000 0.000000 0.000520 0.000000 0.000080 0.001173 0.001080 0.000173 0.001747 0.000000 0.000000 0.000000 0.000480 0.000000 0.000000 0.000000 0.000000 0.000000 0.000093 0.000000 0.000000 0.000000 0.001067 0.000000 0.000000 0.000000 0.003253 0.000493 0.000000 0.000000 0.000000 0.000000 0.000107
0.000707 0.005187 0.000173 0.005213 0.001147 0.000653 0.003160 0.003853 0.000000 0.004720 0.000000 0.000773 0.000267 0.002093 0.000227 0.000720 0.000000 0.000000 0.000000 0.000933 0.002440 0.004560 0.000160 0.058640 0.001187 0.000293 0.001173 0.032693 0.008347 0.002147 0.000213 0.000293 0.000893 0.000440 0.000000 0.000000 0.000000 0.000333 0.000000 0.000000 0.000573 0.000840 0.000000 0.001440 0.000000 0.000400 0.000000 0.001160 0.000000 0.000000 0.000000 0.000000 0.000000 0.000067 0.000000 0.000107 0.000000 0.003307 0.000000 0.000067 0.000000 0.003973 0.001120 0.000000 0.000000 0.000000 0.000000 0.000200
0.001867 0.000000 0.005120 0.111987 0.000120 0.145347 0.167867 0.070053 0.004720 0.000000 0.000173 0.103080 0.000067 0.037040 0.000480 0.000000 0.002627 0.000173 0.000680 0.075133 0.000293 0.000000 0.002680 0.013573 0.000000 0.003267 0.001293 0.312013 0.023467 0.000920 0.000000 0.001040 0.000453 0.004413 0.000000 0.000000 0.000000 0.001440 0.000000 0.000147 0.001067 0.000827 0.000253 0.002640 0.000000 0.000693 0.000000 0.000253 0.000000 0.000000 0.000000 0.000000 0.000000 0.000373 0.000000 0.000000 0.000000 0.001347 0.000000 0.000000 0.000000 0.005747 0.000240 0.000000 0.000000 0.000000 0.000000 0.000000
0.000627 0.000547 0.000080 0.000000 0.000520 0.000480 0.000133 0.001880 0.000000 0.000173 0.000000 0.000120 0.095880 0.002107 0.000000 0.000067 0.003093 0.088027 0.030227 0.000000 0.000107 0.000120 0.001027 0.000227 0.005907 0.063973 0.022120 0.000160 0.009093 0.000587 0.019053 0.006693 0.000067 0.053507 0.000000 0.000093 0.000000 0.000000 0.000000 0.000000 0.000000 0.000000 0.000000 0.000000 0.000933 0.000000 0.002387 0.000000 0.000000 0.000000 0.000000 0.000133 0.000000 0.000000 0.000000 0.000000 0.000000 0.000000 0.000160 0.001280 0.001907 0.000000 0.000000 0.000000 0.000667 0.000000 0.000000 0.000067
0.000240 0.000000 0.000000 0.025467 0.000000 0.022040 0.000253 0.006307 0.000773 0.103080 0.000120 0.000000 0.000000 0.004627 0.000080 0.000000 0.000000 0.000000 0.000067 0.055560 0.000000 0.000000 0.000000 0.000840 0.000000 0.000173 0.000133 0.006453 0.004667 0.000000 0.000000 0.000253 0.000000 0.000827 0.000000 0.000000 0.000000 0.000227 0.000000 0.000000 0.000133 0.000000 0.000000 0.000493 0.000000 0.000240 0.000000 0.000000 0.000000 0.000000 0.000000 0.000000 0.000000 0.000000 0.000000 0.000000 0.000000 0.000093 0.000000 0.000000 0.000000 0.000573 0.000000 0.000000 0.000000 0.000000 0.000000 0.000000
0.000000 0.003093 0.000000 0.000000 0.000200 0.000227 0.000000 0.000667 0.000267 0.000067 0.095880 0.000000 0.000000 0.000653 0.000000 0.000000 0.000093 0.000467 0.000000 0.000000 0.000000 0.000427 0.000000 0.000493 0.048213 0.003333 0.037440 0.000000 0.002293 0.000000 0.018000 0.003240 0.000000 0.017200 0.000000 0.000173 0.000000 0.000000 0.000000 0.000000 0.000000 0.000067 0.000000 0.000000 0.003733 0.000000 0.013160 0.000000 0.000000 0.000000 0.000000 0.000307 0.000093 0.000000 0.000000 0.000000 0.000000 0.000187 0.000773 0.003640 0.005080 0.000000 0.000107 0.000000 0.002907 0.000000 0.000000 0.000200
0.092707 0.000067 0.001813 0.001027 0.000000 0.004560 0.078747 0.223960 0.002093 0.037040 0.002107 0.004627 0.000653 0.000000 0.000000 0.000000 0.009480 0.000867 0.003987 0.002293 0.002680 0.000000 0.005920 0.001200 0.000000 0.004360 0.001787 0.003280 0.048467 0.013987 0.000280 0.034533 0.000000 0.001053 0.000000 0.000000 0.000000 0.000093 0.000000 0.000000 0.000267 0.000267 0.000000 0.000387 0.000000 0.000000 0.000067 0.000333 0.000000 0.000000 0.000000 0.000000 0.000000 0.000000 0.000000 0.000000 0.000000 0.000320 0.000000 0.000000 0.000000 0.000800 0.000253 0.000000 0.000000 0.000000 0.000000 0.000000
0.000000 0.000440 0.000000 0.000160 0.014867 0.010480 0.000093 0.001080 0.000227 0.000480 0.000000 0.000080 0.000000 0.000000 0.000000 0.000000 0.000000 0.000000 0.000000 0.000000 0.000000 0.000187 0.000000 0.001133 0.000107 0.000067 0.000093 0.000813 0.000000 0.000000 0.000000 0.009987 0.000000 0.000000 0.000000 0.000000 0.000000 0.000000 0.000000 0.000000 0.000000 0.000000 0.000000 0.000000 0.000000 0.000000 0.000000 0.000000 0.000000 0.000000 0.000000 0.000000 0.000000 0.000000 0.000000 0.000000 0.000000 0.000000 0.000000 0.000000 0.000000 0.000000 0.000000 0.000000 0.000000 0.000000 0.000000 0.000000
0.000000 0.000000 0.000000 0.000000 0.000000 0.000000 0.000133 0.000000 0.000720 0.000000 0.000067 0.000000 0.000000 0.000000 0.000000 0.000000 0.001213 0.000000 0.000493 0.000000 0.026533 0.035987 0.125760 0.012373 0.000000 0.000827 0.031320 0.005387 0.000000 0.000067 0.000067 0.000000 0.000000 0.000507 0.000000 0.000000 0.000000 0.000000 0.000000 0.000000 0.000000 0.000000 0.000000 0.000000 0.000000 0.000000 0.000000 0.000000 0.000000 0.010827 0.000000 0.000000 0.000000 0.000000 0.002880 0.001187 0.011960 0.001387 0.000000 0.000080 0.000467 0.001813 0.000347 0.000493 0.000000 0.000000 0.000000 0.000213
0.002667 0.000213 0.078013 0.000000 0.000000 0.000253 0.005960 0.007373 0.000000 0.002627 0.003093 0.000000 0.000093 0.009480 0.000000 0.001213 0.000000 0.005480 0.124293 0.000000 0.004760 0.000000 0.028933 0.000187 0.000000 0.025200 0.114520 0.005987 0.007427 0.010213 0.000000 0.000133 0.000000 0.011320 0.000000 0.000107 0.000773 0.000000 0.000000 0.000000 0.000000 0.000000 0.000000 0.000000 0.000000 0.000000 0.000000 0.000000 0.000000 0.000000 0.000347 0.000000 0.000093 0.000000 0.000147 0.000000 0.000133 0.000000 0.000000 0.001107 0.001813 0.000067 0.000000 0.000000 0.000000 0.000000 0.000000 0.000000
0.000120 0.000000 0.000227 0.000000 0.000000 0.000067 0.000120 0.000560 0.000000 0.000173 0.088027 0.000000 0.000467 0.000867 0.000000 0.000000 0.005480 0.000000 0.108880 0.000000 0.000000 0.000000 0.000347 0.000000 0.000387 0.042920 0.005707 0.000120 0.002173 0.000467 0.000840 0.000760 0.000000 0.005547 0.000000 0.000000 0.000000 0.000000 0.000000 0.000000 0.000000 0.000000 0.000000 0.000000 0.000067 0.000000 0.000507 0.000000 0.000000 0.000000 0.000000 0.000133 0.000000 0.000000 0.000000 0.000000 0.000000 0.000000 0.000000 0.001320 0.001453 0.000000 0.000000 0.000000 0.000240 0.000000 0.000000 0.000000
0.001387 0.000333 0.003800 0.000000 0.000000 0.000160 0.001680 0.003107 0.000000 0.000680 0.030227 0.000067 0.000000 0.003987 0.000000 0.000493 0.124293 0.108880 0.000000 0.000000 0.000400 0.000067 0.002080 0.000227 0.000133 0.124320 0.029667 0.001253 0.005893 0.003293 0.000133 0.000440 0.000093 0.012133 0.000000 0.000120 0.000200 0.000000 0.000000 0.000000 0.000000 0.000000 0.000000 0.000000 0.000000 0.000000 0.000133 0.000000 0.000000 0.000000 0.000160 0.000000 0.000453 0.000000 0.000000 0.000000 0.000000 0.000000 0.000000 0.002573 0.002573 0.000000 0.000000 0.000000 0.000080 0.000000 0.000000 0.000000
0.000107 0.000000 0.000000 0.166347 0.000000 0.003280 0.000240 0.002453 0.000933 0.075133 0.000000 0.055560 0.000000 0.002293 0.000000 0.000000 0.000000 0.000000 0.000000 0.000000 0.000000 0.000000 0.000000 0.004067 0.000000 0.000000 0.000000 0.023107 0.002400 0.000000 0.000000 0.000213 0.000000 0.000333 0.000000 0.000000 0.000000 0.000413 0.000000 0.000000 0.000107 0.000067 0.000000 0.000613 0.000000 0.000173 0.000000 0.000000 0.000000 0.000000 0.000000 0.000000 0.000000 0.000000 0.000000 0.000000 0.000000 0.000227 0.000000 0.000000 0.000000 0.001053 0.000000 0.000000 0.000000 0.000000 0.000000 0.000000
0.001467 0.000000 0.005347 0.000000 0.000000 0.000000 0.001720 0.001760 0.002440 0.000293 0.000107 0.000000 0.000000 0.002680 0.000000 0.026533 0.004760 0.000000 0.000400 0.000000 0.000000 0.004987 0.254653 0.000227 0.000000 0.000533 0.014280 0.018427 0.004400 0.080733 0.000000 0.000000 0.000400 0.018440 0.000120 0.000000 0.000000 0.000000 0.000000 0.000000 0.000133 0.000107 0.000000 0.000000 0.000000 0.000000 0.000000 0.000133 0.000000 0.000840 0.000000 0.000000 0.000000 0.000000 0.002667 0.000547 0.000267 0.003093 0.000000 0.000000 0.000000 0.004347 0.001827 0.001787 0.000000 0.000000 0.000000 0.000467
0.000000 0.007747 0.000173 0.000000 0.000333 0.000120 0.000213 0.000067 0.004560 0.000000 0.000120 0.000000 0.000427 0.000000 0.000187 0.035987 0.000000 0.000000 0.000067 0.000000 0.004987 0.000000 0.010413 0.029360 0.001293 0.001480 0.030440 0.001507 0.000107 0.000213 0.000307 0.000213 0.000000 0.000120 0.000000 0.000000 0.000080 0.000000 0.000000 0.000000 0.000000 0.000000 0.000000 0.000000 0.000000 0.000000 0.000000 0.000000 0.000000 0.004413 0.000000 0.000000 0.000000 0.000000 0.000613 0.000147 0.003453 0.000293 0.000000 0.000080 0.001093 0.000360 0.000120 0.000213 0.000000 0.000000 0.000000 0.000000
0.001813 0.000093 0.157933 0.000000 0.000000 0.000173 0.014960 0.004040 0.000160 0.002680 0.001027 0.000000 0.000000 0.005920 0.000000 0.125760 0.028933 0.000347 0.002080 0.000000 0.254653 0.010413 0.000000 0.002467 0.000000 0.016920 0.165000 0.035867 0.004680 0.043653 0.000000 0.000000 0.000080 0.027173 0.000000 0.000000 0.003853 0.000000 0.000000 0.000000 0.000000 0.000000 0.000000 0.000000 0.000000 0.000000 0.000000 0.000000 0.000000 0.021093 0.000107 0.000000 0.000000 0.000000 0.002573 0.000773 0.040160 0.000600 0.000000 0.000000 0.012213 0.000813 0.000093 0.000347 0.000000 0.000000 0.000000 0.000067
0.000400 0.014200 0.003533 0.040907 0.001000 0.001480 0.004853 0.001280 0.058640 0.013573 0.000227 0.000840 0.000493 0.001200 0.001133 0.012373 0.000187 0.000000 0.000227 0.004067 0.000227 0.029360 0.002467 0.000000 0.002213 0.003027 0.030173 0.136760 0.009707 0.000693 0.000347 0.000840 0.003027 0.002147 0.000093 0.000000 0.000000 0.002320 0.000000 0.000107 0.001480 0.001547 0.000560 0.003013 0.000000 0.001120 0.000000 0.000973 0.000000 0.000000 0.000000 0.000000 0.000067 0.000453 0.000173 0.000147 0.000080 0.002573 0.000000 0.000133 0.000187 0.009427 0.001293 0.000093 0.000000 0.000000 0.000000 0.000360
0.000000 0.008333 0.000000 0.000000 0.000160 0.000067 0.000000 0.000093 0.001187 0.000000 0.005907 0.000000 0.048213 0.000000 0.000107 0.000000 0.000000 0.000387 0.000133 0.000000 0.000000 0.001293 0.000000 0.002213 0.000000 0.009013 0.051587 0.000000 0.000240 0.000000 0.009507 0.000400 0.000000 0.000827 0.000000 0.000000 0.000000 0.000000 0.000000 0.000000 0.000000 0.000000 0.000000 0.000000 0.000067 0.000000 0.001320 0.000000 0.000000 0.000000 0.000000 0.000000 0.000000 0.000000 0.000000 0.000000 0.000000 0.000000 0.000000 0.000400 0.000667 0.000000 0.000000 0.000000 0.000107 0.000000 0.000000 0.000000
0.000667 0.004867 0.097640 0.000080 0.000080 0.000280 0.007267 0.003520 0.000293 0.003267 0.063973 0.000173 0.003333 0.004360 0.000067 0.000827 0.025200 0.042920 0.124320 0.000000 0.000533 0.001480 0.016920 0.003027 0.009013 0.000000 0.142893 0.004480 0.005800 0.000973 0.009000 0.001440 0.000000 0.020453 0.000000 0.000733 0.004880 0.000000 0.000000 0.000000 0.000000 0.000000 0.000000 0.000000 0.000293 0.000000 0.002067 0.000000 0.000000 0.000080 0.002160 0.000880 0.004613 0.000000 0.000107 0.000000 0.000453 0.000373 0.000480 0.018787 0.031640 0.000413 0.000000 0.000000 0.001987 0.000000 0.000000 0.000213
0.000280 0.068160 0.030280 0.000000 0.000093 0.000200 0.004520 0.001373 0.001173 0.001293 0.022120 0.000133 0.037440 0.001787 0.000093 0.031320 0.114520 0.005707 0.029667 0.000000 0.014280 0.030440 0.165000 0.030173 0.051587 0.142893 0.000000 0.034907 0.004600 0.001187 0.015267 0.001160 0.000000 0.027560 0.000000 0.003587 0.013387 0.000000 0.000000 0.000000 0.000213 0.000000 0.000000 0.000067 0.001413 0.000000 0.003947 0.000147 0.000000 0.004747 0.003827 0.001080 0.007147 0.000000 0.000280 0.000560 0.016853 0.000640 0.000640 0.036027 0.076520 0.000560 0.000000 0.000000 0.002507 0.000000 0.000000 0.000440
0.000893 0.000293 0.019720 0.200840 0.000920 0.007853 0.165227 0.004773 0.032693 0.312013 0.000160 0.006453 0.000000 0.003280 0.000813 0.005387 0.005987 0.000120 0.001253 0.023107 0.018427 0.001507 0.035867 0.136760 0.000000 0.004480 0.034907 0.000000 0.014587 0.064413 0.000120 0.000853 0.006053 0.009560 0.000067 0.000000 0.000000 0.004160 0.000000 0.000280 0.002533 0.002360 0.000853 0.005773 0.000000 0.001760 0.000000 0.001613 0.000000 0.000000 0.000000 0.000000 0.000000 0.000747 0.000200 0.000000 0.000160 0.004880 0.000000 0.000000 0.000253 0.014733 0.001600 0.000107 0.000000 0.000000 0.000000 0.000520
0.089973 0.000653 0.000493 0.002253 0.000133 0.003240 0.015000 0.014813 0.008347 0.023467 0.009093 0.004667 0.002293 0.048467 0.000000 0.000000 0.007427 0.002173 0.005893 0.002400 0.004400 0.000107 0.004680 0.009707 0.000240 0.005800 0.004600 0.014587 0.000000 0.029867 0.000613 0.011640 0.059600 0.008427 0.000067 0.000000 0.000000 0.000187 0.000000 0.000000 0.000307 0.000747 0.000080 0.000787 0.000067 0.000000 0.000093 0.000387 0.000000 0.000000 0.000000 0.000000 0.000000 0.000000 0.000000 0.000000 0.000000 0.000653 0.000000 0.000080 0.000093 0.001733 0.000680 0.000000 0.000000 0.000000 0.000000 0.000320
0.011440 0.000000 0.001480 0.000000 0.000000 0.000000 0.031333 0.006933 0.002147 0.000920 0.000587 0.000000 0.000000 0.013987 0.000000 0.000067 0.010213 0.000467 0.003293 0.000000 0.080733 0.000213 0.043653 0.000693 0.000000 0.000973 0.001187 0.064413 0.029867 0.000000 0.000000 0.000000 0.001200 0.004107 0.000000 0.000000 0.000000 0.000000 0.000000 0.000000 0.000000 0.000000 0.000000 0.000000 0.000000 0.000000 0.000000 0.000000 0.000000 0.000360 0.000000 0.000000 0.000000 0.000000 0.001307 0.000000 0.000173 0.000307 0.000000 0.000000 0.000000 0.000800 0.000160 0.000080 0.000000 0.000000 0.000000 0.000000
0.000000 0.000840 0.000000 0.000000 0.000000 0.000000 0.000000 0.000107 0.000213 0.000000 0.019053 0.000000 0.018000 0.000280 0.000000 0.000067 0.000000 0.000840 0.000133 0.000000 0.000000 0.000307 0.000000 0.000347 0.009507 0.009000 0.015267 0.000120 0.000613 0.000000 0.000000 0.000480 0.000000 0.001133 0.000000 0.000000 0.000000 0.000000 0.000000 0.000000 0.000000 0.000000 0.000000 0.000000 0.000387 0.000000 0.002160 0.000000 0.000000 0.000000 0.000000 0.000267 0.000107 0.000000 0.000000 0.000000 0.000000 0.000133 0.000293 0.002293 0.003600 0.000000 0.000000 0.000000 0.001200 0.000000 0.000000 0.000000
0.000160 0.000307 0.000000 0.000120 0.011613 0.028880 0.000280 0.019600 0.000293 0.001040 0.006693 0.000253 0.003240 0.034533 0.009987 0.000000 0.000133 0.000760 0.000440 0.000213 0.000000 0.000213 0.000000 0.000840 0.000400 0.001440 0.001160 0.000853 0.011640 0.000000 0.000480 0.000000 0.000000 0.016627 0.000000 0.000000 0.000000 0.000000 0.000000 0.000000 0.000000 0.000000 0.000000 0.000000 0.000093 0.000000 0.000000 0.000000 0.000000 0.000000 0.000000 0.000000 0.000000 0.000000 0.000000 0.000000 0.000000 0.000000 0.000000 0.000000 0.000000 0.000000 0.000000 0.000000 0.000000 0.000000 0.000000 0.000000
0.000067 0.000133 0.000000 0.000000 0.000000 0.000000 0.001093 0.000000 0.000893 0.000453 0.000067 0.000000 0.000000 0.000000 0.000000 0.000000 0.000000 0.000000 0.000093 0.000000 0.000400 0.000000 0.000080 0.003027 0.000000 0.000000 0.000000 0.006053 0.059600 0.001200 0.000000 0.000000 0.000000 0.000573 0.000000 0.000000 0.000000 0.000000 0.000000 0.000000 0.000067 0.000067 0.000000 0.000080 0.000000 0.000000 0.000000 0.000133 0.000000 0.000000 0.000000 0.000000 0.000000 0.000000 0.000000 0.000000 0.000000 0.000200 0.000000 0.000000 0.000000 0.000267 0.000120 0.000000 0.000000 0.000000 0.000000 0.000000
0.000307 0.000253 0.003453 0.000507 0.005787 0.001547 0.002747 0.001093 0.000440 0.004413 0.053507 0.000827 0.017200 0.001053 0.000000 0.000507 0.011320 0.005547 0.012133 0.000333 0.018440 0.000120 0.027173 0.002147 0.000827 0.020453 0.027560 0.009560 0.008427 0.004107 0.001133 0.016627 0.000573 0.000000 0.000000 0.000000 0.000000 0.000000 0.000000 0.000000 0.000000 0.000227 0.000000 0.000267 0.000227 0.000000 0.000307 0.000293 0.000000 0.000000 0.000000 0.000000 0.000000 0.000000 0.000000 0.000000 0.000000 0.000293 0.000000 0.000120 0.000213 0.000653 0.000253 0.000000 0.000000 0.000000 0.000000 0.000160
0.000000 0.000000 0.000000 0.000000 0.000000 0.000000 0.000000 0.000000 0.000000 0.000000 0.000000 0.000000 0.000000 0.000000 0.000000 0.000000 0.000000 0.000000 0.000000 0.000000 0.000120 0.000000 0.000000 0.000093 0.000000 0.000000 0.000000 0.000067 0.000067 0.000000 0.000000 0.000000 0.000000 0.000000 0.000000 0.000000 0.000080 0.000333 0.000000 0.000107 0.035733 0.004400 0.000093 0.003973 0.000667 0.000373 0.000000 0.115000 0.000000 0.000000 0.000667 0.000733 0.000680 0.000213 0.000133 0.000000 0.000587 0.000333 0.000000 0.001147 0.000333 0.003253 0.061653 0.023933 0.000000 0.000000 0.000000 0.000720
0.000000 0.000000 0.000213 0.000000 0.000000 0.000000 0.000000 0.000000 0.000000 0.000000 0.000093 0.000000 0.000173 0.000000 0.000000 0.000000 0.000107 0.000000 0.000120 0.000000 0.000000 0.000000 0.000000 0.000000 0.000000 0.000733 0.003587 0.000000 0.000000 0.000000 0.000000 0.000000 0.000000 0.000000 0.000000 0.000000 0.000453 0.000000 0.000093 0.000000 0.000000 0.000067 0.002027 0.000000 0.000360 0.000000 0.002040 0.000000 0.000187 0.000000 0.001227 0.000067 0.001067 0.000000 0.000000 0.002547 0.000120 0.005733 0.012560 0.005560 0.054733 0.000133 0.000000 0.000000 0.000267 0.000133 0.000000 0.000000
0.000000 0.000387 0.004120 0.000000 0.000000 0.000000 0.000000 0.000000 0.000000 0.000000 0.000000 0.000000 0.000000 0.000000 0.000000 0.000000 0.000773 0.000000 0.000200 0.000000 0.000000 0.000080 0.003853 0.000000 0.000000 0.004880 0.013387 0.000000 0.000000 0.000000 0.000000 0.000000 0.000000 0.000000 0.000080 0.000453 0.000000 0.000120 0.000000 0.000000 0.015253 0.000560 0.000000 0.002147 0.000253 0.000000 0.000000 0.002027 0.000000 0.000000 0.047480 0.000387 0.002627 0.000000 0.001880 0.000187 0.120160 0.000747 0.000000 0.084853 0.069960 0.011013 0.000347 0.000400 0.000000 0.000000 0.000000 0.005427
0.000000 0.000000 0.000000 0.001813 0.000000 0.000227 0.000507 0.000520 0.000333 0.001440 0.000000 0.000227 0.000000 0.000093 0.000000 0.000000 0.000000 0.000000 0.000000 0.000413 0.000000 0.000000 0.000000 0.002320 0.000000 0.000000 0.000000 0.004160 0.000187 0.000000 0.000000 0.000000 0.000000 0.000000 0.000333 0.000000 0.000120 0.000000 0.000000 0.001067 0.000920 0.001653 0.001987 0.153920 0.000000 0.014027 0.000000 0.001347 0.000280 0.000000 0.000000 0.000000 0.000000 0.046840 0.000000 0.000000 0.000067 0.017480 0.000000 0.000093 0.000000 0.289507 0.002653 0.000000 0.000000 0.000240 0.000000 0.000467
0.000000 0.000000 0.000000 0.000000 0.000000 0.000000 0.000000 0.000000 0.000000 0.000000 0.000000 0.000000 0.000000 0.000000 0.000000 0.000000 0.000000 0.000000 0.000000 0.000000 0.000000 0.000000 0.000000 0.000000 0.000000 0.000000 0.000000 0.000000 0.000000 0.000000 0.000000 0.000000 0.000000 0.000000 0.000000 0.000093 0.000000 0.000000 0.000000 0.006947 0.000227 0.001707 0.000093 0.000000 0.000000 0.000200 0.000000 0.000093 0.015987 0.000000 0.000000 0.000000 0.000000 0.000000 0.000000 0.000120 0.000000 0.000573 0.000000 0.000000 0.000573 0.000560 0.000000 0.000000 0.000000 0.001560 0.000000 0.000000
0.000000 0.000000 0.000000 0.000173 0.000000 0.000000 0.000000 0.000080 0.000000 0.000147 0.000000 0.000000 0.000000 0.000000 0.000000 0.000000 0.000000 0.000000 0.000000 0.000000 0.000000 0.000000 0.000000 0.000107 0.000000 0.000000 0.000000 0.000280 0.000000 0.000000 0.000000 0.000000 0.000000 0.000000 0.000107 0.000000 0.000000 0.001067 0.006947 0.000000 0.009160 0.243693 0.000267 0.151520 0.000227 0.014427 0.000093 0.008933 0.010000 0.000000 0.000000 0.000067 0.000067 0.002013 0.000000 0.000000 0.000000 0.001200 0.000000 0.000213 0.000320 0.012187 0.004827 0.000000 0.000000 0.021493 0.000000 0.003520
0.000000 0.000000 0.000000 0.000707 0.000000 0.000187 0.000453 0.001173 0.000573 0.001067 0.000000 0.000133 0.000000 0.000267 0.000000 0.000000 0.000000 0.000000 0.000000 0.000107 0.000133 0.000000 0.000000 0.001480 0.000000 0.000000 0.000213 0.002533 0.000307 0.000000 0.000000 0.000000 0.000067 0.000000 0.035733 0.000000 0.015253 0.000920 0.000227 0.009160 0.000000 0.048373 0.004653 0.199667 0.000987 0.000267 0.000120 0.163453 0.000547 0.000000 0.012960 0.002440 0.005840 0.000227 0.004227 0.000067 0.037173 0.002133 0.000000 0.014360 0.002160 0.246467 0.031400 0.111893 0.000120 0.000453 0.000000 0.004880
0.000000 0.000000 0.000000 0.000440 0.000000 0.000160 0.000320 0.001080 0.000840 0.000827 0.000000 0.000000 0.000067 0.000267 0.000000 0.000000 0.000000 0.000000 0.000000 0.000067 0.000107 0.000000 0.000000 0.001547 0.000000 0.000000 0.000000 0.002360 0.000747 0.000000 0.000000 0.000000 0.000067 0.000227 0.004400 0.000067 0.000560 0.001653 0.001707 0.243693 0.048373 0.000000 0.001893 0.086973 0.002947 0.005533 0.001013 0.286707 0.009267 0.000000 0.001787 0.000920 0.001333 0.001840 0.000213 0.000000 0.001600 0.001587 0.000000 0.004387 0.001347 0.017520 0.042280 0.000347 0.000187 0.021893 0.000000 0.006120
0.000000 0.000000 0.000000 0.000133 0.000000 0.000000 0.000133 0.000173 0.000000 0.000253 0.000000 0.000000 0.000000 0.000000 0.000000 0.000000 0.000000 0.000000 0.000000 0.000000 0.000000 0.000000 0.000000 0.000560 0.000000 0.000000 0.000000 0.000853 0.000080 0.000000 0.000000 0.000000 0.000000 0.000000 0.000093 0.002027 0.000000 0.001987 0.000093 0.000267 0.004653 0.001893 0.000000 0.005400 0.000000 0.002280 0.000440 0.002360 0.000093 0.000000 0.000000 0.000000 0.000000 0.000507 0.000200 0.003000 0.000000 0.022493 0.000427 0.000240 0.002400 0.022493 0.002120 0.000093 0.000000 0.000067 0.000000 0.000200
0.000000 0.000000 0.000000 0.001973 0.000000 0.000387 0.001280 0.001747 0.001440 0.002640 0.000000 0.000493 0.000000 0.000387 0.000000 0.000000 0.000000 0.000000 0.000000 0.000613 0.000000 0.000000 0.000000 0.003013 0.000000 0.000000 0.000067 0.005773 0.000787 0.000000 0.000000 0.000000 0.000080 0.000267 0.003973 0.000000 0.002147 0.153920 0.000000 0.151520 0.199667 0.086973 0.005400 0.000000 0.001053 0.058827 0.000267 0.051760 0.000360 0.000000 0.001080 0.000733 0.000680 0.138987 0.000107 0.000000 0.002853 0.010360 0.000000 0.003160 0.000733 0.344760 0.032013 0.000000 0.000147 0.000640 0.000000 0.005693
0.000000 0.000000 0.000000 0.000000 0.000000 0.000000 0.000000 0.000000 0.000000 0.000000 0.000933 0.000000 0.003733 0.000000 0.000000 0.000000 0.000000 0.000067 0.000000 0.000000 0.000000 0.000000 0.000000 0.000000 0.000067 0.000293 0.001413 0.000000 0.000067 0.000000 0.000387 0.000093 0.000000 0.000227 0.000667 0.000360 0.000253 0.000000 0.000000 0.000227 0.000987 0.002947 0.000000 0.001053 0.000000 0.000187 0.062373 0.007413 0.000000 0.000000 0.000907 0.113507 0.027480 0.000080 0.000587 0.000107 0.002173 0.000280 0.001960 0.048667 0.010787 0.000387 0.011760 0.001440 0.011347 0.005013 0.000000 0.079600
0.000000 0.000000 0.000000 0.000947 0.000000 0.000000 0.000253 0.000000 0.000400 0.000693 0.000000 0.000240 0.000000 0.000000 0.000000 0.000000 0.000000 0.000000 0.000000 0.000173 0.000000 0.000000 0.000000 0.001120 0.000000 0.000000 0.000000 0.001760 0.000000 0.000000 0.000000 0.000000 0.000000 0.000000 0.000373 0.000000 0.000000 0.014027 0.000200 0.014427 0.000267 0.005533 0.002280 0.058827 0.000187 0.000000 0.000107 0.004427 0.000173 0.000000 0.000000 0.000213 0.000080 0.018253 0.000000 0.000000 0.000000 0.006600 0.000000 0.000373 0.000187 0.010680 0.006573 0.000000 0.000107 0.000333 0.000000 0.000987
0.000000 0.000000 0.000000 0.000000 0.000000 0.000000 0.000000 0.000000 0.000000 0.000000 0.002387 0.000000 0.013160 0.000067 0.000000 0.000000 0.000000 0.000507 0.000133 0.000000 0.000000 0.000000 0.000000 0.000000 0.001320 0.002067 0.003947 0.000000 0.000093 0.000000 0.002160 0.000000 0.000000 0.000307 0.000000 0.002040 0.000000 0.000000 0.000000 0.000093 0.000120 0.001013 0.000440 0.000267 0.062373 0.000107 0.000000 0.002000 0.000067 0.000000 0.000067 0.001160 0.000480 0.000000 0.000000 0.000573 0.000000 0.001160 0.021280 0.006400 0.069027 0.000173 0.003333 0.000000 0.025347 0.001027 0.000000 0.008133
0.000000 0.000000 0.000000 0.000107 0.000000 0.000000 0.000133 0.000480 0.001160 0.000253 0.000000 0.000000 0.000000 0.000333 0.000000 0.000000 0.000000 0.000000 0.000000 0.000000 0.000133 0.000000 0.000000 0.000973 0.000000 0.000000 0.000147 0.001613 0.000387 0.000000 0.000000 0.000000 0.000133 0.000293 0.115000 0.000000 0.002027 0.001347 0.000093 0.008933 0.163453 0.286707 0.002360 0.051760 0.007413 0.004427 0.002000 0.000000 0.000787 0.000000 0.006893 0.004427 0.006400 0.001080 0.000747 0.000067 0.006827 0.001280 0.000107 0.015160 0.002547 0.018973 0.126733 0.001973 0.000707 0.019547 0.000000 0.010893
0.000000 0.000000 0.000000 0.000000 0.000000 0.000000 0.000000 0.000000 0.000000 0.000000 0.000000 0.000000 0.000000 0.000000 0.000000 0.000000 0.000000 0.000000 0.000000 0.000000 0.000000 0.000000 0.000000 0.000000 0.000000 0.000000 0.000000 0.000000 0.000000 0.000000 0.000000 0.000000 0.000000 0.000000 0.000000 0.000187 0.000000 0.000280 0.015987 0.010000 0.000547 0.009267 0.000093 0.000360 0.000000 0.000173 0.000067 0.000787 0.000000 0.000000 0.000000 0.000000 0.000000 0.000000 0.000000 0.000227 0.000000 0.000987 0.000093 0.000080 0.001160 0.001613 0.000533 0.000000 0.000067 0.008413 0.000000 0.000147
0.000000 0.000000 0.000120 0.000000 0.000000 0.000000 0.000000 0.000000 0.000000 0.000000 0.000000 0.000000 0.000000 0.000000 0.000000 0.010827 0.000000 0.000000 0.000000 0.000000 0.000840 0.004413 0.021093 0.000000 0.000000 0.000080 0.004747 0.000000 0.000000 0.000360 0.000000 0.000000 0.000000 0.000000 0.000000 0.000000 0.000000 0.000000 0.000000 0.000000 0.000000 0.000000 0.000000 0.000000 0.000000 0.000000 0.000000 0.000000 0.000000 0.000000 0.000080 0.000067 0.000120 0.000000 0.020427 0.012133 0.105107 0.003573 0.000000 0.000240 0.002067 0.003360 0.000000 0.001453 0.000000 0.000000 0.000000 0.000707
0.000000 0.000360 0.000520 0.000000 0.000000 0.000000 0.000000 0.000000 0.000000 0.000000 0.000000 0.000000 0.000000 0.000000 0.000000 0.000000 0.000347 0.000000 0.000160 0.000000 0.000000 0.000000 0.000107 0.000000 0.000000 0.002160 0.003827 0.000000 0.000000 0.000000 0.000000 0.000000 0.000000 0.000000 0.000667 0.001227 0.047480 0.000000 0.000000 0.000000 0.012960 0.001787 0.000000 0.001080 0.000907 0.000000 0.000067 0.006893 0.000000 0.000080 0.000000 0.005067 0.078747 0.000000 0.004000 0.000000 0.037160 0.001040 0.000000 0.037307 0.058653 0.003560 0.000973 0.004627 0.000000 0.000000 0.000000 0.010733
0.000000 0.000000 0.000000 0.000000 0.000000 0.000000 0.000000 0.000000 0.000000 0.000000 0.000133 0.000000 0.000307 0.000000 0.000000 0.000000 0.000000 0.000133 0.000000 0.000000 0.000000 0.000000 0.000000 0.000000 0.000000 0.000880 0.001080 0.000000 0.000000 0.000000 0.000267 0.000000 0.000000 0.000000 0.000733 0.000067 0.000387 0.000000 0.000000 0.000067 0.002440 0.000920 0.000000 0.000733 0.113507 0.000213 0.001160 0.004427 0.000000 0.000067 0.005067 0.000000 0.090733 0.000000 0.000653 0.000000 0.003560 0.000093 0.000253 0.059533 0.005813 0.000480 0.002253 0.001773 0.001387 0.000000 0.000000 0.014853
0.000000 0.000227 0.000000 0.000000 0.000000 0.000000 0.000000 0.000000 0.000000 0.000000 0.000000 0.000000 0.000093 0.000000 0.000000 0.000000 0.000093 0.000000 0.000453 0.000000 0.000000 0.000000 0.000000 0.000067 0.000000 0.004613 0.007147 0.000000 0.000000 0.000000 0.000107 0.000000 0.000000 0.000000 0.000680 0.001067 0.002627 0.000000 0.000000 0.000067 0.005840 0.001333 0.000000 0.000680 0.027480 0.000080 0.000480 0.006400 0.000000 0.000120 0.078747 0.090733 0.000000 0.000000 0.001227 0.000000 0.007413 0.000707 0.000080 0.103027 0.041720 0.001547 0.001627 0.002987 0.000773 0.000000 0.000000 0.017707
0.000000 0.000000 0.000000 0.000360 0.000000 0.000000 0.000093 0.000093 0.000067 0.000373 0.000000 0.000000 0.000000 0.000000 0.000000 0.000000 0.000000 0.000000 0.000000 0.000000 0.000000 0.000000 0.000000 0.000453 0.000000 0.000000 0.000000 0.000747 0.000000 0.000000 0.000000 0.000000 0.000000 0.000000 0.000213 0.000000 0.000000 0.046840 0.000000 0.002013 0.000227 0.001840 0.000507 0.138987 0.000080 0.018253 0.000000 0.001080 0.000000 0.000000 0.000000 0.000000 0.000000 0.000000 0.000000 0.000000 0.000000 0.003960 0.000000 0.000133 0.000000 0.034080 0.002547 0.000000 0.000000 0.000000 0.000000 0.000387
0.000000 0.000000 0.000000 0.000000 0.000000 0.000000 0.000000 0.000000 0.000000 0.000000 0.000000 0.000000 0.000000 0.000000 0.000000 0.002880 0.000147 0.000000 0.000000 0.000000 0.002667 0.000613 0.002573 0.000173 0.000000 0.000107 0.000280 0.000200 0.000000 0.001307 0.000000 0.000000 0.000000 0.000000 0.000133 0.000000 0.001880 0.000000 0.000000 0.000000 0.004227 0.000213 0.000200 0.000107 0.000587 0.000000 0.000000 0.000747 0.000000 0.020427 0.004000 0.000653 0.001227 0.000000 0.000000 0.005120 0.192493 0.001160 0.000000 0.002573 0.009893 0.022720 0.000347 0.070787 0.000000 0.000000 0.000000 0.020627
0.000000 0.000080 0.000000 0.000000 0.000000 0.000000 0.000000 0.000000 0.000107 0.000000 0.000000 0.000000 0.000000 0.000000 0.000000 0.001187 0.000000 0.000000 0.000000 0.000000 0.000547 0.000147 0.000773 0.000147 0.000000 0.000000 0.000560 0.000000 0.000000 0.000000 0.000000 0.000000 0.000000 0.000000 0.000000 0.002547 0.000187 0.000000 0.000120 0.000000 0.000067 0.000000 0.003000 0.000000 0.000107 0.000000 0.000573 0.000067 0.000227 0.012133 0.000000 0.000000 0.000000 0.000000 0.005120 0.000000 0.003813 0.010760 0.000880 0.000373 0.023200 0.002347 0.000293 0.000840 0.000093 0.000173 0.000000 0.000000
0.000000 0.000120 0.002640 0.000000 0.000000 0.000000 0.000000 0.000000 0.000000 0.000000 0.000000 0.000000 0.000000 0.000000 0.000000 0.011960 0.000133 0.000000 0.000000 0.000000 0.000267 0.003453 0.040160 0.000080 0.000000 0.000453 0.016853 0.000160 0.000000 0.000173 0.000000 0.000000 0.000000 0.000000 0.000587 0.000120 0.120160 0.000067 0.000000 0.000000 0.037173 0.001600 0.000000 0.002853 0.002173 0.000000 0.000000 0.006827 0.000000 0.105107 0.037160 0.003560 0.007413 0.000000 0.192493 0.003813 0.000000 0.006000 0.000000 0.021160 0.062600 0.043547 0.000800 0.049400 0.000000 0.000000 0.000000 0.017520
0.000067 0.000000 0.000000 0.001147 0.000000 0.000120 0.000640 0.001067 0.003307 0.001347 0.000000 0.000093 0.000187 0.000320 0.000000 0.001387 0.000000 0.000000 0.000000 0.000227 0.003093 0.000293 0.000600 0.002573 0.000000 0.000373 0.000640 0.004880 0.000653 0.000307 0.000133 0.000000 0.000200 0.000293 0.000333 0.005733 0.000747 0.017480 0.000573 0.001200 0.002133 0.001587 0.022493 0.010360 0.000280 0.006600 0.001160 0.001280 0.000987 0.003573 0.001040 0.000093 0.000707 0.003960 0.001160 0.010760 0.006000 0.000000 0.002107 0.003920 0.038973 0.100320 0.004000 0.002533 0.000333 0.000747 0.000000 0.001787
0.000000 0.000000 0.000000 0.000000 0.000000 0.000000 0.000000 0.000000 0.000000 0.000000 0.000160 0.000000 0.000773 0.000000 0.000000 0.000000 0.000000 0.000000 0.000000 0.000000 0.000000 0.000000 0.000000 0.000000 0.000000 0.000480 0.000640 0.000000 0.000000 0.000000 0.000293 0.000000 0.000000 0.000000 0.000000 0.012560 0.000000 0.000000 0.000000 0.000000 0.000000 0.000000 0.000427 0.000000 0.001960 0.000000 0.021280 0.000107 0.000093 0.000000 0.000000 0.000253 0.000080 0.000000 0.000000 0.000880 0.000000 0.002107 0.000000 0.005000 0.029147 0.000000 0.000560 0.000000 0.003360 0.000333 0.000000 0.002013
0.000000 0.001280 0.000240 0.000000 0.000000 0.000000 0.000000 0.000000 0.000067 0.000000 0.001280 0.000000 0.003640 0.000000 0.000000 0.000080 0.001107 0.001320 0.002573 0.000000 0.000000 0.000080 0.000000 0.000133 0.000400 0.018787 0.036027 0.000000 0.000080 0.000000 0.002293 0.000000 0.000000 0.000120 0.001147 0.005560 0.084853 0.000093 0.000000 0.000213 0.014360 0.004387 0.000240 0.003160 0.048667 0.000373 0.006400 0.015160 0.000080 0.000240 0.037307 0.059533 0.103027 0.000133 0.002573 0.000373 0.021160 0.003920 0.005000 0.000000 0.075173 0.005107 0.003933 0.002293 0.005627 0.000280 0.000000 0.015560
0.000000 0.004653 0.009000 0.000000 0.000000 0.000000 0.000000 0.000000 0.000000 0.000000 0.001907 0.000000 0.005080 0.000000 0.000000 0.000467 0.001813 0.001453 0.002573 0.000000 0.000000 0.001093 0.012213 0.000187 0.000667 0.031640 0.076520 0.000253 0.000093 0.000000 0.003600 0.000000 0.000000 0.000213 0.000333 0.054733 0.069960 0.000000 0.000573 0.000320 0.002160 0.001347 0.002400 0.000733 0.010787 0.000187 0.069027 0.002547 0.001160 0.002067 0.058653 0.005813 0.041720 0.000000 0.009893 0.023200 0.062600 0.038973 0.029147 0.075173 0.000000 0.025080 0.001787 0.000880 0.019720 0.001147 0.000000 0.023920
0.000173 0.000000 0.000000 0.004573 0.000000 0.000773 0.002880 0.003253 0.003973 0.005747 0.000000 0.000573 0.000000 0.000800 0.000000 0.001813 0.000067 0.000000 0.000000 0.001053 0.004347 0.000360 0.000813 0.009427 0.000000 0.000413 0.000560 0.014733 0.001733 0.000800 0.000000 0.000000 0.000267 0.000653 0.003253 0.000133 0.011013 0.289507 0.000560 0.012187 0.246467 0.017520 0.022493 0.344760 0.000387 0.010680 0.000173 0.018973 0.001613 0.003360 0.003560 0.000480 0.001547 0.034080 0.022720 0.002347 0.043547 0.100320 0.000000 0.005107 0.025080 0.000000 0.050293 0.024200 0.000240 0.001173 0.000373 0.018467
0.000107 0.000000 0.000000 0.000093 0.000000 0.000000 0.000200 0.000493 0.001120 0.000240 0.000000 0.000000 0.000107 0.000253 0.000000 0.000347 0.000000 0.000000 0.000000 0.000000 0.001827 0.000120 0.000093 0.001293 0.000000 0.000000 0.000000 0.001600 0.000680 0.000160 0.000000 0.000000 0.000120 0.000253 0.061653 0.000000 0.000347 0.002653 0.000000 0.004827 0.031400 0.042280 0.002120 0.032013 0.011760 0.006573 0.003333 0.126733 0.000533 0.000000 0.000973 0.002253 0.001627 0.002547 0.000347 0.000293 0.000800 0.004000 0.000560 0.003933 0.001787 0.050293 0.000000 0.069227 0.000520 0.006667 0.069933 0.039373
0.000000 0.000000 0.000000 0.000000 0.000000 0.000000 0.000000 0.000000 0.000000 0.000000 0.000000 0.000000 0.000000 0.000000 0.000000 0.000493 0.000000 0.000000 0.000000 0.000000 0.001787 0.000213 0.000347 0.000093 0.000000 0.000000 0.000000 0.000107 0.000000 0.000080 0.000000 0.000000 0.000000 0.000000 0.023933 0.000000 0.000400 0.000000 0.000000 0.000000 0.111893 0.000347 0.000093 0.000000 0.001440 0.000000 0.000000 0.001973 0.000000 0.001453 0.004627 0.001773 0.002987 0.000000 0.070787 0.000840 0.049400 0.002533 0.000000 0.002293 0.000880 0.024200 0.069227 0.000000 0.000000 0.000000 0.001787 0.004187
0.000000 0.000000 0.000000 0.000000 0.000000 0.000000 0.000000 0.000000 0.000000 0.000000 0.000667 0.000000 0.002907 0.000000 0.000000 0.000000 0.000000 0.000240 0.000080 0.000000 0.000000 0.000000 0.000000 0.000000 0.000107 0.001987 0.002507 0.000000 0.000000 0.000000 0.001200 0.000000 0.000000 0.000000 0.000000 0.000267 0.000000 0.000000 0.000000 0.000000 0.000120 0.000187 0.000000 0.000147 0.011347 0.000107 0.025347 0.000707 0.000067 0.000000 0.000000 0.001387 0.000773 0.000000 0.000000 0.000093 0.000000 0.000333 0.003360 0.005627 0.019720 0.000240 0.000520 0.000000 0.000000 0.000133 0.000000 0.001187
