0.000000 0.000000 0.001840 0.000000 0.000000 0.001133 0.039253 0.022307 0.000000 0.000080 0.000613 0.000000 0.000080 0.082960 0.000000 0.000000 0.003707 0.000107 0.001267 0.000000 0.000240 0.000000 0.003093 0.000000 0.000000 0.001693 0.000747 0.000280 0.077547 0.036880 0.000000 0.000707 0.000000 0.000800 0.000000 0.000000 0.000000 0.000000 0.000000 0.000000 0.000000 0.000000 0.000000 0.000000 0.000000 0.000000 0.000000 0.000000 0.000000 0.000000 0.000000 0.000000 0.000000 0.000000 0.000000 0.000000 0.000000 0.000000 0.000000 0.000000 0.000000 0.000000 0.000000 0.000000 0.000000 0.000000 0.000000 0.000000
0.000000 0.000000 0.000067 0.000000 0.000267 0.000000 0.000000 0.000000 0.001227 0.000000 0.002733 0.000000 0.014333 0.000067 0.000160 0.000720 0.000253 0.000120 0.000253 0.000000 0.000000 0.000520 0.000000 0.001427 0.004333 0.002053 0.012893 0.000000 0.000067 0.000000 0.000680 0.000160 0.000000 0.000120 0.000000 0.000000 0.000000 0.000000 0.000000 0.000000 0.000000 0.000000 0.000000 0.000000 0.000893 0.000000 0.000693 0.000000 0.000000 0.000000 0.000000 0.000000 0.000000 0.000000 0.000000 0.000000 0.000000 0.000067 0.000000 0.000067 0.000253 0.000000 0.000000 0.000000 0.000000 0.000000 0.000000 0.000067
0.001840 0.000067 0.000000 0.000000 0.000000 0.003893 0.029133 0.008560 0.000000 0.001373 0.000360 0.000000 0.000000 0.008507 0.000000 0.000213 0.035960 0.000227 0.001600 0.000000 0.016040 0.000000 0.082493 0.000840 0.000000 0.084987 0.027240 0.006600 0.002293 0.005573 0.000000 0.000253 0.000000 0.001133 0.000000 0.002480 0.015573 0.000000 0.000000 0.000000 0.000000 0.000000 0.000000 0.000000 0.000000 0.000000 0.000000 0.000000 0.000000 0.000213 0.002373 0.000000 0.000200 0.000000 0.000293 0.000000 0.005507 0.000600 0.000000 0.006987 0.021133 0.000520 0.000000 0.000000 0.000000 0.000000 0.000000 0.000000
0.000000 0.000000 0.000000 0.000000 0.000533 0.001387 0.004440 0.000400 0.007173 0.088440 0.000000 0.007187 0.000067 0.001107 0.000347 0.000000 0.000000 0.000000 0.000000 0.184387 0.000000 0.000000 0.000000 0.016307 0.000000 0.000000 0.000093 0.161227 0.000827 0.000000 0.000000 0.000227 0.000000 0.000120 0.000000 0.000000 0.000000 0.000760 0.000000 0.000200 0.000213 0.000187 0.000000 0.001587 0.000000 0.000840 0.000000 0.000200 0.000000 0.000000 0.000000 0.000000 0.000000 0.000520 0.000000 0.000000 0.000000 0.009707 0.000000 0.000000 0.000000 0.007467 0.000080 0.000000 0.000000 0.000000 0.000000 0.000067
0.000000 0.000267 0.000000 0.000533 0.000000 0.001093 0.000000 0.000000 0.001867 0.000080 0.000160 0.000973 0.000213 0.000000 0.011213 0.000000 0.000000 0.000000 0.000000 0.000267 0.000000 0.000573 0.000000 0.002173 0.000200 0.000333 0.002360 0.000467 0.000000 0.000000 0.000000 0.019853 0.000000 0.001213 0.000000 0.000000 0.000000 0.000000 0.000000 0.000000 0.000000 0.000000 0.000000 0.000000 0.000000 0.000000 0.000000 0.000000 0.000000 0.000000 0.000000 0.000000 0.000000 0.000000 0.000000 0.000000 0.000000 0.000000 0.000000 0.000000 0.000000 0.000000 0.000000 0.000000 0.000000 0.000000 0.000000 0.000000
0.001133 0.000000 0.003893 0.001387 0.001093 0.000000 0.058040 0.126893 0.000373 0.127427 0.001280 0.077360 0.000413 0.007093 0.005320 0.000000 0.001200 0.000280 0.000613 0.002387 0.000280 0.000000 0.003387 0.002907 0.000000 0.004240 0.001253 0.019320 0.001240 0.001267 0.000000 0.019840 0.000000 0.001227 0.000000 0.000000 0.000000 0.000093 0.000000 0.000000 0.000093 0.000160 0.000000 0.000347 0.000067 0.000000 0.000000 0.000240 0.000000 0.000000 0.000000 0.000000 0.000000 0.000080 0.000000 0.000000 0.000000 0.000587 0.000000 0.000000 0.000080 0.001280 0.000080 0.000000 0.000000 0.000000 0.000000 0.000000
0.039253 0.000000 0.029133 0.004440 0.000000 0.058040 0.000000 0.038387 0.000307 0.194520 0.000773 0.005307 0.000587 0.070440 0.000080 0.000000 0.000987 0.000147 0.000333 0.000427 0.004173 0.000000 0.025760 0.010747 0.000000 0.011227 0.003133 0.237027 0.011933 0.063200 0.000000 0.000613 0.000667 0.001547 0.000000 0.000000 0.000000 0.000120 0.000000 0.000000 0.000213 0.000080 0.000000 0.000400 0.000000 0.000000 0.000000 0.000120 0.000000 0.000000 0.000000 0.000000 0.000000 0.000080 0.000280 0.000000 0.000133 0.000747 0.000000 0.000067 0.000093 0.001653 0.000000 0.000253 0.000000 0.000000 0.000000 0.000093
0.022307 0.000000 0.008560 0.000400 0.000000 0.126893 0.038387 0.000000 0.000173 0.017520 0.004347 0.011667 0.001280 0.175000 0.000000 0.000000 0.004880 0.000533 0.002093 0.002320 0.000600 0.000000 0.008947 0.001667 0.000000 0.006920 0.001467 0.005053 0.011440 0.010373 0.000093 0.057133 0.000000 0.002613 0.000000 0.000000 0.000000 0.000000 0.000000 0.000000 0.000120 0.000093 0.000000 0.000213 0.000000 0.000000 0.000000 0.000147 0.000000 0.000000 0.000000 0.000000 0.000000 0.000067 0.000293 0.000000 0.000000 0.000413 0.000000 0.000120 0.000067 0.000773 0.000093 0.000293 0.000000 0.000000 0.000000 0.000120
0.000000 0.001227 0.000000 0.007173 0.001867 0.000373 0.000307 0.000173 0.000000 0.002107 0.000960 0.001147 0.002693 0.000427 0.001227 0.000000 0.000000 0.000000 0.000080 0.000973 0.000000 0.007640 0.000000 0.027520 0.001480 0.001547 0.013400 0.006840 0.000360 0.000000 0.000280 0.000653 0.000133 0.000147 0.000000 0.000000 0.000000 0.000107 0.000000 0.000000 0.000000 0.000080 0.000133 0.000160 0.000187 0.000147 0.000213 0.000147 0.000000 0.000000 0.000000 0.000000 0.000000 0.000080 0.000133 0.000133 0.000000 0.001413 0.000000 0.000000 0.000000 0.001107 0.000067 0.000133 0.000000 0.000000 0.000000 0.000000
0.000080 0.000000 0.001373 0.088440 0.000080 0.127427 0.194520 0.017520 0.002107 0.000000 0.000733 0.079920 0.000547 0.011587 0.000093 0.000000 0.000080 0.000120 0.000160 0.115227 0.000080 0.000000 0.000453 0.007253 0.000000 0.001613 0.001000 0.239907 0.003827 0.000093 0.000000 0.001080 0.000067 0.001200 0.000000 0.000000 0.000000 0.000347 0.000000 0.000187 0.000160 0.000187 0.000000 0.001827 0.000067 0.000293 0.000000 0.000520 0.000000 0.000000 0.000000 0.000000 0.000000 0.000293 0.000000 0.000000 0.000000 0.004200 0.000000 0.000000 0.000000 0.006040 0.000187 0.000000 0.000000 0.000000 0.000000 0.000080
0.000613 0.002733 0.000360 0.000000 0.000160 0.001280 0.000773 0.004347 0.000960 0.000733 0.000000 0.001320 0.054187 0.007147 0.000173 0.000000 0.002813 0.055213 0.064733 0.000200 0.000147 0.000640 0.000267 0.000760 0.006013 0.059853 0.019067 0.001027 0.002200 0.000467 0.006760 0.005280 0.000000 0.046120 0.000000 0.000493 0.000000 0.000000 0.000000 0.000000 0.000147 0.000227 0.000000 0.000093 0.017280 0.000000 0.022440 0.000147 0.000000 0.000000 0.000000 0.002333 0.000120 0.000000 0.000133 0.000000 0.000000 0.000307 0.000533 0.005600 0.001920 0.000427 0.000067 0.000200 0.000693 0.000093 0.000000 0.000547
0.000000 0.000000 0.000000 0.007187 0.000973 0.077360 0.005307 0.011667 0.001147 0.079920 0.001320 0.000000 0.000533 0.010427 0.000813 0.000000 0.000120 0.000240 0.000493 0.113907 0.000000 0.000000 0.000000 0.004733 0.000000 0.000480 0.001307 0.012467 0.001907 0.000000 0.000000 0.003027 0.000000 0.000573 0.000000 0.000000 0.000000 0.000093 0.000000 0.000000 0.000000 0.000067 0.000000 0.000280 0.000000 0.000307 0.000000 0.000000 0.000000 0.000000 0.000000 0.000000 0.000000 0.001080 0.000000 0.000000 0.000000 0.001133 0.000000 0.000067 0.000080 0.001320 0.000000 0.000000 0.000000 0.000000 0.000000 0.000000
0.000080 0.014333 0.000000 0.000067 0.000213 0.000413 0.000587 0.001280 0.002693 0.000547 0.054187 0.000533 0.000000 0.000587 0.000693 0.000000 0.000000 0.000467 0.000280 0.000187 0.000000 0.002200 0.000000 0.001427 0.027373 0.013960 0.038613 0.000667 0.000213 0.000253 0.010947 0.001067 0.000000 0.005240 0.000000 0.000227 0.000000 0.000000 0.000000 0.000000 0.000000 0.000160 0.000000 0.000000 0.015507 0.000000 0.020680 0.000133 0.000000 0.000000 0.000067 0.001907 0.000160 0.000000 0.000000 0.000000 0.000000 0.000133 0.000613 0.004720 0.002213 0.000267 0.000173 0.000067 0.000840 0.000000 0.000000 0.000413
0.082960 0.000067 0.008507 0.001107 0.000000 0.007093 0.070440 0.175000 0.000427 0.011587 0.007147 0.010427 0.000587 0.000000 0.000000 0.000080 0.013133 0.001253 0.007453 0.003493 0.002040 0.000000 0.010053 0.002267 0.000000 0.009040 0.005627 0.009547 0.113640 0.057307 0.000173 0.068347 0.000000 0.006640 0.000000 0.000000 0.000000 0.000000 0.000000 0.000000 0.000187 0.000080 0.000000 0.000307 0.000093 0.000000 0.000080 0.000173 0.000000 0.000000 0.000000 0.000000 0.000067 0.000067 0.000427 0.000000 0.000000 0.000720 0.000000 0.000240 0.000240 0.001427 0.000160 0.000560 0.000000 0.000000 0.000000 0.000000
0.000000 0.000160 0.000000 0.000347 0.011213 0.005320 0.000080 0.000000 0.001227 0.000093 0.000173 0.000813 0.000693 0.000000 0.000000 0.000000 0.000000 0.000000 0.000000 0.000227 0.000000 0.000680 0.000000 0.003440 0.000213 0.000227 0.003027 0.000587 0.000093 0.000000 0.000093 0.008400 0.000000 0.000067 0.000000 0.000000 0.000000 0.000000 0.000000 0.000000 0.000000 0.000000 0.000000 0.000000 0.000000 0.000000 0.000000 0.000000 0.000000 0.000000 0.000000 0.000000 0.000000 0.000000 0.000000 0.000000 0.000000 0.000000 0.000000 0.000000 0.000000 0.000000 0.000000 0.000000 0.000000 0.000000 0.000000 0.000000
0.000000 0.000720 0.000213 0.000000 0.000000 0.000000 0.000000 0.000000 0.000000 0.000000 0.000000 0.000000 0.000000 0.000080 0.000000 0.000000 0.000240 0.000000 0.000133 0.000000 0.024427 0.024827 0.111453 0.004147 0.000000 0.001760 0.044493 0.011147 0.000000 0.000200 0.000000 0.000000 0.000000 0.000400 0.000000 0.000000 0.000787 0.000000 0.000000 0.000000 0.000373 0.000000 0.000000 0.000000 0.000000 0.000000 0.000000 0.000147 0.000000 0.021880 0.000000 0.000000 0.000000 0.000000 0.015627 0.001800 0.035000 0.001147 0.000000 0.000227 0.010987 0.001067 0.000133 0.004213 0.000000 0.000000 0.000000 0.000000
0.003707 0.000253 0.035960 0.000000 0.000000 0.001200 0.000987 0.004880 0.000000 0.000080 0.002813 0.000120 0.000000 0.013133 0.000000 0.000240 0.000000 0.007187 0.051800 0.000000 0.012827 0.000000 0.023907 0.000280 0.000000 0.048520 0.048493 0.000613 0.019347 0.033080 0.000000 0.000307 0.000373 0.003787 0.000000 0.000360 0.002080 0.000000 0.000000 0.000000 0.000000 0.000000 0.000000 0.000000 0.000000 0.000000 0.000000 0.000000 0.000000 0.000000 0.000280 0.000000 0.000133 0.000000 0.000000 0.000000 0.000853 0.000000 0.000000 0.001400 0.003200 0.000000 0.000000 0.000000 0.000000 0.000000 0.000000 0.000000
0.000107 0.000120 0.000227 0.000000 0.000000 0.000280 0.000147 0.000533 0.000000 0.000120 0.055213 0.000240 0.000467 0.001253 0.000000 0.000000 0.007187 0.000000 0.070013 0.000000 0.000187 0.000000 0.000173 0.000107 0.000000 0.034707 0.004373 0.000147 0.000867 0.000493 0.000360 0.000560 0.000000 0.003027 0.000000 0.000000 0.000000 0.000000 0.000000 0.000000 0.000000 0.000000 0.000000 0.000000 0.001613 0.000000 0.001533 0.000000 0.000000 0.000000 0.000000 0.000947 0.000093 0.000000 0.000000 0.000000 0.000000 0.000000 0.000000 0.001653 0.000773 0.000000 0.000000 0.000000 0.000147 0.000000 0.000000 0.000000
0.001267 0.000253 0.001600 0.000000 0.000000 0.000613 0.000333 0.002093 0.000080 0.000160 0.064733 0.000493 0.000280 0.007453 0.000000 0.000133 0.051800 0.070013 0.000000 0.000000 0.001227 0.000067 0.002240 0.000187 0.000000 0.103413 0.014960 0.000173 0.008640 0.003600 0.000347 0.000960 0.000693 0.020813 0.000000 0.000000 0.000107 0.000000 0.000000 0.000000 0.000000 0.000000 0.000000 0.000000 0.000560 0.000000 0.000533 0.000107 0.000000 0.000000 0.000107 0.000307 0.000493 0.000000 0.000000 0.000000 0.000000 0.000133 0.000080 0.002520 0.001453 0.000067 0.000000 0.000093 0.000000 0.000000 0.000000 0.000000
0.000000 0.000000 0.000000 0.184387 0.000267 0.002387 0.000427 0.002320 0.000973 0.115227 0.000200 0.113907 0.000187 0.003493 0.000227 0.000000 0.000000 0.000000 0.000000 0.000000 0.000000 0.000000 0.000000 0.006600 0.000000 0.000093 0.000307 0.062413 0.001000 0.000000 0.000000 0.000453 0.000000 0.000133 0.000000 0.000000 0.000000 0.000280 0.000000 0.000147 0.000080 0.000093 0.000000 0.001293 0.000000 0.000560 0.000000 0.000200 0.000000 0.000000 0.000000 0.000000 0.000000 0.000947 0.000000 0.000000 0.000000 0.004613 0.000000 0.000000 0.000000 0.004960 0.000080 0.000000 0.000000 0.000000 0.000000 0.000000
0.000240 0.000000 0.016040 0.000000 0.000000 0.000280 0.004173 0.000600 0.000000 0.000080 0.000147 0.000000 0.000000 0.002040 0.000000 0.024427 0.012827 0.000187 0.001227 0.000000 0.000000 0.000720 0.115480 0.000133 0.000000 0.010987 0.008227 0.048800 0.002347 0.084893 0.000000 0.000000 0.000000 0.023867 0.000067 0.000000 0.000133 0.000000 0.000000 0.000000 0.000440 0.000080 0.000000 0.000000 0.000000 0.000000 0.000000 0.000093 0.000000 0.004107 0.000000 0.000000 0.000000 0.000000 0.008427 0.000253 0.011040 0.000373 0.000000 0.000000 0.000760 0.000507 0.000147 0.005467 0.000000 0.000000 0.000000 0.000000
0.000000 0.000520 0.000000 0.000000 0.000573 0.000000 0.000000 0.000000 0.007640 0.000000 0.000640 0.000000 0.002200 0.000000 0.000680 0.024827 0.000000 0.000000 0.000067 0.000000 0.000720 0.000000 0.000520 0.009173 0.000893 0.000627 0.011373 0.000827 0.000000 0.000000 0.000173 0.000200 0.000000 0.000000 0.000000 0.000000 0.000000 0.000000 0.000000 0.000000 0.000093 0.000000 0.000000 0.000000 0.000080 0.000000 0.000147 0.000000 0.000000 0.001773 0.000000 0.000000 0.000000 0.000000 0.000867 0.000213 0.001387 0.000427 0.000000 0.000000 0.001240 0.000307 0.000000 0.000120 0.000000 0.000000 0.000000 0.000000
0.003093 0.000000 0.082493 0.000000 0.000000 0.003387 0.025760 0.008947 0.000000 0.000453 0.000267 0.000000 0.000000 0.010053 0.000000 0.111453 0.023907 0.000173 0.002240 0.000000 0.115480 0.000520 0.000000 0.001133 0.000000 0.019293 0.097613 0.050760 0.005453 0.053453 0.000000 0.000253 0.000000 0.014840 0.000000 0.000000 0.008200 0.000000 0.000000 0.000000 0.000000 0.000000 0.000000 0.000000 0.000000 0.000000 0.000000 0.000000 0.000000 0.005853 0.000280 0.000000 0.000000 0.000000 0.003533 0.000253 0.052307 0.000307 0.000000 0.000213 0.028293 0.000360 0.000000 0.000240 0.000000 0.000000 0.000000 0.000000
0.000000 0.001427 0.000840 0.016307 0.002173 0.002907 0.010747 0.001667 0.027520 0.007253 0.000760 0.004733 0.001427 0.002267 0.003440 0.004147 0.000280 0.000107 0.000187 0.006600 0.000133 0.009173 0.001133 0.000000 0.000627 0.002613 0.040440 0.100693 0.002427 0.000120 0.000147 0.001427 0.000747 0.001160 0.000120 0.000000 0.000427 0.000333 0.000000 0.000200 0.002133 0.001040 0.000400 0.002360 0.000547 0.000240 0.000147 0.001427 0.000000 0.000653 0.000000 0.000187 0.000107 0.000347 0.004373 0.000573 0.001253 0.012987 0.000000 0.000320 0.001213 0.018547 0.000893 0.004133 0.000000 0.000093 0.000000 0.000360
0.000000 0.004333 0.000000 0.000000 0.000200 0.000000 0.000000 0.000000 0.001480 0.000000 0.006013 0.000000 0.027373 0.000000 0.000213 0.000000 0.000000 0.000000 0.000000 0.000000 0.000000 0.000893 0.000000 0.000627 0.000000 0.000733 0.008573 0.000000 0.000000 0.000000 0.000507 0.000080 0.000000 0.000080 0.000000 0.000200 0.000000 0.000000 0.000000 0.000000 0.000000 0.000000 0.000000 0.000000 0.001293 0.000000 0.001187 0.000000 0.000000 0.000000 0.000000 0.000240 0.000067 0.000000 0.000000 0.000000 0.000000 0.000000 0.000147 0.001187 0.001120 0.000000 0.000000 0.000000 0.000080 0.000000 0.000000 0.000000
0.001693 0.002053 0.084987 0.000000 0.000333 0.004240 0.011227 0.006920 0.001547 0.001613 0.059853 0.000480 0.013960 0.009040 0.000227 0.001760 0.048520 0.034707 0.103413 0.000093 0.010987 0.000627 0.019293 0.002613 0.000733 0.000000 0.217787 0.002440 0.005760 0.003813 0.006147 0.001187 0.000147 0.005440 0.000120 0.000920 0.001240 0.000107 0.000000 0.000000 0.000107 0.000453 0.000000 0.000067 0.008827 0.000000 0.008627 0.000920 0.000000 0.000000 0.006307 0.008213 0.010880 0.000080 0.000107 0.000000 0.000373 0.000320 0.000867 0.058587 0.036640 0.000293 0.000440 0.000507 0.000907 0.000000 0.000000 0.001227
0.000747 0.012893 0.027240 0.000093 0.002360 0.001253 0.003133 0.001467 0.013400 0.001000 0.019067 0.001307 0.038613 0.005627 0.003027 0.044493 0.048493 0.004373 0.014960 0.000307 0.008227 0.011373 0.097613 0.040440 0.008573 0.217787 0.000000 0.038813 0.003093 0.000533 0.011640 0.003653 0.000187 0.020973 0.000067 0.009760 0.019613 0.000000 0.000000 0.000000 0.000107 0.000160 0.000000 0.000093 0.003360 0.000000 0.003707 0.000387 0.000000 0.002333 0.007453 0.003907 0.007653 0.000000 0.001000 0.000520 0.023573 0.001267 0.000440 0.044307 0.088787 0.001280 0.000293 0.000360 0.000467 0.000000 0.000000 0.000693
0.000280 0.000000 0.006600 0.161227 0.000467 0.019320 0.237027 0.005053 0.006840 0.239907 0.001027 0.012467 0.000667 0.009547 0.000587 0.011147 0.000613 0.000147 0.000173 0.062413 0.048800 0.000827 0.050760 0.100693 0.000000 0.002440 0.038813 0.000000 0.012240 0.120293 0.000000 0.000920 0.003773 0.006027 0.000187 0.000000 0.000453 0.000800 0.000000 0.000413 0.005440 0.001280 0.000227 0.003320 0.000493 0.000773 0.000080 0.002080 0.000000 0.001453 0.000000 0.000200 0.000067 0.000493 0.008907 0.000267 0.003107 0.014080 0.000000 0.000320 0.001627 0.022600 0.001080 0.012093 0.000000 0.000067 0.000000 0.000333
0.077547 0.000067 0.002293 0.000827 0.000000 0.001240 0.011933 0.011440 0.000360 0.003827 0.002200 0.001907 0.000213 0.113640 0.000093 0.000000 0.019347 0.000867 0.008640 0.001000 0.002347 0.000000 0.005453 0.002427 0.000000 0.005760 0.003093 0.012240 0.000000 0.064240 0.000000 0.025600 0.040200 0.016773 0.000000 0.000000 0.000000 0.000000 0.000000 0.000000 0.000107 0.000000 0.000000 0.000147 0.000000 0.000000 0.000000 0.000000 0.000000 0.000000 0.000000 0.000000 0.000000 0.000000 0.000173 0.000000 0.000000 0.000373 0.000000 0.000173 0.000093 0.000453 0.000000 0.000147 0.000000 0.000000 0.000000 0.000000
0.036880 0.000000 0.005573 0.000000 0.000000 0.001267 0.063200 0.010373 0.000000 0.000093 0.000467 0.000000 0.000253 0.057307 0.000000 0.000200 0.033080 0.000493 0.003600 0.000000 0.084893 0.000000 0.053453 0.000120 0.000000 0.003813 0.000533 0.120293 0.064240 0.000000 0.000000 0.000440 0.002173 0.019067 0.000000 0.000000 0.000000 0.000000 0.000000 0.000000 0.000413 0.000000 0.000000 0.000000 0.000000 0.000000 0.000000 0.000080 0.000000 0.000147 0.000000 0.000000 0.000000 0.000000 0.001587 0.000000 0.000747 0.000067 0.000000 0.000000 0.000000 0.000493 0.000093 0.002227 0.000000 0.000000 0.000000 0.000000
0.000000 0.000680 0.000000 0.000000 0.000000 0.000000 0.000000 0.000093 0.000280 0.000000 0.006760 0.000000 0.010947 0.000173 0.000093 0.000000 0.000000 0.000360 0.000347 0.000000 0.000000 0.000173 0.000000 0.000147 0.000507 0.006147 0.011640 0.000000 0.000000 0.000000 0.000000 0.000080 0.000000 0.000200 0.000000 0.000000 0.000000 0.000000 0.000000 0.000000 0.000000 0.000000 0.000000 0.000000 0.000813 0.000000 0.001000 0.000000 0.000000 0.000000 0.000000 0.000387 0.000000 0.000000 0.000000 0.000000 0.000000 0.000000 0.000000 0.001013 0.000493 0.000000 0.000000 0.000000 0.000000 0.000000 0.000000 0.000000
0.000707 0.000160 0.000253 0.000227 0.019853 0.019840 0.000613 0.057133 0.000653 0.001080 0.005280 0.003027 0.001067 0.068347 0.008400 0.000000 0.000307 0.000560 0.000960 0.000453 0.000000 0.000200 0.000253 0.001427 0.000080 0.001187 0.003653 0.000920 0.025600 0.000440 0.000080 0.000000 0.000000 0.048080 0.000000 0.000000 0.000000 0.000000 0.000000 0.000000 0.000080 0.000067 0.000000 0.000093 0.000000 0.000000 0.000000 0.000107 0.000000 0.000000 0.000000 0.000000 0.000000 0.000000 0.000000 0.000000 0.000000 0.000213 0.000000 0.000093 0.000120 0.000307 0.000000 0.000067 0.000000 0.000000 0.000000 0.000000
0.000000 0.000000 0.000000 0.000000 0.000000 0.000000 0.000667 0.000000 0.000133 0.000067 0.000000 0.000000 0.000000 0.000000 0.000000 0.000000 0.000373 0.000000 0.000693 0.000000 0.000000 0.000000 0.000000 0.000747 0.000000 0.000147 0.000187 0.003773 0.040200 0.002173 0.000000 0.000000 0.000000 0.007120 0.000000 0.000000 0.000000 0.000000 0.000000 0.000000 0.000000 0.000000 0.000000 0.000000 0.000000 0.000000 0.000000 0.000000 0.000000 0.000000 0.000000 0.000000 0.000000 0.000000 0.000000 0.000000 0.000000 0.000000 0.000000 0.000000 0.000000 0.000093 0.000000 0.000000 0.000000 0.000000 0.000000 0.000000
0.000800 0.000120 0.001133 0.000120 0.001213 0.001227 0.001547 0.002613 0.000147 0.001200 0.046120 0.000573 0.005240 0.006640 0.000067 0.000400 0.003787 0.003027 0.020813 0.000133 0.023867 0.000000 0.014840 0.001160 0.000080 0.005440 0.020973 0.006027 0.016773 0.019067 0.000200 0.048080 0.007120 0.000000 0.000000 0.000000 0.000000 0.000000 0.000000 0.000000 0.000107 0.000000 0.000000 0.000000 0.000147 0.000000 0.000067 0.000080 0.000000 0.000000 0.000000 0.000000 0.000000 0.000000 0.000120 0.000000 0.000000 0.000320 0.000000 0.000373 0.000240 0.000453 0.000067 0.000147 0.000000 0.000000 0.000000 0.000000
0.000000 0.000000 0.000000 0.000000 0.000000 0.000000 0.000000 0.000000 0.000000 0.000000 0.000000 0.000000 0.000000 0.000000 0.000000 0.000000 0.000000 0.000000 0.000000 0.000000 0.000067 0.000000 0.000000 0.000120 0.000000 0.000120 0.000067 0.000187 0.000000 0.000000 0.000000 0.000000 0.000000 0.000000 0.000000 0.000000 0.000560 0.000093 0.000000 0.000413 0.110107 0.013187 0.000000 0.000707 0.001453 0.000000 0.000093 0.148880 0.000000 0.000000 0.000413 0.000720 0.001013 0.000080 0.000187 0.000000 0.000387 0.000333 0.000000 0.002560 0.000453 0.002773 0.036440 0.047347 0.000000 0.000227 0.000000 0.000547
0.000000 0.000000 0.002480 0.000000 0.000000 0.000000 0.000000 0.000000 0.000000 0.000000 0.000493 0.000000 0.000227 0.000000 0.000000 0.000000 0.000360 0.000000 0.000000 0.000000 0.000000 0.000000 0.000000 0.000000 0.000200 0.000920 0.009760 0.000000 0.000000 0.000000 0.000000 0.000000 0.000000 0.000000 0.000000 0.000000 0.000147 0.000000 0.000067 0.000000 0.000000 0.000080 0.002893 0.000080 0.001680 0.000000 0.010933 0.000280 0.000120 0.000133 0.000613 0.000787 0.002267 0.000000 0.000107 0.003947 0.000320 0.005147 0.009133 0.003387 0.035667 0.000160 0.000120 0.000133 0.000933 0.000000 0.000000 0.000813
0.000000 0.000000 0.015573 0.000000 0.000000 0.000000 0.000000 0.000000 0.000000 0.000000 0.000000 0.000000 0.000000 0.000000 0.000000 0.000787 0.002080 0.000000 0.000107 0.000000 0.000133 0.000000 0.008200 0.000427 0.000000 0.001240 0.019613 0.000453 0.000000 0.000000 0.000000 0.000000 0.000000 0.000000 0.000560 0.000147 0.000000 0.000000 0.000000 0.000720 0.066533 0.007320 0.000000 0.004000 0.000253 0.000000 0.000000 0.002200 0.000000 0.000227 0.017987 0.000280 0.001813 0.000000 0.012347 0.000080 0.091280 0.001427 0.000000 0.080227 0.030320 0.009867 0.000253 0.003693 0.000000 0.000000 0.000000 0.000253
0.000000 0.000000 0.000000 0.000760 0.000000 0.000093 0.000120 0.000000 0.000107 0.000347 0.000000 0.000093 0.000000 0.000000 0.000000 0.000000 0.000000 0.000000 0.000000 0.000280 0.000000 0.000000 0.000000 0.000333 0.000000 0.000107 0.000000 0.000800 0.000000 0.000000 0.000000 0.000000 0.000000 0.000000 0.000093 0.000000 0.000000 0.000000 0.000000 0.005387 0.001333 0.003827 0.000413 0.118027 0.000267 0.025107 0.000000 0.001987 0.000000 0.000000 0.000000 0.000093 0.000000 0.172147 0.000000 0.000000 0.000000 0.010040 0.000000 0.000000 0.000107 0.153920 0.000800 0.000000 0.000000 0.000120 0.000000 0.000227
0.000000 0.000000 0.000000 0.000000 0.000000 0.000000 0.000000 0.000000 0.000000 0.000000 0.000000 0.000000 0.000000 0.000000 0.000000 0.000000 0.000000 0.000000 0.000000 0.000000 0.000000 0.000000 0.000000 0.000000 0.000000 0.000000 0.000000 0.000000 0.000000 0.000000 0.000000 0.000000 0.000000 0.000000 0.000000 0.000067 0.000000 0.000000 0.000000 0.034187 0.000067 0.002067 0.001187 0.000173 0.000893 0.000160 0.000067 0.000227 0.037320 0.000000 0.000000 0.000000 0.000000 0.000107 0.000000 0.000133 0.000000 0.002160 0.000000 0.000173 0.000373 0.000827 0.000000 0.000000 0.000000 0.004200 0.000000 0.019600
0.000000 0.000000 0.000000 0.000200 0.000000 0.000000 0.000000 0.000000 0.000000 0.000187 0.000000 0.000000 0.000000 0.000000 0.000000 0.000000 0.000000 0.000000 0.000000 0.000147 0.000000 0.000000 0.000000 0.000200 0.000000 0.000000 0.000000 0.000413 0.000000 0.000000 0.000000 0.000000 0.000000 0.000000 0.000413 0.000000 0.000720 0.005387 0.034187 0.000000 0.048347 0.154133 0.000627 0.105080 0.001760 0.022840 0.000160 0.007920 0.011667 0.000000 0.000093 0.000187 0.000000 0.017893 0.000000 0.000000 0.000240 0.003653 0.000000 0.001733 0.000240 0.009307 0.000947 0.000360 0.000000 0.003333 0.000000 0.007533
0.000000 0.000000 0.000000 0.000213 0.000000 0.000093 0.000213 0.000120 0.000000 0.000160 0.000147 0.000000 0.000000 0.000187 0.000000 0.000373 0.000000 0.000000 0.000000 0.000080 0.000440 0.000093 0.000000 0.002133 0.000000 0.000107 0.000107 0.005440 0.000107 0.000413 0.000000 0.000080 0.000000 0.000107 0.110107 0.000000 0.066533 0.001333 0.000067 0.048347 0.000000 0.107093 0.000293 0.237907 0.001440 0.000267 0.000160 0.303600 0.000000 0.000000 0.021400 0.002080 0.011160 0.000320 0.007587 0.000067 0.063507 0.016280 0.000000 0.054280 0.001560 0.440107 0.016213 0.118893 0.000000 0.000373 0.000227 0.002213
0.000000 0.000000 0.000000 0.000187 0.000000 0.000160 0.000080 0.000093 0.000080 0.000187 0.000227 0.000067 0.000160 0.000080 0.000000 0.000000 0.000000 0.000000 0.000000 0.000093 0.000080 0.000000 0.000000 0.001040 0.000000 0.000453 0.000160 0.001280 0.000000 0.000000 0.000000 0.000067 0.000000 0.000000 0.013187 0.000080 0.007320 0.003827 0.002067 0.154133 0.107093 0.000000 0.000293 0.069973 0.017640 0.004693 0.001467 0.271000 0.000867 0.000000 0.000613 0.001960 0.001773 0.010440 0.000187 0.000000 0.003747 0.002360 0.000280 0.017560 0.001440 0.004093 0.014000 0.009507 0.000227 0.030400 0.000000 0.011027
0.000000 0.000000 0.000000 0.000000 0.000000 0.000000 0.000000 0.000000 0.000133 0.000000 0.000000 0.000000 0.000000 0.000000 0.000000 0.000000 0.000000 0.000000 0.000000 0.000000 0.000000 0.000000 0.000000 0.000400 0.000000 0.000000 0.000000 0.000227 0.000000 0.000000 0.000000 0.000000 0.000000 0.000000 0.000000 0.002893 0.000000 0.000413 0.001187 0.000627 0.000293 0.000293 0.000000 0.001733 0.000400 0.001587 0.000533 0.000520 0.000560 0.000000 0.000000 0.000000 0.000427 0.000787 0.000000 0.015880 0.000000 0.015987 0.000173 0.001480 0.005307 0.006080 0.000320 0.000000 0.000200 0.000147 0.000000 0.000293
0.000000 0.000000 0.000000 0.001587 0.000000 0.000347 0.000400 0.000213 0.000160 0.001827 0.000093 0.000280 0.000000 0.000307 0.000000 0.000000 0.000000 0.000000 0.000000 0.001293 0.000000 0.000000 0.000000 0.002360 0.000000 0.000067 0.000093 0.003320 0.000147 0.000000 0.000000 0.000093 0.000000 0.000000 0.000707 0.000080 0.004000 0.118027 0.000173 0.105080 0.237907 0.069973 0.001733 0.000000 0.001213 0.054187 0.000120 0.016867 0.000000 0.000000 0.000080 0.000333 0.000387 0.162920 0.000000 0.000000 0.001533 0.012800 0.000000 0.004160 0.000760 0.211213 0.007547 0.000293 0.000000 0.000307 0.000000 0.002187
0.000000 0.000893 0.000000 0.000000 0.000000 0.000067 0.000000 0.000000 0.000187 0.000067 0.017280 0.000000 0.015507 0.000093 0.000000 0.000000 0.000000 0.001613 0.000560 0.000000 0.000000 0.000080 0.000000 0.000547 0.001293 0.008827 0.003360 0.000493 0.000000 0.000000 0.000813 0.000000 0.000000 0.000147 0.001453 0.001680 0.000253 0.000267 0.000893 0.001760 0.001440 0.017640 0.000400 0.001213 0.000000 0.000653 0.032293 0.020507 0.000000 0.000000 0.004507 0.094107 0.043320 0.000773 0.000720 0.000400 0.003547 0.001507 0.010613 0.063560 0.016187 0.000693 0.017987 0.002813 0.009040 0.009987 0.000000 0.050080
0.000000 0.000000 0.000000 0.000840 0.000000 0.000000 0.000000 0.000000 0.000147 0.000293 0.000000 0.000307 0.000000 0.000000 0.000000 0.000000 0.000000 0.000000 0.000000 0.000560 0.000000 0.000000 0.000000 0.000240 0.000000 0.000000 0.000000 0.000773 0.000000 0.000000 0.000000 0.000000 0.000000 0.000000 0.000000 0.000000 0.000000 0.025107 0.000160 0.022840 0.000267 0.004693 0.001587 0.054187 0.000653 0.000000 0.000093 0.001573 0.000213 0.000000 0.000000 0.000213 0.000187 0.035880 0.000000 0.000000 0.000000 0.025240 0.000000 0.000160 0.000213 0.020747 0.000573 0.000000 0.000000 0.000147 0.000000 0.000280
0.000000 0.000693 0.000000 0.000000 0.000000 0.000000 0.000000 0.000000 0.000213 0.000000 0.022440 0.000000 0.020680 0.000080 0.000000 0.000000 0.000000 0.001533 0.000533 0.000000 0.000000 0.000147 0.000000 0.000147 0.001187 0.008627 0.003707 0.000080 0.000000 0.000000 0.001000 0.000000 0.000000 0.000067 0.000093 0.010933 0.000000 0.000000 0.000067 0.000160 0.000160 0.001467 0.000533 0.000120 0.032293 0.000093 0.000000 0.001187 0.000093 0.000000 0.000000 0.002667 0.000240 0.000120 0.000000 0.001053 0.000093 0.001160 0.060520 0.012760 0.038147 0.000280 0.000827 0.000093 0.012107 0.000573 0.000000 0.004947
0.000000 0.000000 0.000000 0.000200 0.000000 0.000240 0.000120 0.000147 0.000147 0.000520 0.000147 0.000000 0.000133 0.000173 0.000000 0.000147 0.000000 0.000000 0.000107 0.000200 0.000093 0.000000 0.000000 0.001427 0.000000 0.000920 0.000387 0.002080 0.000000 0.000080 0.000000 0.000107 0.000000 0.000080 0.148880 0.000280 0.002200 0.001987 0.000227 0.007920 0.303600 0.271000 0.000520 0.016867 0.020507 0.001573 0.001187 0.000000 0.000000 0.000080 0.001480 0.004053 0.004240 0.004160 0.000333 0.000120 0.001920 0.003200 0.000413 0.015933 0.003400 0.005240 0.075720 0.031373 0.000160 0.030693 0.000067 0.016147
0.000000 0.000000 0.000000 0.000000 0.000000 0.000000 0.000000 0.000000 0.000000 0.000000 0.000000 0.000000 0.000000 0.000000 0.000000 0.000000 0.000000 0.000000 0.000000 0.000000 0.000000 0.000000 0.000000 0.000000 0.000000 0.000000 0.000000 0.000000 0.000000 0.000000 0.000000 0.000000 0.000000 0.000000 0.000000 0.000120 0.000000 0.000000 0.037320 0.011667 0.000000 0.000867 0.000560 0.000000 0.000000 0.000213 0.000093 0.000000 0.000000 0.000000 0.000000 0.000000 0.000000 0.000000 0.000000 0.000173 0.000000 0.001093 0.000000 0.000187 0.000373 0.000493 0.000000 0.000000 0.000000 0.002933 0.000000 0.000080
0.000000 0.000000 0.000213 0.000000 0.000000 0.000000 0.000000 0.000000 0.000000 0.000000 0.000000 0.000000 0.000000 0.000000 0.000000 0.021880 0.000000 0.000000 0.000000 0.000000 0.004107 0.001773 0.005853 0.000653 0.000000 0.000000 0.002333 0.001453 0.000000 0.000147 0.000000 0.000000 0.000000 0.000000 0.000000 0.000133 0.000227 0.000000 0.000000 0.000000 0.000000 0.000000 0.000000 0.000000 0.000000 0.000000 0.000000 0.000080 0.000000 0.000000 0.000000 0.000000 0.000000 0.000000 0.013453 0.024213 0.071693 0.011120 0.000000 0.000480 0.032707 0.001893 0.000933 0.001613 0.000000 0.000000 0.000000 0.000000
0.000000 0.000000 0.002373 0.000000 0.000000 0.000000 0.000000 0.000000 0.000000 0.000000 0.000000 0.000000 0.000067 0.000000 0.000000 0.000000 0.000280 0.000000 0.000107 0.000000 0.000000 0.000000 0.000280 0.000000 0.000000 0.006307 0.007453 0.000000 0.000000 0.000000 0.000000 0.000000 0.000000 0.000000 0.000413 0.000613 0.017987 0.000000 0.000000 0.000093 0.021400 0.000613 0.000000 0.000080 0.004507 0.000000 0.000000 0.001480 0.000000 0.000000 0.000000 0.017640 0.108067 0.000000 0.004267 0.000067 0.031093 0.000520 0.000453 0.077227 0.029053 0.002080 0.000827 0.037000 0.000000 0.000000 0.000000 0.005427
0.000000 0.000000 0.000000 0.000000 0.000000 0.000000 0.000000 0.000000 0.000000 0.000000 0.002333 0.000000 0.001907 0.000000 0.000000 0.000000 0.000000 0.000947 0.000307 0.000000 0.000000 0.000000 0.000000 0.000187 0.000240 0.008213 0.003907 0.000200 0.000000 0.000000 0.000387 0.000000 0.000000 0.000000 0.000720 0.000787 0.000280 0.000093 0.000000 0.000187 0.002080 0.001960 0.000000 0.000333 0.094107 0.000213 0.002667 0.004053 0.000000 0.000000 0.017640 0.000000 0.174787 0.000173 0.000707 0.000080 0.003853 0.000680 0.002107 0.110560 0.027320 0.000467 0.003173 0.008133 0.001080 0.000253 0.000000 0.007560
0.000000 0.000000 0.000200 0.000000 0.000000 0.000000 0.000000 0.000000 0.000000 0.000000 0.000120 0.000000 0.000160 0.000067 0.000000 0.000000 0.000133 0.000093 0.000493 0.000000 0.000000 0.000000 0.000000 0.000107 0.000067 0.010880 0.007653 0.000067 0.000000 0.000000 0.000000 0.000000 0.000000 0.000000 0.001013 0.002267 0.001813 0.000000 0.000000 0.000000 0.011160 0.001773 0.000427 0.000387 0.043320 0.000187 0.000240 0.004240 0.000000 0.000000 0.108067 0.174787 0.000000 0.000120 0.001227 0.000413 0.009573 0.001107 0.000547 0.130973 0.041813 0.001013 0.002213 0.022400 0.000093 0.000000 0.000000 0.027987
0.000000 0.000000 0.000000 0.000520 0.000000 0.000080 0.000080 0.000067 0.000080 0.000293 0.000000 0.001080 0.000000 0.000067 0.000000 0.000000 0.000000 0.000000 0.000000 0.000947 0.000000 0.000000 0.000000 0.000347 0.000000 0.000080 0.000000 0.000493 0.000000 0.000000 0.000000 0.000000 0.000000 0.000000 0.000080 0.000000 0.000000 0.172147 0.000107 0.017893 0.000320 0.010440 0.000787 0.162920 0.000773 0.035880 0.000120 0.004160 0.000000 0.000000 0.000000 0.000173 0.000120 0.000000 0.000000 0.000000 0.000000 0.010440 0.000000 0.000133 0.000440 0.007413 0.001373 0.000000 0.000000 0.000200 0.000000 0.000547
0.000000 0.000000 0.000293 0.000000 0.000000 0.000000 0.000280 0.000293 0.000133 0.000000 0.000133 0.000000 0.000000 0.000427 0.000000 0.015627 0.000000 0.000000 0.000000 0.000000 0.008427 0.000867 0.003533 0.004373 0.000000 0.000107 0.001000 0.008907 0.000173 0.001587 0.000000 0.000000 0.000000 0.000120 0.000187 0.000107 0.012347 0.000000 0.000000 0.000000 0.007587 0.000187 0.000000 0.000000 0.000720 0.000000 0.000000 0.000333 0.000000 0.013453 0.004267 0.000707 0.001227 0.000000 0.000000 0.003640 0.280520 0.001533 0.000000 0.003200 0.010773 0.059627 0.004173 0.075867 0.000000 0.000000 0.000387 0.012280
0.000000 0.000000 0.000000 0.000000 0.000000 0.000000 0.000000 0.000000 0.000133 0.000000 0.000000 0.000000 0.000000 0.000000 0.000000 0.001800 0.000000 0.000000 0.000000 0.000000 0.000253 0.000213 0.000253 0.000573 0.000000 0.000000 0.000520 0.000267 0.000000 0.000000 0.000000 0.000000 0.000000 0.000000 0.000000 0.003947 0.000080 0.000000 0.000133 0.000000 0.000067 0.000000 0.015880 0.000000 0.000400 0.000000 0.001053 0.000120 0.000173 0.024213 0.000067 0.000080 0.000413 0.000000 0.003640 0.000000 0.006453 0.010667 0.000227 0.001880 0.033627 0.001427 0.000173 0.000307 0.000293 0.000000 0.000000 0.000213
0.000000 0.000000 0.005507 0.000000 0.000000 0.000000 0.000133 0.000000 0.000000 0.000000 0.000000 0.000000 0.000000 0.000000 0.000000 0.035000 0.000853 0.000000 0.000000 0.000000 0.011040 0.001387 0.052307 0.001253 0.000000 0.000373 0.023573 0.003107 0.000000 0.000747 0.000000 0.000000 0.000000 0.000000 0.000387 0.000320 0.091280 0.000000 0.000000 0.000240 0.063507 0.003747 0.000000 0.001533 0.003547 0.000000 0.000093 0.001920 0.000000 0.071693 0.031093 0.003853 0.009573 0.000000 0.280520 0.006453 0.000000 0.001840 0.000000 0.021867 0.055747 0.014027 0.003213 0.045813 0.000093 0.000000 0.000200 0.013587
0.000000 0.000067 0.000600 0.009707 0.000000 0.000587 0.000747 0.000413 0.001413 0.004200 0.000307 0.001133 0.000133 0.000720 0.000000 0.001147 0.000000 0.000000 0.000133 0.004613 0.000373 0.000427 0.000307 0.012987 0.000000 0.000320 0.001267 0.014080 0.000373 0.000067 0.000000 0.000213 0.000000 0.000320 0.000333 0.005147 0.001427 0.010040 0.002160 0.003653 0.016280 0.002360 0.015987 0.012800 0.001507 0.025240 0.001160 0.003200 0.001093 0.011120 0.000520 0.000680 0.001107 0.010440 0.001533 0.010667 0.001840 0.000000 0.000427 0.009333 0.025947 0.288680 0.007787 0.002413 0.000467 0.000493 0.000333 0.002253
0.000000 0.000000 0.000000 0.000000 0.000000 0.000000 0.000000 0.000000 0.000000 0.000000 0.000533 0.000000 0.000613 0.000000 0.000000 0.000000 0.000000 0.000000 0.000080 0.000000 0.000000 0.000000 0.000000 0.000000 0.000147 0.000867 0.000440 0.000000 0.000000 0.000000 0.000000 0.000000 0.000000 0.000000 0.000000 0.009133 0.000000 0.000000 0.000000 0.000000 0.000000 0.000280 0.000173 0.000000 0.010613 0.000000 0.060520 0.000413 0.000000 0.000000 0.000453 0.002107 0.000547 0.000000 0.000000 0.000227 0.000000 0.000427 0.000000 0.004000 0.009893 0.000000 0.000213 0.000000 0.000693 0.000080 0.000000 0.000333
0.000000 0.000067 0.006987 0.000000 0.000000 0.000000 0.000067 0.000120 0.000000 0.000000 0.005600 0.000067 0.004720 0.000240 0.000000 0.000227 0.001400 0.001653 0.002520 0.000000 0.000000 0.000000 0.000213 0.000320 0.001187 0.058587 0.044307 0.000320 0.000173 0.000000 0.001013 0.000093 0.000000 0.000373 0.002560 0.003387 0.080227 0.000000 0.000173 0.001733 0.054280 0.017560 0.001480 0.004160 0.063560 0.000160 0.012760 0.015933 0.000187 0.000480 0.077227 0.110560 0.130973 0.000133 0.003200 0.001880 0.021867 0.009333 0.004000 0.000000 0.201027 0.008547 0.002573 0.014133 0.018240 0.000333 0.000000 0.005920
0.000000 0.000253 0.021133 0.000000 0.000000 0.000080 0.000093 0.000067 0.000000 0.000000 0.001920 0.000080 0.002213 0.000240 0.000000 0.010987 0.003200 0.000773 0.001453 0.000000 0.000760 0.001240 0.028293 0.001213 0.001120 0.036640 0.088787 0.001627 0.000093 0.000000 0.000493 0.000120 0.000000 0.000240 0.000453 0.035667 0.030320 0.000107 0.000373 0.000240 0.001560 0.001440 0.005307 0.000760 0.016187 0.000213 0.038147 0.003400 0.000373 0.032707 0.029053 0.027320 0.041813 0.000440 0.010773 0.033627 0.055747 0.025947 0.009893 0.201027 0.000000 0.013440 0.002147 0.001373 0.013667 0.000320 0.000080 0.011587
0.000000 0.000000 0.000520 0.007467 0.000000 0.001280 0.001653 0.000773 0.001107 0.006040 0.000427 0.001320 0.000267 0.001427 0.000000 0.001067 0.000000 0.000000 0.000067 0.004960 0.000507 0.000307 0.000360 0.018547 0.000000 0.000293 0.001280 0.022600 0.000453 0.000493 0.000000 0.000307 0.000093 0.000453 0.002773 0.000160 0.009867 0.153920 0.000827 0.009307 0.440107 0.004093 0.006080 0.211213 0.000693 0.020747 0.000280 0.005240 0.000493 0.001893 0.002080 0.000467 0.001013 0.007413 0.059627 0.001427 0.014027 0.288680 0.000000 0.008547 0.013440 0.000000 0.028587 0.027493 0.000000 0.000387 0.001307 0.006307
0.000000 0.000000 0.000000 0.000080 0.000000 0.000080 0.000000 0.000093 0.000067 0.000187 0.000067 0.000000 0.000173 0.000160 0.000000 0.000133 0.000000 0.000000 0.000000 0.000080 0.000147 0.000000 0.000000 0.000893 0.000000 0.000440 0.000293 0.001080 0.000000 0.000093 0.000000 0.000000 0.000000 0.000067 0.036440 0.000120 0.000253 0.000800 0.000000 0.000947 0.016213 0.014000 0.000320 0.007547 0.017987 0.000573 0.000827 0.075720 0.000000 0.000933 0.000827 0.003173 0.002213 0.001373 0.004173 0.000173 0.003213 0.007787 0.000213 0.002573 0.002147 0.028587 0.000000 0.051013 0.000080 0.012147 0.051427 0.047173
0.000000 0.000000 0.000000 0.000000 0.000000 0.000000 0.000253 0.000293 0.000133 0.000000 0.000200 0.000000 0.000067 0.000560 0.000000 0.004213 0.000000 0.000000 0.000093 0.000000 0.005467 0.000120 0.000240 0.004133 0.000000 0.000507 0.000360 0.012093 0.000147 0.002227 0.000000 0.000067 0.000000 0.000147 0.047347 0.000133 0.003693 0.000000 0.000000 0.000360 0.118893 0.009507 0.000000 0.000293 0.002813 0.000000 0.000093 0.031373 0.000000 0.001613 0.037000 0.008133 0.022400 0.000000 0.075867 0.000307 0.045813 0.002413 0.000000 0.014133 0.001373 0.027493 0.051013 0.000000 0.000000 0.000107 0.002493 0.007387
0.000000 0.000000 0.000000 0.000000 0.000000 0.000000 0.000000 0.000000 0.000000 0.000000 0.000693 0.000000 0.000840 0.000000 0.000000 0.000000 0.000000 0.000147 0.000000 0.000000 0.000000 0.000000 0.000000 0.000000 0.000080 0.000907 0.000467 0.000000 0.000000 0.000000 0.000000 0.000000 0.000000 0.000000 0.000000 0.000933 0.000000 0.000000 0.000000 0.000000 0.000000 0.000227 0.000200 0.000000 0.009040 0.000000 0.012107 0.000160 0.000000 0.000000 0.000000 0.001080 0.000093 0.000000 0.000000 0.000293 0.000093 0.000467 0.000693 0.018240 0.013667 0.000000 0.000080 0.000000 0.000000 0.000080 0.000000 0.000200
