0.000000 0.000000 104.978703 91.088495 0.000000 84.242405 35.339788 46.335843 62.508279 80.490980 122.523259 0.000000 113.008755 27.164944 0.000000 0.000000 113.811904 137.074421 133.296465 0.000000 71.917134 69.377330 92.797975 82.747486 0.000000 129.600693 140.401833 87.857730 24.645456 41.578744 0.000000 82.957027 39.151727 60.202538 0.000000 0.000000 0.000000 0.000000 0.000000 0.000000 0.000000 0.000000 0.000000 0.000000 0.000000 0.000000 0.000000 162.131522 0.000000 0.000000 0.000000 0.000000 0.000000 0.000000 132.612573 0.000000 0.000000 122.855936 0.000000 0.000000 0.000000 147.313677 150.509578 0.000000 0.000000 0.000000 0.000000 176.210131
0.000000 0.000000 39.914686 0.000000 137.139765 152.755936 0.000000 0.000000 78.022826 0.000000 0.000000 0.000000 67.254330 0.000000 116.985045 61.819065 60.700279 0.000000 53.374476 0.000000 0.000000 32.644706 52.793912 86.089691 24.303135 38.129425 31.654541 112.533597 0.000000 0.000000 65.783791 157.338748 0.000000 49.449697 0.000000 0.000000 50.605984 0.000000 0.000000 0.000000 0.000000 0.000000 0.000000 0.000000 88.722540 0.000000 93.131657 0.000000 0.000000 0.000000 55.701798 0.000000 58.841137 0.000000 0.000000 0.000000 57.295444 86.426277 0.000000 54.213823 53.791455 0.000000 0.000000 0.000000 102.503951 0.000000 0.000000 0.000000
104.978703 39.914686 0.000000 129.982909 0.000000 135.270578 108.847314 127.392467 0.000000 128.126581 93.369479 0.000000 104.601674 120.910082 0.000000 74.959048 49.016333 68.643309 59.705816 0.000000 71.837036 0.000000 43.495339 94.130723 0.000000 39.187719 28.972088 99.283655 110.371463 95.738906 86.076589 0.000000 0.000000 58.526742 0.000000 51.071519 91.725726 0.000000 0.000000 0.000000 209.231303 0.000000 0.000000 0.000000 137.437094 0.000000 0.000000 0.000000 0.000000 112.649594 105.234473 137.445289 122.453337 0.000000 150.398892 80.227753 99.038714 139.494581 0.000000 105.616734 93.104236 181.468168 0.000000 0.000000 0.000000 0.000000 0.000000 114.535932
91.088495 0.000000 129.982909 0.000000 117.610237 78.170578 57.249880 108.631706 59.250340 29.083278 175.366529 42.923893 0.000000 105.871370 71.861914 0.000000 152.439606 0.000000 0.000000 22.502385 0.000000 0.000000 127.594827 28.698684 0.000000 157.014174 150.844165 25.599061 107.289958 96.818819 0.000000 141.419523 100.310708 102.478546 0.000000 0.000000 0.000000 110.655664 0.000000 176.541615 159.591566 152.617103 78.659578 161.000766 0.000000 101.277013 0.000000 182.919701 63.930631 0.000000 0.000000 0.000000 0.000000 31.196378 0.000000 0.000000 0.000000 101.199763 0.000000 0.000000 0.000000 157.159952 160.164964 0.000000 0.000000 0.000000 0.000000 170.876695
0.000000 137.139765 0.000000 117.610237 0.000000 22.312915 109.860056 103.790739 80.088313 119.287974 0.000000 64.044374 0.000000 117.359422 26.877860 0.000000 0.000000 0.000000 0.000000 0.000000 0.000000 103.760602 0.000000 100.406616 169.119992 0.000000 167.025328 111.954710 0.000000 0.000000 0.000000 10.116558 0.000000 11.581316 0.000000 0.000000 0.000000 0.000000 0.000000 0.000000 0.000000 0.000000 0.000000 0.000000 0.000000 0.000000 0.000000 0.000000 0.000000 0.000000 0.000000 0.000000 0.000000 0.000000 0.000000 0.000000 0.000000 0.000000 0.000000 0.000000 0.000000 0.000000 0.000000 0.000000 0.000000 0.000000 0.000000 0.000000
84.242405 152.755936 135.270578 78.170578 22.312915 0.000000 48.662269 25.798444 79.432547 35.393624 116.407034 34.872934 119.572577 70.181726 24.269252 0.000000 152.892068 0.000000 157.418727 62.012673 101.030442 113.677140 125.062052 98.118306 0.000000 155.529300 162.311639 65.002332 96.403081 89.162730 0.000000 25.420713 105.247797 79.373994 0.000000 0.000000 0.000000 167.643161 0.000000 0.000000 167.790963 173.607613 0.000000 167.408023 0.000000 160.736650 0.000000 189.464595 0.000000 0.000000 0.000000 0.000000 0.000000 0.000000 0.000000 0.000000 0.000000 147.605545 0.000000 0.000000 0.000000 166.441532 181.416595 0.000000 0.000000 0.000000 0.000000 129.468424
35.339788 0.000000 108.847314 57.249880 109.860056 48.662269 0.000000 61.875028 56.759903 28.371052 141.197743 62.428552 0.000000 43.494640 104.505282 0.000000 118.992663 147.580484 136.904979 73.078325 67.466787 86.886749 91.293342 45.887976 0.000000 129.586007 130.508674 37.797140 78.722390 35.332555 175.837546 115.935458 80.103927 80.037905 0.000000 0.000000 0.000000 150.380559 0.000000 0.000000 144.120519 141.561260 0.000000 143.500655 0.000000 0.000000 0.000000 151.497117 0.000000 0.000000 0.000000 0.000000 0.000000 162.285852 164.461782 0.000000 0.000000 120.132364 0.000000 218.151968 0.000000 143.048276 172.326094 0.000000 0.000000 0.000000 0.000000 165.516893
46.335843 0.000000 127.392467 108.631706 103.790739 25.798444 61.875028 0.000000 70.712153 71.221702 90.506668 95.464342 80.470080 24.855394 0.000000 0.000000 129.855700 133.784597 133.160069 96.932401 87.602335 89.181734 112.812334 88.846975 0.000000 133.295292 133.856126 94.088979 54.394326 63.862489 111.321028 21.736839 122.130150 50.868537 157.750112 0.000000 0.000000 168.388313 0.000000 182.432203 150.644067 154.575329 93.689420 162.468132 209.006293 0.000000 0.000000 170.181983 0.000000 0.000000 0.000000 235.521593 0.000000 0.000000 151.583723 0.000000 0.000000 136.569556 0.000000 231.070869 222.293115 156.359558 169.464400 154.025460 0.000000 137.510459 0.000000 145.480760
62.508279 78.022826 0.000000 59.250340 80.088313 79.432547 56.759903 70.712153 0.000000 66.779214 0.000000 42.366110 140.394244 73.539957 62.568972 42.421804 0.000000 0.000000 0.000000 59.810383 48.673120 33.814668 88.907680 39.071709 109.688191 143.672988 107.975756 56.734246 69.320596 53.658367 0.000000 100.523229 67.986346 74.142135 73.446209 0.000000 0.000000 0.000000 0.000000 0.000000 0.000000 93.055190 0.000000 109.009643 0.000000 0.000000 176.363698 91.304902 0.000000 0.000000 0.000000 0.000000 0.000000 0.000000 0.000000 0.000000 0.000000 48.546480 0.000000 0.000000 0.000000 87.050089 88.191691 72.417035 0.000000 0.000000 0.000000 0.000000
80.490980 0.000000 128.126581 29.083278 119.287974 35.393624 28.371052 71.221702 66.779214 0.000000 152.774035 27.396635 155.975581 60.408953 104.829698 0.000000 144.279552 174.912922 165.090528 16.174891 89.942881 0.000000 114.792721 52.163953 0.000000 152.718198 164.503857 31.738611 102.973688 70.458459 0.000000 126.155554 97.782475 97.095163 0.000000 0.000000 0.000000 165.047132 0.000000 175.779792 153.462757 153.454874 134.483969 160.383632 221.728498 156.586056 0.000000 172.297236 0.000000 0.000000 0.000000 0.000000 0.000000 160.292763 145.725424 0.000000 0.000000 132.485773 0.000000 234.097600 0.000000 159.334501 166.587439 0.000000 0.000000 0.000000 0.000000 172.207584
122.523259 0.000000 93.369479 175.366529 0.000000 116.407034 141.197743 90.506668 0.000000 152.774035 0.000000 147.774011 26.958848 90.412112 0.000000 0.000000 54.446903 26.390752 30.857836 156.099409 0.000000 0.000000 95.053219 0.000000 37.278283 25.729866 61.069777 159.915821 84.567253 102.412171 39.835980 58.277618 117.680384 33.333543 0.000000 129.791519 0.000000 0.000000 0.000000 0.000000 0.000000 0.000000 0.000000 0.000000 87.693865 0.000000 79.558953 0.000000 0.000000 0.000000 0.000000 0.000000 0.000000 0.000000 0.000000 0.000000 0.000000 176.025452 61.445886 97.218026 107.231470 197.708344 221.484137 0.000000 95.714884 0.000000 0.000000 0.000000
0.000000 0.000000 0.000000 42.923893 64.044374 34.872934 62.428552 95.464342 42.366110 27.396635 147.774011 0.000000 160.006095 107.817670 42.583808 0.000000 168.272991 167.105185 169.950682 19.210875 0.000000 0.000000 0.000000 26.587155 0.000000 175.948633 176.210724 48.504669 108.575158 0.000000 0.000000 113.616313 0.000000 99.392649 0.000000 0.000000 0.000000 157.958809 0.000000 172.521777 150.821353 169.955896 0.000000 161.289148 0.000000 150.083225 0.000000 0.000000 0.000000 0.000000 0.000000 0.000000 0.000000 134.205968 0.000000 0.000000 0.000000 137.020056 0.000000 0.000000 0.000000 158.065058 0.000000 0.000000 0.000000 0.000000 0.000000 163.667378
113.008755 67.254330 104.601674 0.000000 0.000000 119.572577 0.000000 80.470080 140.394244 155.975581 26.958848 160.006095 0.000000 86.580028 0.000000 0.000000 111.786902 43.036492 82.435473 154.633793 0.000000 86.021158 0.000000 149.734349 27.869255 31.742893 38.420726 173.470435 81.556171 0.000000 18.820870 72.825385 0.000000 47.048999 0.000000 96.563353 0.000000 0.000000 0.000000 0.000000 0.000000 0.000000 0.000000 0.000000 73.099879 0.000000 59.920361 0.000000 0.000000 0.000000 0.000000 91.526001 0.000000 0.000000 0.000000 0.000000 0.000000 185.143985 46.552944 88.618046 99.809154 0.000000 93.831755 0.000000 93.013869 0.000000 0.000000 58.572694
27.164944 0.000000 120.910082 105.871370 117.359422 70.181726 43.494640 24.855394 73.539957 60.408953 90.412112 107.817670 86.580028 0.000000 0.000000 0.000000 120.922849 120.403053 123.228794 107.687074 84.065125 78.665396 103.971616 90.860516 112.841626 125.698616 124.597199 90.361034 29.141470 56.636162 118.700142 23.465565 85.508597 39.373095 165.479309 0.000000 0.000000 167.391318 0.000000 0.000000 144.383718 154.897914 92.492774 159.068197 213.213712 196.028990 0.000000 173.268770 0.000000 135.389603 0.000000 0.000000 212.545277 0.000000 146.600937 0.000000 0.000000 136.874472 0.000000 212.581841 229.235861 149.738919 169.184933 159.501638 0.000000 150.938926 0.000000 158.564676
0.000000 116.985045 0.000000 71.861914 26.877860 24.269252 104.505282 0.000000 62.568972 104.829698 0.000000 42.583808 0.000000 0.000000 0.000000 0.000000 0.000000 0.000000 0.000000 56.690477 0.000000 89.945993 0.000000 84.305980 0.000000 0.000000 152.029863 87.842416 0.000000 0.000000 0.000000 37.208016 0.000000 0.000000 0.000000 0.000000 0.000000 0.000000 0.000000 0.000000 0.000000 0.000000 0.000000 0.000000 0.000000 0.000000 0.000000 0.000000 0.000000 0.000000 0.000000 0.000000 0.000000 0.000000 0.000000 0.000000 0.000000 0.000000 0.000000 0.000000 0.000000 0.000000 0.000000 0.000000 0.000000 0.000000 0.000000 0.000000
0.000000 61.819065 74.959048 0.000000 0.000000 0.000000 0.000000 0.000000 42.421804 0.000000 0.000000 0.000000 0.000000 0.000000 0.000000 0.000000 100.457165 0.000000 128.970589 0.000000 26.637851 35.487195 17.540607 24.619999 0.000000 109.968360 39.577085 18.085393 78.966751 84.803904 123.536999 0.000000 81.666850 76.615260 0.000000 0.000000 0.000000 0.000000 0.000000 0.000000 0.000000 0.000000 0.000000 0.000000 0.000000 0.000000 0.000000 145.190765 0.000000 96.133860 151.063282 0.000000 158.632962 0.000000 112.241342 51.619069 103.735993 102.211011 0.000000 146.724317 94.599405 124.282836 133.481083 116.183842 0.000000 0.000000 0.000000 127.455942
113.811904 60.700279 49.016333 152.439606 0.000000 152.892068 118.992663 129.855700 0.000000 144.279552 54.446903 168.272991 111.786902 120.922849 0.000000 100.457165 0.000000 51.541018 25.846683 0.000000 56.202570 0.000000 34.847501 138.296228 0.000000 38.111369 64.447741 135.724423 106.968382 73.617156 123.748754 106.872339 0.000000 40.518753 0.000000 64.991590 101.518826 0.000000 0.000000 0.000000 0.000000 0.000000 0.000000 0.000000 0.000000 0.000000 0.000000 0.000000 0.000000 0.000000 110.685527 0.000000 113.248969 0.000000 0.000000 0.000000 111.536850 158.773752 0.000000 105.630893 107.227498 0.000000 0.000000 0.000000 0.000000 0.000000 0.000000 128.308542
137.074421 0.000000 68.643309 0.000000 0.000000 0.000000 147.580484 133.784597 0.000000 174.912922 26.390752 167.105185 43.036492 120.403053 0.000000 0.000000 51.541018 0.000000 20.128588 0.000000 126.052722 0.000000 87.344920 0.000000 37.797245 23.657047 79.468454 164.501417 119.745089 114.497623 43.041205 90.776667 0.000000 57.189047 0.000000 0.000000 0.000000 0.000000 0.000000 0.000000 0.000000 0.000000 0.000000 0.000000 92.164846 0.000000 89.899630 0.000000 0.000000 0.000000 0.000000 0.000000 0.000000 0.000000 0.000000 0.000000 0.000000 0.000000 49.124629 95.199194 101.649074 0.000000 0.000000 0.000000 97.448297 0.000000 0.000000 0.000000
133.296465 53.374476 59.705816 0.000000 0.000000 157.418727 136.904979 133.160069 0.000000 165.090528 30.857836 169.950682 82.435473 123.228794 0.000000 128.970589 25.846683 20.128588 0.000000 172.020791 98.526417 0.000000 73.052031 149.832303 48.130532 26.019625 73.194406 152.323045 121.493663 107.350101 61.804978 95.180615 0.000000 42.017698 0.000000 73.598721 117.420382 0.000000 0.000000 0.000000 0.000000 0.000000 0.000000 0.000000 114.782865 0.000000 99.372216 0.000000 0.000000 0.000000 115.623022 106.864949 109.278993 0.000000 0.000000 0.000000 0.000000 0.000000 0.000000 102.319900 106.726328 0.000000 0.000000 0.000000 108.523027 0.000000 0.000000 126.938731
0.000000 0.000000 0.000000 22.502385 0.000000 62.012673 73.078325 96.932401 59.810383 16.174891 156.099409 19.210875 154.633793 107.687074 56.690477 0.000000 0.000000 0.000000 172.020791 0.000000 0.000000 0.000000 0.000000 34.479396 0.000000 176.075999 182.004733 32.709400 108.643688 0.000000 0.000000 130.404832 102.352571 102.724948 0.000000 0.000000 0.000000 162.335981 0.000000 0.000000 160.062709 182.950827 0.000000 167.298042 0.000000 155.049906 0.000000 0.000000 0.000000 0.000000 0.000000 0.000000 0.000000 102.607260 0.000000 0.000000 0.000000 145.075959 0.000000 0.000000 0.000000 161.874617 189.997620 0.000000 0.000000 0.000000 0.000000 0.000000
71.917134 0.000000 71.837036 0.000000 0.000000 101.030442 67.466787 87.602335 48.673120 89.942881 0.000000 0.000000 0.000000 84.065125 0.000000 26.637851 56.202570 126.052722 98.526417 0.000000 0.000000 51.483387 40.622207 78.257372 0.000000 100.165611 117.689268 26.571698 68.007548 29.261158 0.000000 0.000000 74.382446 33.589800 133.306242 0.000000 0.000000 0.000000 0.000000 0.000000 165.097048 0.000000 69.669308 0.000000 0.000000 0.000000 0.000000 149.706165 0.000000 109.917177 151.780592 0.000000 185.970523 0.000000 119.011668 64.360460 120.007743 119.931796 0.000000 0.000000 136.844453 129.968148 136.662430 121.662464 0.000000 0.000000 124.126595 134.102453
69.377330 32.644706 0.000000 0.000000 103.760602 113.677140 86.886749 89.181734 33.814668 0.000000 0.000000 0.000000 86.021158 78.665396 89.945993 35.487195 0.000000 0.000000 0.000000 0.000000 51.483387 0.000000 49.017922 44.971830 64.704759 0.000000 37.565947 59.906598 65.753285 52.799058 101.310665 123.739018 64.393810 0.000000 0.000000 0.000000 0.000000 0.000000 0.000000 0.000000 0.000000 0.000000 0.000000 0.000000 0.000000 0.000000 127.678158 84.499187 0.000000 48.957132 0.000000 0.000000 0.000000 0.000000 62.260754 0.000000 63.544510 51.946696 0.000000 0.000000 61.444453 73.746393 80.524808 65.631245 0.000000 0.000000 0.000000 0.000000
92.797975 52.793912 43.495339 127.594827 0.000000 125.062052 91.293342 112.812334 88.907680 114.792721 95.053219 0.000000 0.000000 103.971616 0.000000 17.540607 34.847501 87.344920 73.052031 0.000000 40.622207 49.017922 0.000000 67.498404 0.000000 55.949896 64.139823 66.407611 88.807910 58.673267 0.000000 0.000000 111.308666 35.075512 0.000000 59.227231 97.641729 0.000000 0.000000 0.000000 193.630944 0.000000 0.000000 0.000000 0.000000 0.000000 0.000000 0.000000 0.000000 101.659915 123.069530 173.162128 146.937401 0.000000 114.865520 62.260239 106.263998 119.214133 0.000000 133.462785 100.737563 148.847527 132.848600 121.020013 0.000000 0.000000 0.000000 142.686893
82.747486 86.089691 94.130723 28.698684 100.406616 98.118306 45.887976 88.846975 39.071709 52.163953 0.000000 26.587155 149.734349 90.860516 84.305980 24.619999 138.296228 0.000000 149.832303 34.479396 78.257372 44.971830 67.498404 0.000000 118.983370 139.563019 104.284170 22.920952 87.881683 71.722668 155.235882 118.608442 78.383143 89.307495 120.915335 91.977381 0.000000 136.165681 0.000000 0.000000 130.916346 133.512497 52.560361 133.808710 192.200620 145.681345 180.185397 145.914709 0.000000 128.876936 157.820531 200.627660 187.734517 0.000000 114.853450 72.037190 132.997841 38.034060 0.000000 177.553278 148.906808 125.357918 131.444312 119.380473 207.784651 0.000000 115.667681 146.993762
0.000000 24.303135 0.000000 0.000000 169.119992 0.000000 0.000000 0.000000 109.688191 0.000000 37.278283 0.000000 27.869255 112.841626 0.000000 0.000000 0.000000 37.797245 48.130532 0.000000 0.000000 64.704759 0.000000 118.983370 0.000000 37.772043 27.761432 0.000000 0.000000 0.000000 39.079443 135.064794 0.000000 50.069053 0.000000 16.800730 0.000000 0.000000 0.000000 0.000000 0.000000 0.000000 0.000000 0.000000 74.833918 0.000000 71.020976 0.000000 0.000000 0.000000 0.000000 0.000000 62.633414 0.000000 0.000000 0.000000 0.000000 114.982993 33.129599 56.549927 64.693888 0.000000 0.000000 0.000000 89.626019 0.000000 0.000000 0.000000
129.600693 38.129425 39.187719 157.014174 0.000000 155.529300 129.586007 133.295292 143.672988 152.718198 25.729866 175.948633 31.742893 125.698616 0.000000 109.968360 38.111369 23.657047 26.019625 176.075999 100.165611 0.000000 55.949896 139.563019 37.772043 0.000000 47.168331 134.305175 122.371569 116.184573 21.231466 93.912333 0.000000 60.862386 0.000000 54.497756 96.860829 0.000000 0.000000 0.000000 0.000000 0.000000 0.000000 0.000000 102.516708 0.000000 92.396373 0.000000 0.000000 0.000000 100.614701 102.705172 99.793367 0.000000 0.000000 0.000000 126.686349 168.804096 57.257148 91.037636 95.638251 204.454646 208.569185 204.675098 98.322434 0.000000 0.000000 116.548259
140.401833 31.654541 28.972088 150.844165 167.025328 162.311639 130.508674 133.856126 107.975756 164.503857 61.069777 176.210724 38.420726 124.597199 152.029863 39.577085 64.447741 79.468454 73.194406 182.004733 117.689268 37.565947 64.139823 104.284170 27.761432 47.168331 0.000000 107.621019 126.814789 126.216683 41.586109 135.478663 0.000000 64.682037 0.000000 45.409334 85.277974 0.000000 0.000000 0.000000 0.000000 0.000000 189.471411 0.000000 98.255253 0.000000 91.101653 0.000000 0.000000 92.427791 100.188978 101.390087 104.830541 0.000000 181.915298 40.055772 90.938865 108.384167 49.998905 92.173616 92.995696 172.717114 0.000000 0.000000 101.040370 0.000000 0.000000 118.150727
87.857730 112.533597 99.283655 25.599061 111.954710 65.002332 37.797140 94.088979 56.734246 31.738611 159.915821 48.504669 173.470435 90.361034 87.842416 18.085393 135.724423 164.501417 152.323045 32.709400 26.571698 59.906598 66.407611 22.920952 0.000000 134.305175 107.621019 0.000000 93.134091 45.221001 169.597702 130.788229 83.412444 81.274690 129.900062 0.000000 183.938107 160.630722 0.000000 173.926491 147.156749 150.766681 88.254488 156.726530 209.779513 156.538493 0.000000 151.022800 0.000000 126.036209 0.000000 214.061016 202.315325 155.597790 120.202713 67.382368 143.661058 119.751707 0.000000 207.913307 159.741780 152.781993 142.088082 121.002821 0.000000 0.000000 0.000000 150.166356
24.645456 0.000000 110.371463 107.289958 0.000000 96.403081 78.722390 54.394326 69.320596 102.973688 84.567253 108.575158 81.556171 29.141470 0.000000 78.966751 106.968382 119.745089 121.493663 108.643688 68.007548 65.753285 88.807910 87.881683 0.000000 122.371569 126.814789 93.134091 0.000000 35.209354 112.076734 15.710429 18.234750 35.913958 153.701857 0.000000 0.000000 0.000000 0.000000 0.000000 156.128302 171.474764 90.289560 182.992170 210.895633 0.000000 0.000000 164.439365 0.000000 128.327475 0.000000 0.000000 0.000000 0.000000 133.731092 0.000000 0.000000 131.870072 0.000000 210.713583 0.000000 148.917351 157.437622 138.812314 0.000000 0.000000 0.000000 160.294646
41.578744 0.000000 95.738906 96.818819 0.000000 89.162730 35.332555 63.862489 53.658367 70.458459 102.412171 0.000000 0.000000 56.636162 0.000000 84.803904 73.617156 114.497623 107.350101 0.000000 29.261158 52.799058 58.673267 71.722668 0.000000 116.184573 126.216683 45.221001 35.209354 0.000000 0.000000 0.000000 39.603850 46.072342 138.622677 0.000000 0.000000 0.000000 0.000000 0.000000 158.102367 150.373028 67.793598 0.000000 189.457367 0.000000 0.000000 150.391669 0.000000 115.512798 154.277217 210.232169 196.889404 0.000000 121.321212 65.286397 130.287708 113.442556 0.000000 207.944757 205.317314 126.160397 138.214821 122.783561 0.000000 0.000000 126.886028 139.292953
0.000000 65.783791 86.076589 0.000000 0.000000 0.000000 175.837546 111.321028 0.000000 0.000000 39.835980 0.000000 18.820870 118.700142 0.000000 123.536999 123.748754 43.041205 61.804978 0.000000 0.000000 101.310665 0.000000 155.235882 39.079443 21.231466 41.586109 169.597702 112.076734 0.000000 0.000000 0.000000 0.000000 70.668761 0.000000 0.000000 0.000000 0.000000 0.000000 0.000000 0.000000 0.000000 0.000000 0.000000 92.899865 0.000000 89.044342 0.000000 0.000000 0.000000 0.000000 95.197412 111.128834 0.000000 0.000000 0.000000 0.000000 0.000000 56.495781 92.187573 99.861018 0.000000 0.000000 0.000000 98.497905 0.000000 0.000000 0.000000
82.957027 157.338748 0.000000 141.419523 10.116558 25.420713 115.935458 21.736839 100.523229 126.155554 58.277618 113.616313 72.825385 23.465565 37.208016 0.000000 106.872339 90.776667 95.180615 130.404832 0.000000 123.739018 0.000000 118.608442 135.064794 93.912333 135.478663 130.788229 15.710429 0.000000 0.000000 0.000000 0.000000 14.536385 0.000000 0.000000 0.000000 0.000000 0.000000 136.929036 0.000000 141.091982 0.000000 196.666761 0.000000 0.000000 0.000000 175.306207 0.000000 0.000000 0.000000 0.000000 0.000000 0.000000 176.941490 0.000000 0.000000 173.049065 0.000000 0.000000 0.000000 175.961618 180.808588 185.871376 0.000000 131.537495 0.000000 103.722627
39.151727 0.000000 0.000000 100.310708 0.000000 105.247797 80.103927 122.130150 67.986346 97.782475 117.680384 0.000000 0.000000 85.508597 0.000000 81.666850 0.000000 0.000000 0.000000 102.352571 74.382446 64.393810 111.308666 78.383143 0.000000 0.000000 0.000000 83.412444 18.234750 39.603850 0.000000 0.000000 0.000000 22.122677 0.000000 0.000000 0.000000 0.000000 0.000000 0.000000 0.000000 0.000000 0.000000 0.000000 0.000000 0.000000 0.000000 0.000000 0.000000 0.000000 0.000000 0.000000 0.000000 0.000000 135.131207 0.000000 0.000000 0.000000 0.000000 0.000000 0.000000 0.000000 0.000000 0.000000 0.000000 0.000000 0.000000 0.000000
60.202538 49.449697 58.526742 102.478546 11.581316 79.373994 80.037905 50.868537 74.142135 97.095163 33.333543 99.392649 47.048999 39.373095 0.000000 76.615260 40.518753 57.189047 42.017698 102.724948 33.589800 0.000000 35.075512 89.307495 50.069053 60.862386 64.682037 81.274690 35.913958 46.072342 70.668761 14.536385 22.122677 0.000000 0.000000 0.000000 98.263176 0.000000 0.000000 0.000000 156.000844 142.708001 0.000000 166.431356 0.000000 0.000000 0.000000 164.750858 0.000000 0.000000 0.000000 0.000000 0.000000 0.000000 149.987668 0.000000 101.944766 137.617001 0.000000 117.979029 119.706978 158.289430 160.177486 147.379848 0.000000 98.999190 0.000000 112.679152
0.000000 0.000000 0.000000 0.000000 0.000000 0.000000 0.000000 157.750112 73.446209 0.000000 0.000000 0.000000 0.000000 165.479309 0.000000 0.000000 0.000000 0.000000 0.000000 0.000000 133.306242 0.000000 0.000000 120.915335 0.000000 0.000000 0.000000 129.900062 153.701857 138.622677 0.000000 0.000000 0.000000 0.000000 0.000000 0.000000 125.428810 102.104816 0.000000 0.000000 41.570324 59.412586 63.174265 90.304259 121.408197 0.000000 0.000000 24.009818 0.000000 0.000000 108.994654 136.198803 130.221170 0.000000 75.657827 0.000000 88.902681 87.219291 0.000000 132.941447 142.077727 92.997653 22.931278 39.858330 0.000000 74.186457 0.000000 79.796546
0.000000 0.000000 51.071519 0.000000 0.000000 0.000000 0.000000 0.000000 0.000000 0.000000 129.791519 0.000000 96.563353 0.000000 0.000000 0.000000 64.991590 0.000000 73.598721 0.000000 0.000000 0.000000 59.227231 91.977381 16.800730 54.497756 45.409334 0.000000 0.000000 0.000000 0.000000 0.000000 0.000000 0.000000 0.000000 0.000000 37.124058 0.000000 137.892191 0.000000 0.000000 0.000000 68.274538 0.000000 80.218969 0.000000 45.807486 0.000000 99.828782 0.000000 50.684372 64.535050 50.774211 0.000000 0.000000 24.703184 49.660081 77.955371 31.417485 37.710855 37.205899 110.658746 0.000000 0.000000 65.088556 0.000000 0.000000 57.148659
0.000000 50.605984 91.725726 0.000000 0.000000 0.000000 0.000000 0.000000 0.000000 0.000000 0.000000 0.000000 0.000000 0.000000 0.000000 0.000000 101.518826 0.000000 117.420382 0.000000 0.000000 0.000000 97.641729 0.000000 0.000000 96.860829 85.277974 183.938107 0.000000 0.000000 0.000000 0.000000 0.000000 98.263176 125.428810 37.124058 0.000000 133.975953 0.000000 0.000000 112.090523 139.409148 0.000000 138.530817 83.639849 0.000000 0.000000 136.401255 0.000000 68.662453 49.270520 67.194368 53.380190 0.000000 80.549678 50.014679 37.429948 94.679103 0.000000 30.848295 38.508956 113.998017 154.027631 101.450781 93.969901 0.000000 0.000000 62.189658
0.000000 0.000000 0.000000 110.655664 0.000000 167.643161 150.380559 168.388313 0.000000 165.047132 0.000000 157.958809 0.000000 167.391318 0.000000 0.000000 0.000000 0.000000 0.000000 162.335981 0.000000 0.000000 0.000000 136.165681 0.000000 0.000000 0.000000 160.630722 0.000000 0.000000 0.000000 0.000000 0.000000 0.000000 102.104816 0.000000 133.975953 0.000000 114.045832 66.019435 57.427966 107.047652 68.335001 26.589744 164.781268 40.729115 0.000000 118.877659 61.160364 0.000000 157.697338 181.286362 173.048416 18.814275 0.000000 0.000000 136.393643 30.914536 0.000000 170.511127 151.770626 23.745271 115.896747 127.603813 0.000000 133.034496 0.000000 120.899448
0.000000 0.000000 0.000000 0.000000 0.000000 0.000000 0.000000 0.000000 0.000000 0.000000 0.000000 0.000000 0.000000 0.000000 0.000000 0.000000 0.000000 0.000000 0.000000 0.000000 0.000000 0.000000 0.000000 0.000000 0.000000 0.000000 0.000000 0.000000 0.000000 0.000000 0.000000 0.000000 0.000000 0.000000 0.000000 137.892191 0.000000 114.045832 0.000000 18.756339 0.000000 25.732219 59.295517 96.505018 0.000000 101.650379 183.479989 93.231584 21.855546 0.000000 0.000000 0.000000 0.000000 98.971971 0.000000 108.405330 0.000000 101.186305 0.000000 186.488165 181.195596 117.664580 148.046682 0.000000 0.000000 16.734023 0.000000 106.264670
0.000000 0.000000 0.000000 176.541615 0.000000 0.000000 0.000000 182.432203 0.000000 175.779792 0.000000 172.521777 0.000000 0.000000 0.000000 0.000000 0.000000 0.000000 0.000000 0.000000 0.000000 0.000000 0.000000 0.000000 0.000000 0.000000 0.000000 173.926491 0.000000 0.000000 0.000000 136.929036 0.000000 0.000000 0.000000 0.000000 0.000000 66.019435 18.756339 0.000000 54.590658 20.274245 73.026492 40.163242 117.585734 43.112819 129.379659 69.967112 28.479088 0.000000 0.000000 126.470037 155.450061 56.581439 0.000000 0.000000 0.000000 98.324091 0.000000 134.596834 160.233340 66.975470 101.393421 0.000000 0.000000 28.751430 0.000000 66.036415
0.000000 0.000000 209.231303 159.591566 0.000000 167.790963 144.120519 150.644067 0.000000 153.462757 0.000000 150.821353 0.000000 144.383718 0.000000 0.000000 0.000000 0.000000 0.000000 160.062709 165.097048 0.000000 193.630944 130.916346 0.000000 0.000000 0.000000 147.156749 156.128302 158.102367 0.000000 0.000000 0.000000 156.000844 41.570324 0.000000 112.090523 57.427966 0.000000 54.590658 0.000000 66.029306 63.502956 37.600247 134.095318 62.230635 156.444691 50.252561 0.000000 114.751806 118.250186 141.199315 131.967148 60.998816 64.125832 0.000000 95.372949 55.550456 0.000000 132.905095 151.338120 42.162867 84.056122 40.336951 156.632770 120.274138 100.895926 104.934778
0.000000 0.000000 0.000000 152.617103 0.000000 173.607613 141.561260 154.575329 93.055190 153.454874 0.000000 169.955896 0.000000 154.897914 0.000000 0.000000 0.000000 0.000000 0.000000 182.950827 0.000000 0.000000 0.000000 133.512497 0.000000 0.000000 0.000000 150.766681 171.474764 150.373028 0.000000 141.091982 0.000000 142.708001 59.412586 0.000000 139.409148 107.047652 25.732219 20.274245 66.029306 0.000000 67.843993 46.330793 102.998966 92.770207 109.171086 30.317018 68.668236 0.000000 137.244002 122.635162 141.945268 89.230407 113.209463 0.000000 119.513837 86.681060 0.000000 131.014926 150.406025 93.621612 47.322737 70.536171 124.192653 19.435236 0.000000 56.514544
0.000000 0.000000 0.000000 78.659578 0.000000 0.000000 0.000000 93.689420 0.000000 134.483969 0.000000 0.000000 0.000000 92.492774 0.000000 0.000000 0.000000 0.000000 0.000000 0.000000 69.669308 0.000000 0.000000 52.560361 0.000000 0.000000 189.471411 88.254488 90.289560 67.793598 0.000000 0.000000 0.000000 0.000000 63.174265 68.274538 0.000000 68.335001 59.295517 73.026492 63.502956 67.843993 0.000000 70.547862 141.669490 43.814566 120.234917 84.118537 41.975669 0.000000 0.000000 0.000000 146.861144 58.841422 0.000000 31.122220 0.000000 41.337602 109.286126 131.310522 121.524518 64.406787 80.332843 76.721519 143.810418 74.048895 0.000000 100.380452
0.000000 0.000000 0.000000 161.000766 0.000000 167.408023 143.500655 162.468132 109.009643 160.383632 0.000000 161.289148 0.000000 159.068197 0.000000 0.000000 0.000000 0.000000 0.000000 167.298042 0.000000 0.000000 0.000000 133.808710 0.000000 0.000000 0.000000 156.726530 182.992170 0.000000 0.000000 196.666761 0.000000 166.431356 90.304259 0.000000 138.530817 26.589744 96.505018 40.163242 37.600247 46.330793 70.547862 0.000000 146.481972 30.171183 159.654105 61.410267 85.161982 0.000000 143.875259 160.544626 157.580065 16.902268 115.324772 0.000000 122.271951 58.930718 0.000000 154.007656 176.068399 47.824291 106.561052 96.644263 170.605723 114.092059 108.512566 104.858396
0.000000 88.722540 137.437094 0.000000 0.000000 0.000000 0.000000 209.006293 0.000000 221.728498 87.693865 0.000000 73.099879 213.213712 0.000000 0.000000 0.000000 92.164846 114.782865 0.000000 0.000000 0.000000 0.000000 192.200620 74.833918 102.516708 98.255253 209.779513 210.895633 189.457367 92.899865 0.000000 0.000000 0.000000 121.408197 80.218969 83.639849 164.781268 0.000000 117.585734 134.095318 102.998966 141.669490 146.481972 0.000000 154.752043 20.250628 101.336121 0.000000 116.610843 49.508203 22.368442 31.499400 159.238912 98.930735 0.000000 89.575727 153.039874 45.512850 30.149030 65.985284 156.774639 76.993358 111.544670 36.253492 54.338915 90.682340 31.700051
0.000000 0.000000 0.000000 101.277013 0.000000 160.736650 0.000000 0.000000 0.000000 156.586056 0.000000 150.083225 0.000000 196.028990 0.000000 0.000000 0.000000 0.000000 0.000000 155.049906 0.000000 0.000000 0.000000 145.681345 0.000000 0.000000 0.000000 156.538493 0.000000 0.000000 0.000000 0.000000 0.000000 0.000000 0.000000 0.000000 0.000000 40.729115 101.650379 43.112819 62.230635 92.770207 43.814566 30.171183 154.752043 0.000000 161.656591 105.423587 66.272991 0.000000 0.000000 166.269601 164.064217 16.122460 0.000000 0.000000 0.000000 24.769748 0.000000 168.366898 182.153665 53.334005 110.164433 0.000000 174.254428 122.699073 0.000000 105.404412
0.000000 93.131657 0.000000 0.000000 0.000000 0.000000 0.000000 0.000000 176.363698 0.000000 79.558953 0.000000 59.920361 0.000000 0.000000 0.000000 0.000000 89.899630 99.372216 0.000000 0.000000 127.678158 0.000000 180.185397 71.020976 92.396373 91.101653 0.000000 0.000000 0.000000 89.044342 0.000000 0.000000 0.000000 0.000000 45.807486 0.000000 0.000000 183.479989 129.379659 156.444691 109.171086 120.234917 159.654105 20.250628 161.656591 0.000000 96.090138 151.440128 0.000000 120.073470 43.976618 86.590606 0.000000 0.000000 74.822855 0.000000 136.926879 23.429693 36.261328 37.133080 193.131690 73.072411 155.053857 26.583023 61.063359 0.000000 38.237250
162.131522 0.000000 0.000000 182.919701 0.000000 189.464595 151.497117 170.181983 91.304902 172.297236 0.000000 0.000000 0.000000 173.268770 0.000000 145.190765 0.000000 0.000000 0.000000 0.000000 149.706165 84.499187 0.000000 145.914709 0.000000 0.000000 0.000000 151.022800 164.439365 150.391669 0.000000 175.306207 0.000000 164.750858 24.009818 0.000000 136.401255 118.877659 93.231584 69.967112 50.252561 30.317018 84.118537 61.410267 101.336121 105.423587 96.090138 0.000000 122.868907 93.387031 136.211383 121.975694 136.090031 105.760447 99.661863 84.379730 113.954182 102.664061 0.000000 130.485816 146.552464 107.351802 39.973054 67.134136 120.019045 17.558154 0.000000 54.648128
0.000000 0.000000 0.000000 63.930631 0.000000 0.000000 0.000000 0.000000 0.000000 0.000000 0.000000 0.000000 0.000000 0.000000 0.000000 0.000000 0.000000 0.000000 0.000000 0.000000 0.000000 0.000000 0.000000 0.000000 0.000000 0.000000 0.000000 0.000000 0.000000 0.000000 0.000000 0.000000 0.000000 0.000000 0.000000 99.828782 0.000000 61.160364 21.855546 28.479088 0.000000 68.668236 41.975669 85.161982 0.000000 66.272991 151.440128 122.868907 0.000000 0.000000 0.000000 0.000000 0.000000 51.892639 0.000000 69.306008 0.000000 67.274562 144.391763 167.201763 148.441304 69.670353 0.000000 0.000000 0.000000 41.917029 0.000000 0.000000
0.000000 0.000000 112.649594 0.000000 0.000000 0.000000 0.000000 0.000000 0.000000 0.000000 0.000000 0.000000 0.000000 135.389603 0.000000 96.133860 0.000000 0.000000 0.000000 0.000000 109.917177 48.957132 101.659915 128.876936 0.000000 0.000000 92.427791 126.036209 128.327475 115.512798 0.000000 0.000000 0.000000 0.000000 0.000000 0.000000 68.662453 0.000000 0.000000 0.000000 114.751806 0.000000 0.000000 0.000000 116.610843 0.000000 0.000000 93.387031 0.000000 0.000000 97.905474 143.865540 135.692803 0.000000 20.788372 34.244150 18.218336 34.159424 0.000000 123.401653 39.818835 45.464287 91.690826 74.972346 0.000000 0.000000 80.055728 82.927748
0.000000 55.701798 105.234473 0.000000 0.000000 0.000000 0.000000 0.000000 0.000000 0.000000 0.000000 0.000000 0.000000 0.000000 0.000000 151.063282 110.685527 0.000000 115.623022 0.000000 151.780592 0.000000 123.069530 157.820531 0.000000 100.614701 100.188978 0.000000 0.000000 154.277217 0.000000 0.000000 0.000000 0.000000 108.994654 50.684372 49.270520 157.697338 0.000000 0.000000 118.250186 137.244002 0.000000 143.875259 49.508203 0.000000 120.073470 136.211383 0.000000 97.905474 0.000000 54.528846 27.740001 0.000000 63.036425 81.656425 47.448091 130.762928 0.000000 38.528354 70.207459 140.821693 101.035896 75.846341 104.712875 0.000000 0.000000 32.815957
0.000000 0.000000 137.445289 0.000000 0.000000 0.000000 0.000000 235.521593 0.000000 0.000000 0.000000 0.000000 91.526001 0.000000 0.000000 0.000000 0.000000 0.000000 106.864949 0.000000 0.000000 0.000000 173.162128 200.627660 0.000000 102.705172 101.390087 214.061016 0.000000 210.232169 95.197412 0.000000 0.000000 0.000000 136.198803 64.535050 67.194368 181.286362 0.000000 126.470037 141.199315 122.635162 0.000000 160.544626 22.368442 166.269601 43.976618 121.975694 0.000000 143.865540 54.528846 0.000000 22.378429 174.554993 110.428455 0.000000 101.223320 160.842273 40.815266 31.182351 69.999537 167.119241 108.349209 123.348044 44.707206 83.928168 107.397453 54.490242
0.000000 58.841137 122.453337 0.000000 0.000000 0.000000 0.000000 0.000000 0.000000 0.000000 0.000000 0.000000 0.000000 212.545277 0.000000 158.632962 113.248969 0.000000 109.278993 0.000000 185.970523 0.000000 146.937401 187.734517 62.633414 99.793367 104.830541 202.315325 0.000000 196.889404 111.128834 0.000000 0.000000 0.000000 130.221170 50.774211 53.380190 173.048416 0.000000 155.450061 131.967148 141.945268 146.861144 157.580065 31.499400 164.064217 86.590606 136.090031 0.000000 135.692803 27.740001 22.378429 0.000000 0.000000 106.340708 94.444435 88.382199 148.574104 47.187853 30.529379 67.808798 157.387343 123.543465 113.852449 79.472855 93.591886 111.254988 41.290201
0.000000 0.000000 0.000000 31.196378 0.000000 0.000000 162.285852 0.000000 0.000000 160.292763 0.000000 134.205968 0.000000 0.000000 0.000000 0.000000 0.000000 0.000000 0.000000 102.607260 0.000000 0.000000 0.000000 0.000000 0.000000 0.000000 0.000000 155.597790 0.000000 0.000000 0.000000 0.000000 0.000000 0.000000 0.000000 0.000000 0.000000 18.814275 98.971971 56.581439 60.998816 89.230407 58.841422 16.902268 159.238912 16.122460 0.000000 105.760447 51.892639 0.000000 0.000000 174.554993 0.000000 0.000000 0.000000 0.000000 0.000000 23.426028 0.000000 167.314716 183.761473 32.790129 112.740335 0.000000 0.000000 119.533990 0.000000 106.841122
132.612573 0.000000 150.398892 0.000000 0.000000 0.000000 164.461782 151.583723 0.000000 145.725424 0.000000 0.000000 0.000000 146.600937 0.000000 112.241342 0.000000 0.000000 0.000000 0.000000 119.011668 62.260754 114.865520 114.853450 0.000000 0.000000 181.915298 120.202713 133.731092 121.321212 0.000000 176.941490 135.131207 149.987668 75.657827 0.000000 80.549678 0.000000 0.000000 0.000000 64.125832 113.209463 0.000000 115.324772 98.930735 0.000000 0.000000 99.661863 0.000000 20.788372 63.036425 110.428455 106.340708 0.000000 0.000000 52.670529 46.416281 35.989852 0.000000 110.223673 91.119862 38.171113 80.678145 38.603339 0.000000 0.000000 75.169180 57.457295
0.000000 0.000000 80.227753 0.000000 0.000000 0.000000 0.000000 0.000000 0.000000 0.000000 0.000000 0.000000 0.000000 0.000000 0.000000 51.619069 0.000000 0.000000 0.000000 0.000000 64.360460 0.000000 62.260239 72.037190 0.000000 0.000000 40.055772 67.382368 0.000000 65.286397 0.000000 0.000000 0.000000 0.000000 0.000000 24.703184 50.014679 0.000000 108.405330 0.000000 0.000000 0.000000 31.122220 0.000000 0.000000 0.000000 74.822855 84.379730 69.306008 34.244150 81.656425 0.000000 94.444435 0.000000 52.670529 0.000000 48.061139 47.067234 65.259163 93.943915 39.150708 57.728434 71.289679 56.554402 0.000000 0.000000 52.253693 0.000000
0.000000 57.295444 99.038714 0.000000 0.000000 0.000000 0.000000 0.000000 0.000000 0.000000 0.000000 0.000000 0.000000 0.000000 0.000000 103.735993 111.536850 0.000000 0.000000 0.000000 120.007743 63.544510 106.263998 132.997841 0.000000 126.686349 90.938865 143.661058 0.000000 130.287708 0.000000 0.000000 0.000000 101.944766 88.902681 49.660081 37.429948 136.393643 0.000000 0.000000 95.372949 119.513837 0.000000 122.271951 89.575727 0.000000 0.000000 113.954182 0.000000 18.218336 47.448091 101.223320 88.382199 0.000000 46.416281 48.061139 0.000000 65.170758 0.000000 74.050365 52.802662 79.946161 92.794917 59.051420 126.876358 0.000000 0.000000 52.529860
122.855936 86.426277 139.494581 101.199763 0.000000 147.605545 120.132364 136.569556 48.546480 132.485773 176.025452 137.020056 185.143985 136.874472 0.000000 102.211011 158.773752 0.000000 0.000000 145.075959 119.931796 51.946696 119.214133 38.034060 114.982993 168.804096 108.384167 119.751707 131.870072 113.442556 0.000000 173.049065 0.000000 137.617001 87.219291 77.955371 94.679103 30.914536 101.186305 98.324091 55.550456 86.681060 41.337602 58.930718 153.039874 24.769748 136.926879 102.664061 67.274562 34.159424 130.762928 160.842273 148.574104 23.426028 35.989852 47.067234 65.170758 0.000000 125.535219 136.402490 96.655037 25.078346 96.662072 81.760701 158.991385 114.817979 82.923946 100.154033
0.000000 0.000000 0.000000 0.000000 0.000000 0.000000 0.000000 0.000000 0.000000 0.000000 61.445886 0.000000 46.552944 0.000000 0.000000 0.000000 0.000000 49.124629 0.000000 0.000000 0.000000 0.000000 0.000000 0.000000 33.129599 57.257148 49.998905 0.000000 0.000000 0.000000 56.495781 0.000000 0.000000 0.000000 0.000000 31.417485 0.000000 0.000000 0.000000 0.000000 0.000000 0.000000 109.286126 0.000000 45.512850 0.000000 23.429693 0.000000 144.391763 0.000000 0.000000 40.815266 47.187853 0.000000 0.000000 65.259163 0.000000 125.535219 0.000000 35.764081 34.697675 0.000000 0.000000 0.000000 41.087629 0.000000 0.000000 0.000000
