0.000000 0.000000 0.000480 0.000373 0.000000 0.000480 0.038840 0.012547 0.001280 0.000867 0.001547 0.000000 0.000227 0.127507 0.000000 0.000000 0.005253 0.000653 0.003373 0.000000 0.001560 0.000107 0.003053 0.001067 0.000000 0.003240 0.000960 0.002600 0.111693 0.053400 0.000000 0.000307 0.000280 0.004547 0.000000 0.000000 0.000000 0.000000 0.000000 0.000000 0.000000 0.000000 0.000000 0.000000 0.000000 0.000000 0.000000 0.000147 0.000000 0.000000 0.000000 0.000000 0.000000 0.000000 0.000213 0.000000 0.000000 0.000480 0.000000 0.000000 0.000000 0.000267 0.000200 0.000000 0.000000 0.000000 0.000000 0.000080
0.000000 0.000000 0.001093 0.000000 0.000587 0.000080 0.000000 0.000000 0.002533 0.000000 0.000000 0.000000 0.000440 0.000000 0.000120 0.000600 0.000293 0.000000 0.000227 0.000000 0.000000 0.001400 0.001347 0.011827 0.012427 0.007067 0.040987 0.000213 0.000000 0.000000 0.000187 0.000133 0.000000 0.000187 0.000000 0.000000 0.000320 0.000000 0.000000 0.000000 0.000000 0.000000 0.000000 0.000000 0.000107 0.000000 0.000427 0.000000 0.000000 0.000000 0.000067 0.000000 0.000240 0.000000 0.000000 0.000000 0.000413 0.000267 0.000000 0.001320 0.001573 0.000000 0.000000 0.000000 0.000067 0.000000 0.000000 0.000000
0.000480 0.001093 0.000000 0.000453 0.000000 0.000840 0.022920 0.000533 0.000000 0.002413 0.000147 0.000000 0.000120 0.001120 0.000000 0.000760 0.043240 0.000253 0.006253 0.000000 0.013027 0.000000 0.132067 0.004053 0.000000 0.144240 0.026387 0.035587 0.000520 0.002560 0.000427 0.000000 0.000000 0.003787 0.000000 0.000947 0.031573 0.000000 0.000000 0.000000 0.000120 0.000000 0.000000 0.000000 0.000080 0.000000 0.000000 0.000000 0.000000 0.000360 0.005400 0.000147 0.001333 0.000000 0.000147 0.000147 0.018507 0.000627 0.000000 0.005800 0.016960 0.000080 0.000000 0.000000 0.000000 0.000000 0.000000 0.000413
0.000373 0.000000 0.000453 0.000000 0.000747 0.002760 0.002387 0.001587 0.010920 0.061440 0.000107 0.059680 0.000000 0.001733 0.003307 0.000000 0.000133 0.000000 0.000000 0.173507 0.000000 0.000000 0.000133 0.031240 0.000000 0.000480 0.000133 0.162307 0.002480 0.000107 0.000000 0.000413 0.000453 0.000507 0.000000 0.000000 0.000000 0.004067 0.000000 0.000187 0.000613 0.000333 0.000160 0.005213 0.000000 0.001160 0.000000 0.000120 0.000213 0.000000 0.000000 0.000000 0.000000 0.004880 0.000000 0.000000 0.000000 0.003160 0.000000 0.000000 0.000000 0.008360 0.000187 0.000000 0.000000 0.000000 0.000000 0.000120
0.000000 0.000587 0.000000 0.000747 0.000000 0.007640 0.000280 0.000080 0.001200 0.000440 0.000000 0.001347 0.000000 0.000107 0.013573 0.000000 0.000000 0.000000 0.000000 0.000000 0.000000 0.001693 0.000000 0.004053 0.000333 0.000000 0.000507 0.004227 0.000000 0.000000 0.000000 0.025200 0.000000 0.000080 0.000000 0.000000 0.000000 0.000000 0.000000 0.000000 0.000000 0.000000 0.000000 0.000000 0.000000 0.000000 0.000000 0.000000 0.000000 0.000000 0.000000 0.000000 0.000000 0.000000 0.000000 0.000000 0.000000 0.000000 0.000000 0.000000 0.000000 0.000000 0.000000 0.000000 0.000000 0.000000 0.000000 0.000000
0.000480 0.000080 0.000840 0.002760 0.007640 0.000000 0.020867 0.145640 0.000387 0.143533 0.000360 0.068040 0.000320 0.008720 0.003320 0.000000 0.000333 0.000000 0.000320 0.006667 0.000160 0.000187 0.000480 0.001413 0.000000 0.001267 0.000453 0.021027 0.003107 0.000400 0.000000 0.061907 0.000613 0.000907 0.000000 0.000000 0.000000 0.000293 0.000000 0.000000 0.000093 0.000187 0.000000 0.000787 0.000000 0.000093 0.000000 0.000120 0.000000 0.000000 0.000000 0.000000 0.000000 0.000000 0.000000 0.000000 0.000000 0.000253 0.000000 0.000000 0.000000 0.000960 0.000067 0.000000 0.000000 0.000000 0.000000 0.000093
0.038840 0.000000 0.022920 0.002387 0.000280 0.020867 0.000000 0.018707 0.000933 0.208653 0.000213 0.000400 0.000000 0.072787 0.000080 0.000000 0.007987 0.000347 0.002627 0.000387 0.010493 0.000080 0.021587 0.009227 0.000000 0.017867 0.001733 0.293400 0.019573 0.061200 0.000093 0.000240 0.005773 0.002573 0.000000 0.000000 0.000000 0.000467 0.000000 0.000000 0.000240 0.000480 0.000000 0.001560 0.000000 0.000000 0.000000 0.000173 0.000000 0.000000 0.000000 0.000000 0.000000 0.000067 0.000080 0.000000 0.000000 0.000933 0.000000 0.000227 0.000000 0.001640 0.000240 0.000000 0.000000 0.000000 0.000000 0.000173
0.012547 0.000000 0.000533 0.001587 0.000080 0.145640 0.018707 0.000000 0.002827 0.055573 0.003453 0.019147 0.001467 0.195280 0.000000 0.000000 0.003147 0.000667 0.002827 0.007680 0.000533 0.000067 0.001333 0.002493 0.000000 0.003000 0.000907 0.009587 0.005347 0.007040 0.000107 0.038307 0.000133 0.001627 0.000120 0.000000 0.000000 0.000160 0.000000 0.000080 0.000173 0.001013 0.000253 0.000733 0.000160 0.000000 0.000000 0.000747 0.000000 0.000000 0.000000 0.000093 0.000000 0.000000 0.000200 0.000000 0.000000 0.001560 0.000000 0.000133 0.000067 0.001493 0.001187 0.000280 0.000000 0.000200 0.000000 0.000733
0.001280 0.002533 0.000000 0.010920 0.001200 0.000387 0.000933 0.002827 0.000000 0.004960 0.000000 0.002093 0.000227 0.003480 0.000253 0.000907 0.000000 0.000000 0.000000 0.001693 0.000720 0.008000 0.000067 0.035933 0.001707 0.000173 0.002440 0.020973 0.004133 0.003880 0.000000 0.000240 0.000253 0.000293 0.000080 0.000000 0.000000 0.000000 0.000000 0.000000 0.000000 0.000107 0.000000 0.000240 0.000000 0.000000 0.000120 0.000547 0.000000 0.000000 0.000000 0.000000 0.000000 0.000000 0.000000 0.000000 0.000000 0.002080 0.000000 0.000000 0.000000 0.000613 0.000427 0.000107 0.000000 0.000000 0.000000 0.000000
0.000867 0.000000 0.002413 0.061440 0.000440 0.143533 0.208653 0.055573 0.004960 0.000000 0.000640 0.098733 0.000320 0.033747 0.000173 0.000000 0.001240 0.000173 0.000680 0.165493 0.000387 0.000000 0.001573 0.003587 0.000000 0.003107 0.000707 0.259680 0.016907 0.002107 0.000000 0.001240 0.001813 0.005973 0.000000 0.000000 0.000000 0.004800 0.000000 0.000267 0.001627 0.001840 0.000080 0.010427 0.000080 0.000853 0.000000 0.000773 0.000000 0.000000 0.000000 0.000000 0.000000 0.000733 0.000067 0.000000 0.000000 0.004200 0.000000 0.000133 0.000000 0.014093 0.000600 0.000000 0.000000 0.000000 0.000000 0.000533
0.001547 0.000000 0.000147 0.000107 0.000000 0.000360 0.000213 0.003453 0.000000 0.000640 0.000000 0.001053 0.070467 0.008893 0.000000 0.000000 0.003493 0.034373 0.024320 0.000333 0.000000 0.000000 0.000120 0.000000 0.001187 0.078893 0.004827 0.000120 0.009507 0.001667 0.005680 0.003840 0.000080 0.030213 0.000000 0.000067 0.000000 0.000000 0.000000 0.000000 0.000000 0.000000 0.000000 0.000000 0.001000 0.000000 0.004413 0.000000 0.000000 0.000000 0.000000 0.000000 0.000000 0.000000 0.000000 0.000000 0.000000 0.000107 0.000347 0.000973 0.001267 0.000093 0.000067 0.000000 0.000973 0.000000 0.000000 0.000000
0.000000 0.000000 0.000000 0.059680 0.001347 0.068040 0.000400 0.019147 0.002093 0.098733 0.001053 0.000000 0.000427 0.010053 0.002147 0.000000 0.000107 0.000160 0.000533 0.059640 0.000000 0.000000 0.000000 0.000613 0.000000 0.000827 0.000360 0.023853 0.005067 0.000000 0.000000 0.002360 0.000000 0.001800 0.000000 0.000000 0.000000 0.001560 0.000000 0.000067 0.000267 0.000093 0.000000 0.002707 0.000000 0.000507 0.000000 0.000000 0.000000 0.000000 0.000000 0.000000 0.000000 0.000227 0.000000 0.000000 0.000000 0.000453 0.000000 0.000000 0.000000 0.003280 0.000000 0.000000 0.000000 0.000000 0.000000 0.000093
0.000227 0.000440 0.000120 0.000000 0.000000 0.000320 0.000000 0.001467 0.000227 0.000320 0.070467 0.000427 0.000000 0.002720 0.000000 0.000000 0.000147 0.000373 0.000173 0.000187 0.000000 0.000067 0.000000 0.000467 0.020533 0.006853 0.043467 0.000067 0.001053 0.000000 0.015493 0.001120 0.000000 0.003493 0.000000 0.000080 0.000000 0.000000 0.000000 0.000000 0.000000 0.000000 0.000000 0.000000 0.004547 0.000000 0.024133 0.000000 0.000000 0.000000 0.000000 0.000467 0.000000 0.000000 0.000000 0.000000 0.000000 0.000067 0.002093 0.006360 0.005067 0.000000 0.000093 0.000000 0.004040 0.000000 0.000000 0.000440
0.127507 0.000000 0.001120 0.001733 0.000107 0.008720 0.072787 0.195280 0.003480 0.033747 0.008893 0.010053 0.002720 0.000000 0.000000 0.000000 0.007907 0.002360 0.007827 0.005200 0.002080 0.000173 0.004987 0.003280 0.000067 0.009413 0.003907 0.010947 0.114800 0.046147 0.000467 0.027800 0.000133 0.015853 0.000107 0.000000 0.000000 0.000173 0.000000 0.000000 0.000253 0.000773 0.000533 0.001093 0.000133 0.000107 0.000000 0.001067 0.000000 0.000067 0.000000 0.000000 0.000093 0.000000 0.000667 0.000000 0.000000 0.002427 0.000000 0.000160 0.000067 0.001853 0.001640 0.000333 0.000000 0.000133 0.000000 0.000787
0.000000 0.000120 0.000000 0.003307 0.013573 0.003320 0.000080 0.000000 0.000253 0.000173 0.000000 0.002147 0.000000 0.000000 0.000000 0.000000 0.000000 0.000000 0.000000 0.000853 0.000000 0.000333 0.000000 0.001467 0.000000 0.000000 0.000107 0.002280 0.000000 0.000000 0.000000 0.003053 0.000000 0.000000 0.000000 0.000000 0.000000 0.000000 0.000000 0.000000 0.000000 0.000000 0.000000 0.000000 0.000000 0.000000 0.000000 0.000000 0.000000 0.000000 0.000000 0.000000 0.000000 0.000000 0.000000 0.000000 0.000000 0.000000 0.000000 0.000000 0.000000 0.000000 0.000000 0.000000 0.000000 0.000000 0.000000 0.000000
0.000000 0.000600 0.000760 0.000000 0.000000 0.000000 0.000000 0.000000 0.000907 0.000000 0.000000 0.000000 0.000000 0.000000 0.000000 0.000000 0.000427 0.000000 0.000093 0.000000 0.065267 0.065227 0.138147 0.005387 0.000000 0.000987 0.018960 0.005853 0.000187 0.001387 0.000107 0.000000 0.000067 0.000667 0.000000 0.000000 0.000000 0.000000 0.000000 0.000000 0.000000 0.000000 0.000000 0.000000 0.000000 0.000000 0.000000 0.000387 0.000000 0.015093 0.000280 0.000000 0.000067 0.000000 0.010160 0.003787 0.009600 0.001480 0.000000 0.000120 0.002560 0.000387 0.001413 0.005000 0.000000 0.000000 0.000000 0.000107
0.005253 0.000293 0.043240 0.000133 0.000000 0.000333 0.007987 0.003147 0.000000 0.001240 0.003493 0.000107 0.000147 0.007907 0.000000 0.000427 0.000000 0.004000 0.094800 0.000000 0.012080 0.000000 0.039960 0.000973 0.000000 0.037347 0.089747 0.002213 0.008640 0.026320 0.000080 0.000067 0.000000 0.018493 0.000000 0.000320 0.004373 0.000000 0.000000 0.000000 0.000000 0.000000 0.000000 0.000000 0.000000 0.000000 0.000000 0.000000 0.000000 0.000000 0.001293 0.000000 0.001000 0.000000 0.000000 0.000000 0.000973 0.000067 0.000000 0.005573 0.002733 0.000000 0.000000 0.000000 0.000000 0.000000 0.000000 0.000173
0.000653 0.000000 0.000253 0.000000 0.000000 0.000000 0.000347 0.000667 0.000000 0.000173 0.034373 0.000160 0.000373 0.002360 0.000000 0.000000 0.004000 0.000000 0.026667 0.000000 0.000067 0.000000 0.000320 0.000000 0.000080 0.009267 0.000800 0.000093 0.002107 0.000600 0.000533 0.000387 0.000000 0.005333 0.000000 0.000000 0.000000 0.000000 0.000000 0.000000 0.000000 0.000000 0.000000 0.000000 0.000160 0.000000 0.000400 0.000000 0.000000 0.000000 0.000000 0.000000 0.000000 0.000000 0.000000 0.000000 0.000000 0.000000 0.000107 0.001040 0.000547 0.000000 0.000000 0.000000 0.000387 0.000000 0.000000 0.000000
0.003373 0.000227 0.006253 0.000000 0.000000 0.000320 0.002627 0.002827 0.000000 0.000680 0.024320 0.000533 0.000173 0.007827 0.000000 0.000093 0.094800 0.026667 0.000000 0.000120 0.000960 0.000000 0.004120 0.000147 0.000280 0.083000 0.015373 0.001133 0.008587 0.004613 0.000240 0.000400 0.000000 0.046733 0.000000 0.000120 0.000533 0.000000 0.000000 0.000000 0.000000 0.000000 0.000000 0.000000 0.000120 0.000000 0.000453 0.000000 0.000000 0.000000 0.000320 0.000280 0.001107 0.000000 0.000000 0.000000 0.000000 0.000000 0.000000 0.005293 0.003293 0.000000 0.000000 0.000000 0.000413 0.000000 0.000000 0.000080
0.000000 0.000000 0.000000 0.173507 0.000000 0.006667 0.000387 0.007680 0.001693 0.165493 0.000333 0.059640 0.000187 0.005200 0.000853 0.000000 0.000000 0.000000 0.000120 0.000000 0.000000 0.000000 0.000000 0.000893 0.000000 0.000187 0.000147 0.061480 0.002200 0.000000 0.000000 0.000560 0.000067 0.001000 0.000000 0.000000 0.000000 0.001120 0.000000 0.000000 0.000280 0.000067 0.000000 0.001880 0.000000 0.000107 0.000000 0.000000 0.000000 0.000000 0.000000 0.000000 0.000000 0.000227 0.000000 0.000000 0.000000 0.000453 0.000000 0.000000 0.000000 0.002427 0.000067 0.000000 0.000000 0.000000 0.000000 0.000000
0.001560 0.000000 0.013027 0.000000 0.000000 0.000160 0.010493 0.000533 0.000720 0.000387 0.000000 0.000000 0.000000 0.002080 0.000000 0.065267 0.012080 0.000067 0.000960 0.000000 0.000000 0.008467 0.214587 0.000067 0.000000 0.003013 0.002680 0.036520 0.004893 0.117533 0.000000 0.000000 0.000533 0.030333 0.000067 0.000000 0.000000 0.000000 0.000000 0.000000 0.000080 0.000000 0.000067 0.000000 0.000000 0.000000 0.000000 0.000493 0.000000 0.009067 0.000200 0.000000 0.000067 0.000000 0.010347 0.001600 0.006027 0.001360 0.000000 0.000000 0.000173 0.000600 0.002613 0.006413 0.000000 0.000000 0.000133 0.000120
0.000107 0.001400 0.000000 0.000000 0.001693 0.000187 0.000080 0.000067 0.008000 0.000000 0.000000 0.000000 0.000067 0.000173 0.000333 0.065227 0.000000 0.000000 0.000000 0.000000 0.008467 0.000000 0.013200 0.044707 0.001480 0.000000 0.004573 0.002613 0.001187 0.005600 0.000093 0.000493 0.000080 0.000000 0.000000 0.000000 0.000000 0.000000 0.000000 0.000000 0.000000 0.000000 0.000000 0.000000 0.000000 0.000000 0.000107 0.000133 0.000000 0.002720 0.000000 0.000000 0.000000 0.000000 0.001373 0.000000 0.001093 0.001800 0.000000 0.000000 0.000867 0.000267 0.000867 0.001667 0.000000 0.000000 0.000000 0.000000
0.003053 0.001347 0.132067 0.000133 0.000000 0.000480 0.021587 0.001333 0.000067 0.001573 0.000120 0.000000 0.000000 0.004987 0.000000 0.138147 0.039960 0.000320 0.004120 0.000000 0.214587 0.013200 0.000000 0.004387 0.000000 0.019027 0.048800 0.058053 0.004027 0.047680 0.000000 0.000000 0.000080 0.018360 0.000000 0.000613 0.012760 0.000000 0.000000 0.000000 0.000093 0.000000 0.000000 0.000000 0.000000 0.000000 0.000000 0.000000 0.000000 0.030427 0.001173 0.000067 0.000200 0.000000 0.010213 0.003107 0.094853 0.001640 0.000000 0.000520 0.030693 0.000587 0.000147 0.001467 0.000000 0.000000 0.000000 0.000080
0.001067 0.011827 0.004053 0.031240 0.004053 0.001413 0.009227 0.002493 0.035933 0.003587 0.000000 0.000613 0.000467 0.003280 0.001467 0.005387 0.000973 0.000000 0.000147 0.000893 0.000067 0.044707 0.004387 0.000000 0.003667 0.007520 0.030747 0.143587 0.005213 0.005467 0.000893 0.001493 0.001547 0.001347 0.000200 0.000173 0.000000 0.000373 0.000000 0.000000 0.000293 0.000640 0.000960 0.001320 0.000173 0.000067 0.000267 0.001307 0.000000 0.000467 0.000133 0.000080 0.000280 0.000000 0.000853 0.000347 0.000707 0.013293 0.000000 0.001160 0.001213 0.002613 0.002120 0.000467 0.000107 0.000000 0.000080 0.000600
0.000000 0.012427 0.000000 0.000000 0.000333 0.000000 0.000000 0.000000 0.001707 0.000000 0.001187 0.000000 0.020533 0.000067 0.000000 0.000000 0.000000 0.000080 0.000280 0.000000 0.000000 0.001480 0.000000 0.003667 0.000000 0.006413 0.079747 0.000000 0.000000 0.000000 0.003240 0.000187 0.000000 0.000093 0.000000 0.000093 0.000000 0.000000 0.000000 0.000000 0.000000 0.000000 0.000000 0.000000 0.000907 0.000000 0.002253 0.000000 0.000000 0.000000 0.000000 0.000000 0.000093 0.000000 0.000000 0.000000 0.000000 0.000093 0.000293 0.001200 0.001613 0.000000 0.000000 0.000000 0.000413 0.000000 0.000000 0.000000
0.003240 0.007067 0.144240 0.000480 0.000000 0.001267 0.017867 0.003000 0.000173 0.003107 0.078893 0.000827 0.006853 0.009413 0.000000 0.000987 0.037347 0.009267 0.083000 0.000187 0.003013 0.000000 0.019027 0.007520 0.006413 0.000000 0.075613 0.013587 0.005760 0.003507 0.008053 0.000773 0.000000 0.012427 0.000000 0.002347 0.005867 0.000000 0.000000 0.000000 0.000000 0.000000 0.000000 0.000000 0.002547 0.000000 0.007933 0.000000 0.000000 0.000000 0.005800 0.003053 0.014760 0.000000 0.000000 0.000000 0.000453 0.000333 0.001640 0.056080 0.046813 0.000080 0.000107 0.000067 0.004293 0.000000 0.000000 0.000507
0.000960 0.040987 0.026387 0.000133 0.000507 0.000453 0.001733 0.000907 0.002440 0.000707 0.004827 0.000360 0.043467 0.003907 0.000107 0.018960 0.089747 0.000800 0.015373 0.000147 0.002680 0.004573 0.048800 0.030747 0.079747 0.075613 0.000000 0.009933 0.002453 0.000787 0.018680 0.000347 0.000000 0.023853 0.000000 0.003213 0.012187 0.000000 0.000000 0.000000 0.000000 0.000000 0.000067 0.000000 0.002413 0.000000 0.007333 0.000000 0.000000 0.001000 0.003053 0.002173 0.005787 0.000000 0.000093 0.000333 0.006653 0.001547 0.002080 0.040093 0.032427 0.000120 0.000000 0.000000 0.003093 0.000000 0.000000 0.000253
0.002600 0.000213 0.035587 0.162307 0.004227 0.021027 0.293400 0.009587 0.020973 0.259680 0.000120 0.023853 0.000067 0.010947 0.002280 0.005853 0.002213 0.000093 0.001133 0.061480 0.036520 0.002613 0.058053 0.143587 0.000000 0.013587 0.009933 0.000000 0.032920 0.132200 0.000080 0.001507 0.012493 0.007720 0.000320 0.000000 0.000067 0.005547 0.000000 0.000160 0.002293 0.001800 0.000347 0.012173 0.000187 0.000760 0.000000 0.001987 0.000000 0.000907 0.000000 0.000093 0.000080 0.000853 0.002453 0.000160 0.001347 0.009027 0.000000 0.000320 0.000640 0.020080 0.003733 0.002347 0.000000 0.000000 0.000000 0.000587
0.111693 0.000000 0.000520 0.002480 0.000000 0.003107 0.019573 0.005347 0.004133 0.016907 0.009507 0.005067 0.001053 0.114800 0.000000 0.000187 0.008640 0.002107 0.008587 0.002200 0.004893 0.001187 0.004027 0.005213 0.000000 0.005760 0.002453 0.032920 0.000000 0.068080 0.000267 0.050227 0.048293 0.020173 0.000107 0.000000 0.000000 0.000000 0.000000 0.000000 0.000093 0.000373 0.000347 0.000293 0.000147 0.000000 0.000000 0.000747 0.000000 0.000240 0.000000 0.000000 0.000000 0.000000 0.001813 0.000000 0.000000 0.002480 0.000000 0.000147 0.000000 0.001293 0.002013 0.001013 0.000000 0.000000 0.000000 0.000427
0.053400 0.000000 0.002560 0.000107 0.000000 0.000400 0.061200 0.007040 0.003880 0.002107 0.001667 0.000000 0.000000 0.046147 0.000000 0.001387 0.026320 0.000600 0.004613 0.000000 0.117533 0.005600 0.047680 0.005467 0.000000 0.003507 0.000787 0.132200 0.068080 0.000000 0.000000 0.000000 0.004853 0.008107 0.000173 0.000000 0.000000 0.000000 0.000000 0.000000 0.000093 0.000120 0.000560 0.000000 0.000067 0.000000 0.000000 0.001267 0.000000 0.002827 0.000093 0.000093 0.000107 0.000000 0.012493 0.001013 0.000680 0.004000 0.000000 0.000107 0.000080 0.002240 0.005787 0.006507 0.000000 0.000000 0.000120 0.000600
0.000000 0.000187 0.000427 0.000000 0.000000 0.000000 0.000093 0.000107 0.000000 0.000000 0.005680 0.000000 0.015493 0.000467 0.000000 0.000107 0.000080 0.000533 0.000240 0.000000 0.000000 0.000093 0.000000 0.000893 0.003240 0.008053 0.018680 0.000080 0.000267 0.000000 0.000000 0.000000 0.000000 0.000827 0.000000 0.000000 0.000000 0.000000 0.000000 0.000000 0.000000 0.000000 0.000000 0.000000 0.000467 0.000000 0.002587 0.000000 0.000000 0.000000 0.000000 0.000387 0.000080 0.000000 0.000000 0.000000 0.000000 0.000000 0.000253 0.002667 0.002080 0.000000 0.000000 0.000000 0.001253 0.000000 0.000000 0.000000
0.000307 0.000133 0.000000 0.000413 0.025200 0.061907 0.000240 0.038307 0.000240 0.001240 0.003840 0.002360 0.001120 0.027800 0.003053 0.000000 0.000067 0.000387 0.000400 0.000560 0.000000 0.000493 0.000000 0.001493 0.000187 0.000773 0.000347 0.001507 0.050227 0.000000 0.000000 0.000000 0.000000 0.021480 0.000000 0.000000 0.000000 0.000000 0.000000 0.000067 0.000000 0.000147 0.000000 0.000080 0.000000 0.000000 0.000000 0.000067 0.000000 0.000000 0.000000 0.000000 0.000000 0.000000 0.000080 0.000000 0.000000 0.000120 0.000000 0.000000 0.000000 0.000107 0.000160 0.000080 0.000000 0.000080 0.000000 0.000200
0.000280 0.000000 0.000000 0.000453 0.000000 0.000613 0.005773 0.000133 0.000253 0.001813 0.000080 0.000000 0.000000 0.000133 0.000000 0.000067 0.000000 0.000000 0.000000 0.000067 0.000533 0.000080 0.000080 0.001547 0.000000 0.000000 0.000000 0.012493 0.048293 0.004853 0.000000 0.000000 0.000000 0.003387 0.000000 0.000000 0.000000 0.000000 0.000000 0.000000 0.000000 0.000000 0.000000 0.000000 0.000000 0.000000 0.000000 0.000000 0.000000 0.000000 0.000000 0.000000 0.000000 0.000000 0.000080 0.000000 0.000000 0.000000 0.000000 0.000000 0.000000 0.000000 0.000000 0.000000 0.000000 0.000000 0.000000 0.000000
0.004547 0.000187 0.003787 0.000507 0.000080 0.000907 0.002573 0.001627 0.000293 0.005973 0.030213 0.001800 0.003493 0.015853 0.000000 0.000667 0.018493 0.005333 0.046733 0.001000 0.030333 0.000000 0.018360 0.001347 0.000093 0.012427 0.023853 0.007720 0.020173 0.008107 0.000827 0.021480 0.003387 0.000000 0.000000 0.000000 0.000200 0.000000 0.000000 0.000000 0.000080 0.000133 0.000000 0.000107 0.000000 0.000000 0.000000 0.000147 0.000000 0.000000 0.000000 0.000000 0.000000 0.000000 0.000120 0.000000 0.000347 0.000400 0.000000 0.000200 0.000280 0.000360 0.000333 0.000107 0.000000 0.000067 0.000000 0.000107
0.000000 0.000000 0.000000 0.000000 0.000000 0.000000 0.000000 0.000120 0.000080 0.000000 0.000000 0.000000 0.000000 0.000107 0.000000 0.000000 0.000000 0.000000 0.000000 0.000000 0.000067 0.000000 0.000000 0.000200 0.000000 0.000000 0.000000 0.000320 0.000107 0.000173 0.000000 0.000000 0.000000 0.000000 0.000000 0.000000 0.000067 0.000267 0.000000 0.000000 0.048013 0.002880 0.000187 0.000853 0.001080 0.000000 0.000000 0.139973 0.000000 0.000000 0.000493 0.000720 0.000947 0.000000 0.000453 0.000000 0.000387 0.001320 0.000000 0.001107 0.000507 0.002387 0.151600 0.024773 0.000000 0.000067 0.000000 0.001240
0.000000 0.000000 0.000947 0.000000 0.000000 0.000000 0.000000 0.000000 0.000000 0.000000 0.000067 0.000000 0.000080 0.000000 0.000000 0.000000 0.000320 0.000000 0.000120 0.000000 0.000000 0.000000 0.000613 0.000173 0.000093 0.002347 0.003213 0.000000 0.000000 0.000000 0.000000 0.000000 0.000000 0.000000 0.000000 0.000000 0.004280 0.000000 0.000413 0.000000 0.000000 0.000000 0.004813 0.000000 0.000080 0.000000 0.004573 0.000000 0.000387 0.000000 0.001707 0.000093 0.001427 0.000000 0.000000 0.007040 0.001360 0.008987 0.015507 0.013133 0.058507 0.000147 0.000000 0.000000 0.000413 0.000000 0.000000 0.000427
0.000000 0.000320 0.031573 0.000000 0.000000 0.000000 0.000000 0.000000 0.000000 0.000000 0.000000 0.000000 0.000000 0.000000 0.000000 0.000000 0.004373 0.000000 0.000533 0.000000 0.000000 0.000000 0.012760 0.000000 0.000000 0.005867 0.012187 0.000067 0.000000 0.000000 0.000000 0.000000 0.000000 0.000200 0.000067 0.004280 0.000000 0.000747 0.000000 0.000000 0.014253 0.000413 0.000000 0.001840 0.000427 0.000000 0.000000 0.001120 0.000000 0.001013 0.036720 0.001987 0.015987 0.000000 0.003427 0.000093 0.099427 0.004693 0.000000 0.107360 0.057893 0.014213 0.000147 0.000600 0.000120 0.000000 0.000000 0.002800
0.000000 0.000000 0.000000 0.004067 0.000000 0.000293 0.000467 0.000160 0.000000 0.004800 0.000000 0.001560 0.000000 0.000173 0.000000 0.000000 0.000000 0.000000 0.000000 0.001120 0.000000 0.000000 0.000000 0.000373 0.000000 0.000000 0.000000 0.005547 0.000000 0.000000 0.000000 0.000000 0.000000 0.000000 0.000267 0.000000 0.000747 0.000000 0.000827 0.004893 0.006707 0.001040 0.006747 0.164067 0.000213 0.036547 0.000000 0.001867 0.006827 0.000000 0.000333 0.000093 0.000213 0.261373 0.000000 0.000000 0.000320 0.041800 0.000000 0.000640 0.000267 0.073227 0.007600 0.000120 0.000000 0.000360 0.000000 0.000827
0.000000 0.000000 0.000000 0.000000 0.000000 0.000000 0.000000 0.000000 0.000000 0.000000 0.000000 0.000000 0.000000 0.000000 0.000000 0.000000 0.000000 0.000000 0.000000 0.000000 0.000000 0.000000 0.000000 0.000000 0.000000 0.000000 0.000000 0.000000 0.000000 0.000000 0.000000 0.000000 0.000000 0.000000 0.000000 0.000413 0.000000 0.000827 0.000000 0.015133 0.000000 0.003867 0.002427 0.000773 0.000000 0.001787 0.000147 0.000147 0.026947 0.000000 0.000000 0.000000 0.000000 0.000427 0.000000 0.000480 0.000000 0.006093 0.000000 0.000280 0.000867 0.000640 0.000147 0.000000 0.000000 0.012200 0.000000 0.000173
0.000000 0.000000 0.000000 0.000187 0.000000 0.000000 0.000000 0.000080 0.000000 0.000267 0.000000 0.000067 0.000000 0.000000 0.000000 0.000000 0.000000 0.000000 0.000000 0.000000 0.000000 0.000000 0.000000 0.000000 0.000000 0.000000 0.000000 0.000160 0.000000 0.000000 0.000000 0.000067 0.000000 0.000000 0.000000 0.000000 0.000000 0.004893 0.015133 0.000000 0.021373 0.114013 0.000373 0.236907 0.000413 0.016173 0.000067 0.003893 0.006427 0.000000 0.000000 0.000213 0.000067 0.002093 0.000000 0.000000 0.000000 0.000467 0.000000 0.000240 0.000147 0.022787 0.001173 0.000000 0.000000 0.019480 0.000000 0.001013
0.000000 0.000000 0.000120 0.000613 0.000000 0.000093 0.000240 0.000173 0.000000 0.001627 0.000000 0.000267 0.000000 0.000253 0.000000 0.000000 0.000000 0.000000 0.000000 0.000280 0.000080 0.000000 0.000093 0.000293 0.000000 0.000000 0.000000 0.002293 0.000093 0.000093 0.000000 0.000000 0.000000 0.000080 0.048013 0.000000 0.014253 0.006707 0.000000 0.021373 0.000000 0.035560 0.000880 0.333560 0.004253 0.000227 0.000213 0.208120 0.000000 0.000080 0.018480 0.004613 0.013507 0.000680 0.029760 0.000000 0.051373 0.010053 0.000000 0.019187 0.003027 0.474187 0.052587 0.144027 0.000200 0.000253 0.000627 0.006640
0.000000 0.000000 0.000000 0.000333 0.000000 0.000187 0.000480 0.001013 0.000107 0.001840 0.000000 0.000093 0.000000 0.000773 0.000000 0.000000 0.000000 0.000000 0.000000 0.000067 0.000000 0.000000 0.000000 0.000640 0.000000 0.000000 0.000000 0.001800 0.000373 0.000120 0.000000 0.000147 0.000000 0.000133 0.002880 0.000000 0.000413 0.001040 0.003867 0.114013 0.035560 0.000000 0.001267 0.133880 0.003880 0.007520 0.000907 0.164480 0.000427 0.000000 0.000920 0.001880 0.001627 0.001640 0.000133 0.000000 0.000827 0.003293 0.000000 0.004373 0.001440 0.008373 0.015933 0.011240 0.000307 0.051173 0.000000 0.007547
0.000000 0.000000 0.000000 0.000160 0.000000 0.000000 0.000000 0.000253 0.000000 0.000080 0.000000 0.000000 0.000000 0.000533 0.000000 0.000000 0.000000 0.000000 0.000000 0.000000 0.000067 0.000000 0.000000 0.000960 0.000000 0.000000 0.000067 0.000347 0.000347 0.000560 0.000000 0.000000 0.000000 0.000000 0.000187 0.004813 0.000000 0.006747 0.002427 0.000373 0.000880 0.001267 0.000000 0.005027 0.000067 0.002187 0.000973 0.001333 0.001067 0.000000 0.000000 0.000000 0.000080 0.001040 0.000000 0.013200 0.000000 0.021520 0.001613 0.000973 0.004133 0.013280 0.001333 0.000107 0.000093 0.000800 0.000000 0.000080
0.000000 0.000000 0.000000 0.005213 0.000000 0.000787 0.001560 0.000733 0.000240 0.010427 0.000000 0.002707 0.000000 0.001093 0.000000 0.000000 0.000000 0.000000 0.000000 0.001880 0.000000 0.000000 0.000000 0.001320 0.000000 0.000000 0.000000 0.012173 0.000293 0.000000 0.000000 0.000080 0.000000 0.000107 0.000853 0.000000 0.001840 0.164067 0.000773 0.236907 0.333560 0.133880 0.005027 0.000000 0.002813 0.102920 0.000467 0.072947 0.000187 0.000000 0.001000 0.001440 0.002067 0.174240 0.000227 0.000000 0.002280 0.007533 0.000000 0.004733 0.001507 0.263427 0.051600 0.000800 0.000333 0.001453 0.000147 0.007107
0.000000 0.000107 0.000080 0.000000 0.000000 0.000000 0.000000 0.000160 0.000000 0.000080 0.001000 0.000000 0.004547 0.000133 0.000000 0.000000 0.000000 0.000160 0.000120 0.000000 0.000000 0.000000 0.000000 0.000173 0.000907 0.002547 0.002413 0.000187 0.000147 0.000067 0.000467 0.000000 0.000000 0.000000 0.001080 0.000080 0.000427 0.000213 0.000000 0.000413 0.004253 0.003880 0.000067 0.002813 0.000000 0.001173 0.104920 0.008653 0.000000 0.000093 0.013813 0.151480 0.039973 0.000173 0.002533 0.000000 0.003747 0.000573 0.000560 0.100373 0.008560 0.000960 0.021547 0.005053 0.009973 0.006493 0.000107 0.054067
0.000000 0.000000 0.000000 0.001160 0.000000 0.000093 0.000000 0.000000 0.000000 0.000853 0.000000 0.000507 0.000000 0.000107 0.000000 0.000000 0.000000 0.000000 0.000000 0.000107 0.000000 0.000000 0.000000 0.000067 0.000000 0.000000 0.000000 0.000760 0.000000 0.000000 0.000000 0.000000 0.000000 0.000000 0.000000 0.000000 0.000000 0.036547 0.001787 0.016173 0.000227 0.007520 0.002187 0.102920 0.001173 0.000000 0.000187 0.014987 0.001440 0.000000 0.000000 0.000920 0.000507 0.079800 0.000000 0.000000 0.000000 0.002320 0.000000 0.001293 0.000560 0.013080 0.009867 0.000000 0.000160 0.001147 0.000000 0.002667
0.000000 0.000427 0.000000 0.000000 0.000000 0.000000 0.000000 0.000000 0.000120 0.000000 0.004413 0.000000 0.024133 0.000000 0.000000 0.000000 0.000000 0.000400 0.000453 0.000000 0.000000 0.000107 0.000000 0.000267 0.002253 0.007933 0.007333 0.000000 0.000000 0.000000 0.002587 0.000000 0.000000 0.000000 0.000000 0.004573 0.000000 0.000000 0.000147 0.000067 0.000213 0.000907 0.000973 0.000467 0.104920 0.000187 0.000000 0.001640 0.000200 0.000000 0.000093 0.001053 0.000147 0.000000 0.000000 0.001200 0.000000 0.001387 0.016800 0.010867 0.063707 0.000093 0.006107 0.000067 0.027720 0.003173 0.000000 0.013400
0.000147 0.000000 0.000000 0.000120 0.000000 0.000120 0.000173 0.000747 0.000547 0.000773 0.000000 0.000000 0.000000 0.001067 0.000000 0.000387 0.000000 0.000000 0.000000 0.000000 0.000493 0.000133 0.000000 0.001307 0.000000 0.000000 0.000000 0.001987 0.000747 0.001267 0.000000 0.000067 0.000000 0.000147 0.139973 0.000000 0.001120 0.001867 0.000147 0.003893 0.208120 0.164480 0.001333 0.072947 0.008653 0.014987 0.001640 0.000000 0.000107 0.000160 0.003120 0.003880 0.005093 0.002427 0.001187 0.000227 0.002120 0.005907 0.000000 0.011307 0.003013 0.012987 0.104933 0.045373 0.000547 0.065320 0.000000 0.015307
0.000000 0.000000 0.000000 0.000213 0.000000 0.000000 0.000000 0.000000 0.000000 0.000000 0.000000 0.000000 0.000000 0.000000 0.000000 0.000000 0.000000 0.000000 0.000000 0.000000 0.000000 0.000000 0.000000 0.000000 0.000000 0.000000 0.000000 0.000000 0.000000 0.000000 0.000000 0.000000 0.000000 0.000000 0.000000 0.000387 0.000000 0.006827 0.026947 0.006427 0.000000 0.000427 0.001067 0.000187 0.000000 0.001440 0.000200 0.000107 0.000000 0.000000 0.000000 0.000000 0.000000 0.001067 0.000000 0.000653 0.000000 0.003147 0.000147 0.000107 0.001013 0.003933 0.000000 0.000000 0.000000 0.006160 0.000000 0.000000
0.000000 0.000000 0.000360 0.000000 0.000000 0.000000 0.000000 0.000000 0.000000 0.000000 0.000000 0.000000 0.000000 0.000067 0.000000 0.015093 0.000000 0.000000 0.000000 0.000000 0.009067 0.002720 0.030427 0.000467 0.000000 0.000000 0.001000 0.000907 0.000240 0.002827 0.000000 0.000000 0.000000 0.000000 0.000000 0.000000 0.001013 0.000000 0.000000 0.000000 0.000080 0.000000 0.000000 0.000000 0.000093 0.000000 0.000000 0.000160 0.000000 0.000000 0.000533 0.000107 0.000240 0.000000 0.074133 0.044467 0.270680 0.008800 0.000000 0.000587 0.012320 0.001680 0.001787 0.003867 0.000000 0.000000 0.000240 0.000760
0.000000 0.000067 0.005400 0.000000 0.000000 0.000000 0.000000 0.000000 0.000000 0.000000 0.000000 0.000000 0.000000 0.000000 0.000000 0.000280 0.001293 0.000000 0.000320 0.000000 0.000200 0.000000 0.001173 0.000133 0.000000 0.005800 0.003053 0.000000 0.000000 0.000093 0.000000 0.000000 0.000000 0.000000 0.000493 0.001707 0.036720 0.000333 0.000000 0.000000 0.018480 0.000920 0.000000 0.001000 0.013813 0.000000 0.000093 0.003120 0.000000 0.000533 0.000000 0.011600 0.087120 0.000000 0.012787 0.000147 0.032720 0.004627 0.000000 0.024453 0.087427 0.005253 0.002827 0.023853 0.000067 0.000000 0.000000 0.014907
0.000000 0.000000 0.000147 0.000000 0.000000 0.000000 0.000000 0.000093 0.000000 0.000000 0.000000 0.000000 0.000467 0.000000 0.000000 0.000000 0.000000 0.000000 0.000280 0.000000 0.000000 0.000000 0.000067 0.000080 0.000000 0.003053 0.002173 0.000093 0.000000 0.000093 0.000387 0.000000 0.000000 0.000000 0.000720 0.000093 0.001987 0.000093 0.000000 0.000213 0.004613 0.001880 0.000000 0.001440 0.151480 0.000920 0.001053 0.003880 0.000000 0.000107 0.011600 0.000000 0.091307 0.000080 0.001813 0.000000 0.002547 0.000413 0.000267 0.046000 0.006560 0.000667 0.005893 0.003707 0.000453 0.000653 0.000107 0.012120
0.000000 0.000240 0.001333 0.000000 0.000000 0.000000 0.000000 0.000000 0.000000 0.000000 0.000000 0.000000 0.000000 0.000093 0.000000 0.000067 0.001000 0.000000 0.001107 0.000000 0.000067 0.000000 0.000200 0.000280 0.000093 0.014760 0.005787 0.000080 0.000000 0.000107 0.000080 0.000000 0.000000 0.000000 0.000947 0.001427 0.015987 0.000213 0.000000 0.000067 0.013507 0.001627 0.000080 0.002067 0.039973 0.000507 0.000147 0.005093 0.000000 0.000240 0.087120 0.091307 0.000000 0.000000 0.003787 0.000093 0.010147 0.001547 0.000173 0.092067 0.039933 0.002680 0.003653 0.007747 0.000147 0.000173 0.000080 0.045440
0.000000 0.000000 0.000000 0.004880 0.000000 0.000000 0.000067 0.000000 0.000000 0.000733 0.000000 0.000227 0.000000 0.000000 0.000000 0.000000 0.000000 0.000000 0.000000 0.000227 0.000000 0.000000 0.000000 0.000000 0.000000 0.000000 0.000000 0.000853 0.000000 0.000000 0.000000 0.000000 0.000000 0.000000 0.000000 0.000000 0.000000 0.261373 0.000427 0.002093 0.000680 0.001640 0.001040 0.174240 0.000173 0.079800 0.000000 0.002427 0.001067 0.000000 0.000000 0.000080 0.000000 0.000000 0.000000 0.000000 0.000000 0.003747 0.000000 0.000253 0.000160 0.033933 0.003187 0.000000 0.000000 0.000200 0.000000 0.000333
0.000213 0.000000 0.000147 0.000000 0.000000 0.000000 0.000080 0.000200 0.000000 0.000067 0.000000 0.000000 0.000000 0.000667 0.000000 0.010160 0.000000 0.000000 0.000000 0.000000 0.010347 0.001373 0.010213 0.000853 0.000000 0.000000 0.000093 0.002453 0.001813 0.012493 0.000000 0.000080 0.000080 0.000120 0.000453 0.000000 0.003427 0.000000 0.000000 0.000000 0.029760 0.000133 0.000000 0.000227 0.002533 0.000000 0.000000 0.001187 0.000000 0.074133 0.012787 0.001813 0.003787 0.000000 0.000000 0.003480 0.225907 0.004987 0.000000 0.003533 0.007960 0.046120 0.011440 0.101280 0.000000 0.000000 0.001133 0.020173
0.000000 0.000000 0.000147 0.000000 0.000000 0.000000 0.000000 0.000000 0.000000 0.000000 0.000000 0.000000 0.000000 0.000000 0.000000 0.003787 0.000000 0.000000 0.000000 0.000000 0.001600 0.000000 0.003107 0.000347 0.000000 0.000000 0.000333 0.000160 0.000000 0.001013 0.000000 0.000000 0.000000 0.000000 0.000000 0.007040 0.000093 0.000000 0.000480 0.000000 0.000000 0.000000 0.013200 0.000000 0.000000 0.000000 0.001200 0.000227 0.000653 0.044467 0.000147 0.000000 0.000093 0.000000 0.003480 0.000000 0.008600 0.015960 0.002267 0.000400 0.033213 0.000907 0.000880 0.002093 0.000000 0.000000 0.000107 0.000000
0.000000 0.000413 0.018507 0.000000 0.000000 0.000000 0.000000 0.000000 0.000000 0.000000 0.000000 0.000000 0.000000 0.000000 0.000000 0.009600 0.000973 0.000000 0.000000 0.000000 0.006027 0.001093 0.094853 0.000707 0.000000 0.000453 0.006653 0.001347 0.000000 0.000680 0.000000 0.000000 0.000000 0.000347 0.000387 0.001360 0.099427 0.000320 0.000000 0.000000 0.051373 0.000827 0.000000 0.002280 0.003747 0.000000 0.000000 0.002120 0.000000 0.270680 0.032720 0.002547 0.010147 0.000000 0.225907 0.008600 0.000000 0.023813 0.000000 0.022360 0.139013 0.051427 0.002533 0.032640 0.000093 0.000000 0.000000 0.016427
0.000480 0.000267 0.000627 0.003160 0.000000 0.000253 0.000933 0.001560 0.002080 0.004200 0.000107 0.000453 0.000067 0.002427 0.000000 0.001480 0.000067 0.000000 0.000000 0.000453 0.001360 0.001800 0.001640 0.013293 0.000093 0.000333 0.001547 0.009027 0.002480 0.004000 0.000000 0.000120 0.000000 0.000400 0.001320 0.008987 0.004693 0.041800 0.006093 0.000467 0.010053 0.003293 0.021520 0.007533 0.000573 0.002320 0.001387 0.005907 0.003147 0.008800 0.004627 0.000413 0.001547 0.003747 0.004987 0.015960 0.023813 0.000000 0.001493 0.007733 0.044507 0.135640 0.019293 0.010853 0.000320 0.001680 0.002253 0.003773
0.000000 0.000000 0.000000 0.000000 0.000000 0.000000 0.000000 0.000000 0.000000 0.000000 0.000347 0.000000 0.002093 0.000000 0.000000 0.000000 0.000000 0.000107 0.000000 0.000000 0.000000 0.000000 0.000000 0.000000 0.000293 0.001640 0.002080 0.000000 0.000000 0.000000 0.000253 0.000000 0.000000 0.000000 0.000000 0.015507 0.000000 0.000000 0.000000 0.000000 0.000000 0.000000 0.001613 0.000000 0.000560 0.000000 0.016800 0.000000 0.000147 0.000000 0.000000 0.000267 0.000173 0.000000 0.000000 0.002267 0.000000 0.001493 0.000000 0.007400 0.038240 0.000000 0.000000 0.000000 0.005307 0.000000 0.000000 0.000000
0.000000 0.001320 0.005800 0.000000 0.000000 0.000000 0.000227 0.000133 0.000000 0.000133 0.000973 0.000000 0.006360 0.000160 0.000000 0.000120 0.005573 0.001040 0.005293 0.000000 0.000000 0.000000 0.000520 0.001160 0.001200 0.056080 0.040093 0.000320 0.000147 0.000107 0.002667 0.000000 0.000000 0.000200 0.001107 0.013133 0.107360 0.000640 0.000280 0.000240 0.019187 0.004373 0.000973 0.004733 0.100373 0.001293 0.010867 0.011307 0.000107 0.000587 0.024453 0.046000 0.092067 0.000253 0.003533 0.000400 0.022360 0.007733 0.007400 0.000000 0.166507 0.007440 0.006853 0.003120 0.007493 0.001200 0.000120 0.018853
0.000000 0.001573 0.016960 0.000000 0.000000 0.000000 0.000000 0.000067 0.000000 0.000000 0.001267 0.000000 0.005067 0.000067 0.000000 0.002560 0.002733 0.000547 0.003293 0.000000 0.000173 0.000867 0.030693 0.001213 0.001613 0.046813 0.032427 0.000640 0.000000 0.000080 0.002080 0.000000 0.000000 0.000280 0.000507 0.058507 0.057893 0.000267 0.000867 0.000147 0.003027 0.001440 0.004133 0.001507 0.008560 0.000560 0.063707 0.003013 0.001013 0.012320 0.087427 0.006560 0.039933 0.000160 0.007960 0.033213 0.139013 0.044507 0.038240 0.166507 0.000000 0.010493 0.003267 0.002573 0.016440 0.000533 0.000133 0.032280
0.000267 0.000000 0.000080 0.008360 0.000000 0.000960 0.001640 0.001493 0.000613 0.014093 0.000093 0.003280 0.000000 0.001853 0.000000 0.000387 0.000000 0.000000 0.000000 0.002427 0.000600 0.000267 0.000587 0.002613 0.000000 0.000080 0.000120 0.020080 0.001293 0.002240 0.000000 0.000107 0.000000 0.000360 0.002387 0.000147 0.014213 0.073227 0.000640 0.022787 0.474187 0.008373 0.013280 0.263427 0.000960 0.013080 0.000093 0.012987 0.003933 0.001680 0.005253 0.000667 0.002680 0.033933 0.046120 0.000907 0.051427 0.135640 0.000000 0.007440 0.010493 0.000000 0.059667 0.021800 0.000160 0.000440 0.007107 0.011987
0.000200 0.000000 0.000000 0.000187 0.000000 0.000067 0.000240 0.001187 0.000427 0.000600 0.000067 0.000000 0.000093 0.001640 0.000000 0.001413 0.000000 0.000000 0.000000 0.000067 0.002613 0.000867 0.000147 0.002120 0.000000 0.000107 0.000000 0.003733 0.002013 0.005787 0.000000 0.000160 0.000000 0.000333 0.151600 0.000000 0.000147 0.007600 0.000147 0.001173 0.052587 0.015933 0.001333 0.051600 0.021547 0.009867 0.006107 0.104933 0.000000 0.001787 0.002827 0.005893 0.003653 0.003187 0.011440 0.000880 0.002533 0.019293 0.000000 0.006853 0.003267 0.059667 0.000000 0.131347 0.000960 0.017680 0.037133 0.037973
0.000000 0.000000 0.000000 0.000000 0.000000 0.000000 0.000000 0.000280 0.000107 0.000000 0.000000 0.000000 0.000000 0.000333 0.000000 0.005000 0.000000 0.000000 0.000000 0.000000 0.006413 0.001667 0.001467 0.000467 0.000000 0.000067 0.000000 0.002347 0.001013 0.006507 0.000000 0.000080 0.000000 0.000107 0.024773 0.000000 0.000600 0.000120 0.000000 0.000000 0.144027 0.011240 0.000107 0.000800 0.005053 0.000000 0.000067 0.045373 0.000000 0.003867 0.023853 0.003707 0.007747 0.000000 0.101280 0.002093 0.032640 0.010853 0.000000 0.003120 0.002573 0.021800 0.131347 0.000000 0.000000 0.000000 0.000267 0.006640
0.000000 0.000067 0.000000 0.000000 0.000000 0.000000 0.000000 0.000000 0.000000 0.000000 0.000973 0.000000 0.004040 0.000000 0.000000 0.000000 0.000000 0.000387 0.000413 0.000000 0.000000 0.000000 0.000000 0.000107 0.000413 0.004293 0.003093 0.000000 0.000000 0.000000 0.001253 0.000000 0.000000 0.000000 0.000000 0.000413 0.000120 0.000000 0.000000 0.000000 0.000200 0.000307 0.000093 0.000333 0.009973 0.000160 0.027720 0.000547 0.000000 0.000000 0.000067 0.000453 0.000147 0.000000 0.000000 0.000000 0.000093 0.000320 0.005307 0.007493 0.016440 0.000160 0.000960 0.000000 0.000000 0.000307 0.000000 0.001053
