0.000000 0.000000 0.001427 0.000107 0.000000 0.000187 0.026173 0.004880 0.000573 0.000827 0.001720 0.000093 0.000187 0.122893 0.000000 0.000000 0.002667 0.000387 0.001560 0.000000 0.000333 0.000067 0.000813 0.000747 0.000000 0.002507 0.000213 0.001013 0.096800 0.077520 0.000000 0.000120 0.000000 0.001093 0.000000 0.000000 0.000000 0.000000 0.000000 0.000000 0.000000 0.000000 0.000000 0.000000 0.000000 0.000000 0.000000 0.000000 0.000000 0.000000 0.000000 0.000000 0.000000 0.000000 0.000000 0.000000 0.000000 0.000360 0.000000 0.000000 0.000000 0.000467 0.000160 0.000253 0.000000 0.000000 0.000000 0.000000
0.000000 0.000000 0.000080 0.000000 0.000000 0.000000 0.000000 0.000000 0.000360 0.000000 0.004573 0.000000 0.013613 0.000000 0.000000 0.000000 0.000560 0.000000 0.000000 0.000000 0.000000 0.000107 0.000253 0.000840 0.018760 0.002027 0.017707 0.000000 0.000080 0.000000 0.001733 0.000000 0.000000 0.000067 0.000000 0.000000 0.000000 0.000000 0.000000 0.000000 0.000000 0.000000 0.000000 0.000000 0.000240 0.000000 0.000280 0.000000 0.000000 0.000000 0.000000 0.000000 0.000067 0.000000 0.000000 0.000000 0.000000 0.000000 0.000000 0.000547 0.000427 0.000000 0.000000 0.000000 0.000093 0.000000 0.000000 0.000000
0.001427 0.000080 0.000000 0.000107 0.000000 0.001467 0.034040 0.004653 0.000000 0.003960 0.000293 0.000000 0.000000 0.012093 0.000000 0.000000 0.070547 0.000000 0.004013 0.000000 0.004547 0.000000 0.085760 0.000173 0.000000 0.138480 0.149533 0.006440 0.003480 0.012000 0.000000 0.000000 0.000000 0.000387 0.000000 0.003387 0.008453 0.000000 0.000000 0.000000 0.000000 0.000000 0.000000 0.000000 0.000067 0.000000 0.000000 0.000000 0.000000 0.000120 0.002787 0.000000 0.002053 0.000000 0.000080 0.000000 0.002440 0.000093 0.000000 0.006040 0.013480 0.000187 0.000000 0.000000 0.000000 0.000000 0.000000 0.000000
0.000107 0.000000 0.000107 0.000000 0.000187 0.001333 0.006880 0.000907 0.006520 0.073080 0.000093 0.049960 0.000253 0.000360 0.000507 0.000000 0.000000 0.000000 0.000000 0.046560 0.000000 0.000067 0.000173 0.019320 0.000000 0.000347 0.000867 0.170907 0.001013 0.000067 0.000000 0.000227 0.000000 0.000173 0.000000 0.000000 0.000000 0.012173 0.000000 0.000253 0.000720 0.000107 0.000227 0.003053 0.000000 0.003507 0.000000 0.000000 0.000093 0.000000 0.000000 0.000000 0.000000 0.004067 0.000000 0.000000 0.000000 0.002133 0.000000 0.000067 0.000093 0.023320 0.000120 0.000000 0.000000 0.000000 0.000000 0.000000
0.000000 0.000000 0.000000 0.000187 0.000000 0.012213 0.000200 0.001507 0.000533 0.000467 0.001707 0.000693 0.002107 0.000120 0.012587 0.000000 0.000000 0.000000 0.000000 0.000093 0.000000 0.000360 0.000000 0.000667 0.000160 0.000253 0.000680 0.000573 0.000213 0.000067 0.000000 0.002200 0.000000 0.018987 0.000000 0.000000 0.000000 0.000000 0.000000 0.000000 0.000000 0.000000 0.000000 0.000000 0.000000 0.000067 0.000000 0.000000 0.000000 0.000000 0.000000 0.000000 0.000000 0.000000 0.000000 0.000000 0.000000 0.000000 0.000000 0.000000 0.000000 0.000000 0.000000 0.000000 0.000000 0.000000 0.000000 0.000000
0.000187 0.000000 0.001467 0.001333 0.012213 0.000000 0.071493 0.112573 0.004360 0.209613 0.002507 0.050440 0.002933 0.006720 0.007480 0.000000 0.000213 0.000000 0.000187 0.001360 0.000160 0.000000 0.001547 0.000960 0.000107 0.001933 0.000533 0.007080 0.006227 0.000320 0.000000 0.032387 0.000000 0.003080 0.000000 0.000000 0.000000 0.000307 0.000000 0.000147 0.000360 0.000253 0.000000 0.000587 0.000067 0.001267 0.000000 0.000107 0.000000 0.000000 0.000000 0.000000 0.000000 0.000213 0.000000 0.000000 0.000000 0.000867 0.000000 0.000000 0.000000 0.001333 0.000107 0.000000 0.000000 0.000000 0.000000 0.000000
0.026173 0.000000 0.034040 0.006880 0.000200 0.071493 0.000000 0.058360 0.001573 0.365933 0.001827 0.002320 0.000320 0.150547 0.000533 0.000840 0.006867 0.000187 0.001840 0.002947 0.007267 0.000160 0.034560 0.023320 0.000093 0.019360 0.013493 0.342440 0.023333 0.145013 0.000080 0.000293 0.001333 0.001987 0.000000 0.000000 0.000000 0.000400 0.000000 0.000107 0.000707 0.000120 0.000120 0.001093 0.000000 0.000347 0.000000 0.000067 0.000000 0.000133 0.000000 0.000000 0.000000 0.000160 0.000093 0.000000 0.000080 0.002933 0.000000 0.000093 0.000160 0.003120 0.000333 0.000347 0.000000 0.000000 0.000000 0.000000
0.004880 0.000000 0.004653 0.000907 0.001507 0.112573 0.058360 0.000000 0.000640 0.038707 0.004267 0.006373 0.004400 0.178293 0.001533 0.000000 0.003147 0.000413 0.001080 0.000680 0.000600 0.000000 0.002373 0.001453 0.000213 0.006347 0.000480 0.003013 0.028733 0.016493 0.000000 0.026000 0.000000 0.002320 0.000000 0.000000 0.000000 0.000000 0.000000 0.000120 0.000160 0.000360 0.000000 0.000200 0.000080 0.000333 0.000200 0.000160 0.000000 0.000000 0.000000 0.000000 0.000000 0.000067 0.000000 0.000000 0.000000 0.001093 0.000000 0.000000 0.000000 0.000493 0.000213 0.000120 0.000000 0.000093 0.000000 0.000000
0.000573 0.000360 0.000000 0.006520 0.000533 0.004360 0.001573 0.000640 0.000000 0.006813 0.001013 0.004760 0.001573 0.001080 0.001453 0.000000 0.000000 0.000000 0.000000 0.002107 0.000000 0.010427 0.000000 0.051440 0.001333 0.001187 0.004960 0.011720 0.006547 0.000480 0.000347 0.000080 0.001187 0.000213 0.000000 0.000000 0.000000 0.000187 0.000000 0.000093 0.000107 0.000000 0.000000 0.000267 0.000000 0.000560 0.000080 0.000067 0.000000 0.000000 0.000000 0.000000 0.000000 0.000067 0.000000 0.000000 0.000000 0.002240 0.000000 0.000107 0.000000 0.001107 0.000387 0.000480 0.000000 0.000000 0.000000 0.000000
0.000827 0.000000 0.003960 0.073080 0.000467 0.209613 0.365933 0.038707 0.006813 0.000000 0.003333 0.104827 0.000867 0.023360 0.001440 0.000120 0.000640 0.000120 0.000600 0.117080 0.000347 0.000000 0.002920 0.006347 0.000133 0.004853 0.002253 0.110440 0.011560 0.000640 0.000120 0.001000 0.000160 0.002253 0.000000 0.000000 0.000000 0.004587 0.000000 0.000400 0.002133 0.000333 0.000187 0.005213 0.000120 0.003347 0.000067 0.000200 0.000107 0.000000 0.000000 0.000000 0.000000 0.001213 0.000000 0.000000 0.000000 0.006413 0.000000 0.000000 0.000120 0.011027 0.000227 0.000067 0.000000 0.000000 0.000000 0.000067
0.001720 0.004573 0.000293 0.000093 0.001707 0.002507 0.001827 0.004267 0.001013 0.003333 0.000000 0.001840 0.032733 0.006973 0.000333 0.000000 0.007307 0.047453 0.033373 0.000160 0.000493 0.001253 0.001440 0.001680 0.007813 0.078707 0.014307 0.001200 0.014653 0.002587 0.005680 0.004627 0.000347 0.024707 0.000000 0.000107 0.000000 0.000000 0.000000 0.000000 0.000000 0.000000 0.000000 0.000000 0.002120 0.000133 0.008280 0.000000 0.000000 0.000000 0.000000 0.000280 0.000107 0.000000 0.000000 0.000000 0.000000 0.000240 0.000107 0.003507 0.002893 0.000200 0.000080 0.000213 0.001373 0.000000 0.000000 0.000000
0.000093 0.000000 0.000000 0.049960 0.000693 0.050440 0.002320 0.006373 0.004760 0.104827 0.001840 0.000000 0.001107 0.005253 0.003720 0.000000 0.000080 0.000000 0.000240 0.062720 0.000000 0.000000 0.000000 0.003880 0.000000 0.001107 0.000427 0.031173 0.003533 0.000000 0.000000 0.001347 0.000000 0.000653 0.000000 0.000000 0.000000 0.001733 0.000000 0.000253 0.000387 0.000120 0.000067 0.000787 0.000093 0.008653 0.000133 0.000080 0.000000 0.000000 0.000000 0.000000 0.000000 0.000320 0.000000 0.000000 0.000000 0.000547 0.000000 0.000000 0.000000 0.004160 0.000093 0.000000 0.000000 0.000080 0.000000 0.000000
0.000187 0.013613 0.000000 0.000253 0.002107 0.002933 0.000320 0.004400 0.001573 0.000867 0.032733 0.001107 0.000000 0.003227 0.000787 0.000000 0.000000 0.000080 0.000093 0.000093 0.000000 0.003293 0.000000 0.003640 0.051360 0.007880 0.063507 0.000387 0.002573 0.000200 0.025013 0.003560 0.000000 0.007133 0.000000 0.000147 0.000000 0.000000 0.000000 0.000000 0.000000 0.000000 0.000000 0.000000 0.002920 0.000000 0.007413 0.000000 0.000000 0.000000 0.000000 0.000747 0.000080 0.000000 0.000000 0.000000 0.000000 0.000200 0.000347 0.006547 0.003773 0.000000 0.000000 0.000000 0.002040 0.000000 0.000000 0.000000
0.122893 0.000000 0.012093 0.000360 0.000120 0.006720 0.150547 0.178293 0.001080 0.023360 0.006973 0.005253 0.003227 0.000000 0.000440 0.000000 0.008187 0.000667 0.002440 0.000507 0.001827 0.000000 0.004533 0.001053 0.000227 0.012640 0.000720 0.002520 0.159160 0.076960 0.000000 0.029440 0.000000 0.002867 0.000067 0.000000 0.000000 0.000000 0.000000 0.000133 0.000000 0.000227 0.000000 0.000133 0.000160 0.000307 0.000240 0.000147 0.000000 0.000067 0.000000 0.000000 0.000000 0.000000 0.000000 0.000000 0.000000 0.000960 0.000000 0.000000 0.000093 0.000853 0.000213 0.000320 0.000000 0.000000 0.000000 0.000000
0.000000 0.000000 0.000000 0.000507 0.012587 0.007480 0.000533 0.001533 0.001453 0.001440 0.000333 0.003720 0.000787 0.000440 0.000000 0.000000 0.000000 0.000000 0.000000 0.000160 0.000000 0.001520 0.000000 0.005307 0.000187 0.000333 0.001427 0.003253 0.001027 0.000000 0.000107 0.000960 0.000107 0.001227 0.000000 0.000000 0.000000 0.000000 0.000000 0.000000 0.000000 0.000000 0.000000 0.000000 0.000000 0.000000 0.000000 0.000000 0.000000 0.000000 0.000000 0.000000 0.000000 0.000000 0.000000 0.000000 0.000000 0.000000 0.000000 0.000000 0.000000 0.000000 0.000000 0.000000 0.000000 0.000000 0.000000 0.000000
0.000000 0.000000 0.000000 0.000000 0.000000 0.000000 0.000840 0.000000 0.000000 0.000120 0.000000 0.000000 0.000000 0.000000 0.000000 0.000000 0.000160 0.000000 0.000000 0.000000 0.038147 0.006053 0.094907 0.009293 0.000000 0.000520 0.043067 0.006840 0.000080 0.000333 0.000000 0.000000 0.000000 0.000253 0.000000 0.000000 0.000187 0.000000 0.000000 0.000000 0.000000 0.000000 0.000000 0.000000 0.000000 0.000000 0.000000 0.000000 0.000000 0.029493 0.000080 0.000000 0.000000 0.000000 0.006533 0.001613 0.021760 0.000413 0.000000 0.000080 0.003187 0.000387 0.000133 0.001240 0.000000 0.000000 0.000000 0.000107
0.002667 0.000560 0.070547 0.000000 0.000000 0.000213 0.006867 0.003147 0.000000 0.000640 0.007307 0.000080 0.000000 0.008187 0.000000 0.000160 0.000000 0.004613 0.099213 0.000000 0.007813 0.000147 0.065387 0.001040 0.000000 0.029467 0.056920 0.002667 0.012787 0.029880 0.000000 0.000080 0.000333 0.021187 0.000000 0.001440 0.003947 0.000000 0.000000 0.000000 0.000000 0.000000 0.000000 0.000000 0.000000 0.000000 0.000000 0.000000 0.000000 0.000000 0.000480 0.000067 0.000947 0.000000 0.000000 0.000000 0.000187 0.000080 0.000000 0.005293 0.010440 0.000000 0.000000 0.000173 0.000000 0.000000 0.000000 0.000080
0.000387 0.000000 0.000000 0.000000 0.000000 0.000000 0.000187 0.000413 0.000000 0.000120 0.047453 0.000000 0.000080 0.000667 0.000000 0.000000 0.004613 0.000000 0.016813 0.000000 0.000000 0.000000 0.000000 0.000000 0.000000 0.010107 0.001240 0.000000 0.001933 0.000693 0.000133 0.000000 0.000000 0.001347 0.000000 0.000000 0.000000 0.000000 0.000000 0.000000 0.000000 0.000000 0.000000 0.000000 0.000000 0.000000 0.000067 0.000000 0.000000 0.000000 0.000000 0.000000 0.000000 0.000000 0.000000 0.000000 0.000000 0.000000 0.000000 0.000507 0.000240 0.000000 0.000000 0.000000 0.000000 0.000000 0.000000 0.000000
0.001560 0.000000 0.004013 0.000000 0.000000 0.000187 0.001840 0.001080 0.000000 0.000600 0.033373 0.000240 0.000093 0.002440 0.000000 0.000000 0.099213 0.016813 0.000000 0.000000 0.000520 0.000000 0.002800 0.000280 0.000000 0.109307 0.017787 0.000440 0.006880 0.005747 0.000000 0.000120 0.000267 0.013107 0.000000 0.000133 0.000093 0.000000 0.000000 0.000000 0.000000 0.000000 0.000000 0.000000 0.000107 0.000000 0.000227 0.000000 0.000000 0.000000 0.000000 0.000160 0.001027 0.000000 0.000000 0.000000 0.000000 0.000160 0.000000 0.006653 0.004013 0.000067 0.000000 0.000000 0.000080 0.000000 0.000000 0.000000
0.000000 0.000000 0.000000 0.046560 0.000093 0.001360 0.002947 0.000680 0.002107 0.117080 0.000160 0.062720 0.000093 0.000507 0.000160 0.000000 0.000000 0.000000 0.000000 0.000000 0.000000 0.000000 0.000000 0.002080 0.000000 0.000147 0.000000 0.034493 0.000413 0.000000 0.000000 0.000173 0.000000 0.000000 0.000000 0.000000 0.000000 0.001307 0.000000 0.000093 0.000160 0.000000 0.000000 0.000480 0.000000 0.006933 0.000000 0.000000 0.000000 0.000000 0.000000 0.000000 0.000000 0.000133 0.000000 0.000000 0.000000 0.000560 0.000000 0.000000 0.000000 0.003067 0.000000 0.000000 0.000000 0.000000 0.000000 0.000000
0.000333 0.000000 0.004547 0.000000 0.000000 0.000160 0.007267 0.000600 0.000000 0.000347 0.000493 0.000000 0.000000 0.001827 0.000000 0.038147 0.007813 0.000000 0.000520 0.000000 0.000000 0.001053 0.203320 0.003507 0.000000 0.001040 0.008653 0.071120 0.002973 0.095387 0.000000 0.000000 0.000480 0.030080 0.000000 0.000000 0.000000 0.000000 0.000000 0.000000 0.000067 0.000000 0.000000 0.000000 0.000000 0.000000 0.000000 0.000000 0.000000 0.011080 0.000000 0.000000 0.000000 0.000000 0.007720 0.000133 0.003200 0.001347 0.000000 0.000000 0.000240 0.001760 0.000733 0.005333 0.000000 0.000000 0.000000 0.000000
0.000067 0.000107 0.000000 0.000067 0.000360 0.000000 0.000160 0.000000 0.010427 0.000000 0.001253 0.000000 0.003293 0.000000 0.001520 0.006053 0.000147 0.000000 0.000000 0.000000 0.001053 0.000000 0.000720 0.029573 0.001720 0.002040 0.021373 0.001573 0.000373 0.000160 0.000587 0.000000 0.000000 0.000160 0.000000 0.000000 0.000000 0.000000 0.000000 0.000000 0.000000 0.000000 0.000000 0.000000 0.000000 0.000000 0.000067 0.000000 0.000000 0.001307 0.000000 0.000000 0.000000 0.000000 0.000387 0.000080 0.000173 0.000827 0.000000 0.000213 0.000307 0.000347 0.000347 0.000373 0.000080 0.000000 0.000000 0.000000
0.000813 0.000253 0.085760 0.000173 0.000000 0.001547 0.034560 0.002373 0.000000 0.002920 0.001440 0.000000 0.000000 0.004533 0.000000 0.094907 0.065387 0.000000 0.002800 0.000000 0.203320 0.000720 0.000000 0.003733 0.000000 0.025747 0.200280 0.033573 0.002253 0.055973 0.000000 0.000000 0.000133 0.031947 0.000000 0.000360 0.004107 0.000000 0.000000 0.000000 0.000000 0.000000 0.000000 0.000000 0.000000 0.000000 0.000000 0.000000 0.000000 0.014667 0.000520 0.000000 0.000000 0.000000 0.001600 0.000293 0.017040 0.000200 0.000000 0.000320 0.013467 0.000213 0.000000 0.000440 0.000000 0.000000 0.000000 0.000000
0.000747 0.000840 0.000173 0.019320 0.000667 0.000960 0.023320 0.001453 0.051440 0.006347 0.001680 0.003880 0.003640 0.001053 0.005307 0.009293 0.001040 0.000000 0.000280 0.002080 0.003507 0.029573 0.003733 0.000000 0.003507 0.011373 0.078453 0.124200 0.013680 0.005453 0.001160 0.000133 0.003920 0.001533 0.000880 0.000000 0.000133 0.001053 0.000000 0.000627 0.003427 0.000560 0.000907 0.003440 0.000293 0.000920 0.000253 0.000573 0.000000 0.001680 0.000000 0.000107 0.000307 0.000800 0.001893 0.000093 0.000227 0.027627 0.000000 0.000640 0.000667 0.020867 0.005920 0.008787 0.000173 0.000067 0.000000 0.000387
0.000000 0.018760 0.000000 0.000000 0.000160 0.000107 0.000093 0.000213 0.001333 0.000133 0.007813 0.000000 0.051360 0.000227 0.000187 0.000000 0.000000 0.000000 0.000000 0.000000 0.000000 0.001720 0.000000 0.003507 0.000000 0.004360 0.024600 0.000067 0.000160 0.000000 0.002213 0.000240 0.000000 0.000333 0.000000 0.000000 0.000000 0.000000 0.000000 0.000000 0.000000 0.000000 0.000000 0.000000 0.000067 0.000000 0.000093 0.000000 0.000000 0.000000 0.000000 0.000067 0.000000 0.000000 0.000000 0.000000 0.000000 0.000000 0.000000 0.000573 0.000387 0.000000 0.000000 0.000000 0.000000 0.000000 0.000000 0.000000
0.002507 0.002027 0.138480 0.000347 0.000253 0.001933 0.019360 0.006347 0.001187 0.004853 0.078707 0.001107 0.007880 0.012640 0.000333 0.000520 0.029467 0.010107 0.109307 0.000147 0.001040 0.002040 0.025747 0.011373 0.004360 0.000000 0.192573 0.005467 0.008373 0.009800 0.004853 0.000293 0.000253 0.015093 0.000000 0.001240 0.000640 0.000000 0.000000 0.000000 0.000000 0.000000 0.000000 0.000000 0.002067 0.000000 0.007960 0.000000 0.000000 0.000000 0.000187 0.003333 0.005627 0.000000 0.000000 0.000000 0.000000 0.000973 0.001733 0.051987 0.037747 0.000307 0.000067 0.000227 0.003427 0.000000 0.000000 0.000280
0.000213 0.017707 0.149533 0.000867 0.000680 0.000533 0.013493 0.000480 0.004960 0.002253 0.014307 0.000427 0.063507 0.000720 0.001427 0.043067 0.056920 0.001240 0.017787 0.000000 0.008653 0.021373 0.200280 0.078453 0.024600 0.192573 0.000000 0.036427 0.001360 0.001200 0.014173 0.000173 0.000000 0.023000 0.000000 0.008600 0.019227 0.000000 0.000000 0.000000 0.000187 0.000000 0.000000 0.000000 0.002213 0.000000 0.004040 0.000000 0.000000 0.010707 0.004387 0.002027 0.008413 0.000000 0.000227 0.000853 0.019253 0.001413 0.002000 0.060387 0.090613 0.000560 0.000093 0.000080 0.001867 0.000000 0.000000 0.000267
0.001013 0.000000 0.006440 0.170907 0.000573 0.007080 0.342440 0.003013 0.011720 0.110440 0.001200 0.031173 0.000387 0.002520 0.003253 0.006840 0.002667 0.000000 0.000440 0.034493 0.071120 0.001573 0.033573 0.124200 0.000067 0.005467 0.036427 0.000000 0.015653 0.068987 0.000000 0.000267 0.002947 0.004147 0.000440 0.000000 0.000107 0.017653 0.000000 0.000587 0.002947 0.000307 0.000413 0.005933 0.000213 0.003267 0.000000 0.000480 0.000067 0.001800 0.000000 0.000000 0.000120 0.001427 0.002347 0.000000 0.000280 0.013560 0.000000 0.000213 0.000320 0.030280 0.004413 0.006640 0.000000 0.000133 0.000000 0.000307
0.096800 0.000080 0.003480 0.001013 0.000213 0.006227 0.023333 0.028733 0.006547 0.011560 0.014653 0.003533 0.002573 0.159160 0.001027 0.000080 0.012787 0.001933 0.006880 0.000413 0.002973 0.000373 0.002253 0.013680 0.000160 0.008373 0.001360 0.015653 0.000000 0.128107 0.000067 0.005947 0.042520 0.019613 0.000160 0.000000 0.000000 0.000000 0.000000 0.000000 0.000253 0.000240 0.000093 0.000080 0.000093 0.000187 0.000253 0.000107 0.000000 0.000227 0.000000 0.000000 0.000000 0.000000 0.000627 0.000000 0.000000 0.003480 0.000000 0.000120 0.000133 0.003480 0.001320 0.003573 0.000000 0.000067 0.000000 0.000120
0.077520 0.000000 0.012000 0.000067 0.000067 0.000320 0.145013 0.016493 0.000480 0.000640 0.002587 0.000000 0.000200 0.076960 0.000000 0.000333 0.029880 0.000693 0.005747 0.000000 0.095387 0.000160 0.055973 0.005453 0.000000 0.009800 0.001200 0.068987 0.128107 0.000000 0.000000 0.000200 0.003120 0.025400 0.000000 0.000000 0.000000 0.000000 0.000000 0.000000 0.000093 0.000000 0.000000 0.000000 0.000000 0.000000 0.000000 0.000120 0.000000 0.001413 0.000000 0.000000 0.000000 0.000000 0.001987 0.000000 0.000107 0.001173 0.000000 0.000147 0.000107 0.002373 0.001147 0.004213 0.000000 0.000000 0.000000 0.000000
0.000000 0.001733 0.000000 0.000000 0.000000 0.000000 0.000080 0.000000 0.000347 0.000120 0.005680 0.000000 0.025013 0.000000 0.000107 0.000000 0.000000 0.000133 0.000000 0.000000 0.000000 0.000587 0.000000 0.001160 0.002213 0.004853 0.014173 0.000000 0.000067 0.000000 0.000000 0.000000 0.000000 0.000240 0.000000 0.000000 0.000000 0.000000 0.000000 0.000000 0.000000 0.000000 0.000000 0.000000 0.000307 0.000000 0.001200 0.000000 0.000000 0.000000 0.000000 0.000307 0.000147 0.000000 0.000000 0.000000 0.000000 0.000000 0.000107 0.002933 0.001773 0.000000 0.000000 0.000000 0.000480 0.000000 0.000000 0.000000
0.000120 0.000000 0.000000 0.000227 0.002200 0.032387 0.000293 0.026000 0.000080 0.001000 0.004627 0.001347 0.003560 0.029440 0.000960 0.000000 0.000080 0.000000 0.000120 0.000173 0.000000 0.000000 0.000000 0.000133 0.000240 0.000293 0.000173 0.000267 0.005947 0.000200 0.000000 0.000000 0.000000 0.023307 0.000000 0.000000 0.000000 0.000000 0.000000 0.000000 0.000000 0.000067 0.000000 0.000000 0.000093 0.000107 0.000000 0.000000 0.000000 0.000000 0.000000 0.000000 0.000000 0.000000 0.000000 0.000000 0.000000 0.000067 0.000000 0.000000 0.000000 0.000000 0.000000 0.000093 0.000000 0.000000 0.000000 0.000000
0.000000 0.000000 0.000000 0.000000 0.000000 0.000000 0.001333 0.000000 0.001187 0.000160 0.000347 0.000000 0.000000 0.000000 0.000107 0.000000 0.000333 0.000000 0.000267 0.000000 0.000480 0.000000 0.000133 0.003920 0.000000 0.000253 0.000000 0.002947 0.042520 0.003120 0.000000 0.000000 0.000000 0.001560 0.000000 0.000000 0.000000 0.000000 0.000000 0.000000 0.000000 0.000000 0.000000 0.000000 0.000000 0.000000 0.000000 0.000000 0.000000 0.000000 0.000000 0.000000 0.000000 0.000000 0.000080 0.000000 0.000000 0.000347 0.000000 0.000000 0.000000 0.000347 0.000160 0.000267 0.000000 0.000000 0.000000 0.000000
0.001093 0.000067 0.000387 0.000173 0.018987 0.003080 0.001987 0.002320 0.000213 0.002253 0.024707 0.000653 0.007133 0.002867 0.001227 0.000253 0.021187 0.001347 0.013107 0.000000 0.030080 0.000160 0.031947 0.001533 0.000333 0.015093 0.023000 0.004147 0.019613 0.025400 0.000240 0.023307 0.001560 0.000000 0.000000 0.000000 0.000000 0.000000 0.000000 0.000000 0.000000 0.000000 0.000000 0.000000 0.000080 0.000000 0.000293 0.000000 0.000000 0.000000 0.000000 0.000000 0.000107 0.000000 0.000000 0.000000 0.000000 0.000360 0.000000 0.000760 0.000813 0.000200 0.000120 0.000173 0.000000 0.000000 0.000000 0.000000
0.000000 0.000000 0.000000 0.000000 0.000000 0.000000 0.000000 0.000000 0.000000 0.000000 0.000000 0.000000 0.000000 0.000067 0.000000 0.000000 0.000000 0.000000 0.000000 0.000000 0.000000 0.000000 0.000000 0.000880 0.000000 0.000000 0.000000 0.000440 0.000160 0.000000 0.000000 0.000000 0.000000 0.000000 0.000000 0.000000 0.001667 0.000187 0.000000 0.000347 0.070013 0.023987 0.000573 0.001640 0.002520 0.000253 0.000173 0.155027 0.000000 0.000000 0.000693 0.001000 0.002373 0.000160 0.000320 0.000000 0.000867 0.000507 0.000000 0.005627 0.000387 0.001560 0.116840 0.109053 0.000133 0.000400 0.000173 0.002133
0.000000 0.000000 0.003387 0.000000 0.000000 0.000000 0.000000 0.000000 0.000000 0.000000 0.000107 0.000000 0.000147 0.000000 0.000000 0.000000 0.001440 0.000000 0.000133 0.000000 0.000000 0.000000 0.000360 0.000000 0.000000 0.001240 0.008600 0.000000 0.000000 0.000000 0.000000 0.000000 0.000000 0.000000 0.000000 0.000000 0.000480 0.000000 0.000107 0.000000 0.000000 0.000120 0.001040 0.000067 0.002920 0.000000 0.013493 0.000173 0.000173 0.000160 0.001267 0.000133 0.001267 0.000000 0.000000 0.005213 0.000840 0.009267 0.009067 0.005253 0.034933 0.000227 0.000307 0.000000 0.001253 0.000200 0.000000 0.001067
0.000000 0.000000 0.008453 0.000000 0.000000 0.000000 0.000000 0.000000 0.000000 0.000000 0.000000 0.000000 0.000000 0.000000 0.000000 0.000187 0.003947 0.000000 0.000093 0.000000 0.000000 0.000000 0.004107 0.000133 0.000000 0.000640 0.019227 0.000107 0.000000 0.000000 0.000000 0.000000 0.000000 0.000000 0.001667 0.000480 0.000000 0.000093 0.000000 0.000627 0.024600 0.004440 0.000000 0.001213 0.000320 0.000000 0.000000 0.009520 0.000000 0.000080 0.018947 0.000307 0.008747 0.000000 0.005213 0.000000 0.069413 0.000227 0.000000 0.135280 0.105680 0.004453 0.001893 0.006920 0.000000 0.000000 0.000000 0.000280
0.000000 0.000000 0.000000 0.012173 0.000000 0.000307 0.000400 0.000000 0.000187 0.004587 0.000000 0.001733 0.000000 0.000000 0.000000 0.000000 0.000000 0.000000 0.000000 0.001307 0.000000 0.000000 0.000000 0.001053 0.000000 0.000000 0.000000 0.017653 0.000000 0.000000 0.000000 0.000000 0.000000 0.000000 0.000187 0.000000 0.000093 0.000000 0.000120 0.001507 0.002347 0.000373 0.002640 0.079467 0.000173 0.027000 0.000000 0.000520 0.000413 0.000000 0.000000 0.000000 0.000000 0.041907 0.000000 0.000000 0.000253 0.008933 0.000000 0.000120 0.001027 0.053653 0.001027 0.000147 0.000000 0.000000 0.000000 0.000213
0.000000 0.000000 0.000000 0.000000 0.000000 0.000000 0.000000 0.000000 0.000000 0.000000 0.000000 0.000000 0.000000 0.000000 0.000000 0.000000 0.000000 0.000000 0.000000 0.000000 0.000000 0.000000 0.000000 0.000000 0.000000 0.000000 0.000000 0.000000 0.000000 0.000000 0.000000 0.000000 0.000000 0.000000 0.000000 0.000107 0.000000 0.000120 0.000000 0.006520 0.000307 0.000627 0.000347 0.000547 0.000800 0.000720 0.000227 0.000080 0.021400 0.000000 0.000000 0.000000 0.000000 0.000000 0.000000 0.000720 0.000000 0.002680 0.000000 0.000133 0.000320 0.000747 0.000400 0.000147 0.000000 0.008787 0.000000 0.013533
0.000000 0.000000 0.000000 0.000253 0.000000 0.000147 0.000107 0.000120 0.000093 0.000400 0.000000 0.000253 0.000000 0.000133 0.000000 0.000000 0.000000 0.000000 0.000000 0.000093 0.000000 0.000000 0.000000 0.000627 0.000000 0.000000 0.000000 0.000587 0.000000 0.000000 0.000000 0.000000 0.000000 0.000000 0.000347 0.000000 0.000627 0.001507 0.006520 0.000000 0.044280 0.143400 0.000267 0.214693 0.001347 0.050693 0.000320 0.010600 0.029640 0.000000 0.000000 0.000173 0.000133 0.006253 0.000373 0.000227 0.000760 0.003120 0.000000 0.001093 0.000800 0.011253 0.003907 0.000613 0.000120 0.003733 0.000000 0.007120
0.000000 0.000000 0.000000 0.000720 0.000000 0.000360 0.000707 0.000160 0.000107 0.002133 0.000000 0.000387 0.000000 0.000000 0.000000 0.000000 0.000000 0.000000 0.000000 0.000160 0.000067 0.000000 0.000000 0.003427 0.000000 0.000000 0.000187 0.002947 0.000253 0.000093 0.000000 0.000000 0.000000 0.000000 0.070013 0.000000 0.024600 0.002347 0.000307 0.044280 0.000000 0.041507 0.000693 0.354187 0.002507 0.001693 0.000280 0.196587 0.000640 0.001933 0.004027 0.001093 0.004933 0.001867 0.019907 0.000000 0.036240 0.014920 0.000000 0.030187 0.020267 0.331013 0.024493 0.213013 0.000267 0.000547 0.000333 0.004653
0.000000 0.000000 0.000000 0.000107 0.000000 0.000253 0.000120 0.000360 0.000000 0.000333 0.000000 0.000120 0.000000 0.000227 0.000000 0.000000 0.000000 0.000000 0.000000 0.000000 0.000000 0.000000 0.000000 0.000560 0.000000 0.000000 0.000000 0.000307 0.000240 0.000000 0.000000 0.000067 0.000000 0.000000 0.023987 0.000120 0.004440 0.000373 0.000627 0.143400 0.041507 0.000000 0.000187 0.052120 0.005147 0.008187 0.001107 0.396907 0.004120 0.000067 0.000373 0.001147 0.001400 0.001627 0.000627 0.000133 0.001840 0.000920 0.000093 0.007053 0.001880 0.002800 0.021960 0.020107 0.000400 0.018013 0.000000 0.010640
0.000000 0.000000 0.000000 0.000227 0.000000 0.000000 0.000120 0.000000 0.000000 0.000187 0.000000 0.000067 0.000000 0.000000 0.000000 0.000000 0.000000 0.000000 0.000000 0.000000 0.000000 0.000000 0.000000 0.000907 0.000000 0.000000 0.000000 0.000413 0.000093 0.000000 0.000000 0.000000 0.000000 0.000000 0.000573 0.001040 0.000000 0.002640 0.000347 0.000267 0.000693 0.000187 0.000000 0.002347 0.000280 0.001160 0.000547 0.000320 0.000467 0.000000 0.000000 0.000000 0.000093 0.001187 0.000067 0.010373 0.000000 0.028760 0.000280 0.000547 0.002173 0.010413 0.002600 0.004147 0.000093 0.000000 0.000000 0.000333
0.000000 0.000000 0.000000 0.003053 0.000000 0.000587 0.001093 0.000200 0.000267 0.005213 0.000000 0.000787 0.000000 0.000133 0.000000 0.000000 0.000000 0.000000 0.000000 0.000480 0.000000 0.000000 0.000000 0.003440 0.000000 0.000000 0.000000 0.005933 0.000080 0.000000 0.000000 0.000000 0.000000 0.000000 0.001640 0.000067 0.001213 0.079467 0.000547 0.214693 0.354187 0.052120 0.002347 0.000000 0.002560 0.123093 0.000587 0.025427 0.001573 0.000520 0.000080 0.000787 0.001133 0.197027 0.000947 0.000000 0.001587 0.007533 0.000000 0.002467 0.005467 0.215520 0.020707 0.001507 0.000373 0.001240 0.000000 0.005867
0.000000 0.000240 0.000067 0.000000 0.000000 0.000067 0.000000 0.000080 0.000000 0.000120 0.002120 0.000093 0.002920 0.000160 0.000000 0.000000 0.000000 0.000000 0.000107 0.000000 0.000000 0.000000 0.000000 0.000293 0.000067 0.002067 0.002213 0.000213 0.000093 0.000000 0.000307 0.000093 0.000000 0.000080 0.002520 0.002920 0.000320 0.000173 0.000800 0.001347 0.002507 0.005147 0.000280 0.002560 0.000000 0.002187 0.076147 0.010440 0.000187 0.000093 0.003520 0.094480 0.049600 0.000480 0.001213 0.000147 0.004413 0.001267 0.001667 0.141613 0.010440 0.001080 0.018160 0.005960 0.018347 0.004600 0.000093 0.041240
0.000000 0.000000 0.000000 0.003507 0.000067 0.001267 0.000347 0.000333 0.000560 0.003347 0.000133 0.008653 0.000000 0.000307 0.000000 0.000000 0.000000 0.000000 0.000000 0.006933 0.000000 0.000000 0.000000 0.000920 0.000000 0.000000 0.000000 0.003267 0.000187 0.000000 0.000000 0.000107 0.000000 0.000000 0.000253 0.000000 0.000000 0.027000 0.000720 0.050693 0.001693 0.008187 0.001160 0.123093 0.002187 0.000000 0.000453 0.007027 0.004893 0.000000 0.000000 0.000520 0.000427 0.037080 0.000000 0.000000 0.000080 0.010653 0.000000 0.001040 0.000920 0.025067 0.006160 0.000147 0.000200 0.000827 0.000000 0.001627
0.000000 0.000280 0.000000 0.000000 0.000000 0.000000 0.000000 0.000200 0.000080 0.000067 0.008280 0.000133 0.007413 0.000240 0.000000 0.000000 0.000000 0.000067 0.000227 0.000000 0.000000 0.000067 0.000000 0.000253 0.000093 0.007960 0.004040 0.000000 0.000253 0.000000 0.001200 0.000000 0.000000 0.000293 0.000173 0.013493 0.000000 0.000000 0.000227 0.000320 0.000280 0.001107 0.000547 0.000587 0.076147 0.000453 0.000000 0.001933 0.000133 0.000000 0.000000 0.000480 0.000267 0.000080 0.000000 0.001280 0.000120 0.004800 0.020173 0.013067 0.139427 0.000240 0.003653 0.000307 0.026680 0.000973 0.000000 0.007013
0.000000 0.000000 0.000000 0.000000 0.000000 0.000107 0.000067 0.000160 0.000067 0.000200 0.000000 0.000080 0.000000 0.000147 0.000000 0.000000 0.000000 0.000000 0.000000 0.000000 0.000000 0.000000 0.000000 0.000573 0.000000 0.000000 0.000000 0.000480 0.000107 0.000120 0.000000 0.000000 0.000000 0.000000 0.155027 0.000173 0.009520 0.000520 0.000080 0.010600 0.196587 0.396907 0.000320 0.025427 0.010440 0.007027 0.001933 0.000000 0.000800 0.000000 0.001200 0.002627 0.003467 0.001800 0.001120 0.000000 0.004920 0.000693 0.000067 0.016920 0.002693 0.003600 0.155947 0.069040 0.000680 0.021000 0.000147 0.013240
0.000000 0.000000 0.000000 0.000093 0.000000 0.000000 0.000000 0.000000 0.000000 0.000107 0.000000 0.000000 0.000000 0.000000 0.000000 0.000000 0.000000 0.000000 0.000000 0.000000 0.000000 0.000000 0.000000 0.000000 0.000000 0.000000 0.000000 0.000067 0.000000 0.000000 0.000000 0.000000 0.000000 0.000000 0.000000 0.000173 0.000000 0.000413 0.021400 0.029640 0.000640 0.004120 0.000467 0.001573 0.000187 0.004893 0.000133 0.000800 0.000000 0.000000 0.000000 0.000000 0.000107 0.000520 0.000000 0.001413 0.000000 0.006320 0.000000 0.000147 0.000520 0.002600 0.000747 0.000200 0.000000 0.002627 0.000000 0.000760
0.000000 0.000000 0.000120 0.000000 0.000000 0.000000 0.000133 0.000000 0.000000 0.000000 0.000000 0.000000 0.000000 0.000067 0.000000 0.029493 0.000000 0.000000 0.000000 0.000000 0.011080 0.001307 0.014667 0.001680 0.000000 0.000000 0.010707 0.001800 0.000227 0.001413 0.000000 0.000000 0.000000 0.000000 0.000000 0.000160 0.000080 0.000000 0.000000 0.000000 0.001933 0.000067 0.000000 0.000520 0.000093 0.000000 0.000000 0.000000 0.000000 0.000000 0.000107 0.000000 0.000267 0.000000 0.037413 0.020787 0.200027 0.042053 0.000000 0.000547 0.028160 0.019467 0.000000 0.000840 0.000000 0.000000 0.000000 0.000520
0.000000 0.000000 0.002787 0.000000 0.000000 0.000000 0.000000 0.000000 0.000000 0.000000 0.000000 0.000000 0.000000 0.000000 0.000000 0.000080 0.000480 0.000000 0.000000 0.000000 0.000000 0.000000 0.000520 0.000000 0.000000 0.000187 0.004387 0.000000 0.000000 0.000000 0.000000 0.000000 0.000000 0.000000 0.000693 0.001267 0.018947 0.000000 0.000000 0.000000 0.004027 0.000373 0.000000 0.000080 0.003520 0.000000 0.000000 0.001200 0.000000 0.000107 0.000000 0.002707 0.078107 0.000000 0.010067 0.000000 0.069173 0.000120 0.000000 0.020627 0.035147 0.002147 0.001093 0.021973 0.000000 0.000000 0.000000 0.023293
0.000000 0.000000 0.000000 0.000000 0.000000 0.000000 0.000000 0.000000 0.000000 0.000000 0.000280 0.000000 0.000747 0.000000 0.000000 0.000000 0.000067 0.000000 0.000160 0.000000 0.000000 0.000000 0.000000 0.000107 0.000067 0.003333 0.002027 0.000000 0.000000 0.000000 0.000307 0.000000 0.000000 0.000000 0.001000 0.000133 0.000307 0.000000 0.000000 0.000173 0.001093 0.001147 0.000000 0.000787 0.094480 0.000520 0.000480 0.002627 0.000000 0.000000 0.002707 0.000000 0.071280 0.000133 0.000467 0.000000 0.001680 0.000267 0.000493 0.053667 0.005840 0.000467 0.003547 0.004307 0.001067 0.000080 0.000000 0.007360
0.000000 0.000067 0.002053 0.000000 0.000000 0.000000 0.000000 0.000000 0.000000 0.000000 0.000107 0.000000 0.000080 0.000000 0.000000 0.000000 0.000947 0.000000 0.001027 0.000000 0.000000 0.000000 0.000000 0.000307 0.000000 0.005627 0.008413 0.000120 0.000000 0.000000 0.000147 0.000000 0.000000 0.000107 0.002373 0.001267 0.008747 0.000000 0.000000 0.000133 0.004933 0.001400 0.000093 0.001133 0.049600 0.000427 0.000267 0.003467 0.000107 0.000267 0.078107 0.071280 0.000000 0.000253 0.003427 0.000000 0.012093 0.003573 0.000147 0.234360 0.046733 0.002373 0.005907 0.019240 0.000427 0.000067 0.000160 0.038667
0.000000 0.000000 0.000000 0.004067 0.000000 0.000213 0.000160 0.000067 0.000067 0.001213 0.000000 0.000320 0.000000 0.000000 0.000000 0.000000 0.000000 0.000000 0.000000 0.000133 0.000000 0.000000 0.000000 0.000800 0.000000 0.000000 0.000000 0.001427 0.000000 0.000000 0.000000 0.000000 0.000000 0.000000 0.000160 0.000000 0.000000 0.041907 0.000000 0.006253 0.001867 0.001627 0.001187 0.197027 0.000480 0.037080 0.000080 0.001800 0.000520 0.000000 0.000000 0.000133 0.000253 0.000000 0.000000 0.000000 0.000093 0.008680 0.000000 0.000240 0.000947 0.041440 0.002453 0.000120 0.000000 0.000160 0.000000 0.000600
0.000000 0.000000 0.000080 0.000000 0.000000 0.000000 0.000093 0.000000 0.000000 0.000000 0.000000 0.000000 0.000000 0.000000 0.000000 0.006533 0.000000 0.000000 0.000000 0.000000 0.007720 0.000387 0.001600 0.001893 0.000000 0.000000 0.000227 0.002347 0.000627 0.001987 0.000000 0.000000 0.000080 0.000000 0.000320 0.000000 0.005213 0.000000 0.000000 0.000373 0.019907 0.000627 0.000067 0.000947 0.001213 0.000000 0.000000 0.001120 0.000000 0.037413 0.010067 0.000467 0.003427 0.000000 0.000000 0.000693 0.257000 0.011093 0.000000 0.001973 0.007293 0.041467 0.000787 0.127440 0.000000 0.000000 0.000000 0.021947
0.000000 0.000000 0.000000 0.000000 0.000000 0.000000 0.000000 0.000000 0.000000 0.000000 0.000000 0.000000 0.000000 0.000000 0.000000 0.001613 0.000000 0.000000 0.000000 0.000000 0.000133 0.000080 0.000293 0.000093 0.000000 0.000000 0.000853 0.000000 0.000000 0.000000 0.000000 0.000000 0.000000 0.000000 0.000000 0.005213 0.000000 0.000000 0.000720 0.000227 0.000000 0.000133 0.010373 0.000000 0.000147 0.000000 0.001280 0.000000 0.001413 0.020787 0.000000 0.000000 0.000000 0.000000 0.000693 0.000000 0.001013 0.014520 0.000613 0.000440 0.003867 0.001467 0.000360 0.000400 0.000107 0.000107 0.000000 0.000000
0.000000 0.000000 0.002440 0.000000 0.000000 0.000000 0.000080 0.000000 0.000000 0.000000 0.000000 0.000000 0.000000 0.000000 0.000000 0.021760 0.000187 0.000000 0.000000 0.000000 0.003200 0.000173 0.017040 0.000227 0.000000 0.000000 0.019253 0.000280 0.000000 0.000107 0.000000 0.000000 0.000000 0.000000 0.000867 0.000840 0.069413 0.000253 0.000000 0.000760 0.036240 0.001840 0.000000 0.001587 0.004413 0.000080 0.000120 0.004920 0.000000 0.200027 0.069173 0.001680 0.012093 0.000093 0.257000 0.001013 0.000000 0.004280 0.000000 0.034147 0.174067 0.037800 0.000960 0.046133 0.000147 0.000000 0.000000 0.011800
0.000360 0.000000 0.000093 0.002133 0.000000 0.000867 0.002933 0.001093 0.002240 0.006413 0.000240 0.000547 0.000200 0.000960 0.000000 0.000413 0.000080 0.000000 0.000160 0.000560 0.001347 0.000827 0.000200 0.027627 0.000000 0.000973 0.001413 0.013560 0.003480 0.001173 0.000000 0.000067 0.000347 0.000360 0.000507 0.009267 0.000227 0.008933 0.002680 0.003120 0.014920 0.000920 0.028760 0.007533 0.001267 0.010653 0.004800 0.000693 0.006320 0.042053 0.000120 0.000267 0.003573 0.008680 0.011093 0.014520 0.004280 0.000000 0.002240 0.009400 0.057667 0.161573 0.003853 0.012040 0.001240 0.000533 0.000267 0.001813
0.000000 0.000000 0.000000 0.000000 0.000000 0.000000 0.000000 0.000000 0.000000 0.000000 0.000107 0.000000 0.000347 0.000000 0.000000 0.000000 0.000000 0.000000 0.000000 0.000000 0.000000 0.000000 0.000000 0.000000 0.000000 0.001733 0.002000 0.000000 0.000000 0.000000 0.000107 0.000000 0.000000 0.000000 0.000000 0.009067 0.000000 0.000000 0.000000 0.000000 0.000000 0.000093 0.000280 0.000000 0.001667 0.000000 0.020173 0.000067 0.000000 0.000000 0.000000 0.000493 0.000147 0.000000 0.000000 0.000613 0.000000 0.002240 0.000000 0.007787 0.014667 0.000000 0.000187 0.000000 0.002467 0.000093 0.000000 0.001080
0.000000 0.000547 0.006040 0.000067 0.000000 0.000000 0.000093 0.000000 0.000107 0.000000 0.003507 0.000000 0.006547 0.000000 0.000000 0.000080 0.005293 0.000507 0.006653 0.000000 0.000000 0.000213 0.000320 0.000640 0.000573 0.051987 0.060387 0.000213 0.000120 0.000147 0.002933 0.000000 0.000000 0.000760 0.005627 0.005253 0.135280 0.000120 0.000133 0.001093 0.030187 0.007053 0.000547 0.002467 0.141613 0.001040 0.013067 0.016920 0.000147 0.000547 0.020627 0.053667 0.234360 0.000240 0.001973 0.000440 0.034147 0.009400 0.007787 0.000000 0.227413 0.005827 0.012040 0.028587 0.027320 0.000427 0.000093 0.008640
0.000000 0.000427 0.013480 0.000093 0.000000 0.000000 0.000160 0.000000 0.000000 0.000120 0.002893 0.000000 0.003773 0.000093 0.000000 0.003187 0.010440 0.000240 0.004013 0.000000 0.000240 0.000307 0.013467 0.000667 0.000387 0.037747 0.090613 0.000320 0.000133 0.000107 0.001773 0.000000 0.000000 0.000813 0.000387 0.034933 0.105680 0.001027 0.000320 0.000800 0.020267 0.001880 0.002173 0.005467 0.010440 0.000920 0.139427 0.002693 0.000520 0.028160 0.035147 0.005840 0.046733 0.000947 0.007293 0.003867 0.174067 0.057667 0.014667 0.227413 0.000000 0.045200 0.001987 0.001467 0.009893 0.000160 0.000067 0.012040
0.000467 0.000000 0.000187 0.023320 0.000000 0.001333 0.003120 0.000493 0.001107 0.011027 0.000200 0.004160 0.000000 0.000853 0.000000 0.000387 0.000000 0.000000 0.000067 0.003067 0.001760 0.000347 0.000213 0.020867 0.000000 0.000307 0.000560 0.030280 0.003480 0.002373 0.000000 0.000000 0.000347 0.000200 0.001560 0.000227 0.004453 0.053653 0.000747 0.011253 0.331013 0.002800 0.010413 0.215520 0.001080 0.025067 0.000240 0.003600 0.002600 0.019467 0.002147 0.000467 0.002373 0.041440 0.041467 0.001467 0.037800 0.161573 0.000000 0.005827 0.045200 0.000000 0.012093 0.156280 0.000133 0.000507 0.000653 0.004760
0.000160 0.000000 0.000000 0.000120 0.000000 0.000107 0.000333 0.000213 0.000387 0.000227 0.000080 0.000093 0.000000 0.000213 0.000000 0.000133 0.000000 0.000000 0.000000 0.000000 0.000733 0.000347 0.000000 0.005920 0.000000 0.000067 0.000093 0.004413 0.001320 0.001147 0.000000 0.000000 0.000160 0.000120 0.116840 0.000307 0.001893 0.001027 0.000400 0.003907 0.024493 0.021960 0.002600 0.020707 0.018160 0.006160 0.003653 0.155947 0.000747 0.000000 0.001093 0.003547 0.005907 0.002453 0.000787 0.000360 0.000960 0.003853 0.000187 0.012040 0.001987 0.012093 0.000000 0.175653 0.001013 0.016587 0.057653 0.075333
0.000253 0.000000 0.000000 0.000000 0.000000 0.000000 0.000347 0.000120 0.000480 0.000067 0.000213 0.000000 0.000000 0.000320 0.000000 0.001240 0.000173 0.000000 0.000000 0.000000 0.005333 0.000373 0.000440 0.008787 0.000000 0.000227 0.000080 0.006640 0.003573 0.004213 0.000000 0.000093 0.000267 0.000173 0.109053 0.000000 0.006920 0.000147 0.000147 0.000613 0.213013 0.020107 0.004147 0.001507 0.005960 0.000147 0.000307 0.069040 0.000200 0.000840 0.021973 0.004307 0.019240 0.000120 0.127440 0.000400 0.046133 0.012040 0.000000 0.028587 0.001467 0.156280 0.175653 0.000000 0.000293 0.000453 0.000707 0.030587
0.000000 0.000093 0.000000 0.000000 0.000000 0.000000 0.000000 0.000000 0.000000 0.000000 0.001373 0.000000 0.002040 0.000000 0.000000 0.000000 0.000000 0.000000 0.000080 0.000000 0.000000 0.000080 0.000000 0.000173 0.000000 0.003427 0.001867 0.000000 0.000000 0.000000 0.000480 0.000000 0.000000 0.000000 0.000133 0.001253 0.000000 0.000000 0.000000 0.000120 0.000267 0.000400 0.000093 0.000373 0.018347 0.000200 0.026680 0.000680 0.000000 0.000000 0.000000 0.001067 0.000427 0.000000 0.000000 0.000107 0.000147 0.001240 0.002467 0.027320 0.009893 0.000133 0.001013 0.000293 0.000000 0.000240 0.000000 0.000907
