1.000000000000000222e+00 3.072929292512878718e-01 1.657766889243182939e-01 3.756945656755611429e-01 2.133085616552046759e-01 1.681990475014728259e-01 3.700532057578285183e-01 6.807545375569769297e-02 8.710381850426995864e-02 3.959107361389289093e-01 1.283738369223247078e-01 3.981290826132106719e-01 3.407560487085777717e-02 4.367327471568092090e-01 8.257429265882516856e-02 3.388005772383446690e-01 5.411176275227274068e-01 2.475439676429007640e-01 5.098149401208810216e-01 4.947924049081144360e-01 3.157255101773956962e-01 3.252390024456636164e-01 5.618892837614419822e-01 3.753543474487691101e-01 2.271028213300377296e-01 4.146633727178562490e-01 2.154819841775939548e-01 5.286004551825856934e-01 5.827047039497611491e-01 3.319812924698556378e-01 1.020882484050650990e-02 1.912822796935163550e-01 2.498438981297882999e-01 4.809436006624169813e-01 4.071596220344168571e-01 2.226939936820664379e-01 1.525278173637357182e-01 4.264561016903593571e-01 -7.211123120785155327e-02 1.362836346143855015e-01 5.006993634606006216e-01 3.804754727852900642e-02 1.540624418586331312e-01 4.473754979019279321e-01 2.259629825724980834e-01 4.416212931330128488e-01 6.665331354452526391e-02 4.271818348413438660e-01 8.050632961372608531e-02 5.113522362477366245e-01 5.442938698097135042e-01 3.089896064767445050e-01 4.395551457263646711e-01 4.229993581966033922e-01 3.504827234986022666e-01 3.039368873349314604e-01 4.909840624688106003e-01 3.728570927442601546e-01 2.092868693499360389e-01 4.050114681714210851e-01 3.066287000862615297e-01 5.175257565182980191e-01 4.406357276185515759e-01 2.996948476061697120e-01 3.031764187345103445e-01 4.313425409061928673e-02 3.075232298338612669e-01 4.112860174468535024e-01
3.072929292512878718e-01 1.000000000000000000e+00 2.610512701040478278e-01 4.056642253850031854e-01 3.214060800974299914e-02 2.778150436819883939e-01 3.196380708375997637e-01 2.479729260524898837e-02 2.385967593604235992e-01 3.607283879560293505e-01 5.961995802566789210e-02 3.128155270744355509e-01 -4.229541295877526329e-03 2.304889907063686627e-01 2.588033590313181323e-02 4.878185896121319809e-01 4.401492393665916159e-01 8.390908081390885398e-02 3.582792758463903549e-01 3.104916654106325558e-01 5.165893801402866581e-01 5.703482781249684663e-01 6.254398732454367060e-01 5.025393426576320044e-01 5.193173011117299120e-01 5.176790058896393321e-01 3.695624704563862939e-01 4.901008602415318216e-01 4.204301940842162799e-01 4.673311131565373033e-01 7.550712686275934393e-02 1.986300721561057858e-01 1.488879088246959359e-01 6.036479959400681272e-01 4.455120377069805571e-01 5.862776624119893087e-01 1.062852784640661158e-01 4.489641991685168754e-01 -2.795537666763798362e-02 8.603911051143264821e-02 4.676955507880367069e-01 -4.604110851828148443e-02 2.458967584158471553e-01 3.053228086682064912e-01 9.233811181896502129e-02 3.105752491810821470e-01 7.936479460009066011e-02 2.362034010613078550e-01 7.338807790500277706e-02 6.123252308332720606e-01 4.066541458098211770e-01 -1.930447624904709295e-02 3.623073670891789888e-01 2.661867275761349849e-01 2.681219424135581897e-01 5.537951074562494913e-01 5.282233332521424352e-01 5.177730914002104390e-01 3.868939709385973980e-01 4.956085216723108977e-01 3.483759371769887259e-01 4.479371752274755036e-01 2.710289499189275086e-01 3.192269756248854451e-01 1.765927408001739529e-01 -7.996507770334071452e-02 2.539648454736999628e-01 6.104396668999689801e-01
1.657766889243182939e-01 2.610512701040478278e-01 9.999999999999998890e-01 -1.582857322302820557e-02 2.628631815976620323e-02 2.986178209620821700e-01 6.488443890377876277e-01 4.107322512773606826e-01 1.901710650266265901e-01 6.699916271044852045e-02 3.708520271914410027e-01 -1.232552115019303202e-01 2.826811377640980893e-01 3.398341563606848692e-01 4.545270611600599198e-02 1.730947783121384032e-01 1.721283361229987430e-01 3.126471591147714779e-01 1.033202948335390642e-01 -1.826461086214007101e-01 3.158751448804719697e-01 3.210574054242945063e-01 3.904449245311869543e-01 2.691589678407482755e-01 4.033140886244125922e-01 5.739844514910320550e-01 7.192014447186831916e-01 1.400242028393590410e-01 5.826999519359526980e-02 2.982206631076097514e-01 1.808796919075713605e-01 1.814665240287152148e-01 8.194399489661817471e-02 1.189944160754567021e-01 7.907371236297261116e-03 9.847314890068299686e-02 7.208254656609039968e-01 3.264289030371080296e-03 1.822839712491722275e-01 9.128056611408039145e-02 4.547629976253185768e-01 3.200914076488276527e-01 1.776843697784940279e-01 1.051336321924524336e-01 2.324873194932728926e-01 -6.177617538238171224e-02 4.847829034999237008e-01 2.594607537328189051e-01 2.842076041888248056e-02 1.649276073115493457e-01 2.252724221385360714e-01 1.001308952904346322e-01 -1.672077555583157890e-02 -1.564829613097306615e-01 2.829704388926963521e-01 1.833066803927634603e-01 3.385963565801911046e-01 2.204280422509043436e-01 1.582149784876315801e-01 3.923991838949753008e-01 5.814956625371885401e-01 1.254932826618080921e-01 1.469122120836372780e-01 2.072636487669469729e-01 1.667957809949698333e-01 1.950590944244325609e-01 7.553206767182764347e-02 9.593408619691920491e-02
3.756945656755611429e-01 4.056642253850031854e-01 -1.582857322302820557e-02 1.000000000000000222e+00 1.606555976231211769e-01 2.736164030222503207e-01 4.431104972603650549e-01 -2.584057955470981383e-01 5.655426786020553154e-01 5.843531683492473316e-01 -5.420280633780171636e-02 7.398318313461580420e-01 2.577779152943492358e-01 4.445472736662828273e-01 2.544948138265485937e-01 4.844117189373655097e-01 4.981189824648777909e-01 1.389555507255546274e-01 2.973499645554540383e-01 6.346193146180126865e-01 3.736705972068278259e-01 3.565418661576683079e-01 4.745314151213212983e-01 7.131359963038426120e-01 4.608621409488085074e-01 1.602178459642201735e-01 6.896909753388942577e-02 6.570997544166009563e-01 5.130058789744935677e-01 1.784858515916233346e-01 2.885413115156649222e-01 2.139178041153800003e-01 2.733970055609238892e-01 5.010169025530712972e-01 5.287533120656698893e-01 1.953102001021048972e-01 -2.401347690462483919e-01 8.272554392951561031e-01 -3.614914963702480222e-01 9.794232771088517975e-02 4.011301219358224812e-01 -3.258560674716641792e-01 4.911220466042358068e-01 5.694965284153580276e-01 8.515184930930597140e-02 7.813123162290546153e-01 8.185423325528538852e-02 3.668106033444551439e-01 1.439273203656172007e-01 5.126724365019932339e-01 2.641774881426389165e-01 7.500738076247172315e-02 4.906918198781873852e-01 6.869047345788149572e-01 2.621745242422247046e-01 4.268461681128150609e-01 3.950953490499058418e-01 6.959097589574935183e-01 3.716059785341447319e-01 7.999876224100738176e-02 9.517830016237882260e-03 5.688531064548242311e-01 4.129254395904790043e-01 1.052970679169857038e-01 2.714291054632685940e-01 -1.693791050845054880e-01 2.354508925982860545e-01 5.331877672504016230e-01
2.133085616552046759e-01 3.214060800974299914e-02 2.628631815976620323e-02 1.606555976231211769e-01 1.000000000000000000e+00 1.530170455690225417e-01 1.373923147710304493e-01 -5.206915776772157167e-02 9.684082896264335771e-02 1.912517623453311166e-01 1.725891132004365169e-01 2.328249514919698004e-01 1.088104439488910974e-01 2.125108537962749622e-01 2.652029681076457576e-02 1.010576472515582469e-01 1.035788955382137000e-01 8.809363910659229191e-02 1.983096548096984491e-01 1.644908929698164768e-01 1.341428951350132903e-01 -4.927856238509221304e-02 1.538788151219242228e-01 1.335512401599521504e-01 4.531764527575711521e-02 3.950812843689970912e-03 3.502829569436732154e-02 1.934730204833636780e-01 2.342641085343009355e-01 1.150302436589382624e-02 4.610733226238747373e-02 1.450610927145581930e-01 1.053525651715503039e-02 1.529705213431457600e-01 1.811638479351661279e-01 5.809385268519697693e-02 -1.955483858371446365e-02 1.359628422790192526e-01 -1.376797042049788811e-01 6.509281082078077763e-02 1.790976848006659294e-01 -3.314228661855873892e-02 1.679951620238085419e-01 1.726929592946491732e-01 1.367442504096114675e-01 1.894598573354103477e-01 3.302273338673095832e-02 1.296181027194269197e-01 1.603186560482089060e-02 1.148177099838444543e-01 1.287764594062771051e-01 1.732104280219428916e-01 1.391760671712339859e-01 1.599760819068934969e-01 1.085312668218515603e-01 -1.573893651020488380e-02 1.013577638900298450e-01 1.536642350093888332e-01 2.302327116222215031e-02 -2.006481813508263767e-02 5.916786974435025298e-02 2.113827778187718498e-01 2.461125704552750704e-01 2.541936166840026365e-02 1.387454049540531309e-01 5.429729045617480432e-02 1.395673811956021637e-01 1.450724148929502244e-01
1.681990475014728259e-01 2.778150436819883939e-01 2.986178209620821700e-01 2.736164030222503207e-01 1.530170455690225417e-01 1.000000000000000000e+00 3.365997624728905291e-01 3.446253364030514299e-01 2.027016267600678934e-01 4.908998260691152526e-01 2.561512290005575898e-01 3.126342257710950090e-01 2.463930331384023842e-01 3.663740267286887953e-01 1.487093808668355777e-01 1.657250426450564695e-01 1.894131946210072526e-01 1.860897812979598609e-01 2.203555420292720723e-01 1.433988351588922627e-01 4.064008527362045209e-01 1.997065602133451800e-01 3.869232486387834680e-01 2.183895023684612191e-01 2.773992379753323911e-01 4.230636025307183412e-01 3.118229361363694108e-01 3.505756429192541934e-01 3.407897477408720066e-01 3.138671281592946838e-01 2.432104559502145102e-01 3.351013640407532468e-01 2.121063512978833276e-01 2.471889858255503225e-01 2.753577887480868625e-01 6.209791246163361145e-02 2.283193218786883361e-01 2.684094666836784882e-01 1.222612259942234963e-01 4.836429465115704152e-01 2.492137862349733390e-01 2.813143551148027388e-01 1.696677802349111086e-01 4.729472117576532519e-01 3.249684480405068965e-01 3.214038745208234737e-01 3.505026245656630568e-01 3.541993019203188431e-01 1.343217255594429671e-01 1.904133093876705651e-01 2.195301957288298966e-01 1.972593006767779933e-01 2.180675537273873976e-01 1.711086295150724967e-01 2.784428983547237446e-01 1.592417493253035776e-01 2.816386753868002635e-01 2.670169406315969218e-01 6.137339442312452625e-02 3.270691333121266697e-01 2.914784200551940319e-01 2.699130397718738084e-01 3.724276109572083326e-01 1.599472092731802075e-01 -5.316231354574994100e-02 2.132261461007190495e-01 2.797738012775538574e-01 2.836837511647588572e-01
3.700532057578285183e-01 3.196380708375997637e-01 6.488443890377876277e-01 4.431104972603650549e-01 1.373923147710304493e-01 3.365997624728905291e-01 1.000000000000000222e+00 1.962018282956200788e-01 4.896144885701695371e-01 2.874368643807740931e-01 2.096035194353748077e-01 2.861453484824688087e-01 4.061505495311615310e-01 5.883972118884118752e-01 1.620072284429378562e-01 2.755904946535931987e-01 4.570685466675822872e-01 4.105569366973342849e-01 3.304922339604337012e-01 2.050582523867424956e-01 3.447294683415328409e-01 3.888751653363068939e-01 4.500796315671141135e-01 6.472777911652208838e-01 6.086170614986113891e-01 4.979240435254628228e-01 6.612483338148475998e-01 4.278535900645749623e-01 3.292319039172515449e-01 3.322954730574497195e-01 3.086423188249171057e-01 3.112841370513924621e-01 1.989196304731613296e-01 2.594674380333926167e-01 2.539521476270628075e-01 2.918315333453110408e-02 3.998481575633624496e-01 3.844666843165709391e-01 -7.028212638101841159e-02 1.120656090557004270e-01 6.476836098626992388e-01 1.078410020879668058e-01 5.222926848610610628e-01 3.421491464714399022e-01 2.106373613692809899e-01 3.273752338692922370e-01 4.547714082635400112e-01 5.437550484986644062e-01 1.222932584140571655e-01 3.232595550701889975e-01 3.971630237466908242e-01 2.015070279761649596e-01 3.152656642100453155e-01 2.523336439043606938e-01 2.805596639885900578e-01 2.426685202348037029e-01 3.229005925483940387e-01 5.692657715701453514e-01 2.834013774861164348e-01 3.186597236047882808e-01 5.397807985687929078e-01 3.321734130449386369e-01 3.841865059343415045e-01 1.137842692986989479e-01 3.478874457212782212e-01 1.564463223595096153e-01 2.157373112353912492e-01 2.823154346488097599e-01
6.807545375569769297e-02 2.479729260524898837e-02 4.107322512773606826e-01 -2.584057955470981383e-01 -5.206915776772157167e-02 3.446253364030514299e-01 1.962018282956200788e-01 9.999999999999997780e-01 -1.698305033558226984e-01 1.196415240280518100e-01 3.495361943260447690e-01 -3.062776483310079012e-01 6.284000401538930580e-02 2.300294307684218054e-01 3.590592771103721936e-02 -2.042545378862504757e-01 -8.544163387889612549e-02 1.464191076607331277e-01 -4.072275845007070766e-02 -3.072765768132630360e-01 1.636718050267683966e-01 -2.328785945549093767e-02 7.498585584081834954e-02 -2.484073414359810883e-01 4.066103185155363862e-03 3.658364191466695892e-01 3.429542941075501283e-01 -5.318157605725170461e-02 3.169012326508816729e-02 2.884663798961026315e-01 -4.956546435307945808e-02 2.227254218759830984e-01 3.635443768358347094e-02 -1.101641387927718013e-01 -1.699335569027471682e-01 -5.277114355710735977e-02 5.329977697935950331e-01 -2.319373028992020858e-01 6.727303573208771592e-01 4.483065858743490728e-01 7.747666011789458573e-02 7.759357994636427724e-01 -2.010913406846651652e-01 1.072721787316117670e-01 3.344300846864676768e-01 -1.949403818853871762e-01 4.742397260977611606e-01 2.452788428229374096e-01 2.619812669127726326e-02 -5.365002323262668682e-02 5.352285691533843065e-02 7.176614787249981087e-02 -1.917792229191814524e-01 -3.655097458479213968e-01 2.359872468615333563e-01 -7.738826740121167169e-02 1.588042203756499238e-01 -1.930882013303081290e-01 -1.570292823993569287e-01 3.805612666832359214e-01 3.611165584973644593e-01 -4.016091049554276760e-03 1.234066407333486992e-01 2.619333889836741314e-01 -1.545338986385345614e-01 4.873106618900284182e-01 1.417590339006543632e-01 -8.736978593848247765e-02
8.710381850426995864e-02 2.385967593604235992e-01 1.901710650266265901e-01 5.655426786020553154e-01 9.684082896264335771e-02 2.027016267600678934e-01 4.896144885701695371e-01 -1.698305033558226984e-01 1.000000000000000000e+00 2.957636048707891208e-01 -7.188098287015179388e-02 4.131499371469193327e-01 6.221759263846609045e-01 3.985781959010379349e-01 1.620183421008735414e-01 2.315297495801877936e-01 2.258220763800624642e-01 1.583435581616042531e-01 1.128247864340414623e-02 2.259493590790316586e-01 7.955509986175067494e-02 1.943392072994082065e-01 1.401050820778634576e-01 6.920274947224162032e-01 6.778669930031318014e-01 5.106599793262078801e-02 3.703935612942427791e-01 2.148212349353380568e-01 1.249406200347278478e-01 -2.112103826683401908e-01 5.990099264858645967e-01 1.393535258174016245e-01 1.212505489165359857e-01 9.144376642047653825e-02 2.405291561173053261e-01 -3.926773480833977564e-02 -1.423829607667387864e-01 3.605045171874710075e-01 -2.341029666170488799e-01 -1.482488727997204325e-01 3.183223214119416666e-01 -3.161781788909205915e-01 6.764347659675566948e-01 3.321040112735115235e-01 -6.033110676506345249e-02 3.286630963178232556e-01 3.810833804021043214e-01 3.544217401817397195e-01 5.175576464369659180e-02 1.051087045588261215e-01 6.043774519876941864e-02 -1.656618204342240608e-01 1.320799408016791188e-01 3.090801497728742908e-01 -5.687363211822493020e-02 1.838903170269354237e-01 3.616584691097665671e-02 5.865799114001335468e-01 4.044407764150689255e-01 -1.881329367575715616e-01 1.063988817588831376e-01 1.182905942935945642e-01 1.520382130522646980e-01 -2.613503038231904663e-01 3.130998349768617239e-01 -3.108017746873283776e-02 1.118254668511383942e-01 1.297775314100521049e-01
3.959107361389289093e-01 3.607283879560293505e-01 6.699916271044852045e-02 5.843531683492473316e-01 1.912517623453311166e-01 4.908998260691152526e-01 2.874368643807740931e-01 1.196415240280518100e-01 2.957636048707891208e-01 1.000000000000000000e+00 9.192595664874778083e-02 7.085869043639670961e-01 1.758899559511399313e-01 5.262564516793493130e-01 1.442945684151675789e-01 4.747935060058211532e-01 3.292909959527832164e-01 2.640413369165736657e-01 2.971629109016791226e-01 5.538890207298829971e-01 5.016001562665094449e-01 3.011819162718779030e-01 5.270698651797622869e-01 3.814561009666564417e-01 2.648023257625820581e-01 3.448778994981763768e-01 1.035035377071033547e-01 6.477597244669053289e-01 6.612854351297295930e-01 2.779281776181364849e-01 1.691670006294966888e-01 1.786622395174875533e-01 3.426530491006629653e-01 4.805957338622529051e-01 5.225086423453383366e-01 2.535463151044249352e-01 -4.929387063581884554e-02 5.831298486675583481e-01 -1.374154976139566608e-01 3.763983381218795610e-01 2.741556823038246993e-01 1.671023221524553515e-02 1.602632577392316127e-01 9.166113630993618644e-01 2.566643756951936250e-01 7.191680899790190429e-01 1.838225235547691627e-01 5.109383162992314764e-01 7.759578903200593791e-02 5.060042808660316638e-01 2.895184868929559507e-01 2.006491373981174886e-01 3.019779558853593060e-01 5.620332248378431261e-01 3.393435458664764148e-01 3.279365970013030651e-01 4.451876930940925070e-01 5.048442975380962316e-01 2.821236792151100015e-01 3.153850325384688902e-01 1.077460795680322408e-01 6.290984068021177045e-01 6.003258290287950549e-01 2.262755190911116543e-01 1.840391637776040146e-01 -2.348099047020031638e-02 3.585583397641777248e-01 5.103856982332465320e-01
1.283738369223247078e-01 5.961995802566789210e-02 3.708520271914410027e-01 -5.420280633780171636e-02 1.725891132004365169e-01 2.561512290005575898e-01 2.096035194353748077e-01 3.495361943260447690e-01 -7.188098287015179388e-02 9.192595664874778083e-02 1.000000000000000000e+00 -7.308363904808888589e-02 2.337845523639547618e-01 2.856374891599697818e-01 2.735621352215839575e-01 -3.214118518317249373e-02 -1.690421133868285058e-03 3.984918549071492233e-01 1.332948161924559782e-01 -7.956760066621791638e-03 1.717730085135423801e-01 -4.032843465708172564e-02 1.368182400175134150e-01 -1.064796865885942606e-01 9.640907161022770067e-02 2.851240477218198177e-01 2.984995189405966753e-01 2.615566082371930529e-02 1.601634440441651874e-01 1.794578636571390051e-01 -5.815289230030853962e-02 5.674651582674463540e-02 2.260854931092136644e-01 2.143280519925544192e-01 -4.681074082005129422e-02 4.665661784456397176e-02 2.938608432155038197e-01 -7.888683111181608865e-02 2.093074340672784472e-01 4.593698562637059113e-01 -4.146771602071781804e-02 4.300784874988536344e-01 -8.875095915588084028e-02 1.654498123461942416e-01 6.217149569599442760e-01 1.168744787290449116e-01 4.020720204956664268e-01 2.425461968108481858e-01 1.595222651911870904e-01 -2.530415910735045459e-02 -1.249267227080655754e-02 4.012496530866119793e-01 4.118849742115548648e-03 -8.712940777714875407e-02 1.827691279863505325e-01 -4.447921126951083493e-02 9.346030576574225479e-02 -1.380377139506629158e-01 -1.137970400587559605e-01 1.684292583741004157e-01 2.767229660966732951e-01 -5.404607401532485200e-02 2.370608403742241743e-01 9.391748991583244877e-04 -1.484895592661316932e-01 5.422987490212422684e-02 7.640267167123281078e-02 1.236265885776740153e-01
3.981290826132106719e-01 3.128155270744355509e-01 -1.232552115019303202e-01 7.398318313461580420e-01 2.328249514919698004e-01 3.126342257710950090e-01 2.861453484824688087e-01 -3.062776483310079012e-01 4.131499371469193327e-01 7.085869043639670961e-01 -7.308363904808888589e-02 1.000000000000000000e+00 2.218734841301691074e-01 4.322624148956252799e-01 2.406039264249672238e-01 5.031861788678565484e-01 3.929816780816760557e-01 2.687829241430220173e-01 3.597459417995617081e-01 7.336445724042035543e-01 4.155304255109663059e-01 2.677975283650387839e-01 4.872748556536639630e-01 5.699449376867038453e-01 3.058883898418980340e-01 1.105748527741318155e-01 -1.354897891139549178e-02 6.320977362998529969e-01 6.276335807978326020e-01 1.801663624574240952e-01 2.248654790715657603e-01 1.488873205720255277e-01 3.086845300064907649e-01 5.295295809763490569e-01 5.740267458300792880e-01 1.720959108199554555e-01 -2.467716663637759544e-01 6.898579978948912172e-01 -5.055297776484273253e-01 1.055308925244017315e-01 2.959473624434388883e-01 -3.827311108606573087e-01 3.547004141798721366e-01 7.152578870724968230e-01 1.386817125447341870e-01 8.648419275531011863e-01 -2.707616566778655795e-02 3.729427434476508818e-01 1.404281468610499017e-01 5.110505231387125757e-01 2.951816500204806903e-01 2.583308264306440338e-01 4.382003504038579633e-01 7.605443582039139727e-01 3.084729629058677869e-01 3.546974981959999385e-01 3.705169729775821263e-01 6.108863079473808577e-01 3.396319415516071971e-01 6.979284054301297668e-02 1.957185973201478260e-02 5.772743068582500969e-01 5.348296419209419561e-01 1.303034287107860123e-01 2.792426162494870967e-01 -2.108975936361792425e-01 2.877765496475313545e-01 5.643643672348803708e-01
3.407560487085777717e-02 -4.229541295877526329e-03 2.826811377640980893e-01 2.577779152943492358e-01 1.088104439488910974e-01 2.463930331384023842e-01 4.061505495311615310e-01 6.284000401538930580e-02 6.221759263846609045e-01 1.758899559511399313e-01 2.337845523639547618e-01 2.218734841301691074e-01 1.000000000000000222e+00 4.288539619267445757e-01 2.723607297763839252e-01 1.401625946122204459e-02 -5.069585136999460451e-02 3.302269827030767102e-01 -2.215777061689907790e-01 3.548515656728615242e-02 9.141399741581630878e-02 5.012039516296960817e-02 2.877751796520323577e-02 3.543606178792787498e-01 4.679193535783987001e-01 -4.466140314822780732e-02 4.674434964776956192e-01 5.025603743346168661e-02 4.063410908451773468e-02 -2.719275554380409243e-01 5.515309507656114274e-01 7.141232329911063881e-02 6.560632827629986341e-02 -9.369337098937607911e-02 4.022865481411515287e-03 -1.215870482832079463e-01 2.557022223644162678e-02 5.440849545324339537e-02 2.964372770679009686e-02 1.296984774478699143e-01 2.340334926907806576e-02 2.480606530322811837e-02 3.961432410234365653e-01 2.737478281483509135e-01 2.066664783522971505e-01 1.852012024955795311e-01 6.613786940063194342e-01 3.996969849908760808e-01 9.809127811225173965e-02 -1.187922245744293115e-01 -1.886963199315010165e-01 -1.353565847180634996e-02 -1.390569785427809013e-01 9.498342361711606743e-03 7.514792521515939461e-02 -8.022594665323909760e-03 -4.532188020625329931e-03 2.397919884482654085e-01 2.245901499231331699e-01 -2.417830756373402501e-01 1.661881294665953912e-01 -6.133867181400066287e-02 2.005478860896953153e-01 -2.180314123025286766e-01 9.817435979878018359e-02 1.536240754240380535e-01 1.139740652769113960e-01 -3.813766410736066370e-02
4.367327471568092090e-01 2.304889907063686627e-01 3.398341563606848692e-01 4.445472736662828273e-01 2.125108537962749622e-01 3.663740267286887953e-01 5.883972118884118752e-01 2.300294307684218054e-01 3.985781959010379349e-01 5.262564516793493130e-01 2.856374891599697818e-01 4.322624148956252799e-01 4.288539619267445757e-01 1.000000000000000000e+00 2.579261729882605936e-01 2.400706860120711550e-01 3.699524620048898482e-01 5.068926220141325434e-01 2.707756127499937882e-01 3.484179144035948195e-01 3.593341327845189781e-01 2.902830689629373184e-01 4.238949554000429054e-01 4.666496879096447836e-01 4.220403050157845448e-01 3.385493606535456279e-01 4.099428064822454032e-01 4.371484257200762280e-01 5.883494249857478264e-01 1.825019902197041466e-01 3.288458854363905393e-01 2.514930558787677461e-01 3.116164680358089467e-01 3.581267077718229830e-01 3.053655174932404792e-01 8.607094196575697242e-02 1.902142894363395564e-01 4.060279773595259489e-01 -3.926072486818078973e-03 3.584263494461338295e-01 3.994670337383595116e-01 2.251344040210915831e-01 3.222148299059229837e-01 5.742480260391120694e-01 3.823489755066800666e-01 4.921614127699855956e-01 4.257197358670711251e-01 7.756554586191456435e-01 2.104078067490726400e-01 3.222567398514050163e-01 3.503943404756359459e-01 3.596468524936085043e-01 2.632635655256890250e-01 3.631401797844129309e-01 2.835318816046826229e-01 1.985282672657972813e-01 3.021570306231855518e-01 4.233760378195937091e-01 2.427364004356680760e-01 2.322053183337744464e-01 3.813962858559825087e-01 3.445468992826696275e-01 6.336709979576617968e-01 6.891322259239450465e-02 3.273266007889132356e-01 1.597004256504225284e-01 4.019112249805646964e-01 3.907360204542034698e-01
8.257429265882516856e-02 2.588033590313181323e-02 4.545270611600599198e-02 2.544948138265485937e-01 2.652029681076457576e-02 1.487093808668355777e-01 1.620072284429378562e-01 3.590592771103721936e-02 1.620183421008735414e-01 1.442945684151675789e-01 2.735621352215839575e-01 2.406039264249672238e-01 2.723607297763839252e-01 2.579261729882605936e-01 1.000000000000000000e+00 -7.426855632900560521e-03 7.866234531315466350e-02 2.791784299246678480e-01 -9.761997310445320614e-04 1.727303506882583994e-01 5.334984149875086207e-02 2.261277559319431127e-02 5.610776081129907611e-02 1.436415375246417880e-01 6.829666675097918749e-02 -4.053323736282244544e-02 -3.269015463695853357e-02 7.013005608091547882e-02 2.059522032760998100e-01 -1.601955985500862906e-02 4.521266726619144888e-02 -2.138557095714066145e-02 1.906446315466321095e-01 1.235813292820989451e-01 1.075246202394774531e-01 -2.048613044848833845e-02 -6.544296892679697664e-02 8.107269664846362967e-02 -6.532888340858847287e-02 3.457619273020882678e-01 -2.555517654162383148e-02 1.145740089766655451e-01 3.782551258213746187e-02 1.575013433995225975e-01 3.065042551366959356e-01 3.158372190514204259e-01 1.766098851740099396e-01 2.203013824779111451e-01 3.008624764989102918e-01 5.943695831775892835e-02 -8.406299110082117443e-02 2.927434196082089324e-01 9.840795235916088846e-02 1.780323732484849764e-01 2.254601192355961195e-02 6.216756125807597344e-02 -3.578789013711618835e-03 1.097395562838357763e-01 -8.145789969447482515e-02 -7.869904386978222866e-02 -9.846223752707979060e-02 5.584177545803193504e-03 2.330469650447161145e-01 -1.258732371212346879e-01 -8.423501510094916211e-02 -4.970152920259441470e-02 6.485805157181626091e-02 7.953060114214509368e-02
3.388005772383446690e-01 4.878185896121319809e-01 1.730947783121384032e-01 4.844117189373655097e-01 1.010576472515582469e-01 1.657250426450564695e-01 2.755904946535931987e-01 -2.042545378862504757e-01 2.315297495801877936e-01 4.747935060058211532e-01 -3.214118518317249373e-02 5.031861788678565484e-01 1.401625946122204459e-02 2.400706860120711550e-01 -7.426855632900560521e-03 1.000000000000000222e+00 4.831330682332235504e-01 2.099809998078257522e-01 4.104189456581555095e-01 5.492401557919427413e-01 4.866093157303676420e-01 5.223733581581795349e-01 6.425471358734127225e-01 4.930916688849649177e-01 3.974050251857502714e-01 3.902628015722121035e-01 2.110228389194509224e-01 5.405618023858861365e-01 4.223187424333577633e-01 2.802000395951366740e-01 7.591018482505550169e-02 1.070168652659388986e-01 3.421940542437506005e-01 6.065143151431617863e-01 4.854613263060774120e-01 5.073236122242157364e-01 2.797949862185586736e-02 5.462148691193915440e-01 -2.637024726897063687e-01 2.969441253637377341e-03 4.103007146746194267e-01 -2.614877382146572060e-01 1.534176557056441403e-01 4.320814097080429850e-01 9.330129462647832050e-02 5.159855050905074458e-01 -1.946693365571397841e-02 2.367222514397196165e-01 2.726218329078000657e-02 7.365318479457386713e-01 3.282448048617559455e-01 1.143869774885520468e-01 3.409213687950534144e-01 4.457799515035452687e-01 4.463128372394505328e-01 5.675963122279790163e-01 6.115140565824110919e-01 4.688477197805633323e-01 4.766784240234999137e-01 3.505047006883669769e-01 2.048293940643607092e-01 5.293757011241116972e-01 2.788774544960197499e-01 3.502751155453457943e-01 3.062471705520533050e-01 -2.304931726538103354e-01 1.293425465939472274e-01 6.074129939807341172e-01
5.411176275227274068e-01 4.401492393665916159e-01 1.721283361229987430e-01 4.981189824648777909e-01 1.035788955382137000e-01 1.894131946210072526e-01 4.570685466675822872e-01 -8.544163387889612549e-02 2.258220763800624642e-01 3.292909959527832164e-01 -1.690421133868285058e-03 3.929816780816760557e-01 -5.069585136999460451e-02 3.699524620048898482e-01 7.866234531315466350e-02 4.831330682332235504e-01 1.000000000000000000e+00 2.115030194666089880e-01 7.122872113920667436e-01 5.254751944198449154e-01 3.388123380855225242e-01 4.689649222116451521e-01 6.652782665401500983e-01 5.476773785157137420e-01 4.178773370105421936e-01 5.205913012138626561e-01 2.243106808179451128e-01 5.179556142616292824e-01 4.657435412819153631e-01 4.524938115716463094e-01 4.771613855999856657e-02 2.839187718014735684e-01 2.756387457406166419e-01 6.004729522239034001e-01 4.336424558788382067e-01 3.431710122989934386e-01 2.785382438780802453e-02 5.552257378903312501e-01 -1.761726554346650930e-01 6.191929559122090303e-03 5.849457635980841452e-01 -1.931305971503433638e-01 3.364601422260902197e-01 3.355975869506091502e-01 1.296949900170248637e-01 4.449414648317456811e-01 -4.672895126697862445e-02 3.568240433289153746e-01 5.268241599304363670e-02 6.372440648250470296e-01 6.763427772178287611e-01 2.207360550684292488e-01 6.849115718688897347e-01 5.378529255955231125e-01 2.987687482630978497e-01 4.651197338575849827e-01 4.987690378890578535e-01 5.003697179461131794e-01 2.689996680843660393e-01 4.347133847131541828e-01 2.750912107682534913e-01 4.565213890918112249e-01 3.125142077138635122e-01 2.589941122510322491e-01 2.917835107587842813e-01 -1.196258964439410322e-01 2.506741824041575084e-01 5.758360998100514605e-01
2.475439676429007640e-01 8.390908081390885398e-02 3.126471591147714779e-01 1.389555507255546274e-01 8.809363910659229191e-02 1.860897812979598609e-01 4.105569366973342849e-01 1.464191076607331277e-01 1.583435581616042531e-01 2.640413369165736657e-01 3.984918549071492233e-01 2.687829241430220173e-01 3.302269827030767102e-01 5.068926220141325434e-01 2.791784299246678480e-01 2.099809998078257522e-01 2.115030194666089880e-01 1.000000000000000222e+00 2.081159958390211007e-01 2.502663631299500979e-01 2.107922925921111579e-01 1.804187561755831171e-01 2.439221029669727814e-01 2.286209326174979128e-01 2.595476417178112505e-01 2.041421920219713970e-01 3.364029252016912941e-01 1.071307979440601632e-01 3.345691497702401040e-01 7.677743924300974021e-02 1.068434672539322616e-01 -2.453254338429960296e-02 1.949472057397103331e-01 2.960353843455220679e-01 1.055535847926032389e-01 6.863162700414844608e-02 1.728864317472898759e-01 1.585006346792647569e-01 -8.051352617420259872e-02 3.269618152806196276e-01 1.793234475577308584e-01 1.370089255545435258e-01 1.311285088322534653e-01 3.261087796398750016e-01 4.877484047009760237e-01 3.256647988205018107e-01 3.763089041930599565e-01 4.807908872532207223e-01 1.877566655177865806e-01 1.263756709881383999e-01 1.233165049446222350e-01 5.306249377156684321e-01 1.004749004703547749e-01 2.044181818384209204e-01 1.484906974405121038e-01 1.002661051178589113e-01 1.296919626952535709e-01 8.995570613870851329e-02 9.507150802858899130e-02 1.228269550132722321e-01 3.114881081355206915e-01 6.322946092747001867e-02 4.238809421446534942e-01 -2.622982247916217508e-02 1.176487392970056306e-01 -5.646142562279531096e-02 1.278572049510837139e-01 2.449849153842044991e-01
5.098149401208810216e-01 3.582792758463903549e-01 1.033202948335390642e-01 2.973499645554540383e-01 1.983096548096984491e-01 2.203555420292720723e-01 3.304922339604337012e-01 -4.072275845007070766e-02 1.128247864340414623e-02 2.971629109016791226e-01 1.332948161924559782e-01 3.597459417995617081e-01 -2.215777061689907790e-01 2.707756127499937882e-01 -9.761997310445320614e-04 4.104189456581555095e-01 7.122872113920667436e-01 2.081159958390211007e-01 1.000000000000000000e+00 5.258425917587744580e-01 2.680945865719064347e-01 4.256324218299251672e-01 5.357182751379855334e-01 3.424621178415261369e-01 2.522435041848131720e-01 4.972784718986253960e-01 1.808444405224744200e-01 4.539394480455340442e-01 4.458663768662440852e-01 4.648618109997045278e-01 -4.998354329077532576e-02 1.188629651287927830e-01 3.279063858219308791e-01 6.043729717130892354e-01 4.140129521749484343e-01 3.466610614011023106e-01 6.905712925005669245e-02 3.826350840151965804e-01 -2.175092866663234648e-01 1.671815715164343824e-02 4.789330001265675874e-01 -1.278638167257504787e-01 1.489689295264297331e-01 2.809209032779696469e-01 1.503929042600778143e-01 3.691638140806769441e-01 -1.306853916427335172e-01 2.794707081596977671e-01 -3.198522198437563774e-02 5.162258307872360508e-01 6.771265674518887057e-01 3.737014155510272051e-01 6.641350051854858494e-01 4.570950983738076290e-01 2.516340793059835823e-01 4.148286958955830772e-01 4.271458996589895807e-01 3.031781729363433042e-01 2.085160962113353222e-01 4.452226507849529336e-01 3.234998101358884659e-01 4.069669062418367345e-01 3.024079275182806059e-01 2.809619704508986571e-01 2.640785059749758967e-01 -2.348620571736651508e-01 3.223629729899697982e-01 5.371587046129856491e-01
4.947924049081144360e-01 3.104916654106325558e-01 -1.826461086214007101e-01 6.346193146180126865e-01 1.644908929698164768e-01 1.433988351588922627e-01 2.050582523867424956e-01 -3.072765768132630360e-01 2.259493590790316586e-01 5.538890207298829971e-01 -7.956760066621791638e-03 7.336445724042035543e-01 3.548515656728615242e-02 3.484179144035948195e-01 1.727303506882583994e-01 5.492401557919427413e-01 5.254751944198449154e-01 2.502663631299500979e-01 5.258425917587744580e-01 1.000000000000000222e+00 3.554631917829755294e-01 3.387996715801758207e-01 5.336644185308269117e-01 4.439401533871717986e-01 2.136182775638476306e-01 1.510766878009227043e-01 -8.544246969974893247e-02 5.608665472696983123e-01 5.935634304803246719e-01 1.906346556727339658e-01 1.654433308694186130e-02 2.744182614597604278e-02 3.288384127625043618e-01 5.794288031597401023e-01 5.206087285533750331e-01 2.937850534884601239e-01 -2.818479184311942776e-01 5.977170007661709583e-01 -4.097935527204371042e-01 8.259941056723214825e-02 2.854760586685497481e-01 -3.547111614200480489e-01 1.754642171210553103e-01 5.574391253480153186e-01 1.680174691714289847e-01 7.690746538788988396e-01 -1.017524816645994229e-01 2.864321284579060545e-01 9.662923647292179230e-02 5.602524706595428672e-01 3.899914725217947242e-01 2.953387337757472642e-01 5.088459769085084128e-01 7.838880807103887349e-01 2.941240412959025829e-01 4.226860659420828559e-01 4.353923949466259047e-01 4.378587955183194658e-01 2.946137562304965707e-01 1.553755071611302996e-01 -2.322755930942501865e-02 4.976851517202358077e-01 4.501573820723510089e-01 1.587401427485753969e-01 2.954804595024930758e-01 -3.404947709958669466e-01 2.391313900626650668e-01 5.499405178415904816e-01
3.157255101773956962e-01 5.165893801402866581e-01 3.158751448804719697e-01 3.736705972068278259e-01 1.341428951350132903e-01 4.064008527362045209e-01 3.447294683415328409e-01 1.636718050267683966e-01 7.955509986175067494e-02 5.016001562665094449e-01 1.717730085135423801e-01 4.155304255109663059e-01 9.141399741581630878e-02 3.593341327845189781e-01 5.334984149875086207e-02 4.866093157303676420e-01 3.388123380855225242e-01 2.107922925921111579e-01 2.680945865719064347e-01 3.554631917829755294e-01 1.000000000000000000e+00 5.130309375085649881e-01 7.365897111024373167e-01 3.285101990354369894e-01 3.314449852496908488e-01 4.255790347901176052e-01 3.745314800650066389e-01 6.544974863187585923e-01 5.437010896052631992e-01 6.145098651898319719e-01 4.771181656679202021e-02 2.299880010430114530e-01 1.514349153935493630e-01 5.354798812591018420e-01 3.623730846114910920e-01 4.103315067947422290e-01 2.250027741741640608e-01 3.710557258476023801e-01 6.938002024007483039e-03 2.572440252315361664e-01 3.252575036698320265e-01 5.256296984698842489e-02 1.230354734003413220e-01 4.509542321969940981e-01 3.181353074377999968e-01 4.513487708044480184e-01 1.631448334026551483e-01 3.061809389209509402e-01 2.402372914169611379e-02 6.106646499442512921e-01 3.642806749333130090e-01 9.266762003826582716e-02 3.045765837609513693e-01 3.423039940458165731e-01 7.053258033180953568e-01 4.841827122993644927e-01 7.077819188396524686e-01 3.905957850975918522e-01 3.187552680507763636e-01 4.535734922367289368e-01 3.720836833490773765e-01 5.438298582367615541e-01 4.852473383018588993e-01 5.100735352657367327e-01 7.251676985117406354e-03 8.474865445080817516e-02 3.619404659842674343e-01 5.600121191048647029e-01
3.252390024456636164e-01 5.703482781249684663e-01 3.210574054242945063e-01 3.565418661576683079e-01 -4.927856238509221304e-02 1.997065602133451800e-01 3.888751653363068939e-01 -2.328785945549093767e-02 1.943392072994082065e-01 3.011819162718779030e-01 -4.032843465708172564e-02 2.677975283650387839e-01 5.012039516296960817e-02 2.902830689629373184e-01 2.261277559319431127e-02 5.223733581581795349e-01 4.689649222116451521e-01 1.804187561755831171e-01 4.256324218299251672e-01 3.387996715801758207e-01 5.130309375085649881e-01 9.999999999999998890e-01 5.991850933460353135e-01 5.414013405616316943e-01 4.763179307548630614e-01 4.293424994551824359e-01 3.949551711631729134e-01 4.368110041223598472e-01 4.255712927440520321e-01 3.847620866998283651e-01 1.703569726232659065e-01 1.637107864015027725e-02 2.094089178444109300e-01 4.803174939029614676e-01 3.888078939168302384e-01 5.329237991113729977e-01 2.170723063239872463e-01 4.283298971175985015e-01 -1.340794182836092807e-01 2.105756818463274532e-02 5.151274969935812909e-01 -1.229104248902653518e-01 2.609601856461581382e-01 2.274982812355071660e-01 7.603751402363474743e-02 2.524647192276156527e-01 1.294462351820631074e-01 3.623379128085149059e-01 1.404288168207408830e-02 6.020345828008168976e-01 5.031036603750888014e-01 8.737761689095900272e-03 3.329198104004425507e-01 3.119197956802758354e-01 3.547840264651687670e-01 7.623122829033847081e-01 6.006956167155892423e-01 4.892953330638585285e-01 5.329860852277314986e-01 3.913669809777017283e-01 3.649658279185740706e-01 4.370773083101860967e-01 3.882726697557244977e-01 3.424163427306513574e-01 3.970996633792758801e-01 -3.604598055829855846e-02 3.414896959685899125e-01 5.169126781526470760e-01
5.618892837614419822e-01 6.254398732454367060e-01 3.904449245311869543e-01 4.745314151213212983e-01 1.538788151219242228e-01 3.869232486387834680e-01 4.500796315671141135e-01 7.498585584081834954e-02 1.401050820778634576e-01 5.270698651797622869e-01 1.368182400175134150e-01 4.872748556536639630e-01 2.877751796520323577e-02 4.238949554000429054e-01 5.610776081129907611e-02 6.425471358734127225e-01 6.652782665401500983e-01 2.439221029669727814e-01 5.357182751379855334e-01 5.336644185308269117e-01 7.365897111024373167e-01 5.991850933460353135e-01 1.000000000000000000e+00 5.124175853753255572e-01 4.131271186461205058e-01 6.494529287744965629e-01 4.195944825396056288e-01 7.193828290917645418e-01 6.422537174823755857e-01 6.470408076805733710e-01 8.371225476338787358e-03 2.793459823984524859e-01 2.786109985834218095e-01 7.314982657843752678e-01 4.963966399125936957e-01 5.028247368736528111e-01 3.098852632152727105e-01 5.657761383296165958e-01 -9.012559383848139927e-02 1.748331032780772454e-01 6.248962739367798225e-01 -7.629454190369190821e-03 1.975735304354128419e-01 5.098049833892539517e-01 2.787929832592840329e-01 5.225776289574379785e-01 8.342360431173136137e-02 3.808039228409101362e-01 7.319462722923841813e-02 7.873465797113493592e-01 6.534647072087994557e-01 2.527719478110144746e-01 5.381935751200809248e-01 4.839874924311818871e-01 6.188784232251715034e-01 6.203697336114689653e-01 8.086954308822416060e-01 5.529995814569554913e-01 3.581293466094175870e-01 6.560523733190423146e-01 4.839952414387479473e-01 6.785256204807545988e-01 5.016621062325835601e-01 5.708716717423505393e-01 2.666314715617322806e-01 -1.034832225211402071e-02 3.620311611006128416e-01 6.935078948194937087e-01
