0.000000000000000000e+00 0.000000000000000000e+00 6.533333333333333484e-04 0.000000000000000000e+00 0.000000000000000000e+00 8.000000000000000654e-05 1.140000000000000041e-02 2.933333333333333365e-03 0.000000000000000000e+00 3.200000000000000262e-04 3.066666666666666759e-04 0.000000000000000000e+00 0.000000000000000000e+00 7.178666666666666529e-02 0.000000000000000000e+00 0.000000000000000000e+00 2.293333333333333422e-03 1.066666666666666664e-04 8.000000000000000383e-04 0.000000000000000000e+00 3.733333333333333187e-04 0.000000000000000000e+00 2.413333333333333303e-03 6.666666666666666986e-05 0.000000000000000000e+00 7.200000000000000453e-04 1.333333333333333397e-04 1.466666666666666629e-04 6.269333333333333702e-02 2.220000000000000098e-02 0.000000000000000000e+00 1.333333333333333397e-04 1.066666666666666664e-04 1.466666666666666629e-04 0.000000000000000000e+00 0.000000000000000000e+00 0.000000000000000000e+00 0.000000000000000000e+00 0.000000000000000000e+00 0.000000000000000000e+00 0.000000000000000000e+00 0.000000000000000000e+00 0.000000000000000000e+00 0.000000000000000000e+00 0.000000000000000000e+00 0.000000000000000000e+00 0.000000000000000000e+00 0.000000000000000000e+00 0.000000000000000000e+00 0.000000000000000000e+00 0.000000000000000000e+00 0.000000000000000000e+00 0.000000000000000000e+00 0.000000000000000000e+00 0.000000000000000000e+00 0.000000000000000000e+00 0.000000000000000000e+00 0.000000000000000000e+00 0.000000000000000000e+00 0.000000000000000000e+00 0.000000000000000000e+00 0.000000000000000000e+00 0.000000000000000000e+00 0.000000000000000000e+00 0.000000000000000000e+00 0.000000000000000000e+00 0.000000000000000000e+00 0.000000000000000000e+00
0.000000000000000000e+00 0.000000000000000000e+00 1.986666666666666529e-03 0.000000000000000000e+00 1.306666666666666697e-03 0.000000000000000000e+00 0.000000000000000000e+00 0.000000000000000000e+00 4.493333333333333554e-03 0.000000000000000000e+00 6.133333333333333519e-04 0.000000000000000000e+00 1.182666666666666588e-02 0.000000000000000000e+00 2.666666666666666794e-04 0.000000000000000000e+00 0.000000000000000000e+00 0.000000000000000000e+00 0.000000000000000000e+00 0.000000000000000000e+00 0.000000000000000000e+00 1.586666666666666564e-03 0.000000000000000000e+00 3.200000000000000153e-03 1.145333333333333273e-02 2.919999999999999853e-03 6.509333333333333638e-02 2.000000000000000096e-04 0.000000000000000000e+00 0.000000000000000000e+00 4.933333333333333624e-04 1.866666666666666593e-04 0.000000000000000000e+00 0.000000000000000000e+00 0.000000000000000000e+00 0.000000000000000000e+00 3.600000000000000227e-04 0.000000000000000000e+00 0.000000000000000000e+00 0.000000000000000000e+00 0.000000000000000000e+00 0.000000000000000000e+00 0.000000000000000000e+00 0.000000000000000000e+00 1.333333333333333397e-04 0.000000000000000000e+00 8.000000000000000654e-05 0.000000000000000000e+00 0.000000000000000000e+00 0.000000000000000000e+00 0.000000000000000000e+00 0.000000000000000000e+00 1.066666666666666664e-04 0.000000000000000000e+00 0.000000000000000000e+00 0.000000000000000000e+00 2.666666666666666794e-04 0.000000000000000000e+00 0.000000000000000000e+00 3.866666666666666689e-04 1.106666666666666606e-03 0.000000000000000000e+00 0.000000000000000000e+00 0.000000000000000000e+00 0.000000000000000000e+00 0.000000000000000000e+00 0.000000000000000000e+00 0.000000000000000000e+00
6.533333333333333484e-04 1.986666666666666529e-03 0.000000000000000000e+00 0.000000000000000000e+00 0.000000000000000000e+00 9.200000000000000278e-04 1.687999999999999917e-02 4.133333333333333477e-03 0.000000000000000000e+00 1.213333333333333408e-03 3.200000000000000262e-04 0.000000000000000000e+00 0.000000000000000000e+00 6.893333333333332910e-03 0.000000000000000000e+00 1.333333333333333397e-04 8.790666666666666074e-02 1.466666666666666629e-04 9.306666666666666213e-03 0.000000000000000000e+00 1.486666666666666692e-02 1.066666666666666664e-04 6.965333333333333099e-02 2.133333333333333327e-04 0.000000000000000000e+00 6.862666666666666915e-02 8.781333333333332658e-02 1.750666666666666690e-02 8.666666666666666269e-04 7.613333333333333064e-03 8.000000000000000654e-05 1.600000000000000131e-04 0.000000000000000000e+00 4.066666666666666347e-03 0.000000000000000000e+00 1.600000000000000131e-04 1.494666666666666713e-02 0.000000000000000000e+00 0.000000000000000000e+00 0.000000000000000000e+00 0.000000000000000000e+00 0.000000000000000000e+00 0.000000000000000000e+00 0.000000000000000000e+00 0.000000000000000000e+00 0.000000000000000000e+00 0.000000000000000000e+00 0.000000000000000000e+00 0.000000000000000000e+00 0.000000000000000000e+00 5.546666666666666759e-03 0.000000000000000000e+00 2.400000000000000061e-04 0.000000000000000000e+00 0.000000000000000000e+00 0.000000000000000000e+00 1.417333333333333292e-02 0.000000000000000000e+00 0.000000000000000000e+00 1.933333333333333345e-03 6.426666666666666465e-03 0.000000000000000000e+00 0.000000000000000000e+00 0.000000000000000000e+00 0.000000000000000000e+00 0.000000000000000000e+00 0.000000000000000000e+00 3.600000000000000227e-04
0.000000000000000000e+00 0.000000000000000000e+00 0.000000000000000000e+00 0.000000000000000000e+00 9.200000000000000278e-04 3.186666666666666640e-03 3.333333333333333547e-03 2.639999999999999986e-03 2.279999999999999909e-03 1.336133333333333340e-01 2.666666666666666794e-04 2.168000000000000135e-02 6.666666666666666986e-05 1.706666666666666662e-03 2.533333333333333292e-04 0.000000000000000000e+00 0.000000000000000000e+00 0.000000000000000000e+00 8.000000000000000654e-05 7.005333333333332857e-02 0.000000000000000000e+00 0.000000000000000000e+00 0.000000000000000000e+00 1.420000000000000082e-02 0.000000000000000000e+00 0.000000000000000000e+00 0.000000000000000000e+00 1.613600000000000034e-01 1.399999999999999986e-03 0.000000000000000000e+00 0.000000000000000000e+00 8.666666666666666269e-04 0.000000000000000000e+00 4.400000000000000157e-04 0.000000000000000000e+00 0.000000000000000000e+00 0.000000000000000000e+00 6.293333333333333071e-03 8.000000000000000654e-05 9.333333333333332967e-05 8.000000000000000654e-05 8.000000000000000654e-05 1.733333333333333362e-04 1.466666666666666629e-04 0.000000000000000000e+00 0.000000000000000000e+00 0.000000000000000000e+00 0.000000000000000000e+00 0.000000000000000000e+00 0.000000000000000000e+00 0.000000000000000000e+00 0.000000000000000000e+00 0.000000000000000000e+00 4.666666666666666619e-04 0.000000000000000000e+00 0.000000000000000000e+00 0.000000000000000000e+00 1.373333333333333394e-03 0.000000000000000000e+00 0.000000000000000000e+00 0.000000000000000000e+00 4.559999999999999817e-03 0.000000000000000000e+00 0.000000000000000000e+00 0.000000000000000000e+00 0.000000000000000000e+00 0.000000000000000000e+00 0.000000000000000000e+00
0.000000000000000000e+00 1.306666666666666697e-03 0.000000000000000000e+00 9.200000000000000278e-04 0.000000000000000000e+00 4.533333333333333659e-03 9.333333333333332967e-05 3.466666666666666724e-04 2.093333333333333331e-03 2.133333333333333327e-04 3.866666666666666689e-04 9.466666666666666199e-04 1.199999999999999895e-03 0.000000000000000000e+00 1.635999999999999954e-02 0.000000000000000000e+00 0.000000000000000000e+00 0.000000000000000000e+00 0.000000000000000000e+00 5.066666666666666584e-04 0.000000000000000000e+00 1.666666666666666774e-03 0.000000000000000000e+00 7.586666666666666906e-03 5.733333333333333554e-04 2.799999999999999755e-04 7.466666666666666374e-04 2.813333333333333484e-03 0.000000000000000000e+00 0.000000000000000000e+00 6.666666666666666986e-05 1.493333333333333275e-03 0.000000000000000000e+00 5.466666666666666549e-04 0.000000000000000000e+00 0.000000000000000000e+00 0.000000000000000000e+00 0.000000000000000000e+00 0.000000000000000000e+00 0.000000000000000000e+00 0.000000000000000000e+00 0.000000000000000000e+00 0.000000000000000000e+00 0.000000000000000000e+00 0.000000000000000000e+00 0.000000000000000000e+00 0.000000000000000000e+00 0.000000000000000000e+00 0.000000000000000000e+00 0.000000000000000000e+00 0.000000000000000000e+00 0.000000000000000000e+00 0.000000000000000000e+00 0.000000000000000000e+00 0.000000000000000000e+00 0.000000000000000000e+00 0.000000000000000000e+00 0.000000000000000000e+00 0.000000000000000000e+00 0.000000000000000000e+00 0.000000000000000000e+00 6.666666666666666986e-05 0.000000000000000000e+00 0.000000000000000000e+00 0.000000000000000000e+00 0.000000000000000000e+00 0.000000000000000000e+00 0.000000000000000000e+00
8.000000000000000654e-05 0.000000000000000000e+00 9.200000000000000278e-04 3.186666666666666640e-03 4.533333333333333659e-03 0.000000000000000000e+00 3.950666666666666910e-02 9.951999999999999735e-02 1.466666666666666629e-04 1.994266666666666687e-01 3.866666666666666689e-04 2.601333333333333275e-02 2.000000000000000096e-04 3.226666666666666745e-03 1.012000000000000052e-02 0.000000000000000000e+00 2.133333333333333327e-04 6.666666666666666986e-05 0.000000000000000000e+00 3.533333333333333205e-03 2.000000000000000096e-04 0.000000000000000000e+00 7.066666666666666409e-04 6.133333333333333519e-04 0.000000000000000000e+00 3.066666666666666759e-04 1.066666666666666664e-04 3.880000000000000202e-03 3.066666666666666759e-04 1.066666666666666664e-04 0.000000000000000000e+00 1.846666666666666595e-02 0.000000000000000000e+00 2.933333333333333257e-04 0.000000000000000000e+00 0.000000000000000000e+00 0.000000000000000000e+00 0.000000000000000000e+00 0.000000000000000000e+00 0.000000000000000000e+00 0.000000000000000000e+00 0.000000000000000000e+00 0.000000000000000000e+00 0.000000000000000000e+00 0.000000000000000000e+00 0.000000000000000000e+00 0.000000000000000000e+00 0.000000000000000000e+00 0.000000000000000000e+00 0.000000000000000000e+00 0.000000000000000000e+00 0.000000000000000000e+00 0.000000000000000000e+00 0.000000000000000000e+00 0.000000000000000000e+00 0.000000000000000000e+00 0.000000000000000000e+00 0.000000000000000000e+00 0.000000000000000000e+00 0.000000000000000000e+00 0.000000000000000000e+00 0.000000000000000000e+00 0.000000000000000000e+00 0.000000000000000000e+00 0.000000000000000000e+00 0.000000000000000000e+00 0.000000000000000000e+00 0.000000000000000000e+00
1.140000000000000041e-02 0.000000000000000000e+00 1.687999999999999917e-02 3.333333333333333547e-03 9.333333333333332967e-05 3.950666666666666910e-02 0.000000000000000000e+00 3.621333333333333349e-02 4.400000000000000157e-04 1.956133333333333335e-01 4.800000000000000122e-04 3.919999999999999873e-03 1.600000000000000131e-04 8.695999999999999563e-02 1.333333333333333397e-04 0.000000000000000000e+00 1.626666666666666669e-03 0.000000000000000000e+00 5.999999999999999474e-04 7.600000000000000418e-04 6.279999999999999992e-03 0.000000000000000000e+00 1.093333333333333310e-02 5.093333333333333393e-03 0.000000000000000000e+00 3.599999999999999901e-03 1.893333333333333240e-03 3.048000000000000154e-01 1.559999999999999928e-02 3.715999999999999859e-02 0.000000000000000000e+00 5.999999999999999474e-04 2.200000000000000133e-03 4.666666666666667053e-03 0.000000000000000000e+00 0.000000000000000000e+00 8.000000000000000654e-05 2.799999999999999755e-04 0.000000000000000000e+00 0.000000000000000000e+00 0.000000000000000000e+00 1.200000000000000030e-04 8.000000000000000654e-05 8.000000000000000654e-05 0.000000000000000000e+00 0.000000000000000000e+00 0.000000000000000000e+00 1.066666666666666664e-04 0.000000000000000000e+00 0.000000000000000000e+00 0.000000000000000000e+00 0.000000000000000000e+00 0.000000000000000000e+00 1.200000000000000030e-04 0.000000000000000000e+00 0.000000000000000000e+00 0.000000000000000000e+00 1.666666666666666774e-03 0.000000000000000000e+00 0.000000000000000000e+00 8.000000000000000654e-05 2.386666666666666711e-03 1.600000000000000131e-04 0.000000000000000000e+00 0.000000000000000000e+00 0.000000000000000000e+00 0.000000000000000000e+00 1.466666666666666629e-04
2.933333333333333365e-03 0.000000000000000000e+00 4.133333333333333477e-03 2.639999999999999986e-03 3.466666666666666724e-04 9.951999999999999735e-02 3.621333333333333349e-02 0.000000000000000000e+00 0.000000000000000000e+00 5.833333333333333426e-02 9.466666666666666199e-04 1.095999999999999926e-02 7.200000000000000453e-04 1.737200000000000133e-01 2.400000000000000061e-04 0.000000000000000000e+00 4.693333333333333211e-03 2.400000000000000061e-04 2.373333333333333198e-03 3.893333333333333281e-03 9.600000000000000243e-04 0.000000000000000000e+00 6.960000000000000041e-03 2.400000000000000061e-04 0.000000000000000000e+00 2.213333333333333212e-03 2.000000000000000096e-04 2.680000000000000090e-03 4.066666666666666347e-03 8.533333333333333742e-03 0.000000000000000000e+00 4.198666666666666519e-02 0.000000000000000000e+00 9.333333333333333239e-04 0.000000000000000000e+00 0.000000000000000000e+00 0.000000000000000000e+00 0.000000000000000000e+00 0.000000000000000000e+00 0.000000000000000000e+00 0.000000000000000000e+00 0.000000000000000000e+00 0.000000000000000000e+00 0.000000000000000000e+00 0.000000000000000000e+00 0.000000000000000000e+00 0.000000000000000000e+00 0.000000000000000000e+00 0.000000000000000000e+00 0.000000000000000000e+00 0.000000000000000000e+00 0.000000000000000000e+00 0.000000000000000000e+00 0.000000000000000000e+00 0.000000000000000000e+00 0.000000000000000000e+00 0.000000000000000000e+00 1.466666666666666629e-04 0.000000000000000000e+00 0.000000000000000000e+00 0.000000000000000000e+00 2.533333333333333292e-04 0.000000000000000000e+00 0.000000000000000000e+00 0.000000000000000000e+00 0.000000000000000000e+00 0.000000000000000000e+00 0.000000000000000000e+00
0.000000000000000000e+00 4.493333333333333554e-03 0.000000000000000000e+00 2.279999999999999909e-03 2.093333333333333331e-03 1.466666666666666629e-04 4.400000000000000157e-04 0.000000000000000000e+00 0.000000000000000000e+00 2.533333333333333292e-04 3.466666666666666724e-04 0.000000000000000000e+00 4.653333333333333106e-03 2.133333333333333327e-04 5.333333333333333589e-04 0.000000000000000000e+00 0.000000000000000000e+00 0.000000000000000000e+00 0.000000000000000000e+00 1.066666666666666664e-04 0.000000000000000000e+00 7.599999999999999985e-03 0.000000000000000000e+00 3.329333333333333450e-02 2.093333333333333331e-03 9.466666666666666199e-04 4.626666666666666948e-03 9.546666666666666842e-03 1.333333333333333397e-04 0.000000000000000000e+00 2.799999999999999755e-04 2.799999999999999755e-04 0.000000000000000000e+00 1.066666666666666664e-04 0.000000000000000000e+00 0.000000000000000000e+00 0.000000000000000000e+00 1.733333333333333362e-04 0.000000000000000000e+00 0.000000000000000000e+00 0.000000000000000000e+00 0.000000000000000000e+00 0.000000000000000000e+00 0.000000000000000000e+00 0.000000000000000000e+00 0.000000000000000000e+00 0.000000000000000000e+00 0.000000000000000000e+00 0.000000000000000000e+00 0.000000000000000000e+00 0.000000000000000000e+00 0.000000000000000000e+00 0.000000000000000000e+00 0.000000000000000000e+00 0.000000000000000000e+00 1.066666666666666664e-04 0.000000000000000000e+00 1.306666666666666697e-03 0.000000000000000000e+00 1.066666666666666664e-04 0.000000000000000000e+00 7.466666666666666374e-04 0.000000000000000000e+00 0.000000000000000000e+00 0.000000000000000000e+00 0.000000000000000000e+00 0.000000000000000000e+00 0.000000000000000000e+00
3.200000000000000262e-04 0.000000000000000000e+00 1.213333333333333408e-03 1.336133333333333340e-01 2.133333333333333327e-04 1.994266666666666687e-01 1.956133333333333335e-01 5.833333333333333426e-02 2.533333333333333292e-04 0.000000000000000000e+00 5.199999999999999544e-04 9.598666666666666458e-02 2.266666666666666558e-04 2.250666666666666788e-02 5.199999999999999544e-04 0.000000000000000000e+00 1.466666666666666629e-04 1.066666666666666664e-04 2.000000000000000096e-04 1.185866666666666736e-01 0.000000000000000000e+00 0.000000000000000000e+00 5.733333333333333554e-04 6.666666666666666444e-04 0.000000000000000000e+00 5.599999999999999509e-04 2.133333333333333327e-04 2.107866666666666777e-01 5.933333333333332994e-03 0.000000000000000000e+00 0.000000000000000000e+00 1.586666666666666564e-03 0.000000000000000000e+00 2.786666666666666459e-03 0.000000000000000000e+00 0.000000000000000000e+00 0.000000000000000000e+00 1.466666666666666629e-04 0.000000000000000000e+00 0.000000000000000000e+00 0.000000000000000000e+00 0.000000000000000000e+00 0.000000000000000000e+00 0.000000000000000000e+00 0.000000000000000000e+00 0.000000000000000000e+00 0.000000000000000000e+00 0.000000000000000000e+00 0.000000000000000000e+00 0.000000000000000000e+00 0.000000000000000000e+00 0.000000000000000000e+00 0.000000000000000000e+00 0.000000000000000000e+00 0.000000000000000000e+00 0.000000000000000000e+00 0.000000000000000000e+00 3.466666666666666724e-04 0.000000000000000000e+00 0.000000000000000000e+00 0.000000000000000000e+00 8.266666666666666304e-04 0.000000000000000000e+00 0.000000000000000000e+00 0.000000000000000000e+00 0.000000000000000000e+00 0.000000000000000000e+00 0.000000000000000000e+00
3.066666666666666759e-04 6.133333333333333519e-04 3.200000000000000262e-04 2.666666666666666794e-04 3.866666666666666689e-04 3.866666666666666689e-04 4.800000000000000122e-04 9.466666666666666199e-04 3.466666666666666724e-04 5.199999999999999544e-04 0.000000000000000000e+00 6.400000000000000524e-04 1.648000000000000159e-02 4.360000000000000160e-03 0.000000000000000000e+00 0.000000000000000000e+00 3.119999999999999944e-03 7.737333333333333563e-02 2.754666666666666722e-02 2.799999999999999755e-04 1.066666666666666664e-04 1.466666666666666629e-04 9.333333333333332967e-05 3.733333333333333187e-04 1.093333333333333310e-03 6.087999999999999662e-02 9.879999999999999893e-03 2.000000000000000096e-04 6.586666666666666885e-03 3.066666666666666759e-04 4.946666666666666920e-03 1.190666666666666609e-02 0.000000000000000000e+00 5.108000000000000040e-02 0.000000000000000000e+00 0.000000000000000000e+00 0.000000000000000000e+00 0.000000000000000000e+00 0.000000000000000000e+00 0.000000000000000000e+00 0.000000000000000000e+00 0.000000000000000000e+00 0.000000000000000000e+00 0.000000000000000000e+00 1.386666666666666690e-03 0.000000000000000000e+00 5.440000000000000391e-03 1.600000000000000131e-04 0.000000000000000000e+00 0.000000000000000000e+00 0.000000000000000000e+00 1.466666666666666629e-04 0.000000000000000000e+00 0.000000000000000000e+00 0.000000000000000000e+00 0.000000000000000000e+00 0.000000000000000000e+00 0.000000000000000000e+00 1.733333333333333362e-04 1.613333333333333373e-03 7.466666666666666374e-04 8.000000000000000654e-05 9.333333333333332967e-05 0.000000000000000000e+00 1.173333333333333303e-03 0.000000000000000000e+00 0.000000000000000000e+00 1.600000000000000131e-04
0.000000000000000000e+00 0.000000000000000000e+00 0.000000000000000000e+00 2.168000000000000135e-02 9.466666666666666199e-04 2.601333333333333275e-02 3.919999999999999873e-03 1.095999999999999926e-02 0.000000000000000000e+00 9.598666666666666458e-02 6.400000000000000524e-04 0.000000000000000000e+00 3.600000000000000227e-04 5.213333333333333708e-03 3.333333333333333222e-04 0.000000000000000000e+00 0.000000000000000000e+00 9.333333333333332967e-05 1.733333333333333362e-04 3.378666666666666624e-02 0.000000000000000000e+00 0.000000000000000000e+00 0.000000000000000000e+00 4.533333333333333117e-04 0.000000000000000000e+00 3.333333333333333222e-04 2.133333333333333327e-04 1.218666666666666683e-02 2.599999999999999881e-03 0.000000000000000000e+00 0.000000000000000000e+00 1.799999999999999951e-03 0.000000000000000000e+00 1.146666666666666711e-03 0.000000000000000000e+00 0.000000000000000000e+00 0.000000000000000000e+00 2.799999999999999755e-04 0.000000000000000000e+00 0.000000000000000000e+00 0.000000000000000000e+00 0.000000000000000000e+00 0.000000000000000000e+00 6.666666666666666986e-05 0.000000000000000000e+00 0.000000000000000000e+00 0.000000000000000000e+00 0.000000000000000000e+00 0.000000000000000000e+00 0.000000000000000000e+00 0.000000000000000000e+00 0.000000000000000000e+00 0.000000000000000000e+00 0.000000000000000000e+00 0.000000000000000000e+00 0.000000000000000000e+00 0.000000000000000000e+00 2.133333333333333327e-04 0.000000000000000000e+00 0.000000000000000000e+00 0.000000000000000000e+00 8.266666666666666304e-04 0.000000000000000000e+00 0.000000000000000000e+00 0.000000000000000000e+00 0.000000000000000000e+00 0.000000000000000000e+00 0.000000000000000000e+00
0.000000000000000000e+00 1.182666666666666588e-02 0.000000000000000000e+00 6.666666666666666986e-05 1.199999999999999895e-03 2.000000000000000096e-04 1.600000000000000131e-04 7.200000000000000453e-04 4.653333333333333106e-03 2.266666666666666558e-04 1.648000000000000159e-02 3.600000000000000227e-04 0.000000000000000000e+00 1.053333333333333422e-03 3.466666666666666724e-04 0.000000000000000000e+00 0.000000000000000000e+00 3.333333333333333222e-04 0.000000000000000000e+00 9.333333333333332967e-05 0.000000000000000000e+00 1.933333333333333345e-03 6.666666666666666986e-05 2.613333333333333394e-03 4.253333333333333272e-02 2.720000000000000195e-03 4.489333333333333370e-02 0.000000000000000000e+00 1.573333333333333268e-03 0.000000000000000000e+00 1.597333333333333244e-02 4.226666666666666766e-03 0.000000000000000000e+00 1.170666666666666730e-02 0.000000000000000000e+00 0.000000000000000000e+00 0.000000000000000000e+00 0.000000000000000000e+00 0.000000000000000000e+00 0.000000000000000000e+00 0.000000000000000000e+00 0.000000000000000000e+00 0.000000000000000000e+00 0.000000000000000000e+00 3.386666666666666731e-03 0.000000000000000000e+00 1.037333333333333336e-02 2.666666666666666794e-04 0.000000000000000000e+00 0.000000000000000000e+00 0.000000000000000000e+00 3.600000000000000227e-04 6.666666666666666986e-05 0.000000000000000000e+00 0.000000000000000000e+00 0.000000000000000000e+00 0.000000000000000000e+00 0.000000000000000000e+00 3.333333333333333222e-04 2.399999999999999790e-03 1.626666666666666669e-03 0.000000000000000000e+00 1.066666666666666664e-04 0.000000000000000000e+00 2.053333333333333226e-03 1.600000000000000131e-04 0.000000000000000000e+00 5.599999999999999509e-04
7.178666666666666529e-02 0.000000000000000000e+00 6.893333333333332910e-03 1.706666666666666662e-03 0.000000000000000000e+00 3.226666666666666745e-03 8.695999999999999563e-02 1.737200000000000133e-01 2.133333333333333327e-04 2.250666666666666788e-02 4.360000000000000160e-03 5.213333333333333708e-03 1.053333333333333422e-03 0.000000000000000000e+00 0.000000000000000000e+00 0.000000000000000000e+00 1.134666666666666636e-02 8.933333333333333274e-04 5.373333333333333260e-03 2.826666666666666564e-03 2.360000000000000119e-03 0.000000000000000000e+00 1.349333333333333287e-02 6.133333333333333519e-04 0.000000000000000000e+00 5.120000000000000419e-03 1.000000000000000021e-03 4.146666666666666556e-03 1.008933333333333349e-01 4.234666666666666440e-02 6.666666666666666986e-05 4.281333333333333518e-02 0.000000000000000000e+00 3.213333333333333233e-03 0.000000000000000000e+00 0.000000000000000000e+00 0.000000000000000000e+00 0.000000000000000000e+00 0.000000000000000000e+00 0.000000000000000000e+00 0.000000000000000000e+00 0.000000000000000000e+00 0.000000000000000000e+00 0.000000000000000000e+00 0.000000000000000000e+00 0.000000000000000000e+00 0.000000000000000000e+00 8.000000000000000654e-05 0.000000000000000000e+00 0.000000000000000000e+00 0.000000000000000000e+00 0.000000000000000000e+00 0.000000000000000000e+00 0.000000000000000000e+00 0.000000000000000000e+00 0.000000000000000000e+00 0.000000000000000000e+00 3.066666666666666759e-04 0.000000000000000000e+00 0.000000000000000000e+00 0.000000000000000000e+00 5.466666666666666549e-04 0.000000000000000000e+00 0.000000000000000000e+00 0.000000000000000000e+00 0.000000000000000000e+00 0.000000000000000000e+00 1.200000000000000030e-04
0.000000000000000000e+00 2.666666666666666794e-04 0.000000000000000000e+00 2.533333333333333292e-04 1.635999999999999954e-02 1.012000000000000052e-02 1.333333333333333397e-04 2.400000000000000061e-04 5.333333333333333589e-04 5.199999999999999544e-04 0.000000000000000000e+00 3.333333333333333222e-04 3.466666666666666724e-04 0.000000000000000000e+00 0.000000000000000000e+00 0.000000000000000000e+00 0.000000000000000000e+00 0.000000000000000000e+00 0.000000000000000000e+00 9.333333333333332967e-05 0.000000000000000000e+00 2.000000000000000096e-04 0.000000000000000000e+00 1.306666666666666697e-03 1.333333333333333397e-04 0.000000000000000000e+00 1.200000000000000030e-04 4.533333333333333117e-04 0.000000000000000000e+00 0.000000000000000000e+00 0.000000000000000000e+00 1.799999999999999951e-03 0.000000000000000000e+00 0.000000000000000000e+00 0.000000000000000000e+00 0.000000000000000000e+00 0.000000000000000000e+00 0.000000000000000000e+00 0.000000000000000000e+00 0.000000000000000000e+00 0.000000000000000000e+00 0.000000000000000000e+00 0.000000000000000000e+00 0.000000000000000000e+00 0.000000000000000000e+00 0.000000000000000000e+00 0.000000000000000000e+00 0.000000000000000000e+00 0.000000000000000000e+00 0.000000000000000000e+00 0.000000000000000000e+00 0.000000000000000000e+00 0.000000000000000000e+00 0.000000000000000000e+00 0.000000000000000000e+00 0.000000000000000000e+00 0.000000000000000000e+00 0.000000000000000000e+00 0.000000000000000000e+00 0.000000000000000000e+00 0.000000000000000000e+00 0.000000000000000000e+00 0.000000000000000000e+00 0.000000000000000000e+00 0.000000000000000000e+00 0.000000000000000000e+00 0.000000000000000000e+00 0.000000000000000000e+00
0.000000000000000000e+00 0.000000000000000000e+00 1.333333333333333397e-04 0.000000000000000000e+00 0.000000000000000000e+00 0.000000000000000000e+00 0.000000000000000000e+00 0.000000000000000000e+00 0.000000000000000000e+00 0.000000000000000000e+00 0.000000000000000000e+00 0.000000000000000000e+00 0.000000000000000000e+00 0.000000000000000000e+00 0.000000000000000000e+00 0.000000000000000000e+00 2.666666666666666794e-04 0.000000000000000000e+00 8.000000000000000654e-05 0.000000000000000000e+00 3.443999999999999839e-02 1.649333333333333207e-02 1.243200000000000000e-01 4.906666666666666815e-03 0.000000000000000000e+00 1.600000000000000131e-04 2.413333333333333303e-02 2.169333333333333183e-02 0.000000000000000000e+00 5.733333333333333554e-04 0.000000000000000000e+00 0.000000000000000000e+00 0.000000000000000000e+00 6.400000000000000524e-04 0.000000000000000000e+00 0.000000000000000000e+00 0.000000000000000000e+00 0.000000000000000000e+00 0.000000000000000000e+00 0.000000000000000000e+00 0.000000000000000000e+00 0.000000000000000000e+00 0.000000000000000000e+00 0.000000000000000000e+00 0.000000000000000000e+00 0.000000000000000000e+00 0.000000000000000000e+00 0.000000000000000000e+00 0.000000000000000000e+00 9.333333333333334106e-03 6.666666666666666986e-05 0.000000000000000000e+00 0.000000000000000000e+00 0.000000000000000000e+00 3.293333333333333442e-03 1.786666666666666655e-03 1.209333333333333267e-02 1.200000000000000030e-04 0.000000000000000000e+00 0.000000000000000000e+00 1.733333333333333362e-04 3.066666666666666759e-04 2.000000000000000096e-04 4.400000000000000157e-04 0.000000000000000000e+00 0.000000000000000000e+00 0.000000000000000000e+00 0.000000000000000000e+00
2.293333333333333422e-03 0.000000000000000000e+00 8.790666666666666074e-02 0.000000000000000000e+00 0.000000000000000000e+00 2.133333333333333327e-04 1.626666666666666669e-03 4.693333333333333211e-03 0.000000000000000000e+00 1.466666666666666629e-04 3.119999999999999944e-03 0.000000000000000000e+00 0.000000000000000000e+00 1.134666666666666636e-02 0.000000000000000000e+00 2.666666666666666794e-04 0.000000000000000000e+00 3.959999999999999978e-03 1.106133333333333274e-01 0.000000000000000000e+00 4.586666666666666843e-03 0.000000000000000000e+00 2.549333333333333312e-02 4.400000000000000157e-04 0.000000000000000000e+00 3.134666666666666851e-02 4.519999999999999712e-02 3.226666666666666745e-03 1.773333333333333359e-02 2.612000000000000086e-02 0.000000000000000000e+00 2.133333333333333327e-04 2.933333333333333257e-04 1.141333333333333262e-02 0.000000000000000000e+00 0.000000000000000000e+00 4.133333333333333477e-03 0.000000000000000000e+00 0.000000000000000000e+00 0.000000000000000000e+00 0.000000000000000000e+00 0.000000000000000000e+00 0.000000000000000000e+00 0.000000000000000000e+00 0.000000000000000000e+00 0.000000000000000000e+00 0.000000000000000000e+00 0.000000000000000000e+00 0.000000000000000000e+00 0.000000000000000000e+00 1.226666666666666704e-03 0.000000000000000000e+00 3.466666666666666724e-04 0.000000000000000000e+00 0.000000000000000000e+00 0.000000000000000000e+00 1.799999999999999951e-03 0.000000000000000000e+00 0.000000000000000000e+00 2.399999999999999790e-03 2.200000000000000133e-03 0.000000000000000000e+00 0.000000000000000000e+00 0.000000000000000000e+00 0.000000000000000000e+00 0.000000000000000000e+00 0.000000000000000000e+00 0.000000000000000000e+00
1.066666666666666664e-04 0.000000000000000000e+00 1.466666666666666629e-04 0.000000000000000000e+00 0.000000000000000000e+00 6.666666666666666986e-05 0.000000000000000000e+00 2.400000000000000061e-04 0.000000000000000000e+00 1.066666666666666664e-04 7.737333333333333563e-02 9.333333333333332967e-05 3.333333333333333222e-04 8.933333333333333274e-04 0.000000000000000000e+00 0.000000000000000000e+00 3.959999999999999978e-03 0.000000000000000000e+00 1.742666666666666669e-02 0.000000000000000000e+00 2.666666666666666794e-04 0.000000000000000000e+00 1.200000000000000030e-04 0.000000000000000000e+00 8.000000000000000654e-05 3.031999999999999973e-02 1.959999999999999937e-03 6.666666666666666986e-05 1.466666666666666683e-03 5.199999999999999544e-04 3.200000000000000262e-04 6.133333333333333519e-04 0.000000000000000000e+00 6.413333333333333386e-03 0.000000000000000000e+00 0.000000000000000000e+00 0.000000000000000000e+00 0.000000000000000000e+00 0.000000000000000000e+00 0.000000000000000000e+00 0.000000000000000000e+00 0.000000000000000000e+00 0.000000000000000000e+00 0.000000000000000000e+00 2.266666666666666558e-04 0.000000000000000000e+00 7.866666666666666339e-04 0.000000000000000000e+00 0.000000000000000000e+00 0.000000000000000000e+00 0.000000000000000000e+00 1.066666666666666664e-04 0.000000000000000000e+00 0.000000000000000000e+00 0.000000000000000000e+00 0.000000000000000000e+00 0.000000000000000000e+00 0.000000000000000000e+00 8.000000000000000654e-05 8.800000000000000313e-04 4.933333333333333624e-04 0.000000000000000000e+00 0.000000000000000000e+00 0.000000000000000000e+00 6.133333333333333519e-04 0.000000000000000000e+00 0.000000000000000000e+00 0.000000000000000000e+00
8.000000000000000383e-04 0.000000000000000000e+00 9.306666666666666213e-03 8.000000000000000654e-05 0.000000000000000000e+00 0.000000000000000000e+00 5.999999999999999474e-04 2.373333333333333198e-03 0.000000000000000000e+00 2.000000000000000096e-04 2.754666666666666722e-02 1.733333333333333362e-04 0.000000000000000000e+00 5.373333333333333260e-03 0.000000000000000000e+00 8.000000000000000654e-05 1.106133333333333274e-01 1.742666666666666669e-02 0.000000000000000000e+00 0.000000000000000000e+00 1.799999999999999951e-03 0.000000000000000000e+00 2.946666666666666878e-03 9.333333333333332967e-05 0.000000000000000000e+00 5.929333333333333678e-02 4.000000000000000083e-03 4.800000000000000122e-04 7.853333333333333693e-03 5.960000000000000020e-03 1.066666666666666664e-04 2.266666666666666558e-04 1.600000000000000131e-04 2.356000000000000108e-02 0.000000000000000000e+00 0.000000000000000000e+00 3.333333333333333222e-04 0.000000000000000000e+00 0.000000000000000000e+00 0.000000000000000000e+00 0.000000000000000000e+00 0.000000000000000000e+00 0.000000000000000000e+00 0.000000000000000000e+00 0.000000000000000000e+00 0.000000000000000000e+00 1.466666666666666629e-04 0.000000000000000000e+00 0.000000000000000000e+00 0.000000000000000000e+00 2.400000000000000061e-04 0.000000000000000000e+00 7.866666666666666339e-04 0.000000000000000000e+00 0.000000000000000000e+00 0.000000000000000000e+00 8.000000000000000654e-05 0.000000000000000000e+00 0.000000000000000000e+00 2.906666666666666773e-03 1.853333333333333352e-03 0.000000000000000000e+00 0.000000000000000000e+00 0.000000000000000000e+00 1.200000000000000030e-04 0.000000000000000000e+00 0.000000000000000000e+00 0.000000000000000000e+00
0.000000000000000000e+00 0.000000000000000000e+00 0.000000000000000000e+00 7.005333333333332857e-02 5.066666666666666584e-04 3.533333333333333205e-03 7.600000000000000418e-04 3.893333333333333281e-03 1.066666666666666664e-04 1.185866666666666736e-01 2.799999999999999755e-04 3.378666666666666624e-02 9.333333333333332967e-05 2.826666666666666564e-03 9.333333333333332967e-05 0.000000000000000000e+00 0.000000000000000000e+00 0.000000000000000000e+00 0.000000000000000000e+00 0.000000000000000000e+00 0.000000000000000000e+00 0.000000000000000000e+00 0.000000000000000000e+00 1.240000000000000000e-03 0.000000000000000000e+00 6.666666666666666986e-05 0.000000000000000000e+00 2.944000000000000089e-02 9.733333333333333203e-04 0.000000000000000000e+00 0.000000000000000000e+00 7.600000000000000418e-04 0.000000000000000000e+00 3.200000000000000262e-04 0.000000000000000000e+00 0.000000000000000000e+00 0.000000000000000000e+00 4.000000000000000192e-04 0.000000000000000000e+00 0.000000000000000000e+00 0.000000000000000000e+00 0.000000000000000000e+00 0.000000000000000000e+00 0.000000000000000000e+00 0.000000000000000000e+00 0.000000000000000000e+00 0.000000000000000000e+00 0.000000000000000000e+00 0.000000000000000000e+00 0.000000000000000000e+00 0.000000000000000000e+00 0.000000000000000000e+00 0.000000000000000000e+00 0.000000000000000000e+00 0.000000000000000000e+00 0.000000000000000000e+00 0.000000000000000000e+00 1.733333333333333362e-04 0.000000000000000000e+00 0.000000000000000000e+00 0.000000000000000000e+00 6.266666666666666479e-04 0.000000000000000000e+00 0.000000000000000000e+00 0.000000000000000000e+00 0.000000000000000000e+00 0.000000000000000000e+00 0.000000000000000000e+00
3.733333333333333187e-04 0.000000000000000000e+00 1.486666666666666692e-02 0.000000000000000000e+00 0.000000000000000000e+00 2.000000000000000096e-04 6.279999999999999992e-03 9.600000000000000243e-04 0.000000000000000000e+00 0.000000000000000000e+00 1.066666666666666664e-04 0.000000000000000000e+00 0.000000000000000000e+00 2.360000000000000119e-03 0.000000000000000000e+00 3.443999999999999839e-02 4.586666666666666843e-03 2.666666666666666794e-04 1.799999999999999951e-03 0.000000000000000000e+00 0.000000000000000000e+00 4.466666666666666528e-03 2.899599999999999955e-01 1.240000000000000000e-03 0.000000000000000000e+00 1.440000000000000091e-03 1.413333333333333282e-02 3.349333333333333329e-02 4.626666666666666948e-03 9.332000000000000017e-02 0.000000000000000000e+00 0.000000000000000000e+00 7.200000000000000453e-04 1.847999999999999990e-02 0.000000000000000000e+00 0.000000000000000000e+00 1.333333333333333397e-04 0.000000000000000000e+00 0.000000000000000000e+00 0.000000000000000000e+00 0.000000000000000000e+00 0.000000000000000000e+00 0.000000000000000000e+00 0.000000000000000000e+00 0.000000000000000000e+00 0.000000000000000000e+00 0.000000000000000000e+00 9.333333333333332967e-05 0.000000000000000000e+00 4.400000000000000265e-03 6.666666666666666986e-05 0.000000000000000000e+00 0.000000000000000000e+00 0.000000000000000000e+00 5.426666666666666444e-03 1.080000000000000014e-03 2.373333333333333198e-03 9.866666666666667248e-04 0.000000000000000000e+00 8.000000000000000654e-05 8.000000000000000654e-05 1.626666666666666669e-03 1.266666666666666592e-03 9.866666666666667248e-04 0.000000000000000000e+00 0.000000000000000000e+00 9.333333333333332967e-05 2.533333333333333292e-04
0.000000000000000000e+00 1.586666666666666564e-03 1.066666666666666664e-04 0.000000000000000000e+00 1.666666666666666774e-03 0.000000000000000000e+00 0.000000000000000000e+00 0.000000000000000000e+00 7.599999999999999985e-03 0.000000000000000000e+00 1.466666666666666629e-04 0.000000000000000000e+00 1.933333333333333345e-03 0.000000000000000000e+00 2.000000000000000096e-04 1.649333333333333207e-02 0.000000000000000000e+00 0.000000000000000000e+00 0.000000000000000000e+00 0.000000000000000000e+00 4.466666666666666528e-03 0.000000000000000000e+00 2.680000000000000090e-03 1.742666666666666669e-02 1.133333333333333415e-03 3.333333333333333222e-04 3.203999999999999904e-02 2.613333333333333394e-03 0.000000000000000000e+00 0.000000000000000000e+00 6.666666666666666986e-05 9.333333333333332967e-05 0.000000000000000000e+00 0.000000000000000000e+00 0.000000000000000000e+00 0.000000000000000000e+00 6.666666666666666986e-05 0.000000000000000000e+00 0.000000000000000000e+00 0.000000000000000000e+00 0.000000000000000000e+00 0.000000000000000000e+00 0.000000000000000000e+00 0.000000000000000000e+00 0.000000000000000000e+00 0.000000000000000000e+00 0.000000000000000000e+00 0.000000000000000000e+00 0.000000000000000000e+00 2.066666666666666739e-03 0.000000000000000000e+00 0.000000000000000000e+00 0.000000000000000000e+00 0.000000000000000000e+00 7.200000000000000453e-04 0.000000000000000000e+00 3.093333333333333351e-03 2.799999999999999755e-04 0.000000000000000000e+00 0.000000000000000000e+00 8.933333333333333274e-04 1.866666666666666593e-04 9.333333333333332967e-05 0.000000000000000000e+00 0.000000000000000000e+00 0.000000000000000000e+00 0.000000000000000000e+00 0.000000000000000000e+00
2.413333333333333303e-03 0.000000000000000000e+00 6.965333333333333099e-02 0.000000000000000000e+00 0.000000000000000000e+00 7.066666666666666409e-04 1.093333333333333310e-02 6.960000000000000041e-03 0.000000000000000000e+00 5.733333333333333554e-04 9.333333333333332967e-05 0.000000000000000000e+00 6.666666666666666986e-05 1.349333333333333287e-02 0.000000000000000000e+00 1.243200000000000000e-01 2.549333333333333312e-02 1.200000000000000030e-04 2.946666666666666878e-03 0.000000000000000000e+00 2.899599999999999955e-01 2.680000000000000090e-03 0.000000000000000000e+00 7.200000000000000453e-04 0.000000000000000000e+00 4.253333333333332925e-03 1.265733333333333432e-01 3.269333333333333119e-02 5.733333333333333337e-03 7.849333333333333163e-02 0.000000000000000000e+00 1.066666666666666664e-04 0.000000000000000000e+00 3.012000000000000094e-02 0.000000000000000000e+00 6.666666666666666986e-05 1.986666666666666529e-03 0.000000000000000000e+00 0.000000000000000000e+00 0.000000000000000000e+00 0.000000000000000000e+00 0.000000000000000000e+00 0.000000000000000000e+00 0.000000000000000000e+00 0.000000000000000000e+00 0.000000000000000000e+00 0.000000000000000000e+00 0.000000000000000000e+00 0.000000000000000000e+00 1.102666666666666725e-02 1.306666666666666697e-03 0.000000000000000000e+00 0.000000000000000000e+00 0.000000000000000000e+00 3.160000000000000048e-03 1.333333333333333289e-03 5.333333333333333676e-02 9.333333333333332967e-05 0.000000000000000000e+00 9.333333333333332967e-05 2.853333333333333156e-03 1.733333333333333362e-04 6.666666666666666986e-05 2.533333333333333292e-04 0.000000000000000000e+00 0.000000000000000000e+00 0.000000000000000000e+00 0.000000000000000000e+00
