0.000000 0.000000 86.628833 85.273402 0.000000 52.942671 28.581931 27.544506 70.245041 67.957412 97.065329 78.627408 0.000000 18.944559 0.000000 0.000000 93.497921 124.559874 108.175897 0.000000 75.732382 0.000000 78.959823 84.260069 0.000000 107.640847 142.195162 86.221506 23.148477 34.842561 0.000000 66.509910 50.081792 77.545068 0.000000 0.000000 0.000000 0.000000 0.000000 0.000000 0.000000 0.000000 0.000000 0.000000 0.000000 0.000000 0.000000 0.000000 0.000000 0.000000 0.000000 0.000000 0.000000 0.000000 0.000000 0.000000 0.000000 0.000000 0.000000 0.000000 0.000000 0.000000 0.000000 0.000000 0.000000 0.000000 0.000000 0.000000
0.000000 0.000000 45.937400 0.000000 129.636819 139.846253 0.000000 0.000000 62.515158 0.000000 70.857125 0.000000 58.829940 0.000000 105.984840 64.738837 53.446840 67.417157 65.691545 0.000000 0.000000 24.155162 91.368120 67.964566 30.466107 52.938978 50.211633 79.445280 0.000000 0.000000 66.924219 138.369525 0.000000 0.000000 0.000000 0.000000 0.000000 0.000000 0.000000 0.000000 0.000000 0.000000 0.000000 0.000000 0.000000 0.000000 107.757994 0.000000 0.000000 0.000000 0.000000 0.000000 0.000000 0.000000 0.000000 0.000000 0.000000 0.000000 0.000000 0.000000 0.000000 0.000000 0.000000 0.000000 0.000000 0.000000 0.000000 0.000000
86.628833 45.937400 0.000000 121.076353 0.000000 123.155625 88.667519 108.254481 0.000000 103.705908 101.961483 0.000000 0.000000 103.893195 0.000000 86.695839 44.984205 73.986515 56.238903 0.000000 62.029216 51.799259 32.189656 107.688146 0.000000 34.887108 40.106842 90.288157 103.807554 81.584552 0.000000 0.000000 0.000000 57.912079 0.000000 58.249143 97.898950 0.000000 0.000000 0.000000 0.000000 0.000000 0.000000 0.000000 0.000000 0.000000 0.000000 0.000000 0.000000 122.264659 109.361385 132.682075 109.771547 0.000000 142.297352 95.024312 99.372018 164.839200 0.000000 98.407945 100.181945 171.338642 0.000000 151.723452 139.005656 0.000000 0.000000 0.000000
85.273402 0.000000 121.076353 0.000000 126.307833 61.480994 71.466836 95.088133 66.963465 26.147462 142.819403 38.864753 0.000000 108.867718 106.479083 0.000000 172.899521 0.000000 0.000000 19.582983 107.082324 0.000000 115.686301 31.929045 0.000000 162.573905 127.946802 25.569514 111.877003 0.000000 0.000000 132.667421 0.000000 100.561797 0.000000 0.000000 0.000000 155.185323 0.000000 148.057232 155.719095 167.500450 0.000000 155.072083 0.000000 147.156885 0.000000 169.588418 0.000000 0.000000 0.000000 0.000000 0.000000 154.075125 0.000000 0.000000 0.000000 139.187020 0.000000 0.000000 0.000000 152.897804 192.229460 0.000000 0.000000 0.000000 0.000000 162.896272
0.000000 129.636819 0.000000 126.307833 0.000000 19.337819 109.897917 77.958852 72.362856 117.415846 175.854192 70.012286 192.479076 123.855508 22.933058 0.000000 0.000000 0.000000 188.448118 0.000000 0.000000 101.911701 0.000000 91.808302 161.784964 184.597591 175.703313 112.580314 135.101995 0.000000 197.496549 12.697888 0.000000 74.977784 0.000000 0.000000 0.000000 0.000000 0.000000 0.000000 0.000000 0.000000 0.000000 0.000000 0.000000 0.000000 0.000000 0.000000 0.000000 0.000000 0.000000 0.000000 0.000000 0.000000 0.000000 0.000000 0.000000 0.000000 0.000000 0.000000 0.000000 0.000000 0.000000 0.000000 0.000000 0.000000 0.000000 0.000000
52.942671 139.846253 123.155625 61.480994 19.337819 0.000000 50.426695 25.532218 73.829205 40.384009 86.959260 51.019032 146.869859 45.276856 26.825040 0.000000 139.355433 117.461407 163.859951 52.796570 103.339502 114.139498 117.451346 72.024262 0.000000 165.001642 160.877011 55.880084 57.946048 93.000294 0.000000 19.267704 0.000000 82.943942 0.000000 0.000000 0.000000 152.435771 0.000000 0.000000 162.715907 167.816475 73.213322 154.152997 0.000000 172.628793 0.000000 178.892569 0.000000 0.000000 0.000000 0.000000 0.000000 163.735920 0.000000 0.000000 0.000000 141.743296 0.000000 0.000000 0.000000 150.260948 189.290311 0.000000 0.000000 204.510924 0.000000 169.899768
28.581931 0.000000 88.667519 71.466836 109.897917 50.426695 0.000000 49.024817 61.440864 24.926352 123.326510 72.972976 143.764714 43.428630 91.649829 75.164446 89.064643 126.821970 104.452042 63.086934 61.310285 0.000000 77.349384 53.831136 0.000000 114.101388 113.852844 40.697677 56.614798 24.134388 0.000000 106.445156 62.187374 81.494104 0.000000 0.000000 163.674551 145.769550 0.000000 0.000000 0.000000 161.272441 0.000000 148.958137 0.000000 0.000000 0.000000 156.656972 0.000000 0.000000 0.000000 0.000000 0.000000 0.000000 0.000000 0.000000 147.793831 124.977601 0.000000 173.029029 171.956233 132.764342 160.009291 0.000000 0.000000 0.000000 0.000000 0.000000
27.544506 0.000000 108.254481 95.088133 77.958852 25.532218 49.024817 0.000000 77.569056 58.730727 88.358928 80.723441 110.252461 26.185492 70.437121 0.000000 118.196538 134.280851 132.120383 76.049654 87.681965 0.000000 102.166627 77.608217 0.000000 132.991603 153.679118 82.349010 45.441354 70.067120 0.000000 22.639590 0.000000 74.393992 148.477763 0.000000 0.000000 158.672844 0.000000 192.892476 158.003393 171.112962 85.222933 156.867667 0.000000 0.000000 0.000000 173.273651 0.000000 0.000000 0.000000 0.000000 222.458289 162.088444 0.000000 0.000000 0.000000 137.788533 0.000000 0.000000 0.000000 146.849343 179.013359 159.236502 0.000000 202.696226 0.000000 160.529549
70.245041 62.515158 0.000000 66.963465 72.362856 73.829205 61.440864 77.569056 0.000000 68.860095 129.257062 58.686014 122.684774 85.051355 51.487986 0.000000 154.319667 144.936177 134.617460 51.552642 67.722710 27.350491 118.910799 34.686704 97.655245 121.548609 114.502242 56.186843 83.915333 57.340980 136.105683 100.921905 70.097613 70.492145 0.000000 0.000000 0.000000 81.505248 0.000000 0.000000 89.824375 92.010895 0.000000 82.944592 145.839920 0.000000 0.000000 103.594887 0.000000 0.000000 0.000000 0.000000 0.000000 81.951952 0.000000 0.000000 0.000000 60.393106 0.000000 0.000000 0.000000 72.519751 100.817531 87.662225 0.000000 140.455445 0.000000 0.000000
67.957412 0.000000 103.705908 26.147462 117.415846 40.384009 24.926352 58.730727 68.860095 0.000000 134.853837 28.632363 155.117166 79.984074 101.779140 0.000000 147.285748 161.135759 153.819828 13.822763 82.375871 0.000000 98.581877 46.996266 0.000000 139.119383 122.461061 32.377838 102.518859 61.498328 167.246109 116.889548 0.000000 95.688501 0.000000 0.000000 0.000000 152.414040 0.000000 149.521982 150.985613 165.557001 102.639886 154.632899 211.588331 150.667510 0.000000 171.404599 0.000000 0.000000 0.000000 0.000000 0.000000 152.542337 0.000000 0.000000 0.000000 136.065177 0.000000 223.753064 0.000000 152.003557 189.789882 0.000000 0.000000 199.281572 0.000000 164.413439
97.065329 70.857125 101.961483 142.819403 175.854192 86.959260 123.326510 88.358928 129.257062 134.853837 0.000000 139.030576 26.493924 79.645126 151.952322 0.000000 70.247359 22.901863 21.940420 125.235299 0.000000 97.497121 127.832728 135.291350 36.651862 24.312742 39.543045 139.584165 64.187120 115.524027 34.048366 55.690777 81.159537 19.566049 0.000000 96.057807 0.000000 0.000000 0.000000 0.000000 0.000000 198.043114 167.855044 0.000000 81.663120 0.000000 85.706528 180.177603 0.000000 0.000000 0.000000 102.806386 0.000000 0.000000 0.000000 117.176347 0.000000 174.276660 70.152372 96.743117 105.118184 209.169425 136.080778 0.000000 100.485466 0.000000 0.000000 120.968205
78.627408 0.000000 0.000000 38.864753 70.012286 51.019032 72.972976 80.723441 58.686014 28.632363 139.030576 0.000000 159.261658 95.177081 74.805417 0.000000 0.000000 158.211154 178.671226 11.970205 0.000000 0.000000 0.000000 31.532355 0.000000 166.276178 160.192090 43.306667 104.001312 0.000000 0.000000 114.402281 0.000000 98.460429 0.000000 0.000000 0.000000 145.680360 0.000000 126.175163 161.387192 0.000000 128.253035 145.774917 0.000000 131.139664 0.000000 158.653399 0.000000 0.000000 0.000000 0.000000 0.000000 140.780290 0.000000 0.000000 0.000000 146.953254 0.000000 0.000000 0.000000 146.459490 0.000000 0.000000 0.000000 0.000000 0.000000 0.000000
0.000000 58.829940 0.000000 0.000000 192.479076 146.869859 143.764714 110.252461 122.684774 155.117166 26.493924 159.261658 0.000000 94.082306 163.621608 0.000000 93.351052 46.054578 62.332871 0.000000 0.000000 85.938292 0.000000 128.697320 25.916747 30.025282 26.289222 164.055664 73.383676 0.000000 19.336289 76.240313 0.000000 38.665060 0.000000 91.051973 0.000000 0.000000 0.000000 0.000000 0.000000 0.000000 166.111956 0.000000 75.047976 0.000000 80.579414 122.105209 0.000000 0.000000 0.000000 105.487518 0.000000 0.000000 0.000000 118.918400 0.000000 168.552214 53.185007 87.086174 92.364629 0.000000 112.953260 0.000000 92.182068 0.000000 0.000000 89.210645
18.944559 0.000000 103.893195 108.867718 123.855508 45.276856 43.428630 26.185492 85.051355 79.984074 79.645126 95.177081 94.082306 0.000000 109.736884 0.000000 113.762144 115.594306 127.179936 93.877681 79.986777 0.000000 97.477437 94.474086 100.895435 128.253567 147.440050 98.003898 34.018329 66.125573 115.032774 25.056309 0.000000 61.416813 155.849070 0.000000 0.000000 176.795142 0.000000 0.000000 168.360732 188.059999 105.667836 167.407426 171.452511 0.000000 0.000000 182.614889 0.000000 0.000000 0.000000 0.000000 0.000000 0.000000 149.480527 0.000000 0.000000 148.801546 0.000000 209.179835 212.645440 153.788705 187.175740 159.015633 0.000000 216.884235 0.000000 168.116399
0.000000 105.984840 0.000000 106.479083 22.933058 26.825040 91.649829 70.437121 51.487986 101.779140 151.952322 74.805417 163.621608 109.736884 0.000000 0.000000 0.000000 0.000000 171.909649 0.000000 0.000000 77.188341 0.000000 67.456489 137.544440 163.049963 155.285587 93.173826 109.376105 0.000000 167.578543 40.620807 0.000000 0.000000 0.000000 0.000000 0.000000 0.000000 0.000000 0.000000 0.000000 0.000000 0.000000 0.000000 0.000000 0.000000 0.000000 0.000000 0.000000 0.000000 0.000000 0.000000 0.000000 0.000000 0.000000 0.000000 0.000000 0.000000 0.000000 0.000000 0.000000 0.000000 0.000000 0.000000 0.000000 0.000000 0.000000 0.000000
0.000000 64.738837 86.695839 0.000000 0.000000 0.000000 75.164446 0.000000 0.000000 0.000000 0.000000 0.000000 0.000000 0.000000 0.000000 0.000000 102.358275 0.000000 111.098554 0.000000 19.544251 35.610048 24.608809 16.780877 0.000000 96.196940 31.957564 24.251799 0.000000 74.347823 0.000000 0.000000 0.000000 80.163550 0.000000 0.000000 122.836906 0.000000 0.000000 0.000000 0.000000 0.000000 0.000000 0.000000 0.000000 0.000000 0.000000 0.000000 0.000000 97.527696 136.115058 0.000000 0.000000 0.000000 118.366975 45.192792 106.006664 123.458941 0.000000 0.000000 100.458952 115.519733 0.000000 113.209355 0.000000 0.000000 0.000000 0.000000
93.497921 53.446840 44.984205 172.899521 0.000000 139.355433 89.064643 118.196538 154.319667 147.285748 70.247359 0.000000 93.351052 113.762144 0.000000 102.358275 0.000000 51.653083 26.816764 0.000000 64.439684 76.869251 38.765168 133.386425 0.000000 28.927088 70.914092 122.286509 101.610582 64.986317 87.661481 149.850151 82.573003 27.118801 0.000000 69.349469 106.737871 0.000000 0.000000 0.000000 0.000000 0.000000 0.000000 0.000000 0.000000 0.000000 0.000000 0.000000 0.000000 142.792171 112.274390 137.626407 116.118387 0.000000 162.349419 0.000000 122.766135 178.764697 0.000000 104.387978 110.563815 175.557016 0.000000 155.181281 0.000000 0.000000 0.000000 0.000000
124.559874 67.417157 73.986515 0.000000 0.000000 117.461407 126.821970 134.280851 144.936177 161.135759 22.901863 158.211154 46.054578 115.594306 0.000000 0.000000 51.653083 0.000000 19.168445 0.000000 112.123477 91.041688 94.700342 148.644795 42.040137 33.014082 60.104119 158.851412 113.584227 110.664693 46.869624 80.807646 0.000000 43.316494 0.000000 84.602428 133.253841 0.000000 0.000000 0.000000 0.000000 0.000000 0.000000 0.000000 90.313271 0.000000 88.600134 0.000000 0.000000 0.000000 0.000000 0.000000 125.718521 0.000000 0.000000 0.000000 0.000000 0.000000 68.246810 102.060120 109.390657 0.000000 0.000000 0.000000 99.972650 0.000000 0.000000 0.000000
108.175897 65.691545 56.238903 0.000000 188.448118 163.859951 104.452042 132.120383 134.617460 153.819828 21.940420 178.671226 62.332871 127.179936 171.909649 111.098554 26.816764 19.168445 0.000000 0.000000 86.975939 93.017009 74.396645 137.941199 53.474385 32.798473 70.086962 140.122990 113.115138 92.333211 59.711681 96.957961 94.792304 37.619397 0.000000 66.789639 121.182487 0.000000 0.000000 0.000000 0.000000 0.000000 0.000000 0.000000 109.859042 0.000000 114.153973 0.000000 0.000000 151.606096 122.206917 114.067510 114.473148 0.000000 0.000000 156.124371 0.000000 188.565948 80.374869 105.351175 110.223478 202.595402 0.000000 0.000000 120.509002 0.000000 0.000000 0.000000
0.000000 0.000000 0.000000 19.582983 0.000000 52.796570 63.086934 76.049654 51.552642 13.822763 125.235299 11.970205 0.000000 93.877681 0.000000 0.000000 0.000000 0.000000 0.000000 0.000000 0.000000 0.000000 0.000000 29.375362 0.000000 0.000000 0.000000 24.457445 106.983248 0.000000 0.000000 110.871724 0.000000 0.000000 0.000000 0.000000 0.000000 137.968724 0.000000 122.499753 0.000000 0.000000 0.000000 142.281788 0.000000 123.886415 0.000000 0.000000 0.000000 0.000000 0.000000 0.000000 0.000000 135.707959 0.000000 0.000000 0.000000 145.261452 0.000000 0.000000 0.000000 140.758679 0.000000 0.000000 0.000000 0.000000 0.000000 0.000000
75.732382 0.000000 62.029216 107.082324 0.000000 103.339502 61.310285 87.681965 67.722710 82.375871 0.000000 0.000000 0.000000 79.986777 0.000000 19.544251 64.439684 112.123477 86.975939 0.000000 0.000000 55.575636 42.157332 18.822635 0.000000 88.732637 60.318985 29.008924 79.148863 41.269876 0.000000 0.000000 77.433952 54.620139 0.000000 0.000000 136.108910 0.000000 0.000000 0.000000 0.000000 0.000000 85.300208 0.000000 0.000000 0.000000 0.000000 0.000000 0.000000 111.743003 151.982429 0.000000 0.000000 0.000000 125.529094 65.726315 126.794940 123.880192 0.000000 0.000000 145.813030 123.251977 143.805757 119.636123 0.000000 0.000000 0.000000 128.992179
0.000000 24.155162 51.799259 0.000000 101.911701 114.139498 0.000000 0.000000 27.350491 0.000000 97.497121 0.000000 85.938292 0.000000 77.188341 35.610048 76.869251 91.041688 93.017009 0.000000 55.575636 0.000000 53.249850 38.473410 63.224111 83.713407 39.684347 52.306642 101.946405 52.830969 92.768465 118.880876 0.000000 90.542879 0.000000 0.000000 0.000000 0.000000 0.000000 0.000000 0.000000 0.000000 0.000000 0.000000 0.000000 0.000000 0.000000 0.000000 0.000000 45.041142 0.000000 0.000000 0.000000 0.000000 0.000000 0.000000 68.222953 0.000000 0.000000 0.000000 68.904744 0.000000 0.000000 0.000000 0.000000 0.000000 0.000000 0.000000
78.959823 91.368120 32.189656 115.686301 0.000000 117.451346 77.349384 102.166627 118.910799 98.581877 127.832728 0.000000 0.000000 97.477437 0.000000 24.608809 38.765168 94.700342 74.396645 0.000000 42.157332 53.249850 0.000000 61.492740 0.000000 65.545820 47.047138 58.670343 86.911721 47.783597 0.000000 0.000000 0.000000 30.465088 0.000000 70.652402 105.650269 0.000000 0.000000 0.000000 170.266731 0.000000 0.000000 0.000000 0.000000 0.000000 0.000000 0.000000 0.000000 102.449841 122.850810 0.000000 146.056428 0.000000 130.761921 62.776672 111.908979 151.513110 0.000000 130.996923 107.046464 158.075338 0.000000 133.434045 0.000000 0.000000 0.000000 0.000000
84.260069 67.964566 107.688146 31.929045 91.808302 72.024262 53.831136 77.608217 34.686704 46.996266 135.291350 31.532355 128.697320 94.474086 67.456489 16.780877 133.386425 148.644795 137.941199 29.375362 18.822635 38.473410 61.492740 0.000000 104.368423 126.763173 82.369829 24.969958 93.389659 68.148918 137.225741 107.748924 73.020902 85.784342 116.496545 0.000000 153.245269 124.935604 0.000000 147.928133 113.603683 139.846159 62.482199 120.189507 176.650823 141.462122 184.036418 139.053458 0.000000 101.660362 0.000000 0.000000 179.278035 129.568228 115.070010 0.000000 138.939411 103.728454 0.000000 190.370728 154.727006 113.380469 138.458377 113.888913 0.000000 173.805224 0.000000 124.828662
0.000000 30.466107 0.000000 0.000000 161.784964 0.000000 0.000000 0.000000 97.655245 0.000000 36.651862 0.000000 25.916747 100.895435 137.544440 0.000000 0.000000 42.040137 53.474385 0.000000 0.000000 63.224111 0.000000 104.368423 0.000000 41.255461 31.666093 0.000000 58.759562 0.000000 40.674213 72.289067 0.000000 36.773221 0.000000 0.000000 0.000000 0.000000 0.000000 0.000000 0.000000 0.000000 0.000000 0.000000 70.338226 0.000000 55.134934 0.000000 0.000000 0.000000 0.000000 0.000000 0.000000 0.000000 0.000000 0.000000 0.000000 0.000000 22.598579 60.873326 62.209697 0.000000 83.634107 0.000000 61.588629 0.000000 0.000000 0.000000
107.640847 52.938978 34.887108 162.573905 184.597591 165.001642 114.101388 132.991603 121.548609 139.119383 24.312742 166.276178 30.025282 128.253567 163.049963 96.196940 28.927088 33.014082 32.798473 0.000000 88.732637 83.713407 65.545820 126.763173 41.255461 0.000000 46.552849 132.222834 120.638116 103.595131 30.688248 120.923679 116.643220 52.806893 0.000000 64.613462 107.674348 0.000000 0.000000 0.000000 0.000000 0.000000 0.000000 0.000000 99.822951 0.000000 95.499350 187.095712 0.000000 147.356711 107.534775 109.730113 108.193998 0.000000 0.000000 136.447836 162.702377 181.250982 65.453881 97.872396 103.697040 189.781418 166.877836 0.000000 101.526434 0.000000 0.000000 0.000000
142.195162 50.211633 40.106842 127.946802 175.703313 160.877011 113.852844 153.679118 114.502242 122.461061 39.543045 160.192090 26.289222 147.440050 155.285587 31.957564 70.914092 60.104119 70.086962 0.000000 60.318985 39.684347 47.047138 82.369829 31.666093 46.552849 0.000000 74.993276 145.183657 110.177750 27.079956 187.268210 0.000000 66.646935 0.000000 58.709285 96.063899 0.000000 0.000000 0.000000 173.453837 0.000000 0.000000 0.000000 97.215000 0.000000 94.016306 0.000000 0.000000 97.317598 113.540169 114.131541 121.138521 0.000000 129.192457 55.794348 99.049765 163.283044 58.126502 96.354166 96.528978 161.367002 0.000000 165.976461 100.067420 0.000000 0.000000 0.000000
86.221506 79.445280 90.288157 25.569514 112.580314 55.880084 40.697677 82.349010 56.186843 32.377838 139.584165 43.306667 164.055664 98.003898 93.173826 24.251799 122.286509 158.851412 140.122990 24.457445 29.008924 52.306642 58.670343 24.969958 0.000000 132.222834 74.993276 0.000000 98.535788 55.643624 0.000000 123.633274 71.190746 77.980611 131.222623 113.264779 163.656804 150.728151 0.000000 150.097556 145.563561 158.193796 69.323425 151.478820 193.174866 147.416248 0.000000 155.290810 0.000000 113.194716 164.741069 0.000000 203.226763 152.038030 122.656490 0.000000 144.009970 119.467141 0.000000 196.518747 160.679841 139.137544 149.905510 123.223239 0.000000 192.750325 130.086903 135.991135
23.148477 0.000000 103.807554 111.877003 135.101995 57.946048 56.614798 45.441354 83.915333 102.518859 64.187120 104.001312 73.383676 34.018329 109.376105 0.000000 101.610582 113.584227 113.115138 106.983248 79.148863 101.946405 86.911721 93.389659 58.759562 120.638116 145.183657 98.535788 0.000000 37.758314 104.408542 17.604533 25.914818 29.189179 154.236650 0.000000 0.000000 182.849705 0.000000 0.000000 170.830917 182.905916 92.443585 182.433080 178.784336 0.000000 108.125596 182.456283 0.000000 0.000000 0.000000 0.000000 0.000000 0.000000 142.486598 0.000000 0.000000 144.936648 0.000000 171.324860 180.675487 147.582724 179.378765 155.718561 0.000000 208.744830 0.000000 153.627995
34.842561 0.000000 81.584552 0.000000 0.000000 93.000294 24.134388 70.067120 57.340980 61.498328 115.524027 0.000000 0.000000 66.125573 0.000000 74.347823 64.986317 110.664693 92.333211 0.000000 41.269876 52.830969 47.783597 68.148918 0.000000 103.595131 110.177750 55.643624 37.758314 0.000000 0.000000 105.127488 23.436183 37.640620 0.000000 0.000000 155.405850 0.000000 0.000000 0.000000 0.000000 0.000000 59.983971 0.000000 0.000000 0.000000 0.000000 163.056161 0.000000 108.422524 153.564719 0.000000 0.000000 0.000000 121.295996 0.000000 121.912445 117.149518 0.000000 177.241968 151.318330 116.043981 142.670318 115.814393 0.000000 0.000000 0.000000 127.225508
0.000000 66.924219 0.000000 0.000000 197.496549 0.000000 0.000000 0.000000 136.105683 167.246109 34.048366 0.000000 19.336289 115.032774 167.578543 0.000000 87.661481 46.869624 59.711681 0.000000 0.000000 92.768465 0.000000 137.225741 40.674213 30.688248 27.079956 0.000000 104.408542 0.000000 0.000000 108.045407 0.000000 60.737148 0.000000 107.182863 0.000000 0.000000 0.000000 0.000000 0.000000 0.000000 0.000000 0.000000 94.041762 0.000000 91.292466 0.000000 0.000000 0.000000 0.000000 106.224167 0.000000 0.000000 0.000000 0.000000 0.000000 212.250435 65.405581 95.624921 100.016303 0.000000 128.142174 0.000000 99.533420 0.000000 0.000000 0.000000
66.509910 138.369525 0.000000 132.667421 12.697888 19.267704 106.445156 22.639590 100.921905 116.889548 55.690777 114.402281 76.240313 25.056309 40.620807 0.000000 149.850151 80.807646 96.957961 110.871724 0.000000 118.880876 0.000000 107.748924 72.289067 120.923679 187.268210 123.633274 17.604533 105.127488 108.045407 0.000000 0.000000 13.085400 0.000000 0.000000 0.000000 0.000000 0.000000 0.000000 0.000000 194.829573 0.000000 194.228946 0.000000 0.000000 97.315612 214.026815 0.000000 0.000000 0.000000 0.000000 0.000000 0.000000 0.000000 0.000000 0.000000 171.132030 0.000000 0.000000 0.000000 175.193876 207.544539 0.000000 0.000000 0.000000 0.000000 189.198779
50.081792 0.000000 0.000000 0.000000 0.000000 0.000000 62.187374 0.000000 70.097613 0.000000 81.159537 0.000000 0.000000 0.000000 0.000000 0.000000 82.573003 0.000000 94.792304 0.000000 77.433952 0.000000 0.000000 73.020902 0.000000 116.643220 0.000000 71.190746 25.914818 23.436183 0.000000 0.000000 0.000000 52.916547 0.000000 0.000000 0.000000 0.000000 0.000000 0.000000 0.000000 0.000000 0.000000 0.000000 0.000000 0.000000 0.000000 0.000000 0.000000 0.000000 0.000000 0.000000 0.000000 0.000000 109.392126 0.000000 0.000000 117.490099 0.000000 0.000000 0.000000 126.538859 153.342235 0.000000 0.000000 0.000000 0.000000 0.000000
77.545068 0.000000 57.912079 100.561797 74.977784 82.943942 81.494104 74.393992 70.492145 95.688501 19.566049 98.460429 38.665060 61.416813 0.000000 80.163550 27.118801 43.316494 37.619397 0.000000 54.620139 90.542879 30.465088 85.784342 36.773221 52.806893 66.646935 77.980611 29.189179 37.640620 60.737148 13.085400 52.916547 0.000000 0.000000 0.000000 0.000000 0.000000 0.000000 0.000000 0.000000 192.234541 0.000000 0.000000 74.720829 0.000000 87.624544 161.682410 0.000000 0.000000 0.000000 0.000000 0.000000 0.000000 0.000000 0.000000 0.000000 130.117543 0.000000 114.905961 116.179268 135.802127 158.607430 137.116164 104.485320 0.000000 0.000000 143.452559
0.000000 0.000000 0.000000 0.000000 0.000000 0.000000 0.000000 148.477763 0.000000 0.000000 0.000000 0.000000 0.000000 155.849070 0.000000 0.000000 0.000000 0.000000 0.000000 0.000000 0.000000 0.000000 0.000000 116.496545 0.000000 0.000000 0.000000 131.222623 154.236650 0.000000 0.000000 0.000000 0.000000 0.000000 0.000000 0.000000 96.066294 84.602231 0.000000 71.730653 25.740090 37.646189 68.625102 69.415539 85.172035 77.015135 97.693665 19.857465 0.000000 0.000000 88.667239 111.930189 109.287924 78.335333 65.906916 0.000000 0.000000 84.988320 0.000000 113.610658 126.431412 83.466397 33.244845 36.967398 0.000000 75.851121 45.242490 62.067294
0.000000 0.000000 58.249143 0.000000 0.000000 0.000000 0.000000 0.000000 0.000000 0.000000 96.057807 0.000000 91.051973 0.000000 0.000000 0.000000 69.349469 84.602428 66.789639 0.000000 0.000000 0.000000 70.652402 0.000000 0.000000 64.613462 58.709285 113.264779 0.000000 0.000000 107.182863 0.000000 0.000000 0.000000 0.000000 0.000000 39.862708 0.000000 140.335578 142.439075 0.000000 168.503378 74.387210 0.000000 81.556110 0.000000 57.070719 0.000000 92.722246 68.423290 54.910346 87.409023 48.522051 0.000000 0.000000 19.369796 63.846741 87.382311 24.655420 45.144067 39.786123 115.942655 0.000000 0.000000 65.788337 153.275166 0.000000 95.880632
0.000000 0.000000 97.898950 0.000000 0.000000 0.000000 163.674551 0.000000 0.000000 0.000000 0.000000 0.000000 0.000000 0.000000 0.000000 122.836906 106.737871 133.253841 121.182487 0.000000 136.108910 0.000000 105.650269 153.245269 0.000000 107.674348 96.063899 163.656804 0.000000 155.405850 0.000000 0.000000 0.000000 0.000000 96.066294 39.862708 0.000000 129.408854 0.000000 132.839112 94.285951 109.286584 144.785604 120.354398 87.882771 0.000000 94.335091 107.471776 0.000000 94.098260 47.728910 77.491573 51.569613 134.079697 68.336082 51.050953 29.867671 94.999506 0.000000 33.515444 37.575299 91.811449 123.401809 88.363428 91.786040 0.000000 0.000000 57.808911
0.000000 0.000000 0.000000 155.185323 0.000000 152.435771 145.769550 158.672844 81.505248 152.414040 0.000000 145.680360 0.000000 176.795142 0.000000 0.000000 0.000000 0.000000 0.000000 137.968724 0.000000 0.000000 0.000000 124.935604 0.000000 0.000000 0.000000 150.728151 182.849705 0.000000 0.000000 0.000000 0.000000 0.000000 84.602231 0.000000 129.408854 0.000000 117.749545 74.264384 54.652751 109.389661 65.876777 22.207664 158.243510 35.725988 176.140813 107.710260 89.704247 0.000000 0.000000 0.000000 161.154648 26.736289 0.000000 0.000000 114.946583 34.369273 0.000000 156.160852 0.000000 29.330992 112.890648 0.000000 0.000000 135.453596 0.000000 97.415531
0.000000 0.000000 0.000000 0.000000 0.000000 0.000000 0.000000 0.000000 0.000000 0.000000 0.000000 0.000000 0.000000 0.000000 0.000000 0.000000 0.000000 0.000000 0.000000 0.000000 0.000000 0.000000 0.000000 0.000000 0.000000 0.000000 0.000000 0.000000 0.000000 0.000000 0.000000 0.000000 0.000000 0.000000 0.000000 140.335578 0.000000 117.749545 0.000000 18.591109 113.710817 28.325142 59.149034 112.788205 30.826265 101.386520 130.116947 126.719974 29.515108 0.000000 0.000000 0.000000 0.000000 111.331376 0.000000 115.106375 0.000000 110.644926 173.166955 178.712210 177.169644 109.222015 137.769123 0.000000 204.720432 11.235220 0.000000 14.931834
0.000000 0.000000 0.000000 148.057232 0.000000 0.000000 0.000000 192.892476 0.000000 149.521982 0.000000 126.175163 0.000000 0.000000 0.000000 0.000000 0.000000 0.000000 0.000000 122.499753 0.000000 0.000000 0.000000 147.928133 0.000000 0.000000 0.000000 150.097556 0.000000 0.000000 0.000000 0.000000 0.000000 0.000000 71.730653 142.439075 132.839112 74.264384 18.591109 0.000000 45.147630 23.229726 82.689475 35.133120 74.238978 49.824235 139.920419 66.169030 28.379507 0.000000 0.000000 113.528996 144.053088 64.787352 0.000000 114.485697 116.227255 101.290481 171.429271 166.957207 176.913465 64.420494 89.495909 105.578949 0.000000 25.373693 0.000000 65.960664
0.000000 0.000000 0.000000 155.719095 0.000000 162.715907 0.000000 158.003393 89.824375 150.985613 0.000000 161.387192 0.000000 168.360732 0.000000 0.000000 0.000000 0.000000 0.000000 0.000000 0.000000 0.000000 170.266731 113.603683 0.000000 0.000000 173.453837 145.563561 170.830917 0.000000 0.000000 0.000000 0.000000 0.000000 25.740090 0.000000 94.285951 54.652751 113.710817 45.147630 0.000000 46.835686 70.115661 31.234406 118.031949 87.451909 148.132601 42.419446 0.000000 0.000000 94.921049 122.390344 113.208076 58.259765 77.546021 0.000000 86.956317 56.246473 0.000000 110.795870 122.518251 39.531738 64.581273 28.978386 148.684174 115.469000 82.992621 81.316215
0.000000 0.000000 0.000000 167.500450 0.000000 167.816475 161.272441 171.112962 92.010895 165.557001 198.043114 0.000000 0.000000 188.059999 0.000000 0.000000 0.000000 0.000000 0.000000 0.000000 0.000000 0.000000 0.000000 139.846159 0.000000 0.000000 0.000000 158.193796 182.905916 0.000000 0.000000 194.829573 0.000000 192.234541 37.646189 168.503378 109.286584 109.389661 28.325142 23.229726 46.835686 0.000000 88.545987 58.136208 72.246375 82.511232 90.350150 24.964670 45.854474 0.000000 116.240973 120.286300 126.435379 85.662428 104.855044 127.787215 111.882346 109.600285 0.000000 123.770506 162.179258 97.233642 41.403894 75.314433 123.032757 27.223139 0.000000 61.094464
0.000000 0.000000 0.000000 0.000000 0.000000 73.213322 0.000000 85.222933 0.000000 102.639886 167.855044 128.253035 166.111956 105.667836 0.000000 0.000000 0.000000 0.000000 0.000000 0.000000 85.300208 0.000000 0.000000 62.482199 0.000000 0.000000 0.000000 69.323425 92.443585 59.983971 0.000000 0.000000 0.000000 0.000000 68.625102 74.387210 144.785604 65.876777 59.149034 82.689475 70.115661 88.545987 0.000000 70.424921 138.030415 67.780868 133.464174 86.488835 25.434766 43.442353 102.374624 150.011584 142.182331 74.549535 57.987763 47.372859 0.000000 39.340805 104.308089 132.673637 118.381133 56.692727 84.395239 64.218643 139.267166 117.563077 70.850183 72.743120
0.000000 0.000000 0.000000 155.072083 0.000000 154.152997 148.958137 156.867667 82.944592 154.632899 0.000000 145.774917 0.000000 167.407426 0.000000 0.000000 0.000000 0.000000 0.000000 142.281788 0.000000 0.000000 0.000000 120.189507 0.000000 0.000000 0.000000 151.478820 182.433080 0.000000 0.000000 194.228946 0.000000 0.000000 69.415539 0.000000 120.354398 22.207664 112.788205 35.133120 31.234406 58.136208 70.424921 0.000000 137.228145 30.822263 151.018295 88.613804 82.306937 0.000000 129.189822 150.149139 153.596535 18.649048 113.210925 0.000000 114.659063 51.369957 0.000000 141.801647 157.222645 39.367863 104.666051 97.565547 165.963583 118.797961 0.000000 88.054272
0.000000 0.000000 0.000000 0.000000 0.000000 0.000000 0.000000 0.000000 145.839920 211.588331 81.663120 0.000000 75.047976 171.452511 0.000000 0.000000 0.000000 90.313271 109.859042 0.000000 0.000000 0.000000 0.000000 176.650823 70.338226 99.822951 97.215000 193.174866 178.784336 0.000000 94.041762 0.000000 0.000000 74.720829 85.172035 81.556110 87.882771 158.243510 30.826265 74.238978 118.031949 72.246375 138.030415 137.228145 0.000000 137.539184 26.275546 74.291321 0.000000 0.000000 54.593511 21.363411 25.656020 139.742444 72.197710 0.000000 91.608314 141.022840 32.470891 28.598858 51.125476 137.345921 53.972233 96.790373 27.134548 35.929822 0.000000 27.212452
0.000000 0.000000 0.000000 147.156885 0.000000 172.628793 0.000000 0.000000 0.000000 150.667510 0.000000 131.139664 0.000000 0.000000 0.000000 0.000000 0.000000 0.000000 0.000000 123.886415 0.000000 0.000000 0.000000 141.462122 0.000000 0.000000 0.000000 147.416248 0.000000 0.000000 0.000000 0.000000 0.000000 0.000000 77.015135 0.000000 0.000000 35.725988 101.386520 49.824235 87.451909 82.511232 67.780868 30.822263 137.539184 0.000000 148.051336 95.008482 71.810417 0.000000 0.000000 147.014809 149.485970 15.321284 0.000000 0.000000 0.000000 39.298141 0.000000 154.421255 171.984384 49.720775 110.611106 0.000000 171.264125 120.911617 0.000000 85.021534
0.000000 107.757994 0.000000 0.000000 0.000000 0.000000 0.000000 0.000000 0.000000 0.000000 85.706528 0.000000 80.579414 0.000000 0.000000 0.000000 0.000000 88.600134 114.153973 0.000000 0.000000 0.000000 0.000000 184.036418 55.134934 95.499350 94.016306 0.000000 108.125596 0.000000 91.292466 97.315612 0.000000 87.624544 97.693665 57.070719 94.335091 176.140813 130.116947 139.920419 148.132601 90.350150 133.464174 151.018295 26.275546 148.051336 0.000000 83.488235 155.362779 114.819877 115.982924 51.493018 76.250863 149.986107 0.000000 82.129707 124.944177 140.940398 22.597637 32.925065 32.929529 163.117191 68.877788 134.852792 22.848098 72.162405 0.000000 48.004718
0.000000 0.000000 0.000000 169.588418 0.000000 178.892569 156.656972 173.273651 103.594887 171.404599 180.177603 158.653399 122.105209 182.614889 0.000000 0.000000 0.000000 0.000000 0.000000 0.000000 0.000000 0.000000 0.000000 139.053458 0.000000 187.095712 0.000000 155.290810 182.456283 163.056161 0.000000 214.026815 0.000000 161.682410 19.857465 0.000000 107.471776 107.710260 126.719974 66.169030 42.419446 24.964670 86.488835 88.613804 74.291321 95.008482 83.488235 0.000000 64.736749 0.000000 110.427863 105.680530 119.779456 96.977203 103.439814 0.000000 106.823296 99.338449 91.833235 121.310178 121.963138 96.739449 31.938684 65.323459 115.881856 19.335932 0.000000 37.914478
0.000000 0.000000 0.000000 0.000000 0.000000 0.000000 0.000000 0.000000 0.000000 0.000000 0.000000 0.000000 0.000000 0.000000 0.000000 0.000000 0.000000 0.000000 0.000000 0.000000 0.000000 0.000000 0.000000 0.000000 0.000000 0.000000 0.000000 0.000000 0.000000 0.000000 0.000000 0.000000 0.000000 0.000000 0.000000 92.722246 0.000000 89.704247 29.515108 28.379507 0.000000 45.854474 25.434766 82.306937 0.000000 71.810417 155.362779 64.736749 0.000000 0.000000 0.000000 0.000000 0.000000 65.494790 0.000000 63.540020 0.000000 74.216846 115.054125 131.381273 128.733592 78.781826 113.381119 0.000000 147.441080 43.373943 0.000000 0.000000
0.000000 0.000000 122.264659 0.000000 0.000000 0.000000 0.000000 0.000000 0.000000 0.000000 0.000000 0.000000 0.000000 0.000000 0.000000 97.527696 142.792171 0.000000 151.606096 0.000000 111.743003 45.041142 102.449841 101.660362 0.000000 147.356711 97.317598 113.194716 0.000000 108.422524 0.000000 0.000000 0.000000 0.000000 0.000000 68.423290 94.098260 0.000000 0.000000 0.000000 0.000000 0.000000 43.442353 0.000000 0.000000 0.000000 114.819877 0.000000 0.000000 0.000000 98.792206 0.000000 104.067805 0.000000 27.138965 37.587351 29.990438 22.553808 0.000000 98.326663 39.279863 29.504891 0.000000 70.146494 119.355628 0.000000 0.000000 75.840457
0.000000 0.000000 109.361385 0.000000 0.000000 0.000000 0.000000 0.000000 0.000000 0.000000 0.000000 0.000000 0.000000 0.000000 0.000000 136.115058 112.274390 0.000000 122.206917 0.000000 151.982429 0.000000 122.850810 0.000000 0.000000 107.534775 113.540169 164.741069 0.000000 153.564719 0.000000 0.000000 0.000000 0.000000 88.667239 54.910346 47.728910 0.000000 0.000000 0.000000 94.921049 116.240973 102.374624 129.189822 54.593511 0.000000 115.982924 110.427863 0.000000 98.792206 0.000000 52.200535 27.485257 0.000000 54.525290 86.186807 39.153161 122.471351 0.000000 40.452710 72.743069 96.058672 105.972137 62.774945 97.184868 0.000000 0.000000 31.621790
0.000000 0.000000 132.682075 0.000000 0.000000 0.000000 0.000000 0.000000 0.000000 0.000000 102.806386 0.000000 105.487518 0.000000 0.000000 0.000000 137.626407 0.000000 114.067510 0.000000 0.000000 0.000000 0.000000 0.000000 0.000000 109.730113 114.131541 0.000000 0.000000 0.000000 106.224167 0.000000 0.000000 0.000000 111.930189 87.409023 77.491573 0.000000 0.000000 113.528996 122.390344 120.286300 150.011584 150.149139 21.363411 147.014809 51.493018 105.680530 0.000000 0.000000 52.200535 0.000000 22.780234 151.383892 92.500438 0.000000 98.923143 157.204294 0.000000 29.402478 60.257210 128.377424 110.139498 106.865109 48.705380 99.972866 0.000000 50.220048
0.000000 0.000000 109.771547 0.000000 0.000000 0.000000 0.000000 222.458289 0.000000 0.000000 0.000000 0.000000 0.000000 0.000000 0.000000 0.000000 116.118387 125.718521 114.473148 0.000000 0.000000 0.000000 146.056428 179.278035 0.000000 108.193998 121.138521 203.226763 0.000000 0.000000 0.000000 0.000000 0.000000 0.000000 109.287924 48.522051 51.569613 161.154648 0.000000 144.053088 113.208076 126.435379 142.182331 153.596535 25.656020 149.485970 76.250863 119.779456 0.000000 104.067805 27.485257 22.780234 0.000000 148.306544 81.847860 102.204450 86.356373 131.290768 0.000000 31.871318 64.310231 117.974078 124.121171 91.404386 67.903715 94.964810 0.000000 39.826909
0.000000 0.000000 0.000000 154.075125 0.000000 163.735920 0.000000 162.088444 81.951952 152.542337 0.000000 140.780290 0.000000 0.000000 0.000000 0.000000 0.000000 0.000000 0.000000 135.707959 0.000000 0.000000 0.000000 129.568228 0.000000 0.000000 0.000000 152.038030 0.000000 0.000000 0.000000 0.000000 0.000000 0.000000 78.335333 0.000000 134.079697 26.736289 111.331376 64.787352 58.259765 85.662428 74.549535 18.649048 139.742444 15.321284 149.986107 96.977203 65.494790 0.000000 0.000000 151.383892 148.306544 0.000000 0.000000 0.000000 0.000000 40.955606 0.000000 155.283542 166.427198 37.848999 112.029919 0.000000 0.000000 120.769943 0.000000 91.362946
0.000000 0.000000 142.297352 0.000000 0.000000 0.000000 0.000000 0.000000 0.000000 0.000000 0.000000 0.000000 0.000000 149.480527 0.000000 118.366975 162.349419 0.000000 0.000000 0.000000 125.529094 0.000000 130.761921 115.070010 0.000000 0.000000 129.192457 122.656490 142.486598 121.295996 0.000000 0.000000 109.392126 0.000000 65.906916 0.000000 68.336082 0.000000 0.000000 0.000000 77.546021 104.855044 57.987763 113.210925 72.197710 0.000000 0.000000 103.439814 0.000000 27.138965 54.525290 92.500438 81.847860 0.000000 0.000000 58.179366 48.041869 15.379714 0.000000 89.369228 83.700930 35.999788 84.581765 51.678224 136.986790 0.000000 55.387296 64.817977
0.000000 0.000000 95.024312 0.000000 0.000000 0.000000 0.000000 0.000000 0.000000 0.000000 117.176347 0.000000 118.918400 0.000000 0.000000 45.192792 0.000000 0.000000 156.124371 0.000000 65.726315 0.000000 62.776672 0.000000 0.000000 136.447836 55.794348 0.000000 0.000000 0.000000 0.000000 0.000000 0.000000 0.000000 0.000000 19.369796 51.050953 0.000000 115.106375 114.485697 0.000000 127.787215 47.372859 0.000000 0.000000 0.000000 82.129707 0.000000 63.540020 37.587351 86.186807 0.000000 102.204450 0.000000 58.179366 0.000000 53.087055 32.034325 54.501801 82.844712 44.081446 51.627595 86.940223 56.778177 95.237024 126.639815 0.000000 0.000000
0.000000 0.000000 99.372018 0.000000 0.000000 0.000000 147.793831 0.000000 0.000000 0.000000 0.000000 0.000000 0.000000 0.000000 0.000000 106.006664 122.766135 0.000000 0.000000 0.000000 126.794940 68.222953 111.908979 138.939411 0.000000 162.702377 99.049765 144.009970 0.000000 121.912445 0.000000 0.000000 0.000000 0.000000 0.000000 63.846741 29.867671 114.946583 0.000000 116.227255 86.956317 111.882346 0.000000 114.659063 91.608314 0.000000 124.944177 106.823296 0.000000 29.990438 39.153161 98.923143 86.356373 0.000000 48.041869 53.087055 0.000000 63.418392 0.000000 65.797142 36.664497 61.802310 124.730601 55.938243 111.515597 0.000000 0.000000 61.614844
0.000000 0.000000 164.839200 139.187020 0.000000 141.743296 124.977601 137.788533 60.393106 136.065177 174.276660 146.953254 168.552214 148.801546 0.000000 123.458941 178.764697 0.000000 188.565948 145.261452 123.880192 0.000000 151.513110 103.728454 0.000000 181.250982 163.283044 119.467141 144.936648 117.149518 212.250435 171.132030 117.490099 130.117543 84.988320 87.382311 94.999506 34.369273 110.644926 101.290481 56.246473 109.600285 39.340805 51.369957 141.022840 39.298141 140.940398 99.338449 74.216846 22.553808 122.471351 157.204294 131.290768 40.955606 15.379714 32.034325 63.418392 0.000000 104.841996 122.370255 88.974807 26.983420 100.573705 81.601503 147.918633 129.117397 84.555518 89.217184
0.000000 0.000000 0.000000 0.000000 0.000000 0.000000 0.000000 0.000000 0.000000 0.000000 70.152372 0.000000 53.185007 0.000000 0.000000 0.000000 0.000000 68.246810 80.374869 0.000000 0.000000 0.000000 0.000000 0.000000 22.598579 65.453881 58.126502 0.000000 0.000000 0.000000 65.405581 0.000000 0.000000 0.000000 0.000000 24.655420 0.000000 0.000000 173.166955 171.429271 0.000000 0.000000 104.308089 0.000000 32.470891 0.000000 22.597637 91.833235 115.054125 0.000000 0.000000 0.000000 0.000000 0.000000 0.000000 54.501801 0.000000 104.841996 0.000000 37.162047 24.405895 0.000000 74.306706 0.000000 39.934435 141.212083 0.000000 0.000000
