0.000000 0.000000 0.000947 0.000080 0.000000 0.000320 0.048280 0.008307 0.000293 0.000133 0.000613 0.000000 0.000067 0.088267 0.000000 0.000000 0.006133 0.000853 0.002933 0.000000 0.001067 0.000000 0.003907 0.000120 0.000000 0.003973 0.000267 0.000413 0.137147 0.038480 0.000067 0.000373 0.000000 0.001280 0.000000 0.000000 0.000000 0.000000 0.000000 0.000000 0.000000 0.000000 0.000000 0.000000 0.000000 0.000000 0.000000 0.000000 0.000000 0.000000 0.000000 0.000000 0.000000 0.000000 0.000000 0.000000 0.000000 0.000000 0.000000 0.000000 0.000000 0.000107 0.000000 0.000000 0.000000 0.000000 0.000000 0.000000
0.000000 0.000000 0.001253 0.000000 0.001067 0.000000 0.000000 0.000000 0.008867 0.000000 0.001600 0.000000 0.005947 0.000000 0.000573 0.000000 0.001720 0.000080 0.001413 0.000000 0.000000 0.008307 0.001093 0.010027 0.009080 0.011200 0.055640 0.000067 0.000000 0.000000 0.001520 0.000067 0.000000 0.000253 0.000000 0.000000 0.000693 0.000000 0.000000 0.000000 0.000000 0.000000 0.000000 0.000000 0.000000 0.000000 0.000147 0.000000 0.000000 0.000000 0.000453 0.000080 0.000667 0.000000 0.000000 0.000000 0.000147 0.000093 0.000000 0.001653 0.003093 0.000000 0.000000 0.000000 0.000080 0.000000 0.000000 0.000000
0.000947 0.001253 0.000000 0.000547 0.000000 0.000347 0.018827 0.007053 0.000000 0.002733 0.000000 0.000067 0.000067 0.009360 0.000000 0.000093 0.041880 0.000493 0.002027 0.000147 0.001360 0.001320 0.157747 0.001547 0.000000 0.195907 0.135453 0.018040 0.002013 0.002720 0.000347 0.000187 0.000000 0.014293 0.000000 0.000867 0.014053 0.000000 0.000000 0.000000 0.000067 0.000000 0.000000 0.000000 0.000000 0.000000 0.000000 0.000000 0.000000 0.000253 0.001827 0.000000 0.000387 0.000000 0.000000 0.000440 0.002680 0.000080 0.000000 0.005493 0.011027 0.000147 0.000000 0.000000 0.000000 0.000000 0.000000 0.000080
0.000080 0.000000 0.000547 0.000000 0.000760 0.007293 0.000587 0.001973 0.002773 0.148027 0.000173 0.017600 0.000067 0.001480 0.000387 0.000000 0.000000 0.000000 0.000000 0.193733 0.000067 0.000000 0.000307 0.006933 0.000000 0.000440 0.000413 0.222000 0.003747 0.000067 0.000000 0.000573 0.000387 0.000627 0.000000 0.000000 0.000000 0.014533 0.000000 0.000347 0.000627 0.000733 0.000147 0.008000 0.000000 0.002107 0.000000 0.000293 0.000000 0.000000 0.000000 0.000000 0.000000 0.003520 0.000000 0.000000 0.000000 0.001560 0.000000 0.000000 0.000000 0.006867 0.000213 0.000000 0.000000 0.000000 0.000000 0.000000
0.000000 0.001067 0.000000 0.000760 0.000000 0.007947 0.000067 0.001240 0.000160 0.000800 0.000000 0.000080 0.000000 0.000067 0.013267 0.000000 0.000000 0.000000 0.000000 0.000320 0.000000 0.000667 0.000000 0.002573 0.000120 0.000000 0.001000 0.002093 0.000000 0.000000 0.000000 0.003507 0.000000 0.000000 0.000000 0.000000 0.000000 0.000000 0.000000 0.000000 0.000000 0.000000 0.000000 0.000107 0.000000 0.000000 0.000000 0.000000 0.000000 0.000000 0.000000 0.000000 0.000000 0.000000 0.000000 0.000000 0.000000 0.000000 0.000000 0.000000 0.000000 0.000000 0.000000 0.000000 0.000000 0.000000 0.000000 0.000000
0.000320 0.000000 0.000347 0.007293 0.007947 0.000000 0.009373 0.217307 0.000880 0.224813 0.000347 0.022693 0.000573 0.008160 0.009080 0.000000 0.000200 0.000187 0.000227 0.007547 0.000067 0.000000 0.000560 0.000773 0.000067 0.000947 0.000267 0.012667 0.003880 0.000333 0.000067 0.027547 0.000080 0.001080 0.000000 0.000000 0.000000 0.000240 0.000000 0.000000 0.000147 0.000387 0.000000 0.000707 0.000000 0.000120 0.000000 0.000307 0.000000 0.000000 0.000000 0.000000 0.000000 0.000080 0.000000 0.000000 0.000000 0.000680 0.000000 0.000000 0.000000 0.001307 0.000160 0.000000 0.000000 0.000000 0.000000 0.000000
0.048280 0.000000 0.018827 0.000587 0.000067 0.009373 0.000000 0.043120 0.000400 0.212507 0.000227 0.000387 0.000000 0.141160 0.000173 0.000000 0.004213 0.000307 0.001493 0.000867 0.009853 0.000000 0.027013 0.004773 0.000000 0.012867 0.001053 0.148920 0.016320 0.122880 0.000107 0.000533 0.001173 0.001253 0.000000 0.000000 0.000120 0.000067 0.000000 0.000000 0.000000 0.000067 0.000000 0.000120 0.000000 0.000000 0.000000 0.000000 0.000000 0.000000 0.000000 0.000000 0.000000 0.000000 0.000000 0.000000 0.000000 0.000000 0.000000 0.000000 0.000000 0.000293 0.000000 0.000000 0.000000 0.000000 0.000000 0.000000
0.008307 0.000000 0.007053 0.001973 0.001240 0.217307 0.043120 0.000000 0.003160 0.060680 0.001987 0.011080 0.001213 0.276733 0.001453 0.000000 0.005640 0.001880 0.004493 0.005427 0.000907 0.000000 0.008493 0.002347 0.000133 0.013413 0.001227 0.012280 0.019240 0.009813 0.000200 0.071947 0.000000 0.002053 0.000000 0.000000 0.000000 0.000133 0.000000 0.000067 0.000093 0.000413 0.000000 0.000360 0.000000 0.000000 0.000000 0.000600 0.000000 0.000000 0.000000 0.000000 0.000000 0.000133 0.000000 0.000000 0.000000 0.000747 0.000000 0.000000 0.000000 0.002067 0.000293 0.000000 0.000000 0.000000 0.000000 0.000000
0.000293 0.008867 0.000000 0.002773 0.000160 0.000880 0.000400 0.003160 0.000000 0.008547 0.000427 0.000133 0.000853 0.002000 0.000000 0.002733 0.000000 0.000000 0.000000 0.001000 0.007640 0.020733 0.000147 0.022107 0.001773 0.000293 0.006533 0.014147 0.007893 0.006360 0.000240 0.000227 0.001440 0.000693 0.000000 0.000000 0.000000 0.000000 0.000000 0.000000 0.000000 0.000000 0.000000 0.000000 0.000000 0.000000 0.000000 0.000000 0.000000 0.000080 0.000000 0.000000 0.000000 0.000000 0.000133 0.000000 0.000000 0.000107 0.000000 0.000000 0.000000 0.000160 0.000160 0.000200 0.000000 0.000000 0.000000 0.000000
0.000133 0.000000 0.002733 0.148027 0.000800 0.224813 0.212507 0.060680 0.008547 0.000000 0.001160 0.076920 0.000600 0.026773 0.001267 0.000000 0.000280 0.000560 0.000080 0.278587 0.000813 0.000000 0.002467 0.007853 0.000000 0.002787 0.001627 0.283827 0.029720 0.000800 0.000240 0.003360 0.001347 0.006573 0.000000 0.000000 0.000000 0.005680 0.000000 0.000653 0.001413 0.002560 0.000133 0.009067 0.000067 0.001640 0.000000 0.001747 0.000000 0.000000 0.000000 0.000000 0.000000 0.001160 0.000000 0.000000 0.000000 0.003787 0.000000 0.000080 0.000000 0.012053 0.000613 0.000000 0.000000 0.000000 0.000000 0.000107
0.000613 0.001600 0.000000 0.000173 0.000000 0.000347 0.000227 0.001987 0.000427 0.001160 0.000000 0.000760 0.059333 0.002053 0.000000 0.000000 0.003893 0.214867 0.023760 0.000373 0.000147 0.000213 0.000760 0.000347 0.011733 0.123040 0.025213 0.000333 0.011787 0.002453 0.017720 0.007133 0.000320 0.030413 0.000000 0.000267 0.000000 0.000000 0.000000 0.000000 0.000000 0.000080 0.000067 0.000000 0.003347 0.000000 0.007813 0.000213 0.000000 0.000000 0.000000 0.000800 0.000147 0.000000 0.000000 0.000213 0.000000 0.000253 0.000613 0.003400 0.003413 0.000227 0.000307 0.000000 0.001573 0.000373 0.000000 0.000853
0.000000 0.000000 0.000067 0.017600 0.000080 0.022693 0.000387 0.011080 0.000133 0.076920 0.000760 0.000000 0.000347 0.005120 0.000213 0.000000 0.000000 0.000240 0.000000 0.045027 0.000000 0.000000 0.000000 0.000453 0.000067 0.000560 0.000560 0.017147 0.007627 0.000000 0.000133 0.001800 0.000000 0.002187 0.000000 0.000000 0.000000 0.001040 0.000000 0.000080 0.000173 0.000147 0.000000 0.002280 0.000000 0.000493 0.000000 0.000080 0.000000 0.000000 0.000000 0.000000 0.000000 0.000320 0.000000 0.000000 0.000000 0.000307 0.000000 0.000000 0.000000 0.001560 0.000080 0.000000 0.000000 0.000000 0.000000 0.000000
0.000067 0.005947 0.000067 0.000067 0.000000 0.000573 0.000000 0.001213 0.000853 0.000600 0.059333 0.000347 0.000000 0.000507 0.000000 0.000000 0.000160 0.001307 0.000187 0.000133 0.000000 0.001120 0.000000 0.000867 0.049907 0.003787 0.056253 0.000307 0.000933 0.000000 0.034360 0.003227 0.000000 0.002613 0.000000 0.000293 0.000000 0.000000 0.000000 0.000000 0.000000 0.000000 0.000067 0.000000 0.003227 0.000000 0.015667 0.000067 0.000000 0.000000 0.000000 0.002040 0.000320 0.000000 0.000000 0.000067 0.000000 0.000133 0.000773 0.009640 0.005987 0.000240 0.000147 0.000000 0.005920 0.000000 0.000000 0.000147
0.088267 0.000000 0.009360 0.001480 0.000067 0.008160 0.141160 0.276733 0.002000 0.026773 0.002053 0.005120 0.000507 0.000000 0.000000 0.000000 0.010667 0.002920 0.006947 0.003587 0.001987 0.000000 0.014920 0.001280 0.000080 0.019373 0.001413 0.011893 0.108200 0.026000 0.000333 0.058773 0.000000 0.002067 0.000000 0.000000 0.000000 0.000000 0.000000 0.000000 0.000000 0.000160 0.000000 0.000120 0.000000 0.000000 0.000000 0.000347 0.000000 0.000000 0.000000 0.000000 0.000000 0.000000 0.000080 0.000000 0.000000 0.000493 0.000000 0.000000 0.000000 0.001000 0.000187 0.000000 0.000000 0.000000 0.000000 0.000000
0.000000 0.000573 0.000000 0.000387 0.013267 0.009080 0.000173 0.001453 0.000000 0.001267 0.000000 0.000213 0.000000 0.000000 0.000000 0.000000 0.000000 0.000000 0.000000 0.000213 0.000000 0.000213 0.000000 0.001080 0.000000 0.000000 0.000480 0.001200 0.000000 0.000000 0.000000 0.002933 0.000000 0.000000 0.000000 0.000000 0.000000 0.000000 0.000000 0.000000 0.000000 0.000000 0.000000 0.000000 0.000000 0.000000 0.000000 0.000000 0.000000 0.000000 0.000000 0.000000 0.000000 0.000000 0.000000 0.000000 0.000000 0.000000 0.000000 0.000000 0.000000 0.000000 0.000000 0.000000 0.000000 0.000000 0.000000 0.000000
0.000000 0.000000 0.000093 0.000000 0.000000 0.000000 0.000000 0.000000 0.002733 0.000000 0.000000 0.000000 0.000000 0.000000 0.000000 0.000000 0.000173 0.000000 0.000000 0.000000 0.089200 0.035827 0.184280 0.006000 0.000000 0.000000 0.006733 0.001813 0.000000 0.005800 0.000000 0.000000 0.000000 0.000693 0.000000 0.000000 0.000067 0.000000 0.000000 0.000000 0.000000 0.000000 0.000000 0.000000 0.000000 0.000000 0.000000 0.000000 0.000000 0.008120 0.000000 0.000000 0.000000 0.000000 0.003693 0.000947 0.011840 0.000080 0.000000 0.000000 0.001440 0.000840 0.000187 0.000853 0.000000 0.000000 0.000000 0.000080
0.006133 0.001720 0.041880 0.000000 0.000000 0.000200 0.004213 0.005640 0.000000 0.000280 0.003893 0.000000 0.000160 0.010667 0.000000 0.000173 0.000000 0.021773 0.102733 0.000000 0.004773 0.000627 0.023080 0.000547 0.000000 0.060493 0.116827 0.001347 0.021200 0.032133 0.000227 0.000120 0.000000 0.003200 0.000000 0.000520 0.003213 0.000000 0.000000 0.000000 0.000000 0.000000 0.000000 0.000000 0.000000 0.000000 0.000067 0.000000 0.000000 0.000000 0.000827 0.000000 0.000853 0.000000 0.000000 0.000000 0.000333 0.000160 0.000000 0.005107 0.002627 0.000000 0.000000 0.000000 0.000000 0.000000 0.000000 0.000000
0.000853 0.000080 0.000493 0.000000 0.000000 0.000187 0.000307 0.001880 0.000000 0.000560 0.214867 0.000240 0.001307 0.002920 0.000000 0.000000 0.021773 0.000000 0.136920 0.000200 0.000307 0.000000 0.000867 0.000093 0.000200 0.109787 0.020507 0.000173 0.010093 0.004573 0.003027 0.000680 0.000293 0.017093 0.000000 0.000067 0.000000 0.000000 0.000000 0.000000 0.000000 0.000000 0.000000 0.000000 0.000133 0.000000 0.000373 0.000000 0.000000 0.000000 0.000000 0.000467 0.000227 0.000000 0.000000 0.000000 0.000000 0.000000 0.000080 0.003120 0.001240 0.000000 0.000000 0.000000 0.000373 0.000000 0.000000 0.000000
0.002933 0.001413 0.002027 0.000000 0.000000 0.000227 0.001493 0.004493 0.000000 0.000080 0.023760 0.000000 0.000187 0.006947 0.000000 0.000000 0.102733 0.136920 0.000000 0.000000 0.000880 0.000000 0.002320 0.000000 0.000000 0.108893 0.036693 0.000080 0.016120 0.010400 0.000893 0.000107 0.000320 0.017827 0.000000 0.000467 0.000173 0.000000 0.000000 0.000000 0.000000 0.000000 0.000000 0.000000 0.000000 0.000000 0.000000 0.000000 0.000000 0.000000 0.000173 0.000080 0.000627 0.000000 0.000000 0.000000 0.000067 0.000000 0.000000 0.006813 0.001693 0.000000 0.000000 0.000000 0.000107 0.000000 0.000000 0.000000
0.000000 0.000000 0.000147 0.193733 0.000320 0.007547 0.000867 0.005427 0.001000 0.278587 0.000373 0.045027 0.000133 0.003587 0.000213 0.000000 0.000000 0.000200 0.000000 0.000000 0.000000 0.000080 0.000080 0.001133 0.000000 0.000400 0.000480 0.089787 0.005347 0.000000 0.000093 0.000920 0.000120 0.000987 0.000000 0.000000 0.000000 0.002413 0.000000 0.000240 0.000227 0.000453 0.000000 0.003573 0.000000 0.000827 0.000000 0.000187 0.000000 0.000000 0.000000 0.000000 0.000000 0.000573 0.000000 0.000000 0.000000 0.000867 0.000000 0.000000 0.000000 0.003467 0.000107 0.000000 0.000000 0.000000 0.000000 0.000000
0.001067 0.000000 0.001360 0.000067 0.000000 0.000067 0.009853 0.000907 0.007640 0.000813 0.000147 0.000000 0.000000 0.001987 0.000000 0.089200 0.004773 0.000307 0.000880 0.000000 0.000000 0.007280 0.259307 0.008520 0.000000 0.001187 0.007573 0.071800 0.002187 0.143573 0.000000 0.000120 0.000227 0.030373 0.000000 0.000000 0.000000 0.000000 0.000000 0.000000 0.000000 0.000000 0.000000 0.000000 0.000000 0.000000 0.000000 0.000307 0.000000 0.003440 0.000093 0.000000 0.000000 0.000000 0.008253 0.000507 0.002307 0.000253 0.000000 0.000000 0.000133 0.002853 0.001533 0.002787 0.000000 0.000000 0.000000 0.000253
0.000000 0.008307 0.001320 0.000000 0.000667 0.000000 0.000000 0.000000 0.020733 0.000000 0.000213 0.000000 0.001120 0.000000 0.000213 0.035827 0.000627 0.000000 0.000000 0.000080 0.007280 0.000000 0.047813 0.040293 0.001973 0.000453 0.031760 0.000387 0.000293 0.001267 0.000320 0.000000 0.000147 0.000533 0.000000 0.000000 0.000493 0.000000 0.000000 0.000000 0.000000 0.000000 0.000000 0.000000 0.000000 0.000000 0.000000 0.000000 0.000000 0.007800 0.000160 0.000000 0.000000 0.000000 0.001653 0.000107 0.008107 0.000147 0.000000 0.000000 0.003720 0.000493 0.000000 0.000293 0.000000 0.000000 0.000000 0.000000
0.003907 0.001093 0.157747 0.000307 0.000000 0.000560 0.027013 0.008493 0.000147 0.002467 0.000760 0.000000 0.000000 0.014920 0.000000 0.184280 0.023080 0.000867 0.002320 0.000080 0.259307 0.047813 0.000000 0.029840 0.000000 0.026080 0.226547 0.088587 0.006307 0.072253 0.000147 0.000240 0.000067 0.050347 0.000000 0.000120 0.007107 0.000000 0.000000 0.000000 0.000000 0.000000 0.000000 0.000000 0.000000 0.000000 0.000000 0.000000 0.000000 0.025453 0.000680 0.000000 0.000000 0.000000 0.005707 0.003067 0.061360 0.000253 0.000000 0.000147 0.018600 0.001973 0.000000 0.000520 0.000000 0.000000 0.000000 0.000107
0.000120 0.010027 0.001547 0.006933 0.002573 0.000773 0.004773 0.002347 0.022107 0.007853 0.000347 0.000453 0.000867 0.001280 0.001080 0.006000 0.000547 0.000093 0.000000 0.001133 0.008520 0.040293 0.029840 0.000000 0.001387 0.007520 0.046000 0.091453 0.005933 0.004787 0.000320 0.000427 0.001600 0.002107 0.000000 0.000000 0.000107 0.000173 0.000000 0.000067 0.000120 0.000373 0.000000 0.000587 0.000000 0.000173 0.000000 0.000840 0.000000 0.000160 0.000067 0.000000 0.000000 0.000120 0.000253 0.000107 0.000267 0.000867 0.000000 0.000120 0.000160 0.002520 0.000893 0.000307 0.000000 0.000000 0.000000 0.000107
0.000000 0.009080 0.000000 0.000000 0.000120 0.000067 0.000000 0.000133 0.001773 0.000000 0.011733 0.000067 0.049907 0.000080 0.000000 0.000000 0.000000 0.000200 0.000000 0.000000 0.000000 0.001973 0.000000 0.001387 0.000000 0.003240 0.012253 0.000000 0.000427 0.000000 0.006307 0.000493 0.000000 0.000400 0.000000 0.000000 0.000000 0.000000 0.000000 0.000000 0.000000 0.000000 0.000000 0.000000 0.000360 0.000000 0.002547 0.000000 0.000000 0.000000 0.000000 0.000093 0.000000 0.000000 0.000000 0.000000 0.000000 0.000000 0.000147 0.000813 0.000413 0.000000 0.000000 0.000000 0.000827 0.000000 0.000000 0.000000
0.003973 0.011200 0.195907 0.000440 0.000000 0.000947 0.012867 0.013413 0.000293 0.002787 0.123040 0.000560 0.003787 0.019373 0.000000 0.000000 0.060493 0.109787 0.108893 0.000400 0.001187 0.000453 0.026080 0.007520 0.003240 0.000000 0.164880 0.008813 0.015067 0.007373 0.018040 0.001067 0.000227 0.034853 0.000000 0.002440 0.002373 0.000000 0.000000 0.000000 0.000120 0.000000 0.000000 0.000000 0.001107 0.000000 0.006000 0.000133 0.000000 0.000000 0.001893 0.003987 0.010707 0.000000 0.000000 0.000000 0.000080 0.000267 0.000440 0.075440 0.041453 0.000253 0.000067 0.000000 0.005253 0.000000 0.000000 0.000293
0.000267 0.055640 0.135453 0.000413 0.001000 0.000267 0.001053 0.001227 0.006533 0.001627 0.025213 0.000560 0.056253 0.001413 0.000480 0.006733 0.116827 0.020507 0.036693 0.000480 0.007573 0.031760 0.226547 0.046000 0.012253 0.164880 0.000000 0.022027 0.004173 0.000627 0.061693 0.001213 0.000240 0.059813 0.000000 0.002573 0.021560 0.000000 0.000000 0.000000 0.000173 0.000080 0.000000 0.000107 0.001573 0.000000 0.005107 0.000000 0.000000 0.003280 0.004307 0.002573 0.005853 0.000000 0.000453 0.001400 0.017040 0.000573 0.000493 0.045267 0.043747 0.000707 0.000147 0.000000 0.002973 0.000000 0.000000 0.000307
0.000413 0.000067 0.018040 0.222000 0.002093 0.012667 0.148920 0.012280 0.014147 0.283827 0.000333 0.017147 0.000307 0.011893 0.001200 0.001813 0.001347 0.000173 0.000080 0.089787 0.071800 0.000387 0.088587 0.091453 0.000000 0.008813 0.022027 0.000000 0.027440 0.108480 0.000107 0.001040 0.007707 0.010347 0.000067 0.000000 0.000160 0.010467 0.000000 0.001120 0.001427 0.002373 0.000293 0.015347 0.000067 0.003760 0.000000 0.001973 0.000000 0.000147 0.000000 0.000000 0.000000 0.002800 0.000333 0.000000 0.000480 0.004440 0.000000 0.000000 0.000120 0.018080 0.001240 0.000200 0.000000 0.000000 0.000000 0.000280
0.137147 0.000000 0.002013 0.003747 0.000000 0.003880 0.016320 0.019240 0.007893 0.029720 0.011787 0.007627 0.000933 0.108200 0.000000 0.000000 0.021200 0.010093 0.016120 0.005347 0.002187 0.000293 0.006307 0.005933 0.000427 0.015067 0.004173 0.027440 0.000000 0.033493 0.000627 0.043187 0.040107 0.016720 0.000107 0.000000 0.000000 0.000107 0.000000 0.000067 0.000213 0.000747 0.000067 0.000373 0.000000 0.000000 0.000000 0.001347 0.000000 0.000240 0.000000 0.000000 0.000000 0.000000 0.001707 0.000000 0.000160 0.001440 0.000000 0.000000 0.000000 0.005227 0.001680 0.000600 0.000000 0.000000 0.000000 0.000280
0.038480 0.000000 0.002720 0.000067 0.000000 0.000333 0.122880 0.009813 0.006360 0.000800 0.002453 0.000000 0.000000 0.026000 0.000000 0.005800 0.032133 0.004573 0.010400 0.000000 0.143573 0.001267 0.072253 0.004787 0.000000 0.007373 0.000627 0.108480 0.033493 0.000000 0.000067 0.000000 0.000000 0.004867 0.000000 0.000000 0.000000 0.000000 0.000000 0.000000 0.000000 0.000000 0.000000 0.000000 0.000000 0.000000 0.000000 0.000147 0.000000 0.000600 0.000000 0.000000 0.000000 0.000000 0.001853 0.000173 0.000360 0.000120 0.000000 0.000067 0.000000 0.001040 0.000320 0.000293 0.000000 0.000000 0.000000 0.000107
0.000067 0.001520 0.000347 0.000000 0.000000 0.000067 0.000107 0.000200 0.000240 0.000240 0.017720 0.000133 0.034360 0.000333 0.000000 0.000000 0.000227 0.003027 0.000893 0.000093 0.000000 0.000320 0.000147 0.000320 0.006307 0.018040 0.061693 0.000107 0.000627 0.000067 0.000000 0.000307 0.000000 0.003427 0.000000 0.000000 0.000000 0.000000 0.000000 0.000000 0.000000 0.000000 0.000000 0.000000 0.000787 0.000000 0.003947 0.000000 0.000000 0.000000 0.000000 0.001427 0.000213 0.000000 0.000000 0.000000 0.000000 0.000000 0.000240 0.008773 0.004547 0.000093 0.000000 0.000000 0.002293 0.000000 0.000000 0.000000
0.000373 0.000067 0.000187 0.000573 0.003507 0.027547 0.000533 0.071947 0.000227 0.003360 0.007133 0.001800 0.003227 0.058773 0.002933 0.000000 0.000120 0.000680 0.000107 0.000920 0.000120 0.000000 0.000240 0.000427 0.000493 0.001067 0.001213 0.001040 0.043187 0.000000 0.000307 0.000000 0.000000 0.034893 0.000000 0.000000 0.000000 0.000000 0.000000 0.000067 0.000000 0.000187 0.000000 0.000000 0.000173 0.000000 0.000000 0.000373 0.000000 0.000000 0.000000 0.000000 0.000000 0.000000 0.000000 0.000000 0.000000 0.000173 0.000000 0.000000 0.000000 0.000400 0.000147 0.000000 0.000000 0.000067 0.000000 0.000000
0.000000 0.000000 0.000000 0.000387 0.000000 0.000080 0.001173 0.000000 0.001440 0.001347 0.000320 0.000000 0.000000 0.000000 0.000000 0.000000 0.000000 0.000293 0.000320 0.000120 0.000227 0.000147 0.000067 0.001600 0.000000 0.000227 0.000240 0.007707 0.040107 0.000000 0.000000 0.000000 0.000000 0.002253 0.000000 0.000000 0.000000 0.000000 0.000000 0.000000 0.000067 0.000000 0.000000 0.000000 0.000000 0.000000 0.000000 0.000187 0.000000 0.000107 0.000000 0.000000 0.000000 0.000000 0.000667 0.000000 0.000000 0.000213 0.000000 0.000000 0.000000 0.001000 0.000293 0.000147 0.000000 0.000000 0.000000 0.000000
0.001280 0.000253 0.014293 0.000627 0.000000 0.001080 0.001253 0.002053 0.000693 0.006573 0.030413 0.002187 0.002613 0.002067 0.000000 0.000693 0.003200 0.017093 0.017827 0.000987 0.030373 0.000533 0.050347 0.002107 0.000400 0.034853 0.059813 0.010347 0.016720 0.004867 0.003427 0.034893 0.002253 0.000000 0.000000 0.000107 0.000947 0.000000 0.000000 0.000000 0.000160 0.000227 0.000000 0.000067 0.000133 0.000000 0.000120 0.000440 0.000000 0.000240 0.000147 0.000000 0.000133 0.000000 0.000133 0.000000 0.000587 0.000613 0.000000 0.000840 0.001320 0.001960 0.000240 0.000107 0.000000 0.000067 0.000000 0.000000
0.000000 0.000000 0.000000 0.000000 0.000000 0.000000 0.000000 0.000000 0.000000 0.000000 0.000000 0.000000 0.000000 0.000000 0.000000 0.000000 0.000000 0.000000 0.000000 0.000000 0.000000 0.000000 0.000000 0.000000 0.000000 0.000000 0.000000 0.000067 0.000107 0.000000 0.000000 0.000000 0.000000 0.000000 0.000000 0.000000 0.000387 0.000000 0.000000 0.000000 0.034347 0.001293 0.000440 0.001267 0.000587 0.000000 0.000000 0.041360 0.000000 0.000000 0.001227 0.001173 0.001893 0.000000 0.001333 0.000000 0.000893 0.000467 0.000000 0.004240 0.000720 0.004093 0.046613 0.025493 0.000080 0.000093 0.000000 0.002467
0.000000 0.000000 0.000867 0.000000 0.000000 0.000000 0.000000 0.000000 0.000000 0.000000 0.000267 0.000000 0.000293 0.000000 0.000000 0.000000 0.000520 0.000067 0.000467 0.000000 0.000000 0.000000 0.000120 0.000000 0.000000 0.002440 0.002573 0.000000 0.000000 0.000000 0.000000 0.000000 0.000000 0.000107 0.000000 0.000000 0.004720 0.000000 0.001080 0.000160 0.000000 0.000093 0.004653 0.000000 0.000160 0.000000 0.003093 0.000000 0.000480 0.000000 0.002373 0.000000 0.003880 0.000000 0.000000 0.005680 0.000640 0.007587 0.009133 0.014680 0.073720 0.000147 0.000000 0.000000 0.000453 0.000600 0.000000 0.000107
0.000000 0.000693 0.014053 0.000000 0.000000 0.000000 0.000120 0.000000 0.000000 0.000000 0.000000 0.000000 0.000000 0.000000 0.000000 0.000067 0.003213 0.000000 0.000173 0.000000 0.000000 0.000493 0.007107 0.000107 0.000000 0.002373 0.021560 0.000160 0.000000 0.000000 0.000000 0.000000 0.000000 0.000947 0.000387 0.004720 0.000000 0.000147 0.000000 0.001960 0.035400 0.018413 0.000147 0.002520 0.000187 0.000000 0.000000 0.007653 0.000000 0.000693 0.057813 0.000147 0.003013 0.000000 0.001987 0.001547 0.085000 0.004200 0.000000 0.099587 0.237147 0.040773 0.001107 0.000227 0.000347 0.000120 0.000000 0.001507
0.000000 0.000000 0.000000 0.014533 0.000000 0.000240 0.000067 0.000133 0.000000 0.005680 0.000000 0.001040 0.000000 0.000000 0.000000 0.000000 0.000000 0.000000 0.000000 0.002413 0.000000 0.000000 0.000000 0.000173 0.000000 0.000000 0.000000 0.010467 0.000107 0.000000 0.000000 0.000000 0.000000 0.000000 0.000000 0.000000 0.000147 0.000000 0.000387 0.004480 0.000613 0.000907 0.003067 0.118107 0.000080 0.034680 0.000000 0.000773 0.000000 0.000000 0.000000 0.000000 0.000080 0.176040 0.000000 0.000000 0.000093 0.046627 0.000000 0.000133 0.000080 0.177293 0.001480 0.000000 0.000000 0.000413 0.000000 0.000307
0.000000 0.000000 0.000000 0.000000 0.000000 0.000000 0.000000 0.000000 0.000000 0.000000 0.000000 0.000000 0.000000 0.000000 0.000000 0.000000 0.000000 0.000000 0.000000 0.000000 0.000000 0.000000 0.000000 0.000000 0.000000 0.000000 0.000000 0.000000 0.000000 0.000000 0.000000 0.000000 0.000000 0.000000 0.000000 0.001080 0.000000 0.000387 0.000000 0.000747 0.000000 0.000080 0.000560 0.000227 0.000307 0.000520 0.000067 0.000000 0.008587 0.000000 0.000000 0.000000 0.000000 0.000080 0.000000 0.001120 0.000000 0.003160 0.000107 0.000213 0.001707 0.002040 0.000000 0.000000 0.000067 0.042933 0.000000 0.002027
0.000000 0.000000 0.000000 0.000347 0.000000 0.000000 0.000000 0.000067 0.000000 0.000653 0.000000 0.000080 0.000000 0.000000 0.000000 0.000000 0.000000 0.000000 0.000000 0.000240 0.000000 0.000000 0.000000 0.000067 0.000000 0.000000 0.000000 0.001120 0.000067 0.000000 0.000000 0.000067 0.000000 0.000000 0.000000 0.000160 0.001960 0.004480 0.000747 0.000000 0.038613 0.119187 0.001573 0.239787 0.000307 0.036400 0.000107 0.016253 0.020867 0.000000 0.000253 0.000293 0.000200 0.007080 0.000000 0.000213 0.000893 0.003533 0.000000 0.001853 0.000667 0.028693 0.005120 0.000147 0.000173 0.018827 0.000000 0.001067
0.000000 0.000000 0.000067 0.000627 0.000000 0.000147 0.000000 0.000093 0.000000 0.001413 0.000000 0.000173 0.000000 0.000000 0.000000 0.000000 0.000000 0.000000 0.000000 0.000227 0.000000 0.000000 0.000000 0.000120 0.000000 0.000120 0.000173 0.001427 0.000213 0.000000 0.000000 0.000000 0.000067 0.000160 0.034347 0.000000 0.035400 0.000613 0.000000 0.038613 0.000000 0.125000 0.002027 0.228520 0.001573 0.000640 0.000067 0.252067 0.000067 0.000173 0.018787 0.002840 0.012893 0.000253 0.008480 0.000000 0.038267 0.007720 0.000093 0.032760 0.003680 0.313853 0.037707 0.156013 0.000453 0.000440 0.000120 0.005920
0.000000 0.000000 0.000000 0.000733 0.000000 0.000387 0.000067 0.000413 0.000000 0.002560 0.000080 0.000147 0.000000 0.000160 0.000000 0.000000 0.000000 0.000000 0.000000 0.000453 0.000000 0.000000 0.000000 0.000373 0.000000 0.000000 0.000080 0.002373 0.000747 0.000000 0.000000 0.000187 0.000000 0.000227 0.001293 0.000093 0.018413 0.000907 0.000080 0.119187 0.125000 0.000000 0.004107 0.091613 0.000707 0.004280 0.000200 0.291267 0.004013 0.000000 0.002800 0.000667 0.001280 0.002307 0.000453 0.000160 0.006187 0.006253 0.000000 0.011947 0.000613 0.034200 0.017733 0.005093 0.000293 0.046427 0.000000 0.001813
0.000000 0.000000 0.000000 0.000147 0.000000 0.000000 0.000000 0.000000 0.000000 0.000133 0.000067 0.000000 0.000067 0.000000 0.000000 0.000000 0.000000 0.000000 0.000000 0.000000 0.000000 0.000000 0.000000 0.000000 0.000000 0.000000 0.000000 0.000293 0.000067 0.000000 0.000000 0.000000 0.000000 0.000000 0.000440 0.004653 0.000147 0.003067 0.000560 0.001573 0.002027 0.004107 0.000000 0.004653 0.000093 0.000600 0.000387 0.002653 0.000280 0.000000 0.000000 0.000000 0.000080 0.000653 0.000413 0.007907 0.000227 0.031947 0.001080 0.000640 0.004453 0.030560 0.004067 0.000360 0.000107 0.000520 0.000000 0.000227
0.000000 0.000000 0.000000 0.008000 0.000107 0.000707 0.000120 0.000360 0.000000 0.009067 0.000000 0.002280 0.000000 0.000120 0.000000 0.000000 0.000000 0.000000 0.000000 0.003573 0.000000 0.000000 0.000000 0.000587 0.000000 0.000000 0.000107 0.015347 0.000373 0.000000 0.000000 0.000000 0.000000 0.000067 0.001267 0.000000 0.002520 0.118107 0.000227 0.239787 0.228520 0.091613 0.004653 0.000000 0.001720 0.218160 0.000240 0.052853 0.000253 0.000000 0.000133 0.000960 0.001160 0.137627 0.000293 0.000107 0.001427 0.026893 0.000000 0.002240 0.002240 0.245173 0.076013 0.000400 0.000427 0.002787 0.000067 0.011547
0.000000 0.000000 0.000000 0.000000 0.000000 0.000000 0.000000 0.000000 0.000000 0.000067 0.003347 0.000000 0.003227 0.000000 0.000000 0.000000 0.000000 0.000133 0.000000 0.000000 0.000000 0.000000 0.000000 0.000000 0.000360 0.001107 0.001573 0.000067 0.000000 0.000000 0.000787 0.000173 0.000000 0.000133 0.000587 0.000160 0.000187 0.000080 0.000307 0.000307 0.001573 0.000707 0.000093 0.001720 0.000000 0.000640 0.019027 0.005400 0.000000 0.000133 0.001853 0.126107 0.037920 0.000320 0.000360 0.000000 0.002520 0.000107 0.001547 0.060240 0.010867 0.000600 0.016240 0.002200 0.020200 0.012720 0.000000 0.045627
0.000000 0.000000 0.000000 0.002107 0.000000 0.000120 0.000000 0.000000 0.000000 0.001640 0.000000 0.000493 0.000000 0.000000 0.000000 0.000000 0.000000 0.000000 0.000000 0.000827 0.000000 0.000000 0.000000 0.000173 0.000000 0.000000 0.000000 0.003760 0.000000 0.000000 0.000000 0.000000 0.000000 0.000000 0.000000 0.000000 0.000000 0.034680 0.000520 0.036400 0.000640 0.004280 0.000600 0.218160 0.000640 0.000000 0.000067 0.008640 0.000333 0.000000 0.000000 0.000400 0.000413 0.088787 0.000000 0.000000 0.000000 0.003427 0.000000 0.000747 0.000600 0.009627 0.010533 0.000000 0.000147 0.001027 0.000000 0.002520
0.000000 0.000147 0.000000 0.000000 0.000000 0.000000 0.000000 0.000000 0.000000 0.000000 0.007813 0.000000 0.015667 0.000000 0.000000 0.000000 0.000067 0.000373 0.000000 0.000000 0.000000 0.000000 0.000000 0.000000 0.002547 0.006000 0.005107 0.000000 0.000000 0.000000 0.003947 0.000000 0.000000 0.000120 0.000000 0.003093 0.000000 0.000000 0.000067 0.000107 0.000067 0.000200 0.000387 0.000240 0.019027 0.000067 0.000000 0.000667 0.000000 0.000000 0.000000 0.000707 0.000640 0.000000 0.000000 0.001373 0.000093 0.000867 0.020787 0.005133 0.079027 0.000067 0.001400 0.000000 0.022053 0.001187 0.000000 0.002200
0.000000 0.000000 0.000000 0.000293 0.000000 0.000307 0.000000 0.000600 0.000000 0.001747 0.000213 0.000080 0.000067 0.000347 0.000000 0.000000 0.000000 0.000000 0.000000 0.000187 0.000307 0.000000 0.000000 0.000840 0.000000 0.000133 0.000000 0.001973 0.001347 0.000147 0.000000 0.000373 0.000187 0.000440 0.041360 0.000000 0.007653 0.000773 0.000000 0.016253 0.252067 0.291267 0.002653 0.052853 0.005400 0.008640 0.000667 0.000000 0.000173 0.000000 0.003160 0.002400 0.003093 0.005573 0.000373 0.000000 0.004787 0.004347 0.000067 0.014707 0.002587 0.019480 0.155120 0.022920 0.000813 0.056320 0.000000 0.008867
0.000000 0.000000 0.000000 0.000000 0.000000 0.000000 0.000000 0.000000 0.000000 0.000000 0.000000 0.000000 0.000000 0.000000 0.000000 0.000000 0.000000 0.000000 0.000000 0.000000 0.000000 0.000000 0.000000 0.000000 0.000000 0.000000 0.000000 0.000000 0.000000 0.000000 0.000000 0.000000 0.000000 0.000000 0.000000 0.000480 0.000000 0.000000 0.008587 0.020867 0.000067 0.004013 0.000280 0.000253 0.000000 0.000333 0.000000 0.000173 0.000000 0.000000 0.000000 0.000000 0.000000 0.000080 0.000000 0.000587 0.000000 0.000760 0.000067 0.000187 0.000640 0.000453 0.000000 0.000000 0.000000 0.007427 0.000000 0.000000
0.000000 0.000000 0.000253 0.000000 0.000000 0.000000 0.000000 0.000000 0.000080 0.000000 0.000000 0.000000 0.000000 0.000000 0.000000 0.008120 0.000000 0.000000 0.000000 0.000000 0.003440 0.007800 0.025453 0.000160 0.000000 0.000000 0.003280 0.000147 0.000240 0.000600 0.000000 0.000000 0.000107 0.000240 0.000000 0.000000 0.000693 0.000000 0.000000 0.000000 0.000173 0.000000 0.000000 0.000000 0.000133 0.000000 0.000000 0.000000 0.000000 0.000000 0.001000 0.000173 0.000187 0.000000 0.036440 0.035667 0.157733 0.002693 0.000000 0.000613 0.014040 0.024493 0.000307 0.002800 0.000000 0.000000 0.000067 0.002307
0.000000 0.000453 0.001827 0.000000 0.000000 0.000000 0.000000 0.000000 0.000000 0.000000 0.000000 0.000000 0.000000 0.000000 0.000000 0.000000 0.000827 0.000000 0.000173 0.000000 0.000093 0.000160 0.000680 0.000067 0.000000 0.001893 0.004307 0.000000 0.000000 0.000000 0.000000 0.000000 0.000000 0.000147 0.001227 0.002373 0.057813 0.000000 0.000000 0.000253 0.018787 0.002800 0.000000 0.000133 0.001853 0.000000 0.000000 0.003160 0.000000 0.001000 0.000000 0.002480 0.051653 0.000000 0.010760 0.000893 0.092027 0.004427 0.000000 0.027293 0.138000 0.010267 0.004120 0.023413 0.000000 0.000000 0.000000 0.003667
0.000000 0.000080 0.000000 0.000000 0.000000 0.000000 0.000000 0.000000 0.000000 0.000000 0.000800 0.000000 0.002040 0.000000 0.000000 0.000000 0.000000 0.000467 0.000080 0.000000 0.000000 0.000000 0.000000 0.000000 0.000093 0.003987 0.002573 0.000000 0.000000 0.000000 0.001427 0.000000 0.000000 0.000000 0.001173 0.000000 0.000147 0.000000 0.000000 0.000293 0.002840 0.000667 0.000000 0.000960 0.126107 0.000400 0.000707 0.002400 0.000000 0.000173 0.002480 0.000000 0.087280 0.000293 0.000667 0.000000 0.003480 0.000067 0.000787 0.057267 0.007707 0.000667 0.005800 0.004440 0.003947 0.001493 0.000000 0.011533
0.000000 0.000667 0.000387 0.000000 0.000000 0.000000 0.000000 0.000000 0.000000 0.000000 0.000147 0.000000 0.000320 0.000000 0.000000 0.000000 0.000853 0.000227 0.000627 0.000000 0.000000 0.000000 0.000000 0.000000 0.000000 0.010707 0.005853 0.000000 0.000000 0.000000 0.000213 0.000000 0.000000 0.000133 0.001893 0.003880 0.003013 0.000080 0.000000 0.000200 0.012893 0.001280 0.000080 0.001160 0.037920 0.000413 0.000640 0.003093 0.000000 0.000187 0.051653 0.087280 0.000000 0.000427 0.001853 0.000147 0.006693 0.001147 0.000773 0.143027 0.070787 0.003440 0.007053 0.012573 0.001347 0.000747 0.000000 0.030387
0.000000 0.000000 0.000000 0.003520 0.000000 0.000080 0.000000 0.000133 0.000000 0.001160 0.000000 0.000320 0.000000 0.000000 0.000000 0.000000 0.000000 0.000000 0.000000 0.000573 0.000000 0.000000 0.000000 0.000120 0.000000 0.000000 0.000000 0.002800 0.000000 0.000000 0.000000 0.000000 0.000000 0.000000 0.000000 0.000000 0.000000 0.176040 0.000080 0.007080 0.000253 0.002307 0.000653 0.137627 0.000320 0.088787 0.000000 0.005573 0.000080 0.000000 0.000000 0.000293 0.000427 0.000000 0.000000 0.000000 0.000000 0.005880 0.000000 0.000520 0.000307 0.014960 0.009173 0.000000 0.000107 0.000733 0.000000 0.001147
0.000000 0.000000 0.000000 0.000000 0.000000 0.000000 0.000000 0.000000 0.000133 0.000000 0.000000 0.000000 0.000000 0.000080 0.000000 0.003693 0.000000 0.000000 0.000000 0.000000 0.008253 0.001653 0.005707 0.000253 0.000000 0.000000 0.000453 0.000333 0.001707 0.001853 0.000000 0.000000 0.000667 0.000133 0.001333 0.000000 0.001987 0.000000 0.000000 0.000000 0.008480 0.000453 0.000413 0.000293 0.000360 0.000000 0.000000 0.000373 0.000000 0.036440 0.010760 0.000667 0.001853 0.000000 0.000000 0.007840 0.167160 0.015453 0.000000 0.002680 0.012000 0.106560 0.011000 0.139040 0.000067 0.000093 0.001307 0.021813
0.000000 0.000000 0.000440 0.000000 0.000000 0.000000 0.000000 0.000000 0.000000 0.000000 0.000213 0.000000 0.000067 0.000000 0.000000 0.000947 0.000000 0.000000 0.000000 0.000000 0.000507 0.000107 0.003067 0.000107 0.000000 0.000000 0.001400 0.000000 0.000000 0.000173 0.000000 0.000000 0.000000 0.000000 0.000000 0.005680 0.001547 0.000000 0.001120 0.000213 0.000000 0.000160 0.007907 0.000107 0.000000 0.000000 0.001373 0.000000 0.000587 0.035667 0.000893 0.000000 0.000147 0.000000 0.007840 0.000000 0.021013 0.025333 0.002800 0.001173 0.037240 0.001760 0.000333 0.001813 0.000213 0.000573 0.000000 0.000093
0.000000 0.000147 0.002680 0.000000 0.000000 0.000000 0.000000 0.000000 0.000000 0.000000 0.000000 0.000000 0.000000 0.000000 0.000000 0.011840 0.000333 0.000000 0.000067 0.000000 0.002307 0.008107 0.061360 0.000267 0.000000 0.000080 0.017040 0.000480 0.000160 0.000360 0.000000 0.000000 0.000000 0.000587 0.000893 0.000640 0.085000 0.000093 0.000000 0.000893 0.038267 0.006187 0.000227 0.001427 0.002520 0.000000 0.000093 0.004787 0.000000 0.157733 0.092027 0.003480 0.006693 0.000000 0.167160 0.021013 0.000000 0.003987 0.000000 0.017240 0.201533 0.127173 0.003427 0.041533 0.000307 0.000400 0.000000 0.016347
0.000000 0.000093 0.000080 0.001560 0.000000 0.000680 0.000000 0.000747 0.000107 0.003787 0.000253 0.000307 0.000133 0.000493 0.000000 0.000080 0.000160 0.000000 0.000000 0.000867 0.000253 0.000147 0.000253 0.000867 0.000000 0.000267 0.000573 0.004440 0.001440 0.000120 0.000000 0.000173 0.000213 0.000613 0.000467 0.007587 0.004200 0.046627 0.003160 0.003533 0.007720 0.006253 0.031947 0.026893 0.000107 0.003427 0.000867 0.004347 0.000760 0.002693 0.004427 0.000067 0.001147 0.005880 0.015453 0.025333 0.003987 0.000000 0.001520 0.009213 0.025200 0.130933 0.005600 0.001173 0.000427 0.002067 0.000080 0.001227
0.000000 0.000000 0.000000 0.000000 0.000000 0.000000 0.000000 0.000000 0.000000 0.000000 0.000613 0.000000 0.000773 0.000000 0.000000 0.000000 0.000000 0.000080 0.000000 0.000000 0.000000 0.000000 0.000000 0.000000 0.000147 0.000440 0.000493 0.000000 0.000000 0.000000 0.000240 0.000000 0.000000 0.000000 0.000000 0.009133 0.000000 0.000000 0.000107 0.000000 0.000093 0.000000 0.001080 0.000000 0.001547 0.000000 0.020787 0.000067 0.000067 0.000000 0.000000 0.000787 0.000773 0.000000 0.000000 0.002800 0.000000 0.001520 0.000000 0.025693 0.042907 0.000000 0.000253 0.000000 0.005520 0.000213 0.000000 0.000413
0.000000 0.001653 0.005493 0.000000 0.000000 0.000000 0.000000 0.000000 0.000000 0.000080 0.003400 0.000000 0.009640 0.000000 0.000000 0.000000 0.005107 0.003120 0.006813 0.000000 0.000000 0.000000 0.000147 0.000120 0.000813 0.075440 0.045267 0.000000 0.000000 0.000067 0.008773 0.000000 0.000000 0.000840 0.004240 0.014680 0.099587 0.000133 0.000213 0.001853 0.032760 0.011947 0.000640 0.002240 0.060240 0.000747 0.005133 0.014707 0.000187 0.000613 0.027293 0.057267 0.143027 0.000520 0.002680 0.001173 0.017240 0.009213 0.025693 0.000000 0.206800 0.013200 0.009920 0.006453 0.022480 0.002133 0.000000 0.014387
0.000000 0.003093 0.011027 0.000000 0.000000 0.000000 0.000000 0.000000 0.000000 0.000000 0.003413 0.000000 0.005987 0.000000 0.000000 0.001440 0.002627 0.001240 0.001693 0.000000 0.000133 0.003720 0.018600 0.000160 0.000413 0.041453 0.043747 0.000120 0.000000 0.000000 0.004547 0.000000 0.000000 0.001320 0.000720 0.073720 0.237147 0.000080 0.001707 0.000667 0.003680 0.000613 0.004453 0.002240 0.010867 0.000600 0.079027 0.002587 0.000640 0.014040 0.138000 0.007707 0.070787 0.000307 0.012000 0.037240 0.201533 0.025200 0.042907 0.206800 0.000000 0.026760 0.005840 0.002280 0.039480 0.002827 0.000000 0.024333
0.000107 0.000000 0.000147 0.006867 0.000000 0.001307 0.000293 0.002067 0.000160 0.012053 0.000227 0.001560 0.000240 0.001000 0.000000 0.000840 0.000000 0.000000 0.000000 0.003467 0.002853 0.000493 0.001973 0.002520 0.000000 0.000253 0.000707 0.018080 0.005227 0.001040 0.000093 0.000400 0.001000 0.001960 0.004093 0.000147 0.040773 0.177293 0.002040 0.028693 0.313853 0.034200 0.030560 0.245173 0.000600 0.009627 0.000067 0.019480 0.000453 0.024493 0.010267 0.000667 0.003440 0.014960 0.106560 0.001760 0.127173 0.130933 0.000000 0.013200 0.026760 0.000000 0.061933 0.096040 0.000173 0.001653 0.002120 0.014960
0.000000 0.000000 0.000000 0.000213 0.000000 0.000160 0.000000 0.000293 0.000160 0.000613 0.000307 0.000080 0.000147 0.000187 0.000000 0.000187 0.000000 0.000000 0.000000 0.000107 0.001533 0.000000 0.000000 0.000893 0.000000 0.000067 0.000147 0.001240 0.001680 0.000320 0.000000 0.000147 0.000293 0.000240 0.046613 0.000000 0.001107 0.001480 0.000000 0.005120 0.037707 0.017733 0.004067 0.076013 0.016240 0.010533 0.001400 0.155120 0.000000 0.000307 0.004120 0.005800 0.007053 0.009173 0.011000 0.000333 0.003427 0.005600 0.000253 0.009920 0.005840 0.061933 0.000000 0.071907 0.001600 0.049227 0.065187 0.042147
0.000000 0.000000 0.000000 0.000000 0.000000 0.000000 0.000000 0.000000 0.000200 0.000000 0.000000 0.000000 0.000000 0.000000 0.000000 0.000853 0.000000 0.000000 0.000000 0.000000 0.002787 0.000293 0.000520 0.000307 0.000000 0.000000 0.000000 0.000200 0.000600 0.000293 0.000000 0.000000 0.000147 0.000107 0.025493 0.000000 0.000227 0.000000 0.000000 0.000147 0.156013 0.005093 0.000360 0.000400 0.002200 0.000000 0.000000 0.022920 0.000000 0.002800 0.023413 0.004440 0.012573 0.000000 0.139040 0.001813 0.041533 0.001173 0.000000 0.006453 0.002280 0.096040 0.071907 0.000000 0.000093 0.000093 0.002827 0.017413
0.000000 0.000080 0.000000 0.000000 0.000000 0.000000 0.000000 0.000000 0.000000 0.000000 0.001573 0.000000 0.005920 0.000000 0.000000 0.000000 0.000000 0.000373 0.000107 0.000000 0.000000 0.000000 0.000000 0.000000 0.000827 0.005253 0.002973 0.000000 0.000000 0.000000 0.002293 0.000000 0.000000 0.000000 0.000080 0.000453 0.000347 0.000000 0.000067 0.000173 0.000453 0.000293 0.000107 0.000427 0.020200 0.000147 0.022053 0.000813 0.000000 0.000000 0.000000 0.003947 0.001347 0.000107 0.000067 0.000213 0.000307 0.000427 0.005520 0.022480 0.039480 0.000173 0.001600 0.000093 0.000000 0.001053 0.000000 0.001960
