0.000000 0.000000 106.995734 0.000000 0.000000 77.519503 33.154123 48.853015 61.618325 73.109018 123.141820 0.000000 0.000000 25.752218 0.000000 0.000000 99.386002 130.897475 121.647785 0.000000 76.888553 0.000000 85.552891 78.131310 0.000000 128.741548 147.526276 81.779743 25.768943 38.757073 0.000000 83.382322 0.000000 62.301584 0.000000 0.000000 0.000000 0.000000 0.000000 0.000000 0.000000 0.000000 0.000000 0.000000 0.000000 0.000000 0.000000 0.000000 0.000000 0.000000 0.000000 0.000000 0.000000 0.000000 127.444009 0.000000 0.000000 112.972402 0.000000 0.000000 0.000000 126.914385 149.806332 0.000000 0.000000 0.000000 0.000000 151.404271
0.000000 0.000000 43.567024 0.000000 136.390790 142.636692 0.000000 0.000000 81.704804 0.000000 0.000000 86.049202 50.448364 0.000000 107.114416 0.000000 55.894937 0.000000 0.000000 0.000000 0.000000 34.843937 0.000000 81.602244 27.896884 39.584740 36.427017 99.495839 0.000000 0.000000 59.394542 0.000000 0.000000 0.000000 0.000000 0.000000 0.000000 0.000000 0.000000 0.000000 0.000000 0.000000 0.000000 0.000000 88.581565 0.000000 0.000000 0.000000 0.000000 0.000000 0.000000 0.000000 0.000000 0.000000 0.000000 0.000000 0.000000 0.000000 0.000000 0.000000 51.164296 0.000000 0.000000 0.000000 0.000000 0.000000 0.000000 0.000000
106.995734 43.567024 0.000000 124.577500 0.000000 127.626342 108.632221 125.112346 0.000000 123.616510 109.196614 0.000000 90.647152 114.898164 0.000000 0.000000 37.714005 70.389427 55.180635 0.000000 74.409734 0.000000 39.578812 105.485153 0.000000 43.850275 40.547329 112.847362 130.126363 91.389186 76.223762 178.591811 0.000000 148.945848 0.000000 50.590952 98.224368 0.000000 0.000000 0.000000 194.229370 0.000000 0.000000 0.000000 0.000000 0.000000 0.000000 0.000000 0.000000 0.000000 106.676907 0.000000 122.746773 0.000000 0.000000 0.000000 109.259545 155.654427 0.000000 112.825019 92.526858 178.380893 0.000000 0.000000 0.000000 0.000000 0.000000 106.260185
0.000000 0.000000 124.577500 0.000000 94.737959 72.687921 40.602858 98.986991 46.683310 18.177722 153.405182 31.371383 156.056986 104.739525 62.623091 0.000000 147.858257 0.000000 0.000000 16.192722 0.000000 76.360253 131.432013 18.566251 0.000000 155.918085 140.954452 21.107599 104.050564 0.000000 0.000000 113.430319 0.000000 91.805362 0.000000 0.000000 0.000000 54.090348 0.000000 0.000000 128.153876 157.065915 65.098986 134.630236 0.000000 141.799412 0.000000 0.000000 0.000000 0.000000 0.000000 0.000000 0.000000 139.456561 0.000000 0.000000 0.000000 111.325482 0.000000 0.000000 0.000000 127.587915 168.779560 0.000000 0.000000 0.000000 0.000000 183.845300
0.000000 136.390790 0.000000 94.737959 0.000000 20.087941 103.931891 56.113870 63.385933 108.373402 0.000000 84.664874 189.869560 0.000000 22.930278 0.000000 0.000000 0.000000 0.000000 89.963703 0.000000 100.554474 0.000000 85.740251 175.268452 0.000000 179.297470 109.096743 0.000000 0.000000 0.000000 22.466939 0.000000 12.011990 0.000000 0.000000 0.000000 0.000000 0.000000 0.000000 0.000000 0.000000 0.000000 0.000000 0.000000 0.000000 0.000000 0.000000 0.000000 0.000000 0.000000 0.000000 0.000000 0.000000 0.000000 0.000000 0.000000 0.000000 0.000000 0.000000 0.000000 0.000000 0.000000 0.000000 0.000000 0.000000 0.000000 0.000000
77.519503 142.636692 127.626342 72.687921 20.087941 0.000000 48.113931 25.749124 64.646563 32.412993 147.345432 37.368103 147.911910 63.186834 31.742026 0.000000 158.042994 164.761839 175.099688 53.825707 95.293567 0.000000 108.895764 73.129924 0.000000 161.003679 171.000406 70.661201 89.111515 0.000000 0.000000 25.659810 0.000000 74.825157 0.000000 0.000000 0.000000 141.522004 0.000000 0.000000 132.960180 167.669326 0.000000 140.501232 0.000000 145.815325 0.000000 167.848176 0.000000 0.000000 0.000000 0.000000 0.000000 148.726525 0.000000 0.000000 0.000000 122.126376 0.000000 0.000000 0.000000 135.430872 164.784146 151.185775 0.000000 0.000000 0.000000 162.183285
33.154123 0.000000 108.632221 40.602858 103.931891 48.113931 0.000000 61.549586 53.149311 30.239762 145.646083 56.858385 138.956465 45.713719 78.552692 78.869705 111.204155 145.247838 132.885362 57.826348 65.501241 0.000000 80.620538 48.290995 0.000000 139.231242 112.894622 42.883829 79.113012 25.843379 158.180875 119.194294 78.322363 74.315676 0.000000 0.000000 190.657829 130.119601 0.000000 123.674907 122.318166 126.392848 66.708829 129.369776 0.000000 141.938849 0.000000 146.484902 0.000000 0.000000 0.000000 0.000000 0.000000 137.928374 0.000000 0.000000 0.000000 107.903409 0.000000 226.307630 0.000000 124.692837 166.049225 0.000000 0.000000 0.000000 0.000000 152.794359
48.853015 0.000000 125.112346 98.986991 56.113870 25.749124 61.549586 0.000000 70.822958 65.614851 129.210040 82.996420 99.990690 31.387279 0.000000 0.000000 122.913238 152.799964 144.062441 84.558928 99.438933 0.000000 106.439014 83.128928 0.000000 152.646806 166.048301 97.284281 65.029542 70.551677 0.000000 28.095807 0.000000 53.188136 0.000000 0.000000 0.000000 155.685730 0.000000 167.317777 145.149242 172.211178 86.268324 151.006336 212.818073 157.550888 209.829532 175.673157 0.000000 0.000000 0.000000 225.977790 0.000000 162.605794 144.058799 0.000000 0.000000 128.767214 0.000000 225.498692 223.271339 141.838173 171.305202 159.818868 0.000000 194.078205 0.000000 174.965071
61.618325 81.704804 0.000000 46.683310 63.385933 64.646563 53.149311 70.822958 0.000000 60.321751 140.699771 43.951905 133.119058 79.523974 54.702789 47.570350 0.000000 0.000000 0.000000 59.403807 49.967976 36.741185 0.000000 28.947207 126.831228 0.000000 125.549343 53.748273 68.035497 54.089218 144.185237 95.010719 59.081069 90.361931 0.000000 0.000000 0.000000 69.028136 0.000000 0.000000 68.435026 100.407544 0.000000 74.327372 121.404195 0.000000 0.000000 92.431477 0.000000 0.000000 0.000000 0.000000 0.000000 0.000000 64.830757 0.000000 0.000000 50.710733 0.000000 0.000000 0.000000 70.191540 88.333569 72.057803 0.000000 0.000000 0.000000 0.000000
73.109018 0.000000 123.616510 18.177722 108.373402 32.412993 30.239762 65.614851 60.321751 0.000000 140.813017 30.608102 145.775217 71.039148 88.189673 0.000000 161.714763 185.019385 154.119710 13.696259 84.628370 0.000000 104.227661 61.479198 0.000000 161.427516 139.704007 30.750401 100.803403 0.000000 0.000000 120.009057 119.481528 86.670214 155.073428 0.000000 0.000000 140.995947 0.000000 135.960742 132.629480 157.745386 74.322153 141.629312 212.679909 146.388286 228.884870 159.327936 0.000000 0.000000 0.000000 0.000000 0.000000 148.917032 0.000000 0.000000 0.000000 121.673458 0.000000 225.507781 215.619656 134.622362 163.372887 0.000000 0.000000 198.491748 0.000000 164.070576
123.141820 0.000000 109.196614 153.405182 0.000000 147.345432 145.646083 129.210040 140.699771 140.813017 0.000000 134.306745 21.073941 116.010596 0.000000 0.000000 58.378821 19.928979 26.293885 142.524418 117.629013 0.000000 108.514705 159.611840 31.331144 21.048612 54.136341 147.653718 108.463595 119.957346 28.355842 69.134336 111.262471 22.221611 0.000000 0.000000 0.000000 0.000000 0.000000 0.000000 0.000000 123.201804 0.000000 202.649022 79.097834 0.000000 76.893672 142.000536 0.000000 0.000000 0.000000 91.092555 108.780745 0.000000 0.000000 0.000000 0.000000 191.764520 0.000000 88.492400 110.369869 197.374617 138.374364 0.000000 89.085587 105.754718 0.000000 98.702348
0.000000 86.049202 0.000000 31.371383 84.664874 37.368103 56.858385 82.996420 43.951905 30.608102 134.306745 0.000000 143.665616 96.114709 52.100739 0.000000 0.000000 159.397421 204.835895 13.205092 0.000000 58.642409 0.000000 31.601274 129.088956 172.932882 144.409273 43.011450 106.624443 0.000000 0.000000 110.912234 0.000000 89.915920 0.000000 0.000000 0.000000 70.893649 0.000000 0.000000 134.241705 0.000000 0.000000 133.942411 0.000000 136.535915 0.000000 0.000000 0.000000 0.000000 0.000000 0.000000 0.000000 143.325961 0.000000 0.000000 0.000000 131.692196 0.000000 0.000000 0.000000 126.479867 0.000000 0.000000 0.000000 0.000000 0.000000 0.000000
0.000000 50.448364 90.647152 156.056986 189.869560 147.911910 138.956465 99.990690 133.119058 145.775217 21.073941 143.665616 0.000000 98.736035 166.894274 0.000000 0.000000 49.935768 63.588511 145.946223 0.000000 82.462786 0.000000 140.479721 22.549140 20.143814 38.695521 152.781671 84.227490 0.000000 20.028209 89.345011 0.000000 41.737708 0.000000 0.000000 0.000000 0.000000 0.000000 0.000000 0.000000 0.000000 0.000000 0.000000 76.924253 0.000000 78.191709 0.000000 0.000000 0.000000 0.000000 90.412056 104.500374 0.000000 0.000000 0.000000 0.000000 204.758660 76.087305 88.931723 102.752911 206.331482 130.002865 0.000000 89.493665 111.953512 0.000000 74.563745
25.752218 0.000000 114.898164 104.739525 0.000000 63.186834 45.713719 31.387279 79.523974 71.039148 116.010596 96.114709 98.736035 0.000000 0.000000 0.000000 116.182189 149.021983 139.311970 97.998075 85.433700 0.000000 94.944756 97.448944 0.000000 144.793822 162.009542 103.044949 34.344406 61.175526 137.544840 36.266633 0.000000 47.046045 0.000000 0.000000 0.000000 163.652974 0.000000 191.609174 153.463291 190.173730 92.311474 164.907236 211.103906 0.000000 0.000000 195.912006 0.000000 137.901132 0.000000 0.000000 0.000000 0.000000 144.744088 0.000000 0.000000 140.539356 0.000000 229.918544 0.000000 152.400615 183.160811 160.613531 0.000000 203.591051 0.000000 182.008712
0.000000 107.114416 0.000000 62.623091 22.930278 31.742026 78.552692 0.000000 54.702789 88.189673 0.000000 52.100739 166.894274 0.000000 0.000000 0.000000 0.000000 0.000000 0.000000 54.153301 0.000000 73.360015 0.000000 60.690995 145.112281 0.000000 153.874366 80.754830 0.000000 0.000000 0.000000 44.083742 0.000000 0.000000 0.000000 0.000000 0.000000 0.000000 0.000000 0.000000 0.000000 0.000000 0.000000 0.000000 0.000000 0.000000 0.000000 0.000000 0.000000 0.000000 0.000000 0.000000 0.000000 0.000000 0.000000 0.000000 0.000000 0.000000 0.000000 0.000000 0.000000 0.000000 0.000000 0.000000 0.000000 0.000000 0.000000 0.000000
0.000000 0.000000 0.000000 0.000000 0.000000 0.000000 78.869705 0.000000 47.570350 0.000000 0.000000 0.000000 0.000000 0.000000 0.000000 0.000000 102.996349 0.000000 0.000000 0.000000 24.430978 28.690855 17.012218 24.561264 0.000000 121.983285 75.596580 46.476290 89.116009 84.195470 0.000000 0.000000 0.000000 0.000000 0.000000 0.000000 115.846659 0.000000 0.000000 0.000000 0.000000 0.000000 0.000000 0.000000 0.000000 0.000000 0.000000 0.000000 0.000000 88.850755 0.000000 0.000000 0.000000 0.000000 111.304305 39.914653 97.111011 118.932886 0.000000 0.000000 99.180232 116.771099 133.051002 118.491143 0.000000 0.000000 0.000000 121.650600
99.386002 55.894937 37.714005 147.858257 0.000000 158.042994 111.204155 122.913238 0.000000 161.714763 58.378821 0.000000 0.000000 116.182189 0.000000 102.996349 0.000000 51.972119 23.697257 0.000000 63.354782 0.000000 51.131388 126.019261 0.000000 29.784384 68.061242 139.834976 95.222820 76.012881 0.000000 169.976715 106.354607 61.017433 0.000000 62.485767 105.197449 0.000000 0.000000 0.000000 0.000000 0.000000 0.000000 0.000000 0.000000 0.000000 0.000000 0.000000 0.000000 0.000000 114.728426 122.088036 111.606298 0.000000 0.000000 0.000000 113.033290 163.689023 0.000000 104.929582 102.705474 184.907089 0.000000 0.000000 0.000000 0.000000 0.000000 113.101451
130.897475 0.000000 70.389427 0.000000 0.000000 164.761839 145.247838 152.799964 0.000000 185.019385 19.928979 159.397421 49.935768 149.021983 0.000000 0.000000 51.972119 0.000000 23.834914 0.000000 114.358464 0.000000 98.358556 0.000000 46.694784 25.374480 68.923151 0.000000 129.857482 118.371742 50.089822 122.641006 118.904735 77.683532 0.000000 0.000000 129.883509 0.000000 0.000000 0.000000 0.000000 0.000000 0.000000 0.000000 88.675142 0.000000 89.872704 0.000000 0.000000 0.000000 0.000000 96.961920 114.186230 0.000000 0.000000 0.000000 0.000000 0.000000 0.000000 97.990075 108.196118 0.000000 0.000000 0.000000 95.284370 0.000000 0.000000 0.000000
121.647785 0.000000 55.180635 0.000000 0.000000 175.099688 132.885362 144.062441 0.000000 154.119710 26.293885 204.835895 63.588511 139.311970 0.000000 0.000000 23.697257 23.834914 0.000000 0.000000 94.492177 0.000000 80.423174 141.477105 0.000000 35.825060 69.468092 0.000000 122.199092 107.978205 69.057370 176.653649 115.809467 94.564968 0.000000 56.709735 116.205674 0.000000 0.000000 0.000000 0.000000 0.000000 0.000000 0.000000 109.287972 0.000000 106.622333 0.000000 0.000000 0.000000 128.478736 105.605991 108.440021 0.000000 0.000000 0.000000 0.000000 194.746091 0.000000 102.172836 107.429667 205.570350 0.000000 0.000000 111.833213 0.000000 0.000000 0.000000
0.000000 0.000000 0.000000 16.192722 89.963703 53.825707 57.826348 84.558928 59.403807 13.696259 142.524418 13.205092 145.946223 97.998075 54.153301 0.000000 0.000000 0.000000 0.000000 0.000000 0.000000 0.000000 0.000000 21.971068 0.000000 0.000000 0.000000 27.735090 109.518662 0.000000 0.000000 113.088516 0.000000 92.453417 0.000000 0.000000 0.000000 36.195683 0.000000 0.000000 134.076483 156.624860 0.000000 137.491962 0.000000 155.411143 0.000000 0.000000 0.000000 0.000000 0.000000 0.000000 0.000000 138.744329 0.000000 0.000000 0.000000 120.577893 0.000000 0.000000 0.000000 132.538990 178.281436 0.000000 0.000000 0.000000 0.000000 0.000000
76.888553 0.000000 74.409734 0.000000 0.000000 95.293567 65.501241 99.438933 49.967976 84.628370 117.629013 0.000000 0.000000 85.433700 0.000000 24.430978 63.354782 114.358464 94.492177 0.000000 0.000000 50.897669 41.188832 16.258454 0.000000 109.221805 87.263613 18.910036 59.735365 47.887985 0.000000 0.000000 33.493853 29.935303 129.167697 0.000000 131.753144 0.000000 0.000000 0.000000 0.000000 0.000000 0.000000 0.000000 0.000000 0.000000 0.000000 148.285058 0.000000 109.979274 0.000000 0.000000 0.000000 0.000000 118.016289 0.000000 115.363290 114.440725 0.000000 204.104047 139.065398 121.819824 138.458900 123.077875 0.000000 0.000000 122.868401 131.324641
0.000000 34.843937 0.000000 76.360253 100.554474 0.000000 0.000000 0.000000 36.741185 0.000000 0.000000 58.642409 82.462786 0.000000 73.360015 28.690855 0.000000 0.000000 0.000000 0.000000 50.897669 0.000000 50.433038 49.752491 65.203414 84.288868 46.269069 63.450064 69.192480 55.307909 86.599508 118.714397 57.845995 0.000000 0.000000 0.000000 0.000000 0.000000 0.000000 0.000000 0.000000 0.000000 0.000000 0.000000 0.000000 0.000000 0.000000 0.000000 0.000000 46.669654 0.000000 0.000000 0.000000 0.000000 65.689506 0.000000 58.400135 0.000000 0.000000 0.000000 46.792655 0.000000 0.000000 0.000000 0.000000 0.000000 0.000000 0.000000
85.552891 0.000000 39.578812 131.432013 0.000000 108.895764 80.620538 106.439014 0.000000 104.227661 108.514705 0.000000 0.000000 94.944756 0.000000 17.012218 51.131388 98.358556 80.423174 0.000000 41.188832 50.433038 0.000000 52.707915 0.000000 79.907510 50.042257 58.489119 82.214936 65.292989 128.191166 153.553140 0.000000 23.528792 0.000000 53.459197 102.002162 0.000000 0.000000 0.000000 183.235938 0.000000 0.000000 0.000000 0.000000 0.000000 0.000000 0.000000 0.000000 101.674518 111.045526 0.000000 134.969666 0.000000 120.143806 68.867002 107.417536 142.076664 0.000000 133.349464 97.861328 142.715481 144.135976 122.118650 0.000000 0.000000 0.000000 137.300785
78.131310 81.602244 105.485153 18.566251 85.740251 73.129924 48.290995 83.128928 28.947207 61.479198 159.611840 31.601274 140.479721 97.448944 60.690995 24.561264 126.019261 0.000000 141.477105 21.971068 16.258454 49.752491 52.707915 0.000000 125.302603 132.442739 111.326911 20.031620 91.185368 71.333473 145.863535 108.020020 78.734164 76.812016 124.920082 108.910680 152.986895 110.296704 0.000000 127.865003 107.819985 141.155953 56.202182 118.614694 183.616062 134.823129 195.416482 137.481261 0.000000 98.389043 174.750580 199.380390 0.000000 129.293961 110.167058 0.000000 163.527096 96.940556 0.000000 195.664817 164.448622 110.979464 134.635849 116.526416 199.268180 164.058476 0.000000 142.016109
0.000000 27.896884 0.000000 0.000000 175.268452 0.000000 0.000000 0.000000 126.831228 0.000000 31.331144 129.088956 22.549140 0.000000 145.112281 0.000000 0.000000 46.694784 0.000000 0.000000 0.000000 65.203414 0.000000 125.302603 0.000000 35.900368 35.138110 0.000000 0.000000 0.000000 36.072554 0.000000 0.000000 0.000000 0.000000 0.000000 0.000000 0.000000 0.000000 0.000000 0.000000 0.000000 0.000000 0.000000 64.943519 0.000000 61.715574 0.000000 0.000000 0.000000 0.000000 70.738185 0.000000 0.000000 0.000000 0.000000 0.000000 0.000000 0.000000 54.773931 55.454109 0.000000 0.000000 0.000000 0.000000 0.000000 0.000000 0.000000
128.741548 39.584740 43.850275 155.918085 0.000000 161.003679 139.231242 152.646806 0.000000 161.427516 21.048612 172.932882 20.143814 144.793822 0.000000 121.983285 29.784384 25.374480 35.825060 0.000000 109.221805 84.288868 79.907510 132.442739 35.900368 0.000000 49.903906 147.445754 128.053670 116.541068 39.464855 143.798130 121.129202 83.360575 0.000000 52.799042 99.681641 0.000000 0.000000 0.000000 192.141666 0.000000 0.000000 0.000000 89.810051 0.000000 83.536590 201.075724 0.000000 0.000000 109.803371 94.891162 100.956948 0.000000 0.000000 0.000000 0.000000 180.639026 66.549785 91.132972 95.884509 197.536020 0.000000 0.000000 92.017208 0.000000 0.000000 127.068610
147.526276 36.427017 40.547329 140.954452 179.297470 171.000406 112.894622 166.048301 125.549343 139.704007 54.136341 144.409273 38.695521 162.009542 153.874366 75.596580 68.061242 68.923151 69.468092 0.000000 87.263613 46.269069 50.042257 111.326911 35.138110 49.903906 0.000000 90.735721 138.362982 0.000000 48.670029 179.367511 0.000000 84.817499 0.000000 43.872380 96.678568 206.190893 0.000000 0.000000 191.901501 0.000000 0.000000 189.784872 102.566473 0.000000 97.193663 0.000000 0.000000 85.880947 106.756419 99.358618 102.164298 0.000000 132.801024 73.889975 98.390805 158.461638 60.780988 94.210735 91.872514 164.257379 0.000000 0.000000 102.022395 0.000000 0.000000 108.857664
81.779743 99.495839 112.847362 21.107599 109.096743 70.661201 42.883829 97.284281 53.748273 30.750401 147.653718 43.011450 152.781671 103.044949 80.754830 46.476290 139.834976 0.000000 0.000000 27.735090 18.910036 63.450064 58.489119 20.031620 0.000000 147.445754 90.735721 0.000000 97.138125 47.672645 164.151899 129.144450 80.502188 76.646344 131.955833 0.000000 170.304144 134.903391 0.000000 130.836893 127.809609 151.179467 67.505167 135.020845 189.244491 143.774502 0.000000 153.858953 0.000000 115.048600 175.860128 205.556808 211.771445 143.279336 116.788456 0.000000 152.562391 112.554663 0.000000 212.141450 177.879521 128.030098 146.572546 127.489128 0.000000 184.975023 0.000000 152.742184
25.768943 0.000000 130.126363 104.050564 0.000000 89.111515 79.113012 65.029542 68.035497 100.803403 108.463595 106.624443 84.227490 34.344406 0.000000 89.116009 95.222820 129.857482 122.199092 109.518662 59.735365 69.192480 82.214936 91.185368 0.000000 128.053670 138.362982 97.138125 0.000000 41.343863 0.000000 15.616561 19.125531 30.046831 0.000000 0.000000 0.000000 166.982638 0.000000 198.099030 171.772915 183.101884 88.803005 180.621653 204.825039 0.000000 0.000000 174.116001 0.000000 125.578777 0.000000 227.207962 0.000000 0.000000 134.040248 0.000000 148.104483 132.583421 0.000000 217.111166 218.525218 140.889517 160.867563 142.850578 0.000000 198.692755 0.000000 160.409441
38.757073 0.000000 91.389186 0.000000 0.000000 0.000000 25.843379 70.551677 54.089218 0.000000 119.957346 0.000000 0.000000 61.175526 0.000000 84.195470 76.012881 118.371742 107.978205 0.000000 47.887985 55.307909 65.292989 71.333473 0.000000 116.541068 0.000000 47.672645 41.343863 0.000000 0.000000 0.000000 56.304303 32.001002 0.000000 0.000000 0.000000 0.000000 0.000000 0.000000 0.000000 161.525936 62.980706 0.000000 0.000000 0.000000 0.000000 148.988439 0.000000 110.380770 0.000000 0.000000 0.000000 0.000000 119.867277 0.000000 119.005878 112.821163 0.000000 0.000000 199.425766 119.389736 142.364723 123.934083 0.000000 0.000000 114.163734 138.851807
0.000000 59.394542 76.223762 0.000000 0.000000 0.000000 158.180875 0.000000 144.185237 0.000000 28.355842 0.000000 20.028209 137.544840 0.000000 0.000000 0.000000 50.089822 69.057370 0.000000 0.000000 86.599508 128.191166 145.863535 36.072554 39.464855 48.670029 164.151899 0.000000 0.000000 0.000000 0.000000 0.000000 0.000000 0.000000 0.000000 0.000000 0.000000 0.000000 0.000000 0.000000 0.000000 0.000000 0.000000 87.345743 0.000000 84.685856 0.000000 0.000000 0.000000 0.000000 94.474372 106.787402 0.000000 0.000000 0.000000 0.000000 210.653491 0.000000 92.656160 107.212291 0.000000 0.000000 0.000000 93.989427 0.000000 0.000000 0.000000
83.382322 0.000000 178.591811 113.430319 22.466939 25.659810 119.194294 28.095807 95.010719 120.009057 69.134336 110.912234 89.345011 36.266633 44.083742 0.000000 169.976715 122.641006 176.653649 113.088516 0.000000 118.714397 153.553140 108.020020 0.000000 143.798130 179.367511 129.144450 15.616561 0.000000 0.000000 0.000000 0.000000 22.137912 0.000000 0.000000 0.000000 0.000000 0.000000 0.000000 187.602170 216.676697 0.000000 200.769807 0.000000 0.000000 0.000000 0.000000 0.000000 0.000000 0.000000 0.000000 0.000000 0.000000 0.000000 0.000000 0.000000 170.246259 0.000000 0.000000 0.000000 181.244259 219.907496 0.000000 0.000000 0.000000 0.000000 207.276147
0.000000 0.000000 0.000000 0.000000 0.000000 0.000000 78.322363 0.000000 59.081069 119.481528 111.262471 0.000000 0.000000 0.000000 0.000000 0.000000 106.354607 118.904735 115.809467 0.000000 33.493853 57.845995 0.000000 78.734164 0.000000 121.129202 0.000000 80.502188 19.125531 56.304303 0.000000 0.000000 0.000000 43.858541 0.000000 0.000000 0.000000 0.000000 0.000000 0.000000 0.000000 0.000000 0.000000 0.000000 0.000000 0.000000 0.000000 0.000000 0.000000 111.052334 0.000000 0.000000 0.000000 0.000000 120.997673 0.000000 0.000000 117.311618 0.000000 0.000000 0.000000 129.428579 147.922585 121.442706 0.000000 0.000000 0.000000 133.089900
62.301584 0.000000 148.945848 91.805362 12.011990 74.825157 74.315676 53.188136 90.361931 86.670214 22.221611 89.915920 41.737708 47.046045 0.000000 0.000000 61.017433 77.683532 94.564968 92.453417 29.935303 0.000000 23.528792 76.812016 0.000000 83.360575 84.817499 76.646344 30.046831 32.001002 0.000000 22.137912 43.858541 0.000000 0.000000 0.000000 0.000000 164.590651 0.000000 0.000000 155.573254 0.000000 0.000000 160.915341 0.000000 0.000000 0.000000 168.792951 0.000000 0.000000 0.000000 0.000000 0.000000 0.000000 116.692126 0.000000 0.000000 136.205549 0.000000 0.000000 0.000000 143.673392 158.780204 120.492209 0.000000 0.000000 0.000000 169.219583
0.000000 0.000000 0.000000 0.000000 0.000000 0.000000 0.000000 0.000000 0.000000 155.073428 0.000000 0.000000 0.000000 0.000000 0.000000 0.000000 0.000000 0.000000 0.000000 0.000000 129.167697 0.000000 0.000000 124.920082 0.000000 0.000000 0.000000 131.955833 0.000000 0.000000 0.000000 0.000000 0.000000 0.000000 0.000000 0.000000 105.360592 97.851559 0.000000 0.000000 26.576334 59.185814 0.000000 69.369455 108.880843 0.000000 0.000000 17.325215 0.000000 0.000000 110.646100 123.771779 122.641600 0.000000 0.000000 0.000000 96.353902 85.402363 0.000000 124.382380 136.187961 87.770589 21.936140 36.599528 130.153648 0.000000 31.591855 72.847126
0.000000 0.000000 50.590952 0.000000 0.000000 0.000000 0.000000 0.000000 0.000000 0.000000 0.000000 0.000000 0.000000 0.000000 0.000000 0.000000 62.485767 0.000000 56.709735 0.000000 0.000000 0.000000 53.459197 108.910680 0.000000 52.799042 43.872380 0.000000 0.000000 0.000000 0.000000 0.000000 0.000000 0.000000 0.000000 0.000000 42.739257 0.000000 152.202459 155.247752 0.000000 0.000000 88.930919 0.000000 0.000000 0.000000 41.423042 0.000000 125.573389 0.000000 54.867711 0.000000 0.000000 0.000000 0.000000 38.112011 51.454178 89.057769 29.915949 41.915167 33.390436 109.631275 0.000000 0.000000 0.000000 0.000000 0.000000 0.000000
0.000000 0.000000 98.224368 0.000000 0.000000 0.000000 190.657829 0.000000 0.000000 0.000000 0.000000 0.000000 0.000000 0.000000 0.000000 115.846659 105.197449 129.883509 116.205674 0.000000 131.753144 0.000000 102.002162 152.986895 0.000000 99.681641 96.678568 170.304144 0.000000 0.000000 0.000000 0.000000 0.000000 0.000000 105.360592 42.739257 0.000000 121.036028 0.000000 138.243405 99.106524 121.277007 0.000000 118.090237 84.636859 0.000000 83.029022 115.389194 0.000000 63.367063 38.443352 65.101034 54.723786 133.176523 72.980409 0.000000 31.210022 104.460970 0.000000 38.030312 38.124913 99.400191 154.439937 84.288251 80.222167 0.000000 0.000000 64.635707
0.000000 0.000000 0.000000 54.090348 0.000000 141.522004 130.119601 155.685730 69.028136 140.995947 0.000000 70.893649 0.000000 163.652974 0.000000 0.000000 0.000000 0.000000 0.000000 36.195683 0.000000 0.000000 0.000000 110.296704 0.000000 0.000000 206.190893 134.903391 166.982638 0.000000 0.000000 0.000000 0.000000 164.590651 97.851559 0.000000 121.036028 0.000000 98.806598 65.537706 53.419387 105.132160 59.259301 16.108864 149.457804 29.842357 177.000997 101.208969 49.750132 0.000000 164.722078 163.747037 167.892835 12.646319 0.000000 0.000000 114.630942 26.856991 0.000000 156.171679 142.306549 21.932182 106.163467 108.832937 0.000000 121.557661 0.000000 106.344717
0.000000 0.000000 0.000000 0.000000 0.000000 0.000000 0.000000 0.000000 0.000000 0.000000 0.000000 0.000000 0.000000 0.000000 0.000000 0.000000 0.000000 0.000000 0.000000 0.000000 0.000000 0.000000 0.000000 0.000000 0.000000 0.000000 0.000000 0.000000 0.000000 0.000000 0.000000 0.000000 0.000000 0.000000 0.000000 152.202459 0.000000 98.806598 0.000000 28.021903 102.354855 28.179071 0.000000 96.006804 53.265051 98.008546 177.802411 0.000000 28.945779 0.000000 0.000000 0.000000 0.000000 96.467736 0.000000 109.008169 0.000000 82.819610 167.108400 183.538004 175.469597 105.387562 142.407496 0.000000 0.000000 16.626704 0.000000 32.046686
0.000000 0.000000 0.000000 0.000000 0.000000 0.000000 123.674907 167.317777 0.000000 135.960742 0.000000 0.000000 0.000000 191.609174 0.000000 0.000000 0.000000 0.000000 0.000000 0.000000 0.000000 0.000000 0.000000 127.865003 0.000000 0.000000 0.000000 130.836893 198.099030 0.000000 0.000000 0.000000 0.000000 0.000000 0.000000 155.247752 138.243405 65.537706 28.021903 0.000000 47.871537 27.067707 88.163124 24.841743 83.009556 39.684192 121.629669 65.378614 32.355390 0.000000 0.000000 130.534383 154.839177 55.926230 104.375040 121.569564 121.026799 85.616287 164.999766 154.661557 168.435330 69.735352 91.741238 0.000000 0.000000 29.668165 0.000000 49.119058
0.000000 0.000000 194.229370 128.153876 0.000000 132.960180 122.318166 145.149242 68.435026 132.629480 0.000000 134.241705 0.000000 153.463291 0.000000 0.000000 0.000000 0.000000 0.000000 134.076483 0.000000 0.000000 183.235938 107.819985 0.000000 192.141666 191.901501 127.809609 171.772915 0.000000 0.000000 187.602170 0.000000 155.573254 26.576334 0.000000 99.106524 53.419387 102.354855 47.871537 0.000000 61.325782 55.248546 31.788957 125.824249 62.018460 158.001205 45.616714 77.086761 94.380359 102.281043 125.305078 119.996221 70.130530 66.892483 0.000000 79.937624 55.640819 0.000000 122.279498 126.565315 40.115793 84.924747 43.726535 150.345462 118.763841 78.165642 89.895597
0.000000 0.000000 0.000000 157.065915 0.000000 167.669326 126.392848 172.211178 100.407544 157.745386 123.201804 0.000000 0.000000 190.173730 0.000000 0.000000 0.000000 0.000000 0.000000 156.624860 0.000000 0.000000 0.000000 141.155953 0.000000 0.000000 0.000000 151.179467 183.101884 161.525936 0.000000 216.676697 0.000000 0.000000 59.185814 0.000000 121.277007 105.132160 28.179071 27.067707 61.325782 0.000000 78.375314 30.865113 78.780994 94.072924 87.477801 32.873502 47.577026 0.000000 135.156414 118.622935 140.059254 90.340323 89.554346 0.000000 101.503530 95.912674 89.918541 137.622074 142.948498 102.077482 40.153977 79.080801 116.480849 21.325776 0.000000 41.235001
0.000000 0.000000 0.000000 65.098986 0.000000 0.000000 66.708829 86.268324 0.000000 74.322153 0.000000 0.000000 0.000000 92.311474 0.000000 0.000000 0.000000 0.000000 0.000000 0.000000 0.000000 0.000000 0.000000 56.202182 0.000000 0.000000 0.000000 67.505167 88.803005 62.980706 0.000000 0.000000 0.000000 0.000000 0.000000 88.930919 0.000000 59.259301 0.000000 88.163124 55.248546 78.375314 0.000000 58.646094 0.000000 0.000000 132.842375 83.119294 0.000000 0.000000 0.000000 0.000000 0.000000 61.424309 0.000000 38.229219 0.000000 39.144007 116.058304 136.934637 121.179545 54.743425 73.348997 57.234228 0.000000 103.466597 0.000000 121.441365
0.000000 0.000000 0.000000 134.630236 0.000000 140.501232 129.369776 151.006336 74.327372 141.629312 202.649022 133.942411 0.000000 164.907236 0.000000 0.000000 0.000000 0.000000 0.000000 137.491962 0.000000 0.000000 0.000000 118.614694 0.000000 0.000000 189.784872 135.020845 180.621653 0.000000 0.000000 200.769807 0.000000 160.915341 69.369455 0.000000 118.090237 16.108864 96.006804 24.841743 31.788957 30.865113 58.646094 0.000000 140.227543 27.455401 148.554836 67.742959 63.477216 107.542131 138.229079 148.963058 145.890456 18.935637 87.081588 0.000000 99.572296 69.345386 130.929671 148.381650 150.366727 30.877896 96.179881 86.645370 159.778935 104.016328 104.823546 94.753603
0.000000 88.581565 0.000000 0.000000 0.000000 0.000000 0.000000 212.818073 121.404195 212.679909 79.097834 0.000000 76.924253 211.103906 0.000000 0.000000 0.000000 88.675142 109.287972 0.000000 0.000000 0.000000 0.000000 183.616062 64.943519 89.810051 102.566473 189.244491 204.825039 0.000000 87.345743 0.000000 0.000000 0.000000 108.880843 0.000000 84.636859 149.457804 53.265051 83.009556 125.824249 78.780994 0.000000 140.227543 0.000000 146.620119 17.376438 99.782953 0.000000 0.000000 45.945923 21.727997 31.451467 145.572304 112.303439 0.000000 106.316193 151.440821 29.979778 27.619217 58.733784 154.165331 73.504276 96.526694 35.872573 61.818287 86.978945 28.611714
0.000000 0.000000 0.000000 141.799412 0.000000 145.815325 141.938849 157.550888 0.000000 146.388286 0.000000 136.535915 0.000000 0.000000 0.000000 0.000000 0.000000 0.000000 0.000000 155.411143 0.000000 0.000000 0.000000 134.823129 0.000000 0.000000 0.000000 143.774502 0.000000 0.000000 0.000000 0.000000 0.000000 0.000000 0.000000 0.000000 0.000000 29.842357 98.008546 39.684192 62.018460 94.072924 0.000000 27.455401 146.620119 0.000000 162.363213 99.485781 57.367021 0.000000 0.000000 159.610899 159.390231 20.438039 0.000000 0.000000 0.000000 22.012007 139.866843 159.611588 173.659476 43.959283 111.692047 0.000000 159.131525 113.523993 0.000000 101.492972
0.000000 0.000000 0.000000 0.000000 0.000000 0.000000 0.000000 209.829532 0.000000 228.884870 76.893672 0.000000 78.191709 0.000000 0.000000 0.000000 0.000000 89.872704 106.622333 0.000000 0.000000 0.000000 0.000000 195.416482 61.715574 83.536590 97.193663 0.000000 0.000000 0.000000 84.685856 0.000000 0.000000 0.000000 0.000000 41.423042 83.029022 177.000997 177.802411 121.629669 158.001205 87.477801 132.842375 148.554836 17.376438 162.363213 0.000000 102.420712 173.768992 0.000000 0.000000 64.330891 70.411536 156.223278 0.000000 77.125577 0.000000 143.690486 26.411047 37.821337 38.357375 172.755845 80.537908 0.000000 24.939229 75.553154 0.000000 47.046938
0.000000 0.000000 0.000000 0.000000 0.000000 167.848176 146.484902 175.673157 92.431477 159.327936 142.000536 0.000000 0.000000 195.912006 0.000000 0.000000 0.000000 0.000000 0.000000 0.000000 148.285058 0.000000 0.000000 137.481261 0.000000 201.075724 0.000000 153.858953 174.116001 148.988439 0.000000 0.000000 0.000000 168.792951 17.325215 0.000000 115.389194 101.208969 0.000000 65.378614 45.616714 32.873502 83.119294 67.742959 99.782953 99.485781 102.420712 0.000000 0.000000 0.000000 125.365256 134.381462 136.244761 97.794351 86.928644 0.000000 96.528669 105.310161 87.681933 133.949491 145.455201 103.342312 39.927888 61.929677 121.927898 37.826956 0.000000 59.223991
0.000000 0.000000 0.000000 0.000000 0.000000 0.000000 0.000000 0.000000 0.000000 0.000000 0.000000 0.000000 0.000000 0.000000 0.000000 0.000000 0.000000 0.000000 0.000000 0.000000 0.000000 0.000000 0.000000 0.000000 0.000000 0.000000 0.000000 0.000000 0.000000 0.000000 0.000000 0.000000 0.000000 0.000000 0.000000 125.573389 0.000000 49.750132 28.945779 32.355390 77.086761 47.577026 0.000000 63.477216 0.000000 57.367021 173.768992 0.000000 0.000000 0.000000 0.000000 0.000000 0.000000 51.854931 0.000000 93.379774 0.000000 59.191637 151.292877 0.000000 161.603434 63.602071 0.000000 0.000000 0.000000 42.318138 0.000000 0.000000
0.000000 0.000000 0.000000 0.000000 0.000000 0.000000 0.000000 0.000000 0.000000 0.000000 0.000000 0.000000 0.000000 137.901132 0.000000 88.850755 0.000000 0.000000 0.000000 0.000000 109.979274 46.669654 101.674518 98.389043 0.000000 0.000000 85.880947 115.048600 125.578777 110.380770 0.000000 0.000000 111.052334 0.000000 0.000000 0.000000 63.367063 0.000000 0.000000 0.000000 94.380359 0.000000 0.000000 107.542131 0.000000 0.000000 0.000000 0.000000 0.000000 0.000000 82.346502 0.000000 0.000000 0.000000 50.287656 35.119196 29.369074 55.688904 0.000000 118.882445 19.801265 59.678017 93.792829 78.692135 0.000000 0.000000 0.000000 79.785407
0.000000 0.000000 106.676907 0.000000 0.000000 0.000000 0.000000 0.000000 0.000000 0.000000 0.000000 0.000000 0.000000 0.000000 0.000000 0.000000 114.728426 0.000000 128.478736 0.000000 0.000000 0.000000 111.045526 174.750580 0.000000 109.803371 106.756419 175.860128 0.000000 0.000000 0.000000 0.000000 0.000000 0.000000 110.646100 54.867711 38.443352 164.722078 0.000000 0.000000 102.281043 135.156414 0.000000 138.229079 45.945923 0.000000 0.000000 125.365256 0.000000 82.346502 0.000000 54.342158 33.439165 0.000000 62.143884 0.000000 23.576761 130.753602 0.000000 55.631187 69.563330 129.832095 130.821268 71.314588 117.646181 0.000000 0.000000 21.064484
0.000000 0.000000 0.000000 0.000000 0.000000 0.000000 0.000000 225.977790 0.000000 0.000000 91.092555 0.000000 90.412056 0.000000 0.000000 0.000000 122.088036 96.961920 105.605991 0.000000 0.000000 0.000000 0.000000 199.380390 70.738185 94.891162 99.358618 205.556808 227.207962 0.000000 94.474372 0.000000 0.000000 0.000000 123.771779 0.000000 65.101034 163.747037 0.000000 130.534383 125.305078 118.622935 0.000000 148.963058 21.727997 159.610899 64.330891 134.381462 0.000000 0.000000 54.342158 0.000000 23.351542 160.425244 115.676426 0.000000 106.281148 158.469142 39.382950 29.656958 64.118545 156.980981 117.634878 110.303952 46.265488 93.292597 94.468108 41.895332
0.000000 0.000000 122.746773 0.000000 0.000000 0.000000 0.000000 0.000000 0.000000 0.000000 108.780745 0.000000 104.500374 0.000000 0.000000 0.000000 111.606298 114.186230 108.440021 0.000000 0.000000 0.000000 134.969666 0.000000 0.000000 100.956948 102.164298 211.771445 0.000000 0.000000 106.787402 0.000000 0.000000 0.000000 122.641600 0.000000 54.723786 167.892835 0.000000 154.839177 119.996221 140.059254 0.000000 145.890456 31.451467 159.390231 70.411536 136.244761 0.000000 0.000000 33.439165 23.351542 0.000000 157.772313 108.558629 0.000000 95.093949 145.930836 61.194620 33.650372 67.818713 148.161149 125.560651 106.613837 59.754016 0.000000 89.911076 46.114638
0.000000 0.000000 0.000000 139.456561 0.000000 148.726525 137.928374 162.605794 0.000000 148.917032 0.000000 143.325961 0.000000 0.000000 0.000000 0.000000 0.000000 0.000000 0.000000 138.744329 0.000000 0.000000 0.000000 129.293961 0.000000 0.000000 0.000000 143.279336 0.000000 0.000000 0.000000 0.000000 0.000000 0.000000 0.000000 0.000000 133.176523 12.646319 96.467736 55.926230 70.130530 90.340323 61.424309 18.935637 145.572304 20.438039 156.223278 97.794351 51.854931 0.000000 0.000000 160.425244 157.772313 0.000000 0.000000 0.000000 0.000000 37.579242 0.000000 163.205434 160.402100 30.101012 108.884719 0.000000 167.952044 121.847799 0.000000 102.954449
127.444009 0.000000 0.000000 0.000000 0.000000 0.000000 0.000000 144.058799 64.830757 0.000000 0.000000 0.000000 0.000000 144.744088 0.000000 111.304305 0.000000 0.000000 0.000000 0.000000 118.016289 65.689506 120.143806 110.167058 0.000000 0.000000 132.801024 116.788456 134.040248 119.867277 0.000000 0.000000 120.997673 116.692126 0.000000 0.000000 72.980409 0.000000 0.000000 104.375040 66.892483 89.554346 0.000000 87.081588 112.303439 0.000000 0.000000 86.928644 0.000000 50.287656 62.143884 115.676426 108.558629 0.000000 0.000000 54.784952 42.800524 71.165615 0.000000 108.455793 96.429362 29.221430 90.863016 39.863566 0.000000 0.000000 66.608558 37.959242
0.000000 0.000000 0.000000 0.000000 0.000000 0.000000 0.000000 0.000000 0.000000 0.000000 0.000000 0.000000 0.000000 0.000000 0.000000 39.914653 0.000000 0.000000 0.000000 0.000000 0.000000 0.000000 68.867002 0.000000 0.000000 0.000000 73.889975 0.000000 0.000000 0.000000 0.000000 0.000000 0.000000 0.000000 0.000000 38.112011 0.000000 0.000000 109.008169 121.569564 0.000000 0.000000 38.229219 0.000000 0.000000 0.000000 77.125577 0.000000 93.379774 35.119196 0.000000 0.000000 0.000000 0.000000 54.784952 0.000000 48.245419 50.506979 58.383044 91.034889 73.431824 56.937785 67.698499 58.367859 0.000000 132.804061 0.000000 0.000000
0.000000 0.000000 109.259545 0.000000 0.000000 0.000000 0.000000 0.000000 0.000000 0.000000 0.000000 0.000000 0.000000 0.000000 0.000000 97.111011 113.033290 0.000000 0.000000 0.000000 115.363290 58.400135 107.417536 163.527096 0.000000 0.000000 98.390805 152.562391 148.104483 119.005878 0.000000 0.000000 0.000000 0.000000 96.353902 51.454178 31.210022 114.630942 0.000000 121.026799 79.937624 101.503530 0.000000 99.572296 106.316193 0.000000 0.000000 96.528669 0.000000 29.369074 23.576761 106.281148 95.093949 0.000000 42.800524 48.245419 0.000000 60.420780 0.000000 87.577685 52.293380 54.132624 119.766547 58.593005 0.000000 0.000000 0.000000 49.884477
112.972402 0.000000 155.654427 111.325482 0.000000 122.126376 107.903409 128.767214 50.710733 121.673458 191.764520 131.692196 204.758660 140.539356 0.000000 118.932886 163.689023 0.000000 194.746091 120.577893 114.440725 0.000000 142.076664 96.940556 0.000000 180.639026 158.461638 112.554663 132.583421 112.821163 210.653491 170.246259 117.311618 136.205549 85.402363 89.057769 104.460970 26.856991 82.819610 85.616287 55.640819 95.912674 39.144007 69.345386 151.440821 22.012007 143.690486 105.310161 59.191637 55.688904 130.753602 158.469142 145.930836 37.579242 71.165615 50.506979 60.420780 0.000000 112.935455 138.145995 106.105623 16.443075 99.311252 81.153081 151.446134 103.523406 76.624627 113.934635
0.000000 0.000000 0.000000 0.000000 0.000000 0.000000 0.000000 0.000000 0.000000 0.000000 0.000000 0.000000 76.087305 0.000000 0.000000 0.000000 0.000000 0.000000 0.000000 0.000000 0.000000 0.000000 0.000000 0.000000 0.000000 66.549785 60.780988 0.000000 0.000000 0.000000 0.000000 0.000000 0.000000 0.000000 0.000000 29.915949 0.000000 0.000000 167.108400 164.999766 0.000000 89.918541 116.058304 130.929671 29.979778 139.866843 26.411047 87.681933 151.292877 0.000000 0.000000 39.382950 61.194620 0.000000 0.000000 58.383044 0.000000 112.935455 0.000000 35.024400 33.799236 134.670116 68.276205 0.000000 38.997243 71.985246 0.000000 32.542278
0.000000 0.000000 112.825019 0.000000 0.000000 0.000000 226.307630 225.498692 0.000000 225.507781 88.492400 0.000000 88.931723 229.918544 0.000000 0.000000 104.929582 97.990075 102.172836 0.000000 204.104047 0.000000 133.349464 195.664817 54.773931 91.132972 94.210735 212.141450 217.111166 0.000000 92.656160 0.000000 0.000000 0.000000 124.382380 41.915167 38.030312 156.171679 183.538004 154.661557 122.279498 137.622074 136.934637 148.381650 27.619217 159.611588 37.821337 133.949491 0.000000 118.882445 55.631187 29.656958 33.650372 163.205434 108.455793 91.034889 87.577685 138.145995 35.024400 0.000000 39.792882 150.849728 124.935021 109.577742 22.427904 94.714858 96.645036 59.343192
