0.000000 0.000000 0.000973 0.000000 0.000000 0.000093 0.042533 0.007573 0.000533 0.001293 0.000680 0.000000 0.000000 0.110267 0.000000 0.000000 0.004387 0.000747 0.001880 0.000000 0.000160 0.000000 0.002373 0.000360 0.000000 0.000907 0.000080 0.001293 0.115120 0.011307 0.000000 0.000387 0.000000 0.000467 0.000000 0.000000 0.000000 0.000000 0.000000 0.000000 0.000000 0.000000 0.000000 0.000000 0.000000 0.000000 0.000000 0.000000 0.000000 0.000000 0.000000 0.000000 0.000000 0.000000 0.000133 0.000000 0.000000 0.001067 0.000000 0.000000 0.000000 0.000720 0.000280 0.000000 0.000000 0.000000 0.000000 0.000307
0.000000 0.000000 0.000573 0.000000 0.000413 0.000120 0.000000 0.000000 0.000987 0.000000 0.000000 0.000240 0.004000 0.000000 0.000200 0.000000 0.000227 0.000000 0.000000 0.000000 0.000000 0.000613 0.000000 0.008427 0.012293 0.001040 0.015160 0.000120 0.000000 0.000000 0.000147 0.000000 0.000000 0.000000 0.000000 0.000000 0.000000 0.000000 0.000000 0.000000 0.000000 0.000000 0.000000 0.000000 0.000160 0.000000 0.000000 0.000000 0.000000 0.000000 0.000000 0.000000 0.000000 0.000000 0.000000 0.000000 0.000000 0.000000 0.000000 0.000000 0.000387 0.000000 0.000000 0.000000 0.000000 0.000000 0.000000 0.000000
0.000973 0.000573 0.000000 0.000347 0.000000 0.007173 0.035107 0.016013 0.000000 0.005947 0.000413 0.000000 0.000120 0.014907 0.000000 0.000000 0.077213 0.001373 0.014093 0.000000 0.003400 0.000000 0.092493 0.001680 0.000000 0.141240 0.073893 0.003520 0.001493 0.006760 0.000133 0.000200 0.000000 0.000213 0.000000 0.000947 0.022960 0.000000 0.000000 0.000000 0.000067 0.000000 0.000000 0.000000 0.000000 0.000000 0.000000 0.000000 0.000000 0.000000 0.004640 0.000000 0.000293 0.000000 0.000000 0.000000 0.000587 0.000573 0.000000 0.002213 0.018640 0.000400 0.000000 0.000000 0.000000 0.000000 0.000000 0.000680
0.000000 0.000000 0.000347 0.000000 0.001080 0.002547 0.001240 0.001053 0.004413 0.086107 0.000093 0.026867 0.000080 0.001080 0.001080 0.000000 0.000187 0.000000 0.000000 0.099520 0.000000 0.000093 0.000067 0.020733 0.000000 0.000373 0.000453 0.217973 0.002760 0.000000 0.000000 0.000840 0.000000 0.000453 0.000000 0.000000 0.000000 0.002200 0.000000 0.000000 0.000947 0.000133 0.000307 0.001667 0.000000 0.000347 0.000000 0.000000 0.000000 0.000000 0.000000 0.000000 0.000000 0.000427 0.000000 0.000000 0.000000 0.000853 0.000000 0.000000 0.000000 0.005000 0.000120 0.000000 0.000000 0.000000 0.000000 0.000093
0.000000 0.000413 0.000000 0.001080 0.000000 0.013453 0.000507 0.000213 0.001453 0.001933 0.000000 0.000813 0.000320 0.000000 0.016293 0.000000 0.000000 0.000000 0.000000 0.000320 0.000000 0.001333 0.000000 0.002640 0.000213 0.000000 0.001107 0.001973 0.000000 0.000000 0.000000 0.003480 0.000000 0.000187 0.000000 0.000000 0.000000 0.000000 0.000000 0.000000 0.000000 0.000000 0.000000 0.000000 0.000000 0.000000 0.000000 0.000000 0.000000 0.000000 0.000000 0.000000 0.000000 0.000000 0.000000 0.000000 0.000000 0.000000 0.000000 0.000000 0.000000 0.000000 0.000000 0.000000 0.000000 0.000000 0.000000 0.000000
0.000093 0.000120 0.007173 0.002547 0.013453 0.000000 0.062253 0.059907 0.000867 0.107027 0.001013 0.041307 0.000187 0.005973 0.005227 0.000000 0.000213 0.000107 0.000227 0.004747 0.000400 0.000000 0.002107 0.008427 0.000000 0.001547 0.000333 0.011827 0.002173 0.000000 0.000000 0.017813 0.000000 0.001040 0.000000 0.000000 0.000000 0.000573 0.000000 0.000000 0.001120 0.000213 0.000000 0.002627 0.000000 0.000160 0.000000 0.000320 0.000000 0.000000 0.000000 0.000000 0.000000 0.000187 0.000000 0.000000 0.000000 0.001720 0.000000 0.000000 0.000000 0.003760 0.000653 0.000093 0.000000 0.000000 0.000000 0.000227
0.042533 0.000000 0.035107 0.001240 0.000507 0.062253 0.000000 0.047373 0.001853 0.192907 0.001080 0.001627 0.000133 0.129000 0.000173 0.000080 0.004213 0.000067 0.000800 0.000307 0.013067 0.000000 0.053453 0.022253 0.000000 0.004920 0.002947 0.278827 0.036760 0.042400 0.000067 0.000613 0.000840 0.004120 0.000000 0.000000 0.000133 0.000667 0.000000 0.000173 0.001253 0.000067 0.000093 0.001773 0.000000 0.000200 0.000000 0.000173 0.000000 0.000000 0.000000 0.000000 0.000000 0.000480 0.000000 0.000000 0.000000 0.001000 0.000000 0.000080 0.000000 0.004200 0.000200 0.000000 0.000000 0.000000 0.000000 0.000280
0.007573 0.000000 0.016013 0.001053 0.000213 0.059907 0.047373 0.000000 0.002973 0.019333 0.003293 0.011333 0.000307 0.106227 0.000000 0.000000 0.014787 0.001920 0.008000 0.003560 0.000720 0.000000 0.011093 0.008853 0.000000 0.008493 0.000373 0.005427 0.002747 0.004053 0.000000 0.012120 0.000000 0.001733 0.000000 0.000000 0.000000 0.000347 0.000000 0.000187 0.001373 0.000760 0.000213 0.002987 0.000347 0.000067 0.000067 0.000987 0.000000 0.000000 0.000000 0.000120 0.000000 0.000253 0.000120 0.000000 0.000000 0.006907 0.000000 0.000280 0.000107 0.005453 0.001507 0.000147 0.000000 0.000253 0.000000 0.001320
0.000533 0.000987 0.000000 0.004413 0.001453 0.000867 0.001853 0.002973 0.000000 0.006240 0.000080 0.000280 0.001080 0.001387 0.000293 0.000107 0.000000 0.000000 0.000000 0.000707 0.000280 0.016133 0.000000 0.016307 0.000773 0.000000 0.002440 0.011333 0.003133 0.001773 0.000120 0.000213 0.000147 0.000067 0.000000 0.000000 0.000000 0.000093 0.000000 0.000000 0.000133 0.000080 0.000000 0.000213 0.000067 0.000000 0.000000 0.000093 0.000000 0.000000 0.000000 0.000000 0.000000 0.000000 0.000067 0.000000 0.000000 0.001667 0.000000 0.000000 0.000000 0.002000 0.000480 0.000160 0.000000 0.000000 0.000000 0.000000
0.001293 0.000000 0.005947 0.086107 0.001933 0.107027 0.192907 0.019333 0.006240 0.000000 0.001360 0.082053 0.000227 0.032093 0.001067 0.000000 0.000200 0.000160 0.000120 0.166013 0.000200 0.000000 0.001973 0.010373 0.000000 0.001187 0.000667 0.266600 0.029067 0.000000 0.000000 0.002413 0.000133 0.005973 0.000067 0.000000 0.000000 0.002653 0.000000 0.000680 0.005013 0.000653 0.000320 0.009107 0.000240 0.001040 0.000080 0.000573 0.000000 0.000000 0.000000 0.000000 0.000000 0.001400 0.000000 0.000000 0.000000 0.004533 0.000000 0.000240 0.000107 0.019093 0.001773 0.000000 0.000000 0.000067 0.000000 0.001133
0.000680 0.000000 0.000413 0.000093 0.000000 0.001013 0.001080 0.003293 0.000080 0.001360 0.000000 0.001333 0.023307 0.003427 0.000000 0.000000 0.003280 0.040453 0.014587 0.000360 0.000827 0.000000 0.000200 0.000227 0.001160 0.060053 0.002880 0.000227 0.012440 0.000333 0.003467 0.002547 0.001093 0.040533 0.000000 0.000000 0.000000 0.000000 0.000000 0.000000 0.000000 0.000067 0.000000 0.000093 0.003893 0.000000 0.008147 0.000173 0.000000 0.000000 0.000000 0.000733 0.000093 0.000000 0.000000 0.000000 0.000000 0.000400 0.000000 0.002067 0.001680 0.000413 0.000213 0.000000 0.001293 0.000173 0.000000 0.000453
0.000000 0.000240 0.000000 0.026867 0.000813 0.041307 0.001627 0.011333 0.000280 0.082053 0.001333 0.000000 0.000320 0.009493 0.000787 0.000000 0.000000 0.000133 0.000067 0.021267 0.000000 0.000587 0.000000 0.010453 0.000147 0.000147 0.000520 0.017027 0.007027 0.000000 0.000000 0.002467 0.000000 0.002533 0.000000 0.000000 0.000000 0.001253 0.000000 0.000000 0.000427 0.000000 0.000000 0.001173 0.000000 0.000133 0.000000 0.000000 0.000000 0.000000 0.000000 0.000000 0.000000 0.000187 0.000000 0.000000 0.000000 0.000240 0.000000 0.000000 0.000000 0.002653 0.000000 0.000000 0.000000 0.000000 0.000000 0.000000
0.000000 0.004000 0.000120 0.000080 0.000320 0.000187 0.000133 0.000307 0.001080 0.000227 0.023307 0.000320 0.000000 0.000360 0.000200 0.000000 0.000000 0.000347 0.000147 0.000080 0.000000 0.002093 0.000000 0.004227 0.032013 0.004907 0.054133 0.000160 0.000600 0.000000 0.013093 0.000707 0.000000 0.004493 0.000000 0.000000 0.000000 0.000000 0.000000 0.000000 0.000000 0.000000 0.000000 0.000000 0.007987 0.000000 0.007573 0.000000 0.000000 0.000000 0.000000 0.001387 0.000240 0.000000 0.000000 0.000000 0.000000 0.000213 0.000147 0.005560 0.002773 0.000107 0.000253 0.000000 0.002107 0.000200 0.000000 0.000293
0.110267 0.000000 0.014907 0.001080 0.000000 0.005973 0.129000 0.106227 0.001387 0.032093 0.003427 0.009493 0.000360 0.000000 0.000000 0.000000 0.021480 0.002613 0.009307 0.004067 0.002160 0.000000 0.020893 0.002080 0.000000 0.007760 0.000253 0.005920 0.051347 0.010867 0.000093 0.007840 0.000000 0.002853 0.000000 0.000000 0.000000 0.000133 0.000000 0.000067 0.000213 0.000120 0.000093 0.000547 0.000133 0.000000 0.000000 0.000267 0.000000 0.000093 0.000000 0.000000 0.000000 0.000000 0.000347 0.000000 0.000000 0.001920 0.000000 0.000093 0.000000 0.002120 0.000653 0.000107 0.000000 0.000093 0.000000 0.000547
0.000000 0.000200 0.000000 0.001080 0.016293 0.005227 0.000173 0.000000 0.000293 0.001067 0.000000 0.000787 0.000200 0.000000 0.000000 0.000000 0.000000 0.000000 0.000000 0.000240 0.000000 0.000920 0.000000 0.002227 0.000173 0.000000 0.000467 0.001507 0.000000 0.000000 0.000000 0.002400 0.000000 0.000000 0.000000 0.000000 0.000000 0.000000 0.000000 0.000000 0.000000 0.000000 0.000000 0.000000 0.000000 0.000000 0.000000 0.000000 0.000000 0.000000 0.000000 0.000000 0.000000 0.000000 0.000000 0.000000 0.000000 0.000000 0.000000 0.000000 0.000000 0.000000 0.000000 0.000000 0.000000 0.000000 0.000000 0.000000
0.000000 0.000000 0.000000 0.000000 0.000000 0.000000 0.000080 0.000000 0.000107 0.000000 0.000000 0.000000 0.000000 0.000000 0.000000 0.000000 0.000160 0.000000 0.000000 0.000000 0.052520 0.017240 0.135600 0.017453 0.000000 0.000213 0.001373 0.002920 0.000107 0.004867 0.000000 0.000000 0.000000 0.000000 0.000000 0.000000 0.000133 0.000000 0.000000 0.000000 0.000000 0.000000 0.000000 0.000000 0.000000 0.000000 0.000000 0.000000 0.000000 0.023333 0.000000 0.000000 0.000000 0.000000 0.004373 0.000173 0.012813 0.000160 0.000000 0.000000 0.000320 0.000293 0.000667 0.001173 0.000000 0.000000 0.000000 0.000067
0.004387 0.000227 0.077213 0.000187 0.000000 0.000213 0.004213 0.014787 0.000000 0.000200 0.003280 0.000000 0.000000 0.021480 0.000000 0.000160 0.000000 0.009280 0.094507 0.000000 0.003387 0.000000 0.026027 0.002040 0.000000 0.026040 0.070160 0.001053 0.024840 0.011093 0.000000 0.000107 0.000093 0.000320 0.000000 0.000320 0.009360 0.000000 0.000000 0.000000 0.000000 0.000000 0.000000 0.000000 0.000000 0.000000 0.000000 0.000000 0.000000 0.000000 0.001173 0.000067 0.000293 0.000000 0.000000 0.000000 0.000347 0.000200 0.000000 0.002507 0.006960 0.000080 0.000000 0.000000 0.000000 0.000000 0.000000 0.000120
0.000747 0.000000 0.001373 0.000000 0.000000 0.000107 0.000067 0.001920 0.000000 0.000160 0.040453 0.000133 0.000347 0.002613 0.000000 0.000000 0.009280 0.000000 0.060760 0.000000 0.000173 0.000000 0.000467 0.000000 0.000173 0.030507 0.003973 0.000000 0.008560 0.000600 0.000400 0.000107 0.000493 0.000173 0.000000 0.000000 0.000227 0.000000 0.000000 0.000000 0.000000 0.000000 0.000000 0.000000 0.000480 0.000000 0.000947 0.000000 0.000000 0.000000 0.000000 0.000707 0.000253 0.000000 0.000000 0.000000 0.000000 0.000000 0.000000 0.002547 0.002160 0.000000 0.000000 0.000000 0.000480 0.000000 0.000000 0.000000
0.001880 0.000000 0.014093 0.000000 0.000000 0.000227 0.000800 0.008000 0.000000 0.000120 0.014587 0.000067 0.000147 0.009307 0.000000 0.000000 0.094507 0.060760 0.000000 0.000000 0.000373 0.000000 0.003840 0.000120 0.000000 0.048347 0.020133 0.000000 0.019347 0.002733 0.000267 0.000147 0.000520 0.000187 0.000000 0.000080 0.001853 0.000000 0.000000 0.000000 0.000000 0.000000 0.000000 0.000000 0.000227 0.000000 0.000293 0.000000 0.000000 0.000000 0.000227 0.000707 0.001240 0.000000 0.000000 0.000000 0.000000 0.000147 0.000000 0.007627 0.008307 0.000120 0.000000 0.000000 0.000333 0.000000 0.000000 0.000000
0.000000 0.000000 0.000000 0.099520 0.000320 0.004747 0.000307 0.003560 0.000707 0.166013 0.000360 0.021267 0.000080 0.004067 0.000240 0.000000 0.000000 0.000000 0.000000 0.000000 0.000000 0.000000 0.000000 0.004253 0.000000 0.000000 0.000000 0.051560 0.003173 0.000000 0.000000 0.000960 0.000000 0.000747 0.000000 0.000000 0.000000 0.002693 0.000000 0.000000 0.000600 0.000080 0.000000 0.000907 0.000000 0.000080 0.000000 0.000000 0.000000 0.000000 0.000000 0.000000 0.000000 0.000173 0.000000 0.000000 0.000000 0.000373 0.000000 0.000000 0.000000 0.002573 0.000080 0.000000 0.000000 0.000000 0.000000 0.000000
0.000160 0.000000 0.003400 0.000000 0.000000 0.000400 0.013067 0.000720 0.000280 0.000200 0.000827 0.000000 0.000000 0.002160 0.000000 0.052520 0.003387 0.000173 0.000373 0.000000 0.000000 0.001493 0.185413 0.005373 0.000000 0.000480 0.001613 0.018427 0.002307 0.117773 0.000000 0.000000 0.002107 0.036573 0.000080 0.000000 0.000120 0.000000 0.000000 0.000000 0.000000 0.000000 0.000000 0.000000 0.000000 0.000000 0.000000 0.000200 0.000000 0.004347 0.000000 0.000000 0.000000 0.000000 0.006880 0.000000 0.001907 0.000693 0.000000 0.000067 0.000133 0.001333 0.002600 0.001853 0.000000 0.000000 0.000107 0.000440
0.000000 0.000613 0.000000 0.000093 0.001333 0.000000 0.000000 0.000000 0.016133 0.000000 0.000000 0.000587 0.002093 0.000000 0.000920 0.017240 0.000000 0.000000 0.000000 0.000000 0.001493 0.000000 0.003467 0.022040 0.001893 0.000107 0.007453 0.000427 0.000107 0.000707 0.000093 0.000267 0.000067 0.000000 0.000000 0.000000 0.000000 0.000000 0.000000 0.000000 0.000000 0.000000 0.000000 0.000000 0.000000 0.000000 0.000000 0.000000 0.000000 0.001760 0.000000 0.000000 0.000000 0.000000 0.000107 0.000000 0.000347 0.000000 0.000000 0.000000 0.000347 0.000000 0.000000 0.000000 0.000000 0.000000 0.000000 0.000000
0.002373 0.000000 0.092493 0.000067 0.000000 0.002107 0.053453 0.011093 0.000000 0.001973 0.000200 0.000000 0.000000 0.020893 0.000000 0.135600 0.026027 0.000467 0.003840 0.000000 0.185413 0.003467 0.000000 0.013987 0.000000 0.011280 0.130973 0.048120 0.010640 0.069960 0.000107 0.000133 0.000000 0.040613 0.000000 0.000280 0.026200 0.000000 0.000000 0.000000 0.000093 0.000000 0.000000 0.000000 0.000000 0.000000 0.000000 0.000000 0.000000 0.033880 0.001480 0.000000 0.000080 0.000000 0.005400 0.000240 0.061053 0.001360 0.000000 0.000133 0.018400 0.001000 0.000320 0.000920 0.000000 0.000000 0.000000 0.000107
0.000360 0.008427 0.001680 0.020733 0.002640 0.008427 0.022253 0.008853 0.016307 0.010373 0.000227 0.010453 0.004227 0.002080 0.002227 0.017453 0.002040 0.000000 0.000120 0.004253 0.005373 0.022040 0.013987 0.000000 0.003627 0.003240 0.031067 0.092813 0.007293 0.010120 0.000680 0.001293 0.001347 0.001773 0.000093 0.000067 0.000867 0.000880 0.000000 0.000440 0.001560 0.000840 0.000347 0.002400 0.000320 0.000307 0.000160 0.001013 0.000000 0.000413 0.000080 0.000213 0.000000 0.000453 0.000707 0.000000 0.000120 0.007640 0.000000 0.000400 0.000973 0.009667 0.002827 0.000867 0.000120 0.000240 0.000000 0.001507
0.000000 0.012293 0.000000 0.000000 0.000213 0.000000 0.000000 0.000000 0.000773 0.000000 0.001160 0.000147 0.032013 0.000000 0.000173 0.000000 0.000000 0.000173 0.000000 0.000000 0.000000 0.001893 0.000000 0.003627 0.000000 0.002467 0.024960 0.000000 0.000000 0.000000 0.000973 0.000000 0.000000 0.000000 0.000000 0.000000 0.000000 0.000000 0.000000 0.000000 0.000000 0.000000 0.000000 0.000000 0.000200 0.000000 0.000133 0.000000 0.000000 0.000000 0.000000 0.000120 0.000000 0.000000 0.000000 0.000000 0.000000 0.000000 0.000000 0.000680 0.000733 0.000000 0.000000 0.000000 0.000000 0.000000 0.000000 0.000000
0.000907 0.001040 0.141240 0.000373 0.000000 0.001547 0.004920 0.008493 0.000000 0.001187 0.060053 0.000147 0.004907 0.007760 0.000000 0.000213 0.026040 0.030507 0.048347 0.000000 0.000480 0.000107 0.011280 0.003240 0.002467 0.000000 0.099600 0.001893 0.006027 0.001733 0.001280 0.000147 0.000067 0.000493 0.000000 0.000547 0.007120 0.000000 0.000000 0.000000 0.000067 0.000000 0.000000 0.000000 0.002840 0.000000 0.006560 0.000080 0.000000 0.000000 0.000920 0.005400 0.006520 0.000000 0.000000 0.000000 0.000000 0.001427 0.000453 0.031413 0.041053 0.000440 0.000000 0.000000 0.003213 0.000000 0.000000 0.000133
0.000080 0.015160 0.073893 0.000453 0.001107 0.000333 0.002947 0.000373 0.002440 0.000667 0.002880 0.000520 0.054133 0.000253 0.000467 0.001373 0.070160 0.003973 0.020133 0.000000 0.001613 0.007453 0.130973 0.031067 0.024960 0.099600 0.000000 0.013027 0.000467 0.000000 0.009640 0.000240 0.000000 0.000267 0.000000 0.002613 0.021653 0.000107 0.000000 0.000000 0.000107 0.000000 0.000000 0.000067 0.002533 0.000000 0.003453 0.000000 0.000000 0.005587 0.002867 0.004427 0.005640 0.000000 0.000173 0.000067 0.009400 0.002693 0.000787 0.036600 0.063867 0.001120 0.000000 0.000000 0.002240 0.000000 0.000000 0.000373
0.001293 0.000120 0.003520 0.217973 0.001973 0.011827 0.278827 0.005427 0.011333 0.266600 0.000227 0.017027 0.000160 0.005920 0.001507 0.002920 0.001053 0.000000 0.000000 0.051560 0.018427 0.000427 0.048120 0.092813 0.000000 0.001893 0.013027 0.000000 0.029440 0.103787 0.000080 0.001133 0.005920 0.010773 0.000133 0.000000 0.000453 0.003947 0.000000 0.000747 0.005240 0.000880 0.000987 0.008733 0.000267 0.000987 0.000000 0.000893 0.000000 0.000227 0.000080 0.000120 0.000067 0.001667 0.000827 0.000000 0.000147 0.007067 0.000000 0.000213 0.000347 0.024520 0.002907 0.000480 0.000000 0.000120 0.000000 0.001360
0.115120 0.000000 0.001493 0.002760 0.000000 0.002173 0.036760 0.002747 0.003133 0.029067 0.012440 0.007027 0.000600 0.051347 0.000000 0.000107 0.024840 0.008560 0.019347 0.003173 0.002307 0.000107 0.010640 0.007293 0.000000 0.006027 0.000467 0.029440 0.000000 0.045173 0.000000 0.013040 0.060707 0.044293 0.000000 0.000000 0.000000 0.000107 0.000000 0.000147 0.000267 0.000187 0.000320 0.000493 0.000160 0.000000 0.000000 0.000493 0.000000 0.001160 0.000000 0.000093 0.000000 0.000000 0.002987 0.000000 0.000067 0.003947 0.000000 0.000133 0.000093 0.005240 0.002613 0.000573 0.000000 0.000147 0.000000 0.001240
0.011307 0.000000 0.006760 0.000000 0.000000 0.000000 0.042400 0.004053 0.001773 0.000000 0.000333 0.000000 0.000000 0.010867 0.000000 0.004867 0.011093 0.000600 0.002733 0.000000 0.117773 0.000707 0.069960 0.010120 0.000000 0.001733 0.000000 0.103787 0.045173 0.000000 0.000000 0.000000 0.000147 0.002653 0.000000 0.000000 0.000000 0.000000 0.000000 0.000000 0.000000 0.000107 0.000080 0.000000 0.000000 0.000000 0.000000 0.000173 0.000000 0.002547 0.000000 0.000000 0.000000 0.000000 0.004467 0.000000 0.000253 0.001907 0.000000 0.000000 0.000067 0.003173 0.002040 0.000600 0.000000 0.000000 0.000147 0.000973
0.000000 0.000147 0.000133 0.000000 0.000000 0.000000 0.000067 0.000000 0.000120 0.000000 0.003467 0.000000 0.013093 0.000093 0.000000 0.000000 0.000000 0.000400 0.000267 0.000000 0.000000 0.000093 0.000107 0.000680 0.000973 0.001280 0.009640 0.000080 0.000000 0.000000 0.000000 0.000000 0.000000 0.000000 0.000000 0.000000 0.000000 0.000000 0.000000 0.000000 0.000000 0.000000 0.000000 0.000000 0.000880 0.000000 0.001880 0.000000 0.000000 0.000000 0.000000 0.000413 0.000173 0.000000 0.000000 0.000000 0.000000 0.000080 0.000000 0.001787 0.001133 0.000000 0.000000 0.000000 0.000600 0.000000 0.000000 0.000000
0.000387 0.000000 0.000200 0.000840 0.003480 0.017813 0.000613 0.012120 0.000213 0.002413 0.002547 0.002467 0.000707 0.007840 0.002400 0.000000 0.000107 0.000107 0.000147 0.000960 0.000000 0.000267 0.000133 0.001293 0.000000 0.000147 0.000240 0.001133 0.013040 0.000000 0.000000 0.000000 0.000000 0.019453 0.000000 0.000000 0.000000 0.000000 0.000000 0.000000 0.000080 0.000067 0.000000 0.000147 0.000000 0.000000 0.000000 0.000000 0.000000 0.000000 0.000000 0.000000 0.000000 0.000000 0.000000 0.000000 0.000000 0.000520 0.000000 0.000000 0.000000 0.000307 0.000080 0.000000 0.000000 0.000000 0.000000 0.000093
0.000000 0.000000 0.000000 0.000000 0.000000 0.000000 0.000840 0.000000 0.000147 0.000133 0.001093 0.000000 0.000000 0.000000 0.000000 0.000000 0.000093 0.000493 0.000520 0.000000 0.002107 0.000067 0.000000 0.001347 0.000000 0.000067 0.000000 0.005920 0.060707 0.000147 0.000000 0.000000 0.000000 0.002573 0.000000 0.000000 0.000000 0.000000 0.000000 0.000000 0.000000 0.000000 0.000000 0.000000 0.000000 0.000000 0.000000 0.000000 0.000000 0.000200 0.000000 0.000000 0.000000 0.000000 0.000653 0.000000 0.000000 0.000160 0.000000 0.000000 0.000000 0.000387 0.000307 0.000147 0.000000 0.000000 0.000000 0.000067
0.000467 0.000000 0.000213 0.000453 0.000187 0.001040 0.004120 0.001733 0.000067 0.005973 0.040533 0.002533 0.004493 0.002853 0.000000 0.000000 0.000320 0.000173 0.000187 0.000747 0.036573 0.000000 0.040613 0.001773 0.000000 0.000493 0.000267 0.010773 0.044293 0.002653 0.000000 0.019453 0.002573 0.000000 0.000000 0.000000 0.000000 0.000120 0.000000 0.000000 0.000173 0.000000 0.000000 0.000213 0.000000 0.000000 0.000000 0.000160 0.000000 0.000000 0.000000 0.000000 0.000000 0.000000 0.000280 0.000000 0.000000 0.000747 0.000000 0.000000 0.000000 0.000800 0.000307 0.000080 0.000000 0.000000 0.000000 0.000107
0.000000 0.000000 0.000000 0.000000 0.000000 0.000000 0.000000 0.000000 0.000000 0.000067 0.000000 0.000000 0.000000 0.000000 0.000000 0.000000 0.000000 0.000000 0.000000 0.000000 0.000080 0.000000 0.000000 0.000093 0.000000 0.000000 0.000000 0.000133 0.000000 0.000000 0.000000 0.000000 0.000000 0.000000 0.000000 0.000000 0.000547 0.000160 0.000000 0.000000 0.045840 0.000387 0.000000 0.001000 0.001027 0.000000 0.000000 0.075587 0.000000 0.000000 0.000627 0.001493 0.002320 0.000000 0.000000 0.000000 0.000333 0.000320 0.000000 0.001773 0.000680 0.002053 0.079827 0.014293 0.000067 0.000000 0.000133 0.001200
0.000000 0.000000 0.000947 0.000000 0.000000 0.000000 0.000000 0.000000 0.000000 0.000000 0.000000 0.000000 0.000000 0.000000 0.000000 0.000000 0.000320 0.000000 0.000080 0.000000 0.000000 0.000000 0.000280 0.000067 0.000000 0.000547 0.002613 0.000000 0.000000 0.000000 0.000000 0.000000 0.000000 0.000000 0.000000 0.000000 0.000333 0.000000 0.000107 0.000080 0.000000 0.000000 0.000893 0.000000 0.000000 0.000000 0.001840 0.000000 0.000067 0.000000 0.000360 0.000000 0.000000 0.000000 0.000000 0.000067 0.000080 0.005547 0.010947 0.000600 0.019120 0.000187 0.000000 0.000000 0.000000 0.000000 0.000000 0.000000
0.000000 0.000000 0.022960 0.000000 0.000000 0.000000 0.000133 0.000000 0.000000 0.000000 0.000000 0.000000 0.000000 0.000000 0.000000 0.000133 0.009360 0.000227 0.001853 0.000000 0.000120 0.000000 0.026200 0.000867 0.000000 0.007120 0.021653 0.000453 0.000000 0.000000 0.000000 0.000000 0.000000 0.000000 0.000547 0.000333 0.000000 0.000200 0.000000 0.000587 0.037507 0.003693 0.000000 0.006000 0.001213 0.000000 0.000227 0.013133 0.000000 0.000253 0.074013 0.004107 0.014920 0.000067 0.005000 0.000000 0.086027 0.000160 0.000000 0.147213 0.088293 0.006027 0.000640 0.001067 0.000640 0.000000 0.000000 0.000867
0.000000 0.000000 0.000000 0.002200 0.000000 0.000573 0.000667 0.000347 0.000093 0.002653 0.000000 0.001253 0.000000 0.000133 0.000000 0.000000 0.000000 0.000000 0.000000 0.002693 0.000000 0.000000 0.000000 0.000880 0.000000 0.000000 0.000107 0.003947 0.000107 0.000000 0.000000 0.000000 0.000000 0.000120 0.000160 0.000000 0.000200 0.000000 0.000173 0.001640 0.002507 0.000653 0.000787 0.160120 0.000120 0.027120 0.000080 0.001040 0.002533 0.000000 0.000120 0.000080 0.000093 0.142333 0.000000 0.000000 0.000080 0.004560 0.000000 0.000600 0.001067 0.241573 0.006267 0.000227 0.000000 0.000240 0.000000 0.001427
0.000000 0.000000 0.000000 0.000000 0.000000 0.000000 0.000000 0.000000 0.000000 0.000000 0.000000 0.000000 0.000000 0.000000 0.000000 0.000000 0.000000 0.000000 0.000000 0.000000 0.000000 0.000000 0.000000 0.000000 0.000000 0.000000 0.000000 0.000000 0.000000 0.000000 0.000000 0.000000 0.000000 0.000000 0.000000 0.000107 0.000000 0.000173 0.000000 0.006333 0.000160 0.000587 0.000000 0.000920 0.000080 0.000893 0.000080 0.000000 0.003387 0.000000 0.000000 0.000000 0.000000 0.000307 0.000000 0.000827 0.000000 0.001427 0.000133 0.000067 0.001027 0.001707 0.000093 0.000000 0.000000 0.002493 0.000000 0.000907
0.000000 0.000000 0.000000 0.000000 0.000000 0.000000 0.000173 0.000187 0.000000 0.000680 0.000000 0.000000 0.000000 0.000067 0.000000 0.000000 0.000000 0.000000 0.000000 0.000000 0.000000 0.000000 0.000000 0.000440 0.000000 0.000000 0.000000 0.000747 0.000147 0.000000 0.000000 0.000000 0.000000 0.000000 0.000000 0.000080 0.000587 0.001640 0.006333 0.000000 0.061080 0.126067 0.000067 0.300387 0.000480 0.040827 0.000120 0.005547 0.007867 0.000000 0.000000 0.000133 0.000080 0.005680 0.000213 0.000347 0.000213 0.001947 0.000147 0.000373 0.000827 0.016227 0.001707 0.000000 0.000000 0.025880 0.000000 0.002093
0.000000 0.000000 0.000067 0.000947 0.000000 0.001120 0.001253 0.001373 0.000133 0.005013 0.000000 0.000427 0.000000 0.000213 0.000000 0.000000 0.000000 0.000000 0.000000 0.000600 0.000000 0.000000 0.000093 0.001560 0.000000 0.000067 0.000107 0.005240 0.000267 0.000000 0.000000 0.000080 0.000000 0.000173 0.045840 0.000000 0.037507 0.002507 0.000160 0.061080 0.000000 0.026387 0.000587 0.398493 0.003240 0.000733 0.000280 0.164253 0.000280 0.000613 0.013667 0.006440 0.019173 0.001253 0.023667 0.000000 0.037907 0.001640 0.000000 0.020480 0.005613 0.274733 0.054573 0.120973 0.000427 0.000413 0.000133 0.006960
0.000000 0.000000 0.000000 0.000133 0.000000 0.000213 0.000067 0.000760 0.000080 0.000653 0.000067 0.000000 0.000000 0.000120 0.000000 0.000000 0.000000 0.000000 0.000000 0.000080 0.000000 0.000000 0.000000 0.000840 0.000000 0.000000 0.000000 0.000880 0.000187 0.000107 0.000000 0.000067 0.000000 0.000000 0.000387 0.000000 0.003693 0.000653 0.000587 0.126067 0.026387 0.000000 0.000093 0.126013 0.003240 0.011333 0.000467 0.130187 0.000573 0.000000 0.000320 0.000867 0.001000 0.004427 0.000360 0.000000 0.000840 0.001040 0.000147 0.003467 0.000387 0.003933 0.019880 0.000240 0.000280 0.017747 0.000000 0.007013
0.000000 0.000000 0.000000 0.000307 0.000000 0.000000 0.000093 0.000213 0.000000 0.000320 0.000000 0.000000 0.000000 0.000093 0.000000 0.000000 0.000000 0.000000 0.000000 0.000000 0.000000 0.000000 0.000000 0.000347 0.000000 0.000000 0.000000 0.000987 0.000320 0.000080 0.000000 0.000000 0.000000 0.000000 0.000000 0.000893 0.000000 0.000787 0.000000 0.000067 0.000587 0.000093 0.000000 0.001133 0.000000 0.000000 0.000280 0.000520 0.000000 0.000000 0.000000 0.000000 0.000000 0.000160 0.000000 0.014760 0.000000 0.004173 0.001000 0.000133 0.003573 0.009947 0.001347 0.000400 0.000000 0.000093 0.000000 0.000120
0.000000 0.000000 0.000000 0.001667 0.000000 0.002627 0.001773 0.002987 0.000213 0.009107 0.000093 0.001173 0.000000 0.000547 0.000000 0.000000 0.000000 0.000000 0.000000 0.000907 0.000000 0.000000 0.000000 0.002400 0.000000 0.000000 0.000067 0.008733 0.000493 0.000000 0.000000 0.000147 0.000000 0.000213 0.001000 0.000000 0.006000 0.160120 0.000920 0.300387 0.398493 0.126013 0.001133 0.000000 0.002253 0.111720 0.000307 0.031067 0.001493 0.000080 0.000320 0.000933 0.000867 0.201600 0.002213 0.000000 0.002120 0.002707 0.000080 0.004213 0.001893 0.236987 0.039600 0.000867 0.000427 0.002413 0.000080 0.006600
0.000000 0.000160 0.000000 0.000000 0.000000 0.000000 0.000000 0.000347 0.000067 0.000240 0.003893 0.000000 0.007987 0.000133 0.000000 0.000000 0.000000 0.000480 0.000227 0.000000 0.000000 0.000000 0.000000 0.000320 0.000200 0.002840 0.002533 0.000267 0.000160 0.000000 0.000880 0.000000 0.000000 0.000000 0.001027 0.000000 0.001213 0.000120 0.000080 0.000480 0.003240 0.003240 0.000000 0.002253 0.000000 0.002187 0.033373 0.009627 0.000000 0.000000 0.006133 0.167333 0.022693 0.000880 0.000173 0.000000 0.000533 0.000987 0.003720 0.065560 0.010480 0.001160 0.016173 0.003680 0.012733 0.011173 0.000080 0.049707
0.000000 0.000000 0.000000 0.000347 0.000000 0.000160 0.000200 0.000067 0.000000 0.001040 0.000000 0.000133 0.000000 0.000000 0.000000 0.000000 0.000000 0.000000 0.000000 0.000080 0.000000 0.000000 0.000000 0.000307 0.000000 0.000000 0.000000 0.000987 0.000000 0.000000 0.000000 0.000000 0.000000 0.000000 0.000000 0.000000 0.000000 0.027120 0.000893 0.040827 0.000733 0.011333 0.000000 0.111720 0.002187 0.000000 0.000213 0.009027 0.004880 0.000000 0.000000 0.000587 0.000307 0.008893 0.000000 0.000000 0.000000 0.002973 0.000067 0.000973 0.000387 0.025013 0.008827 0.000000 0.000200 0.001800 0.000000 0.002787
0.000000 0.000000 0.000000 0.000000 0.000000 0.000000 0.000000 0.000067 0.000000 0.000080 0.008147 0.000000 0.007573 0.000000 0.000000 0.000000 0.000000 0.000947 0.000293 0.000000 0.000000 0.000000 0.000000 0.000160 0.000133 0.006560 0.003453 0.000000 0.000000 0.000000 0.001880 0.000000 0.000000 0.000000 0.000000 0.001840 0.000227 0.000080 0.000080 0.000120 0.000280 0.000467 0.000280 0.000307 0.033373 0.000213 0.000000 0.001000 0.000080 0.000000 0.000000 0.000707 0.000333 0.000147 0.000000 0.000093 0.000000 0.002107 0.030307 0.002827 0.086547 0.000413 0.001787 0.000000 0.012907 0.001667 0.000000 0.002147
0.000000 0.000000 0.000000 0.000000 0.000000 0.000320 0.000173 0.000987 0.000093 0.000573 0.000173 0.000000 0.000000 0.000267 0.000000 0.000000 0.000000 0.000000 0.000000 0.000000 0.000200 0.000000 0.000000 0.001013 0.000000 0.000080 0.000000 0.000893 0.000493 0.000173 0.000000 0.000000 0.000000 0.000160 0.075587 0.000000 0.013133 0.001040 0.000000 0.005547 0.164253 0.130187 0.000520 0.031067 0.009627 0.009027 0.001000 0.000000 0.000000 0.000000 0.005133 0.009853 0.015213 0.004627 0.000560 0.000000 0.002973 0.001747 0.000347 0.023653 0.002867 0.009093 0.141227 0.014853 0.001013 0.006040 0.000000 0.016027
0.000000 0.000000 0.000000 0.000000 0.000000 0.000000 0.000000 0.000000 0.000000 0.000000 0.000000 0.000000 0.000000 0.000000 0.000000 0.000000 0.000000 0.000000 0.000000 0.000000 0.000000 0.000000 0.000000 0.000000 0.000000 0.000000 0.000000 0.000000 0.000000 0.000000 0.000000 0.000000 0.000000 0.000000 0.000000 0.000067 0.000000 0.002533 0.003387 0.007867 0.000280 0.000573 0.000000 0.001493 0.000000 0.004880 0.000080 0.000000 0.000000 0.000000 0.000000 0.000000 0.000000 0.002013 0.000000 0.000600 0.000000 0.001880 0.000093 0.000000 0.000533 0.010040 0.000000 0.000000 0.000000 0.002107 0.000000 0.000000
0.000000 0.000000 0.000000 0.000000 0.000000 0.000000 0.000000 0.000000 0.000000 0.000000 0.000000 0.000000 0.000000 0.000093 0.000000 0.023333 0.000000 0.000000 0.000000 0.000000 0.004347 0.001760 0.033880 0.000413 0.000000 0.000000 0.005587 0.000227 0.001160 0.002547 0.000000 0.000000 0.000200 0.000000 0.000000 0.000000 0.000253 0.000000 0.000000 0.000000 0.000613 0.000000 0.000000 0.000080 0.000000 0.000000 0.000000 0.000000 0.000000 0.000000 0.000080 0.000000 0.000000 0.000000 0.041853 0.010440 0.050600 0.019507 0.000000 0.000173 0.003280 0.017920 0.000147 0.005053 0.000000 0.000000 0.000000 0.000893
0.000000 0.000000 0.004640 0.000000 0.000000 0.000000 0.000000 0.000000 0.000000 0.000000 0.000000 0.000000 0.000000 0.000000 0.000000 0.000000 0.001173 0.000000 0.000227 0.000000 0.000000 0.000000 0.001480 0.000080 0.000000 0.000920 0.002867 0.000080 0.000000 0.000000 0.000000 0.000000 0.000000 0.000000 0.000627 0.000360 0.074013 0.000120 0.000000 0.000000 0.013667 0.000320 0.000000 0.000320 0.006133 0.000000 0.000000 0.005133 0.000000 0.000080 0.000000 0.018693 0.051693 0.000000 0.005707 0.000000 0.067067 0.001360 0.000000 0.009253 0.084280 0.002013 0.000387 0.016307 0.000067 0.000000 0.000000 0.010080
0.000000 0.000000 0.000000 0.000000 0.000000 0.000000 0.000000 0.000120 0.000000 0.000000 0.000733 0.000000 0.001387 0.000000 0.000000 0.000000 0.000067 0.000707 0.000707 0.000000 0.000000 0.000000 0.000000 0.000213 0.000120 0.005400 0.004427 0.000120 0.000093 0.000000 0.000413 0.000000 0.000000 0.000000 0.001493 0.000000 0.004107 0.000080 0.000000 0.000133 0.006440 0.000867 0.000000 0.000933 0.167333 0.000587 0.000707 0.009853 0.000000 0.000000 0.018693 0.000000 0.138467 0.000333 0.000613 0.000000 0.000853 0.000413 0.001587 0.136387 0.011547 0.000640 0.007000 0.009867 0.003507 0.000507 0.000093 0.017747
0.000000 0.000000 0.000293 0.000000 0.000000 0.000000 0.000000 0.000000 0.000000 0.000000 0.000093 0.000000 0.000240 0.000000 0.000000 0.000000 0.000293 0.000253 0.001240 0.000000 0.000000 0.000000 0.000080 0.000000 0.000000 0.006520 0.005640 0.000067 0.000000 0.000000 0.000173 0.000000 0.000000 0.000000 0.002320 0.000000 0.014920 0.000093 0.000000 0.000080 0.019173 0.001000 0.000000 0.000867 0.022693 0.000307 0.000333 0.015213 0.000000 0.000000 0.051693 0.138467 0.000000 0.000147 0.001560 0.000000 0.002453 0.000720 0.000107 0.126453 0.031933 0.000973 0.004853 0.010720 0.000613 0.000000 0.000067 0.022813
0.000000 0.000000 0.000000 0.000427 0.000000 0.000187 0.000480 0.000253 0.000000 0.001400 0.000000 0.000187 0.000000 0.000000 0.000000 0.000000 0.000000 0.000000 0.000000 0.000173 0.000000 0.000000 0.000000 0.000453 0.000000 0.000000 0.000000 0.001667 0.000000 0.000000 0.000000 0.000000 0.000000 0.000000 0.000000 0.000000 0.000067 0.142333 0.000307 0.005680 0.001253 0.004427 0.000160 0.201600 0.000880 0.008893 0.000147 0.004627 0.002013 0.000000 0.000000 0.000333 0.000147 0.000000 0.000000 0.000000 0.000000 0.001707 0.000000 0.000453 0.000213 0.083707 0.007240 0.000000 0.000093 0.000653 0.000000 0.001347
0.000133 0.000000 0.000000 0.000000 0.000000 0.000000 0.000000 0.000120 0.000067 0.000000 0.000000 0.000000 0.000000 0.000347 0.000000 0.004373 0.000000 0.000000 0.000000 0.000000 0.006880 0.000107 0.005400 0.000707 0.000000 0.000000 0.000173 0.000827 0.002987 0.004467 0.000000 0.000000 0.000653 0.000280 0.000000 0.000000 0.005000 0.000000 0.000000 0.000213 0.023667 0.000360 0.000000 0.002213 0.000173 0.000000 0.000000 0.000560 0.000000 0.041853 0.005707 0.000613 0.001560 0.000000 0.000000 0.000440 0.251453 0.000293 0.000000 0.001373 0.001747 0.037013 0.001053 0.100840 0.000000 0.000000 0.000293 0.021427
0.000000 0.000000 0.000000 0.000000 0.000000 0.000000 0.000000 0.000000 0.000000 0.000000 0.000000 0.000000 0.000000 0.000000 0.000000 0.000173 0.000000 0.000000 0.000000 0.000000 0.000000 0.000000 0.000240 0.000000 0.000000 0.000000 0.000067 0.000000 0.000000 0.000000 0.000000 0.000000 0.000000 0.000000 0.000000 0.000067 0.000000 0.000000 0.000827 0.000347 0.000000 0.000000 0.014760 0.000000 0.000000 0.000000 0.000093 0.000000 0.000600 0.010440 0.000000 0.000000 0.000000 0.000000 0.000440 0.000000 0.001067 0.023253 0.000227 0.000080 0.000440 0.000573 0.000067 0.000107 0.000000 0.000200 0.000000 0.000000
0.000000 0.000000 0.000587 0.000000 0.000000 0.000000 0.000000 0.000000 0.000000 0.000000 0.000000 0.000000 0.000000 0.000000 0.000000 0.012813 0.000347 0.000000 0.000000 0.000000 0.001907 0.000347 0.061053 0.000120 0.000000 0.000000 0.009400 0.000147 0.000067 0.000253 0.000000 0.000000 0.000000 0.000000 0.000333 0.000080 0.086027 0.000080 0.000000 0.000213 0.037907 0.000840 0.000000 0.002120 0.000533 0.000000 0.000000 0.002973 0.000000 0.050600 0.067067 0.000853 0.002453 0.000000 0.251453 0.001067 0.000000 0.007160 0.000000 0.003120 0.098360 0.046893 0.000333 0.049693 0.000000 0.000000 0.000000 0.009533
0.001067 0.000000 0.000573 0.000853 0.000000 0.001720 0.001000 0.006907 0.001667 0.004533 0.000400 0.000240 0.000213 0.001920 0.000000 0.000160 0.000200 0.000000 0.000147 0.000373 0.000693 0.000000 0.001360 0.007640 0.000000 0.001427 0.002693 0.007067 0.003947 0.001907 0.000080 0.000520 0.000160 0.000747 0.000320 0.005547 0.000160 0.004560 0.001427 0.001947 0.001640 0.001040 0.004173 0.002707 0.000987 0.002973 0.002107 0.001747 0.001880 0.019507 0.001360 0.000413 0.000720 0.001707 0.000293 0.023253 0.007160 0.000000 0.005840 0.003853 0.028107 0.098080 0.006040 0.008627 0.000560 0.001160 0.000227 0.003293
0.000000 0.000000 0.000000 0.000000 0.000000 0.000000 0.000000 0.000000 0.000000 0.000000 0.000000 0.000000 0.000147 0.000000 0.000000 0.000000 0.000000 0.000000 0.000000 0.000000 0.000000 0.000000 0.000000 0.000000 0.000000 0.000453 0.000787 0.000000 0.000000 0.000000 0.000000 0.000000 0.000000 0.000000 0.000000 0.010947 0.000000 0.000000 0.000133 0.000147 0.000000 0.000147 0.001000 0.000080 0.003720 0.000067 0.030307 0.000347 0.000093 0.000000 0.000000 0.001587 0.000107 0.000000 0.000000 0.000227 0.000000 0.005840 0.000000 0.011720 0.041680 0.000253 0.000733 0.000000 0.006867 0.000947 0.000000 0.002320
0.000000 0.000000 0.002213 0.000000 0.000000 0.000000 0.000080 0.000280 0.000000 0.000240 0.002067 0.000000 0.005560 0.000093 0.000000 0.000000 0.002507 0.002547 0.007627 0.000000 0.000067 0.000000 0.000133 0.000400 0.000680 0.031413 0.036600 0.000213 0.000133 0.000000 0.001787 0.000000 0.000000 0.000000 0.001773 0.000600 0.147213 0.000600 0.000067 0.000373 0.020480 0.003467 0.000133 0.004213 0.065560 0.000973 0.002827 0.023653 0.000000 0.000173 0.009253 0.136387 0.126453 0.000453 0.001373 0.000080 0.003120 0.003853 0.011720 0.000000 0.114080 0.003093 0.006693 0.005240 0.009947 0.000893 0.000187 0.009400
0.000000 0.000387 0.018640 0.000000 0.000000 0.000000 0.000000 0.000107 0.000000 0.000107 0.001680 0.000000 0.002773 0.000000 0.000000 0.000320 0.006960 0.002160 0.008307 0.000000 0.000133 0.000347 0.018400 0.000973 0.000733 0.041053 0.063867 0.000347 0.000093 0.000067 0.001133 0.000000 0.000000 0.000000 0.000680 0.019120 0.088293 0.001067 0.001027 0.000827 0.005613 0.000387 0.003573 0.001893 0.010480 0.000387 0.086547 0.002867 0.000533 0.003280 0.084280 0.011547 0.031933 0.000213 0.001747 0.000440 0.098360 0.028107 0.041680 0.114080 0.000000 0.012413 0.004853 0.002413 0.008227 0.000653 0.000067 0.027187
0.000720 0.000000 0.000400 0.005000 0.000000 0.003760 0.004200 0.005453 0.002000 0.019093 0.000413 0.002653 0.000107 0.002120 0.000000 0.000293 0.000080 0.000000 0.000120 0.002573 0.001333 0.000000 0.001000 0.009667 0.000000 0.000440 0.001120 0.024520 0.005240 0.003173 0.000000 0.000307 0.000387 0.000800 0.002053 0.000187 0.006027 0.241573 0.001707 0.016227 0.274733 0.003933 0.009947 0.236987 0.001160 0.025013 0.000413 0.009093 0.010040 0.017920 0.002013 0.000640 0.000973 0.083707 0.037013 0.000573 0.046893 0.098080 0.000253 0.003093 0.012413 0.000000 0.058387 0.096080 0.000333 0.001680 0.002267 0.012000
0.000280 0.000000 0.000000 0.000120 0.000000 0.000653 0.000200 0.001507 0.000480 0.001773 0.000213 0.000000 0.000253 0.000653 0.000000 0.000667 0.000000 0.000000 0.000000 0.000080 0.002600 0.000000 0.000320 0.002827 0.000000 0.000000 0.000000 0.002907 0.002613 0.002040 0.000000 0.000080 0.000307 0.000307 0.079827 0.000000 0.000640 0.006267 0.000093 0.001707 0.054573 0.019880 0.001347 0.039600 0.016173 0.008827 0.001787 0.141227 0.000000 0.000147 0.000387 0.007000 0.004853 0.007240 0.001053 0.000067 0.000333 0.006040 0.000733 0.006693 0.004853 0.058387 0.000000 0.056480 0.000853 0.005893 0.055413 0.045880
0.000000 0.000000 0.000000 0.000000 0.000000 0.000093 0.000000 0.000147 0.000160 0.000000 0.000000 0.000000 0.000000 0.000107 0.000000 0.001173 0.000000 0.000000 0.000000 0.000000 0.001853 0.000000 0.000920 0.000867 0.000000 0.000000 0.000000 0.000480 0.000573 0.000600 0.000000 0.000000 0.000147 0.000080 0.014293 0.000000 0.001067 0.000227 0.000000 0.000000 0.120973 0.000240 0.000400 0.000867 0.003680 0.000000 0.000000 0.014853 0.000000 0.005053 0.016307 0.009867 0.010720 0.000000 0.100840 0.000107 0.049693 0.008627 0.000000 0.005240 0.002413 0.096080 0.056480 0.000000 0.000187 0.000000 0.000667 0.006627
0.000000 0.000000 0.000000 0.000000 0.000000 0.000000 0.000000 0.000000 0.000000 0.000000 0.001293 0.000000 0.002107 0.000000 0.000000 0.000000 0.000000 0.000480 0.000333 0.000000 0.000000 0.000000 0.000000 0.000120 0.000000 0.003213 0.002240 0.000000 0.000000 0.000000 0.000600 0.000000 0.000000 0.000000 0.000067 0.000000 0.000640 0.000000 0.000000 0.000000 0.000427 0.000280 0.000000 0.000427 0.012733 0.000200 0.012907 0.001013 0.000000 0.000000 0.000067 0.003507 0.000613 0.000093 0.000000 0.000000 0.000000 0.000560 0.006867 0.009947 0.008227 0.000333 0.000853 0.000187 0.000000 0.000653 0.000000 0.000947
