0.000000 0.000000 106.948117 96.849745 0.000000 69.065679 38.633496 36.882863 57.076368 70.384467 128.762929 0.000000 106.020093 22.513755 0.000000 0.000000 112.033147 129.154974 130.555966 0.000000 86.199533 0.000000 92.470045 79.093511 0.000000 127.054641 0.000000 85.334070 19.023532 40.918344 0.000000 0.000000 0.000000 52.461265 0.000000 0.000000 0.000000 0.000000 0.000000 0.000000 147.413525 0.000000 0.000000 0.000000 0.000000 0.000000 0.000000 0.000000 0.000000 0.000000 0.000000 0.000000 0.000000 0.000000 0.000000 0.000000 0.000000 118.920187 0.000000 0.000000 0.000000 130.199192 0.000000 0.000000 0.000000 0.000000 0.000000 0.000000
0.000000 0.000000 40.958802 0.000000 134.159748 146.941132 0.000000 0.000000 78.483409 0.000000 65.919230 0.000000 55.563834 0.000000 112.919840 70.557560 50.930374 67.866636 66.024026 0.000000 0.000000 26.585429 0.000000 78.085360 29.394178 45.056023 36.459018 110.942044 125.500276 0.000000 57.974526 0.000000 0.000000 67.897319 0.000000 0.000000 55.955126 0.000000 0.000000 0.000000 0.000000 0.000000 0.000000 0.000000 94.858592 0.000000 92.482576 0.000000 0.000000 0.000000 52.631740 121.258339 63.462982 0.000000 0.000000 0.000000 0.000000 0.000000 0.000000 56.866604 43.575406 0.000000 0.000000 0.000000 114.208263 0.000000 0.000000 0.000000
106.948117 40.958802 0.000000 133.043377 0.000000 139.971860 107.454470 126.153426 0.000000 126.536856 108.000903 0.000000 0.000000 118.498148 0.000000 76.403225 38.978717 0.000000 60.161283 0.000000 68.246525 44.232284 44.170168 101.651111 0.000000 36.365243 39.446023 104.623697 104.522183 81.111387 0.000000 0.000000 0.000000 55.865132 0.000000 55.098783 96.434270 0.000000 0.000000 0.000000 174.792869 192.195599 0.000000 0.000000 0.000000 0.000000 0.000000 183.922640 0.000000 106.829226 99.253284 147.200325 112.332722 0.000000 132.042060 57.468769 101.357658 144.217027 0.000000 96.893672 93.612941 159.417472 180.259181 150.937073 0.000000 0.000000 0.000000 149.829525
96.849745 0.000000 133.043377 0.000000 112.479288 78.320704 58.935725 100.767629 64.666723 23.960087 159.934885 40.721356 133.684479 108.519789 80.441681 0.000000 0.000000 0.000000 0.000000 18.019425 0.000000 89.990899 0.000000 26.574655 0.000000 157.317427 142.191749 20.601517 113.364597 0.000000 0.000000 126.959326 0.000000 106.439811 0.000000 0.000000 0.000000 163.289994 0.000000 165.842554 153.961198 168.953583 95.991906 168.602485 0.000000 155.412377 0.000000 193.008919 0.000000 0.000000 0.000000 0.000000 0.000000 160.100487 0.000000 0.000000 0.000000 140.371907 0.000000 0.000000 0.000000 158.355970 198.471386 0.000000 0.000000 199.610831 0.000000 0.000000
0.000000 134.159748 0.000000 112.479288 0.000000 21.071943 111.052126 84.269516 58.412379 103.767244 0.000000 81.333200 0.000000 0.000000 23.038430 0.000000 0.000000 0.000000 0.000000 89.002366 0.000000 105.140256 0.000000 90.704519 0.000000 173.803366 163.926891 113.999358 0.000000 0.000000 0.000000 13.727093 0.000000 4.694821 0.000000 0.000000 0.000000 0.000000 0.000000 0.000000 0.000000 0.000000 0.000000 0.000000 0.000000 0.000000 0.000000 0.000000 0.000000 0.000000 0.000000 0.000000 0.000000 0.000000 0.000000 0.000000 0.000000 0.000000 0.000000 0.000000 0.000000 0.000000 0.000000 0.000000 0.000000 0.000000 0.000000 0.000000
69.065679 146.941132 139.971860 78.320704 21.071943 0.000000 56.410020 36.980911 63.080722 32.948240 114.154091 33.004104 108.771796 69.752040 22.139430 0.000000 159.720905 0.000000 136.893906 40.859310 0.000000 104.053629 126.792027 90.957193 0.000000 164.711619 168.023495 65.261712 95.433573 110.836095 0.000000 29.362447 0.000000 69.461275 0.000000 0.000000 0.000000 171.016724 0.000000 139.857468 163.438047 179.179452 0.000000 168.702315 0.000000 72.336243 0.000000 203.900772 0.000000 0.000000 0.000000 0.000000 0.000000 150.129885 0.000000 0.000000 0.000000 157.930611 0.000000 0.000000 0.000000 161.332342 0.000000 0.000000 0.000000 0.000000 0.000000 0.000000
38.633496 0.000000 107.454470 58.935725 111.052126 56.410020 0.000000 60.686140 65.415443 27.442930 148.540962 59.540907 138.220957 52.186538 88.532960 92.770659 112.793389 0.000000 134.016910 69.823378 77.178263 91.670696 88.466151 58.581908 0.000000 133.541501 125.859630 49.716661 75.470848 31.814850 0.000000 125.351061 76.210991 83.347205 0.000000 0.000000 0.000000 158.570906 0.000000 190.072794 135.367974 152.780208 73.801159 160.016168 0.000000 157.026483 0.000000 161.455978 0.000000 152.671294 0.000000 0.000000 0.000000 158.991615 154.164061 92.154065 0.000000 127.582557 0.000000 214.227277 194.129593 142.148103 172.749813 131.052757 0.000000 0.000000 0.000000 157.153242
36.882863 0.000000 126.153426 100.767629 84.269516 36.980911 60.686140 0.000000 74.272711 49.845653 90.658944 86.179774 77.175103 28.020306 56.461326 0.000000 135.083151 119.814326 148.444450 87.094715 104.837523 0.000000 111.541675 84.411217 0.000000 145.395943 158.402020 84.482175 51.442631 70.057166 0.000000 34.715599 0.000000 53.135746 0.000000 0.000000 0.000000 171.870722 0.000000 171.680029 149.308390 165.408297 94.516163 169.459607 0.000000 140.393311 0.000000 178.088664 0.000000 0.000000 0.000000 0.000000 0.000000 180.128155 0.000000 0.000000 0.000000 135.800559 0.000000 234.753387 0.000000 151.952645 192.373500 188.153488 0.000000 219.245296 0.000000 183.535542
57.076368 78.483409 0.000000 64.666723 58.412379 63.080722 65.415443 74.272711 0.000000 70.754344 137.781816 24.743553 139.489905 78.730750 33.811057 42.800948 0.000000 0.000000 136.426184 43.146912 55.814586 34.489614 0.000000 36.300403 113.063924 129.841575 109.001580 62.158009 74.625715 51.482976 145.629178 83.840404 58.509508 95.991634 78.663789 0.000000 0.000000 103.708010 0.000000 0.000000 83.503329 95.812882 10.068378 99.429332 0.000000 91.879799 0.000000 98.838422 0.000000 67.066994 0.000000 0.000000 0.000000 106.353905 71.876249 0.000000 0.000000 57.069567 0.000000 185.402345 0.000000 81.434201 93.370915 67.307637 0.000000 125.345253 0.000000 109.548910
70.384467 0.000000 126.536856 23.960087 103.767244 32.948240 27.442930 49.845653 70.754344 0.000000 151.581033 30.805327 132.383308 66.706161 78.845143 0.000000 158.734995 157.235853 176.480693 16.253333 104.659961 96.994437 106.111575 54.628649 0.000000 153.740230 144.192084 35.458349 105.251966 86.384987 0.000000 125.235455 89.989466 89.706427 0.000000 0.000000 0.000000 166.746901 171.724757 169.277213 156.660415 168.459809 108.463355 170.915252 0.000000 142.143843 0.000000 179.250738 161.873221 0.000000 0.000000 0.000000 0.000000 164.304965 0.000000 0.000000 0.000000 139.206470 0.000000 0.000000 0.000000 159.212828 196.904733 0.000000 0.000000 202.438309 0.000000 187.419395
128.762929 65.919230 108.000903 159.934885 0.000000 114.154091 148.540962 90.658944 137.781816 151.581033 0.000000 140.653663 27.852569 82.777313 0.000000 0.000000 44.729328 27.214167 25.313158 152.567954 123.051069 99.591359 0.000000 152.298212 33.520779 29.519969 55.484442 163.633769 69.863778 117.452651 28.228557 66.816430 0.000000 30.405124 0.000000 99.484500 0.000000 0.000000 0.000000 0.000000 226.359535 0.000000 0.000000 0.000000 75.489009 0.000000 73.111520 0.000000 0.000000 0.000000 0.000000 84.236357 99.118171 0.000000 0.000000 129.279520 0.000000 192.990804 62.678915 85.975864 103.337975 206.171051 0.000000 0.000000 89.170883 105.904683 0.000000 81.718563
0.000000 0.000000 0.000000 40.721356 81.333200 33.004104 59.540907 86.179774 24.743553 30.805327 140.653663 0.000000 131.085106 95.334794 49.430781 0.000000 0.000000 160.831312 163.140142 16.434318 0.000000 0.000000 0.000000 45.552816 0.000000 179.895466 142.359411 52.630633 106.111838 0.000000 0.000000 105.230023 0.000000 88.774491 0.000000 0.000000 0.000000 150.632886 0.000000 126.623531 166.293735 0.000000 0.000000 144.039744 0.000000 18.751351 0.000000 0.000000 0.000000 0.000000 0.000000 0.000000 0.000000 145.246065 0.000000 0.000000 0.000000 136.358736 0.000000 0.000000 0.000000 146.919741 0.000000 0.000000 0.000000 0.000000 0.000000 0.000000
106.020093 55.563834 0.000000 133.684479 0.000000 108.771796 138.220957 77.175103 139.489905 132.383308 27.852569 131.085106 0.000000 72.823726 0.000000 148.685025 96.246628 54.317972 79.848724 0.000000 0.000000 94.565411 0.000000 142.641331 24.461544 40.562203 40.805110 141.190044 63.678326 161.912096 31.958254 60.105279 0.000000 30.749438 0.000000 95.249772 0.000000 0.000000 0.000000 0.000000 162.653728 126.474191 0.000000 0.000000 73.337963 0.000000 67.872387 125.300234 0.000000 0.000000 0.000000 88.857209 102.871029 0.000000 0.000000 125.812887 0.000000 184.088989 56.534325 89.791958 107.048167 179.033493 93.897091 0.000000 91.179648 94.930398 0.000000 79.482116
22.513755 0.000000 118.498148 108.519789 0.000000 69.752040 52.186538 28.020306 78.730750 66.706161 82.777313 95.334794 72.823726 0.000000 0.000000 0.000000 127.045359 111.007952 137.644500 95.746954 96.303425 0.000000 104.265314 92.636362 93.109410 138.805673 132.370445 97.913757 29.409057 58.380842 0.000000 22.589382 69.842808 44.953999 159.241504 0.000000 0.000000 169.158039 0.000000 0.000000 153.819054 172.901169 92.418071 178.844002 0.000000 155.696536 0.000000 180.470124 0.000000 0.000000 0.000000 0.000000 0.000000 170.249348 148.997772 0.000000 0.000000 139.660308 0.000000 0.000000 212.829599 150.870137 178.867121 149.948891 0.000000 0.000000 0.000000 176.425513
0.000000 112.919840 0.000000 80.441681 23.038430 22.139430 88.532960 56.461326 33.811057 78.845143 0.000000 49.430781 0.000000 0.000000 0.000000 0.000000 0.000000 0.000000 0.000000 56.393151 0.000000 87.555970 0.000000 72.826215 0.000000 164.849394 143.785937 92.261723 0.000000 0.000000 0.000000 39.510406 0.000000 0.000000 0.000000 0.000000 0.000000 0.000000 0.000000 0.000000 0.000000 0.000000 0.000000 0.000000 0.000000 0.000000 0.000000 0.000000 0.000000 0.000000 0.000000 0.000000 0.000000 0.000000 0.000000 0.000000 0.000000 0.000000 0.000000 0.000000 0.000000 0.000000 0.000000 0.000000 0.000000 0.000000 0.000000 0.000000
0.000000 70.557560 76.403225 0.000000 0.000000 0.000000 92.770659 0.000000 42.800948 0.000000 0.000000 0.000000 148.685025 0.000000 0.000000 0.000000 111.071411 0.000000 134.549260 0.000000 14.915284 36.547061 15.343725 34.111959 0.000000 109.866139 28.831098 25.371535 95.960263 83.358183 0.000000 0.000000 85.235015 95.940076 128.645524 0.000000 133.346018 0.000000 0.000000 0.000000 138.977352 0.000000 0.000000 0.000000 0.000000 0.000000 0.000000 0.000000 0.000000 102.343066 0.000000 0.000000 0.000000 0.000000 116.538799 53.454994 108.848723 117.528977 0.000000 0.000000 95.383035 125.284787 126.493112 119.567821 0.000000 0.000000 0.000000 0.000000
112.033147 50.930374 38.978717 0.000000 0.000000 159.720905 112.793389 135.083151 0.000000 158.734995 44.729328 0.000000 96.246628 127.045359 0.000000 111.071411 0.000000 45.850850 22.425679 0.000000 65.251877 59.291615 32.542285 127.637879 0.000000 28.724041 66.026739 122.344178 104.935666 81.059762 0.000000 0.000000 95.336005 33.468721 0.000000 58.372393 104.459589 0.000000 0.000000 0.000000 0.000000 0.000000 0.000000 0.000000 0.000000 0.000000 0.000000 0.000000 0.000000 150.066690 104.068174 129.278767 111.772625 0.000000 149.054940 0.000000 111.161347 198.802094 0.000000 100.429415 103.113951 194.206891 0.000000 0.000000 0.000000 0.000000 0.000000 0.000000
129.154974 67.866636 0.000000 0.000000 0.000000 0.000000 0.000000 119.814326 0.000000 157.235853 27.214167 160.831312 54.317972 111.007952 0.000000 0.000000 45.850850 0.000000 18.741017 0.000000 127.144563 0.000000 0.000000 0.000000 49.036010 27.342030 59.174140 0.000000 99.892641 123.283151 52.698305 94.665908 0.000000 49.117054 0.000000 0.000000 0.000000 0.000000 0.000000 0.000000 0.000000 0.000000 0.000000 0.000000 88.244009 0.000000 92.287189 0.000000 0.000000 0.000000 0.000000 95.769289 105.620012 0.000000 0.000000 0.000000 0.000000 0.000000 59.352694 92.579462 100.033889 0.000000 0.000000 0.000000 97.798849 0.000000 0.000000 0.000000
130.555966 66.024026 60.161283 0.000000 0.000000 136.893906 134.016910 148.444450 136.426184 176.480693 25.313158 163.140142 79.848724 137.644500 0.000000 134.549260 22.425679 18.741017 0.000000 0.000000 126.336256 109.618909 74.752937 149.722569 53.929997 34.534666 63.221768 148.432710 121.409180 110.420769 65.047907 100.501550 121.022957 40.515328 0.000000 68.492486 121.000082 0.000000 0.000000 0.000000 0.000000 0.000000 0.000000 0.000000 99.598674 0.000000 110.987047 0.000000 0.000000 0.000000 123.476198 108.635256 107.796984 0.000000 0.000000 0.000000 132.435724 0.000000 74.139110 100.121514 105.532220 0.000000 0.000000 0.000000 109.774449 0.000000 0.000000 133.240416
0.000000 0.000000 0.000000 18.019425 89.002366 40.859310 69.823378 87.094715 43.146912 16.253333 152.567954 16.434318 0.000000 95.746954 56.393151 0.000000 0.000000 0.000000 0.000000 0.000000 0.000000 0.000000 0.000000 37.075129 0.000000 0.000000 0.000000 28.510488 106.718487 0.000000 0.000000 109.295930 0.000000 99.816428 0.000000 0.000000 0.000000 149.113670 0.000000 124.878204 150.899282 0.000000 0.000000 152.151721 0.000000 29.962911 0.000000 0.000000 0.000000 0.000000 0.000000 0.000000 0.000000 146.341870 0.000000 0.000000 0.000000 101.010387 0.000000 0.000000 0.000000 146.854853 0.000000 0.000000 0.000000 0.000000 0.000000 0.000000
86.199533 0.000000 68.246525 0.000000 0.000000 0.000000 77.178263 104.837523 55.814586 104.659961 123.051069 0.000000 0.000000 96.303425 0.000000 14.915284 65.251877 127.144563 126.336256 0.000000 0.000000 57.550153 37.379200 14.702799 0.000000 107.159200 66.415275 15.365480 79.655946 40.856990 0.000000 0.000000 71.588771 37.069003 132.465158 0.000000 0.000000 0.000000 0.000000 0.000000 144.960117 162.185497 0.000000 0.000000 0.000000 0.000000 0.000000 0.000000 0.000000 118.579126 0.000000 0.000000 0.000000 0.000000 122.759849 63.932646 126.146960 122.036053 0.000000 0.000000 155.391256 131.313073 141.037064 123.842345 0.000000 0.000000 0.000000 0.000000
0.000000 26.585429 44.232284 89.990899 105.140256 104.053629 91.670696 0.000000 34.489614 96.994437 99.591359 0.000000 94.565411 0.000000 87.555970 36.547061 59.291615 0.000000 109.618909 0.000000 57.550153 0.000000 53.944695 37.542182 67.689173 91.376311 44.675649 66.259221 89.813463 56.240032 94.312584 0.000000 0.000000 85.530216 0.000000 19.453505 53.680504 0.000000 0.000000 0.000000 0.000000 0.000000 0.000000 0.000000 132.750734 0.000000 120.947391 0.000000 0.000000 58.330412 0.000000 0.000000 0.000000 0.000000 77.667049 22.113654 69.574359 75.615905 0.000000 138.809135 44.723569 84.924524 0.000000 74.282246 0.000000 0.000000 0.000000 0.000000
92.470045 0.000000 44.170168 0.000000 0.000000 126.792027 88.466151 111.541675 0.000000 106.111575 0.000000 0.000000 0.000000 104.265314 0.000000 15.343725 32.542285 0.000000 74.752937 0.000000 37.379200 53.944695 0.000000 54.899983 0.000000 72.644689 44.139825 57.335531 88.646981 60.699228 0.000000 0.000000 84.097896 34.025654 0.000000 0.000000 102.917933 0.000000 0.000000 0.000000 173.669285 0.000000 0.000000 0.000000 0.000000 0.000000 0.000000 0.000000 0.000000 110.198705 107.484453 0.000000 166.081473 0.000000 124.157801 64.378314 111.060596 133.621851 0.000000 157.520602 101.348051 150.071989 0.000000 134.858809 0.000000 0.000000 0.000000 168.716406
79.093511 78.085360 101.651111 26.574655 90.704519 90.957193 58.581908 84.411217 36.300403 54.628649 152.298212 45.552816 142.641331 92.636362 72.826215 34.111959 127.637879 0.000000 149.722569 37.075129 14.702799 37.542182 54.899983 0.000000 112.903262 126.862889 87.961039 24.449343 95.194188 70.158558 147.762494 114.896395 79.590545 101.072353 123.647340 0.000000 0.000000 137.241025 0.000000 148.765697 122.140185 137.987827 57.903728 142.229608 190.413926 144.491237 197.512437 147.832707 0.000000 114.152213 0.000000 0.000000 0.000000 139.618372 115.457851 58.374581 132.486161 103.938109 0.000000 189.512815 164.347302 118.955715 142.177554 113.588402 221.150897 178.712260 0.000000 142.198227
0.000000 29.394178 0.000000 0.000000 0.000000 0.000000 0.000000 0.000000 113.063924 0.000000 33.520779 0.000000 24.461544 93.109410 0.000000 0.000000 0.000000 49.036010 53.929997 0.000000 0.000000 67.689173 0.000000 112.903262 0.000000 37.532834 37.973989 137.865918 85.098250 0.000000 39.158840 0.000000 0.000000 66.538002 0.000000 81.715728 0.000000 0.000000 0.000000 0.000000 0.000000 0.000000 0.000000 0.000000 64.039458 0.000000 58.355233 0.000000 0.000000 0.000000 0.000000 62.235325 81.111753 0.000000 0.000000 0.000000 0.000000 0.000000 16.641243 59.346647 63.676239 0.000000 81.483851 0.000000 69.102917 0.000000 0.000000 66.580113
127.054641 45.056023 36.365243 157.317427 173.803366 164.711619 133.541501 145.395943 129.841575 153.740230 29.519969 179.895466 40.562203 138.805673 164.849394 109.866139 28.724041 27.342030 34.534666 0.000000 107.159200 91.376311 72.644689 126.862889 37.532834 0.000000 42.069353 139.660995 124.939200 109.665808 37.637535 105.557360 121.751341 56.030873 0.000000 58.651053 104.200403 0.000000 0.000000 0.000000 201.592017 202.451611 0.000000 0.000000 85.268586 0.000000 88.767863 204.655478 0.000000 145.185878 103.202069 94.917536 99.714912 0.000000 0.000000 0.000000 155.307565 189.682103 60.546269 89.167387 90.985952 200.950106 0.000000 0.000000 95.033988 0.000000 0.000000 122.274017
0.000000 36.459018 39.446023 142.191749 163.926891 168.023495 125.859630 158.402020 109.001580 144.192084 55.484442 142.359411 40.805110 132.370445 143.785937 28.831098 66.026739 59.174140 63.221768 0.000000 66.415275 44.675649 44.139825 87.961039 37.973989 42.069353 0.000000 73.496769 119.973468 132.581218 43.654695 133.307817 0.000000 61.832180 0.000000 48.757257 94.009884 0.000000 0.000000 0.000000 184.389756 0.000000 0.000000 0.000000 97.118770 0.000000 99.607319 0.000000 0.000000 96.636275 99.427061 101.873563 103.333314 0.000000 120.119237 46.701922 99.933602 163.317342 62.695575 89.255934 89.047013 159.750580 0.000000 164.215530 100.623456 0.000000 0.000000 122.725328
85.334070 110.942044 104.623697 20.601517 113.999358 65.261712 49.716661 84.482175 62.158009 35.458349 163.633769 52.630633 141.190044 97.913757 92.261723 25.371535 122.344178 0.000000 148.432710 28.510488 15.365480 66.259221 57.335531 24.449343 137.865918 139.660995 73.496769 0.000000 99.131148 46.535047 0.000000 136.293549 84.178182 85.731167 132.922893 0.000000 173.477324 158.824680 0.000000 170.832248 143.390184 159.572830 83.632341 163.148911 217.988436 158.205889 0.000000 165.026664 0.000000 126.653425 0.000000 236.568008 207.331944 160.654032 126.251157 71.388272 145.052746 121.919950 0.000000 207.447049 170.939281 144.374561 155.331359 125.059438 0.000000 188.250212 0.000000 163.542896
19.023532 125.500276 104.522183 113.364597 0.000000 95.433573 75.470848 51.442631 74.625715 105.251966 69.863778 106.111838 63.678326 29.409057 0.000000 95.960263 104.935666 99.892641 121.409180 106.718487 79.655946 89.813463 88.646981 95.194188 85.098250 124.939200 119.973468 99.131148 0.000000 41.777029 101.943040 15.108958 20.368092 32.285956 0.000000 0.000000 0.000000 202.838418 0.000000 185.550156 154.544341 177.106682 84.604151 181.978235 0.000000 153.875932 0.000000 178.761114 0.000000 138.042878 0.000000 0.000000 0.000000 0.000000 142.256123 75.047161 0.000000 139.287634 0.000000 168.763638 186.018726 141.968233 167.652306 138.550051 0.000000 0.000000 0.000000 0.000000
40.918344 0.000000 81.111387 0.000000 0.000000 110.836095 31.814850 70.057166 51.482976 86.384987 117.452651 0.000000 161.912096 58.380842 0.000000 83.358183 81.059762 123.283151 110.420769 0.000000 40.856990 56.240032 60.699228 70.158558 0.000000 109.665808 132.581218 46.535047 41.777029 0.000000 0.000000 0.000000 48.683396 45.848983 124.901630 0.000000 0.000000 145.913488 0.000000 164.589663 133.012561 147.657233 62.503008 145.336576 0.000000 0.000000 0.000000 152.558000 0.000000 120.386664 0.000000 0.000000 0.000000 156.430435 121.860852 63.814593 134.073104 113.043591 0.000000 0.000000 176.435406 121.601723 138.180984 118.493317 0.000000 180.447472 0.000000 154.081254
0.000000 57.974526 0.000000 0.000000 0.000000 0.000000 0.000000 0.000000 145.629178 0.000000 28.228557 0.000000 31.958254 0.000000 0.000000 0.000000 0.000000 52.698305 65.047907 0.000000 0.000000 94.312584 0.000000 147.762494 39.158840 37.637535 43.654695 0.000000 101.943040 0.000000 0.000000 0.000000 0.000000 67.602157 0.000000 0.000000 0.000000 0.000000 0.000000 0.000000 0.000000 0.000000 0.000000 0.000000 84.966279 0.000000 88.821337 0.000000 0.000000 0.000000 0.000000 89.636409 109.845879 0.000000 0.000000 0.000000 0.000000 0.000000 60.507545 93.927328 108.455851 0.000000 0.000000 0.000000 93.865672 0.000000 0.000000 0.000000
0.000000 0.000000 0.000000 126.959326 13.727093 29.362447 125.351061 34.715599 83.840404 125.235455 66.816430 105.230023 60.105279 22.589382 39.510406 0.000000 0.000000 94.665908 100.501550 109.295930 0.000000 0.000000 0.000000 114.896395 0.000000 105.557360 133.307817 136.293549 15.108958 0.000000 0.000000 0.000000 0.000000 14.845314 0.000000 0.000000 0.000000 0.000000 0.000000 0.000000 194.120630 0.000000 0.000000 0.000000 0.000000 0.000000 0.000000 0.000000 0.000000 0.000000 0.000000 0.000000 0.000000 0.000000 0.000000 0.000000 0.000000 175.111780 0.000000 0.000000 0.000000 183.793652 0.000000 0.000000 0.000000 0.000000 0.000000 0.000000
0.000000 0.000000 0.000000 0.000000 0.000000 0.000000 76.210991 0.000000 58.509508 89.989466 0.000000 0.000000 0.000000 69.842808 0.000000 85.235015 95.336005 0.000000 121.022957 0.000000 71.588771 0.000000 84.097896 79.590545 0.000000 121.751341 0.000000 84.178182 20.368092 48.683396 0.000000 0.000000 0.000000 22.030751 0.000000 0.000000 0.000000 0.000000 0.000000 0.000000 0.000000 0.000000 0.000000 0.000000 0.000000 0.000000 0.000000 0.000000 0.000000 0.000000 0.000000 0.000000 0.000000 0.000000 0.000000 0.000000 0.000000 124.128277 0.000000 0.000000 0.000000 135.977818 0.000000 0.000000 0.000000 0.000000 0.000000 0.000000
52.461265 67.897319 55.865132 106.439811 4.694821 69.461275 83.347205 53.135746 95.991634 89.706427 30.405124 88.774491 30.749438 44.953999 0.000000 95.940076 33.468721 49.117054 40.515328 99.816428 37.069003 85.530216 34.025654 101.072353 66.538002 56.030873 61.832180 85.731167 32.285956 45.848983 67.602157 14.845314 22.030751 0.000000 0.000000 0.000000 118.493404 0.000000 0.000000 0.000000 0.000000 170.031143 0.000000 0.000000 0.000000 0.000000 0.000000 0.000000 0.000000 0.000000 0.000000 0.000000 0.000000 0.000000 0.000000 0.000000 0.000000 131.377762 82.629280 110.447535 116.355640 158.122773 0.000000 0.000000 0.000000 0.000000 0.000000 0.000000
0.000000 0.000000 0.000000 0.000000 0.000000 0.000000 0.000000 0.000000 78.663789 0.000000 0.000000 0.000000 0.000000 159.241504 0.000000 128.645524 0.000000 0.000000 0.000000 0.000000 132.465158 0.000000 0.000000 123.647340 0.000000 0.000000 0.000000 132.922893 0.000000 124.901630 0.000000 0.000000 0.000000 0.000000 0.000000 0.000000 117.367531 101.155206 0.000000 83.423895 29.307565 53.323640 0.000000 83.086175 127.737863 106.511947 0.000000 18.454593 0.000000 93.144858 106.908734 135.836929 131.180118 92.794465 92.013515 0.000000 93.062042 85.753297 0.000000 135.150393 144.126935 87.301057 20.991650 33.464317 0.000000 89.387849 44.093754 77.041353
0.000000 0.000000 55.098783 0.000000 0.000000 0.000000 0.000000 0.000000 0.000000 0.000000 99.484500 0.000000 95.249772 0.000000 0.000000 0.000000 58.372393 0.000000 68.492486 0.000000 0.000000 19.453505 0.000000 0.000000 81.715728 58.651053 48.757257 0.000000 0.000000 0.000000 0.000000 0.000000 0.000000 0.000000 0.000000 0.000000 42.804629 0.000000 142.497693 155.741203 0.000000 0.000000 81.823926 0.000000 57.335217 0.000000 46.000820 140.003409 123.942919 70.741824 53.488187 74.115842 58.176021 0.000000 0.000000 25.580681 0.000000 87.282874 24.011429 44.447885 28.193212 134.115271 0.000000 0.000000 61.232609 166.633377 0.000000 67.921390
0.000000 55.955126 96.434270 0.000000 0.000000 0.000000 0.000000 0.000000 0.000000 0.000000 0.000000 0.000000 0.000000 0.000000 0.000000 133.346018 104.459589 0.000000 121.000082 0.000000 0.000000 53.680504 102.917933 0.000000 0.000000 104.200403 94.009884 173.477324 0.000000 0.000000 0.000000 0.000000 0.000000 118.493404 117.367531 42.804629 0.000000 130.815799 0.000000 141.673329 102.020720 124.570528 0.000000 129.618877 114.602726 0.000000 0.000000 119.840026 0.000000 73.722819 52.697422 90.061764 63.586509 139.743719 57.755749 53.049665 34.724910 102.175161 0.000000 30.983984 33.927665 95.489290 148.651989 71.164669 99.493650 0.000000 0.000000 56.751079
0.000000 0.000000 0.000000 163.289994 0.000000 171.016724 158.570906 171.870722 103.708010 166.746901 0.000000 150.632886 0.000000 169.158039 0.000000 0.000000 0.000000 0.000000 0.000000 149.113670 0.000000 0.000000 0.000000 137.241025 0.000000 0.000000 0.000000 158.824680 202.838418 145.913488 0.000000 0.000000 0.000000 0.000000 101.155206 0.000000 130.815799 0.000000 111.040728 76.333512 37.077371 110.666958 67.103269 19.720472 168.523471 39.207021 0.000000 110.917688 71.157626 89.102574 0.000000 0.000000 0.000000 16.639356 0.000000 77.341655 129.285028 31.353738 0.000000 165.254150 135.483857 20.278143 113.804709 0.000000 0.000000 138.427026 107.792679 117.507415
0.000000 0.000000 0.000000 0.000000 0.000000 0.000000 0.000000 0.000000 0.000000 171.724757 0.000000 0.000000 0.000000 0.000000 0.000000 0.000000 0.000000 0.000000 0.000000 0.000000 0.000000 0.000000 0.000000 0.000000 0.000000 0.000000 0.000000 0.000000 0.000000 0.000000 0.000000 0.000000 0.000000 0.000000 0.000000 142.497693 0.000000 111.040728 0.000000 19.958823 114.595299 27.704890 83.955621 114.845604 0.000000 94.874390 0.000000 0.000000 23.570448 0.000000 0.000000 0.000000 0.000000 100.080387 0.000000 113.492642 0.000000 98.427802 0.000000 194.573793 173.013092 120.912938 0.000000 0.000000 0.000000 17.497521 0.000000 13.451379
0.000000 0.000000 0.000000 165.842554 0.000000 139.857468 190.072794 171.680029 0.000000 169.277213 0.000000 126.623531 0.000000 0.000000 0.000000 0.000000 0.000000 0.000000 0.000000 124.878204 0.000000 0.000000 0.000000 148.765697 0.000000 0.000000 0.000000 170.832248 185.550156 164.589663 0.000000 0.000000 0.000000 0.000000 83.423895 155.741203 141.673329 76.333512 19.958823 0.000000 55.103597 32.077342 86.573523 35.805433 132.985675 48.192140 142.701493 63.039367 32.387456 0.000000 163.695975 164.104376 192.531307 53.634845 130.918370 0.000000 132.112247 98.998027 0.000000 163.127300 167.016776 70.558250 95.564399 0.000000 0.000000 32.511740 0.000000 78.270651
147.413525 0.000000 174.792869 153.961198 0.000000 163.438047 135.367974 149.308390 83.503329 156.660415 226.359535 166.293735 162.653728 153.819054 0.000000 138.977352 0.000000 0.000000 0.000000 150.899282 144.960117 0.000000 173.669285 122.140185 0.000000 201.592017 184.389756 143.390184 154.544341 133.012561 0.000000 194.120630 0.000000 0.000000 29.307565 0.000000 102.020720 37.077371 114.595299 55.103597 0.000000 60.488843 61.288401 26.733611 148.167518 76.907943 167.979117 44.676032 86.941368 98.436581 111.601604 143.055019 129.499524 56.920392 73.605849 93.783328 83.001020 61.689033 150.436480 126.303024 128.977321 36.201801 76.584397 41.109792 175.823135 128.168164 72.503411 90.635889
0.000000 0.000000 192.195599 168.953583 0.000000 179.179452 152.780208 165.408297 95.812882 168.459809 0.000000 0.000000 126.474191 172.901169 0.000000 0.000000 0.000000 0.000000 0.000000 0.000000 162.185497 0.000000 0.000000 137.987827 0.000000 202.451611 0.000000 159.572830 177.106682 147.657233 0.000000 0.000000 0.000000 170.031143 53.323640 0.000000 124.570528 110.666958 27.704890 32.077342 60.488843 0.000000 83.169431 57.051047 95.147596 98.163297 88.413658 27.846024 45.033921 115.654594 135.435738 134.001111 153.581211 93.339613 106.643718 0.000000 118.795817 95.452176 0.000000 148.823111 151.557979 96.319645 63.058858 75.637098 123.540531 43.290447 0.000000 60.141250
0.000000 0.000000 0.000000 95.991906 0.000000 0.000000 73.801159 94.516163 10.068378 108.463355 0.000000 0.000000 0.000000 92.418071 0.000000 0.000000 0.000000 0.000000 0.000000 0.000000 0.000000 0.000000 0.000000 57.903728 0.000000 0.000000 0.000000 83.632341 84.604151 62.503008 0.000000 0.000000 0.000000 0.000000 0.000000 81.823926 0.000000 67.103269 83.955621 86.573523 61.288401 83.169431 0.000000 73.262535 133.328584 73.726592 138.115987 85.560211 66.938079 44.385131 0.000000 160.946140 138.449402 69.750050 53.112711 43.493779 0.000000 33.986054 121.837474 130.564011 110.158986 64.214539 90.145448 55.343018 148.147275 118.074924 0.000000 130.042254
0.000000 0.000000 0.000000 168.602485 0.000000 168.702315 160.016168 169.459607 99.429332 170.915252 0.000000 144.039744 0.000000 178.844002 0.000000 0.000000 0.000000 0.000000 0.000000 152.151721 0.000000 0.000000 0.000000 142.229608 0.000000 0.000000 0.000000 163.148911 181.978235 145.336576 0.000000 0.000000 0.000000 0.000000 83.086175 0.000000 129.618877 19.720472 114.845604 35.805433 26.733611 57.051047 73.262535 0.000000 163.371887 29.867870 166.719874 67.504210 71.971747 0.000000 144.736925 176.871461 163.279288 17.488253 102.296401 0.000000 117.292222 72.138031 0.000000 168.662993 159.451922 28.544882 104.961171 104.655005 184.386721 129.274964 0.000000 100.616135
0.000000 94.858592 0.000000 0.000000 0.000000 0.000000 0.000000 0.000000 0.000000 0.000000 75.489009 0.000000 73.337963 0.000000 0.000000 0.000000 0.000000 88.244009 99.598674 0.000000 0.000000 132.750734 0.000000 190.413926 64.039458 85.268586 97.118770 217.988436 0.000000 0.000000 84.966279 0.000000 0.000000 0.000000 127.737863 57.335217 114.602726 168.523471 0.000000 132.985675 148.167518 95.147596 133.328584 163.371887 0.000000 161.990069 26.333219 79.612286 0.000000 0.000000 43.500952 24.063574 30.516019 168.180083 96.107507 93.102859 99.406398 161.522225 29.142598 26.254155 60.190049 162.033083 59.317073 113.613617 44.068551 55.474934 0.000000 29.253150
0.000000 0.000000 0.000000 155.412377 0.000000 72.336243 157.026483 140.393311 91.879799 142.143843 0.000000 18.751351 0.000000 155.696536 0.000000 0.000000 0.000000 0.000000 0.000000 29.962911 0.000000 0.000000 0.000000 144.491237 0.000000 0.000000 0.000000 158.205889 153.875932 0.000000 0.000000 0.000000 0.000000 0.000000 106.511947 0.000000 0.000000 39.207021 94.874390 48.192140 76.907943 98.163297 73.726592 29.867870 161.990069 0.000000 178.720531 108.484192 61.650773 0.000000 0.000000 173.661686 180.203604 15.928486 0.000000 0.000000 0.000000 42.859239 0.000000 179.029881 180.710289 48.078381 114.584439 0.000000 0.000000 125.107768 0.000000 108.838153
0.000000 92.482576 0.000000 0.000000 0.000000 0.000000 0.000000 0.000000 0.000000 0.000000 73.111520 0.000000 67.872387 0.000000 0.000000 0.000000 0.000000 92.287189 110.987047 0.000000 0.000000 120.947391 0.000000 197.512437 58.355233 88.767863 99.607319 0.000000 0.000000 0.000000 88.821337 0.000000 0.000000 0.000000 0.000000 46.000820 0.000000 0.000000 0.000000 142.701493 167.979117 88.413658 138.115987 166.719874 26.333219 178.720531 0.000000 83.956447 0.000000 123.596334 0.000000 55.366156 77.972040 0.000000 0.000000 80.881255 0.000000 153.590072 21.496809 34.703333 44.741005 183.409888 65.628101 0.000000 21.978480 64.548201 0.000000 36.297492
0.000000 0.000000 183.922640 193.008919 0.000000 203.900772 161.455978 178.088664 98.838422 179.250738 0.000000 0.000000 125.300234 180.470124 0.000000 0.000000 0.000000 0.000000 0.000000 0.000000 0.000000 0.000000 0.000000 147.832707 0.000000 204.655478 0.000000 165.026664 178.761114 152.558000 0.000000 0.000000 0.000000 0.000000 18.454593 140.003409 119.840026 110.917688 0.000000 63.039367 44.676032 27.846024 85.560211 67.504210 79.612286 108.484192 83.956447 0.000000 51.689967 120.520595 131.376259 126.418378 143.618571 104.211611 101.304809 0.000000 116.098034 102.751235 157.103618 134.559554 141.836330 102.355376 36.800012 64.543084 117.849789 29.305302 0.000000 43.267462
0.000000 0.000000 0.000000 0.000000 0.000000 0.000000 0.000000 0.000000 0.000000 161.873221 0.000000 0.000000 0.000000 0.000000 0.000000 0.000000 0.000000 0.000000 0.000000 0.000000 0.000000 0.000000 0.000000 0.000000 0.000000 0.000000 0.000000 0.000000 0.000000 0.000000 0.000000 0.000000 0.000000 0.000000 0.000000 123.942919 0.000000 71.157626 23.570448 32.387456 86.941368 45.033921 66.938079 71.971747 0.000000 61.650773 0.000000 51.689967 0.000000 0.000000 0.000000 0.000000 0.000000 61.118403 0.000000 96.902936 0.000000 76.728367 0.000000 171.521626 146.833784 81.184089 0.000000 0.000000 0.000000 42.505238 0.000000 0.000000
0.000000 0.000000 106.829226 0.000000 0.000000 0.000000 152.671294 0.000000 67.066994 0.000000 0.000000 0.000000 0.000000 0.000000 0.000000 102.343066 150.066690 0.000000 0.000000 0.000000 118.579126 58.330412 110.198705 114.152213 0.000000 145.185878 96.636275 126.653425 138.042878 120.386664 0.000000 0.000000 0.000000 0.000000 93.144858 70.741824 73.722819 89.102574 0.000000 0.000000 98.436581 115.654594 44.385131 0.000000 0.000000 0.000000 123.596334 120.520595 0.000000 0.000000 101.252051 0.000000 115.348381 0.000000 14.649629 39.186250 17.635475 35.028419 95.524113 101.268230 24.727166 48.322383 102.444844 79.532220 114.680309 0.000000 85.111170 93.769969
0.000000 52.631740 99.253284 0.000000 0.000000 0.000000 0.000000 0.000000 0.000000 0.000000 0.000000 0.000000 0.000000 0.000000 0.000000 0.000000 104.068174 0.000000 123.476198 0.000000 0.000000 0.000000 107.484453 0.000000 0.000000 103.202069 99.427061 0.000000 0.000000 0.000000 0.000000 0.000000 0.000000 0.000000 106.908734 53.488187 52.697422 0.000000 0.000000 163.695975 111.601604 135.435738 0.000000 144.736925 43.500952 0.000000 0.000000 131.376259 0.000000 101.252051 0.000000 48.427571 21.989930 0.000000 63.492661 0.000000 25.511387 145.857736 68.814105 28.835142 66.763902 106.514049 120.009293 81.147599 0.000000 0.000000 0.000000 17.736686
0.000000 121.258339 147.200325 0.000000 0.000000 0.000000 0.000000 0.000000 0.000000 0.000000 84.236357 0.000000 88.857209 0.000000 0.000000 0.000000 129.278767 95.769289 108.635256 0.000000 0.000000 0.000000 0.000000 0.000000 62.235325 94.917536 101.873563 236.568008 0.000000 0.000000 89.636409 0.000000 0.000000 0.000000 135.836929 74.115842 90.061764 0.000000 0.000000 164.104376 143.055019 134.001111 160.946140 176.871461 24.063574 173.661686 55.366156 126.418378 0.000000 0.000000 48.427571 0.000000 23.465500 0.000000 107.460622 0.000000 99.714793 163.440877 38.361805 33.516020 67.442470 145.286120 110.984775 118.721313 55.090995 87.836682 0.000000 44.852359
0.000000 63.462982 112.332722 0.000000 0.000000 0.000000 0.000000 0.000000 0.000000 0.000000 99.118171 0.000000 102.871029 0.000000 0.000000 0.000000 111.772625 105.620012 107.796984 0.000000 0.000000 0.000000 166.081473 0.000000 81.111753 99.714912 103.333314 207.331944 0.000000 0.000000 109.845879 0.000000 0.000000 0.000000 131.180118 58.176021 63.586509 0.000000 0.000000 192.531307 129.499524 153.581211 138.449402 163.279288 30.516019 180.203604 77.972040 143.618571 0.000000 115.348381 21.989930 23.465500 0.000000 0.000000 94.825069 95.255349 80.202907 148.102543 47.700902 32.855512 60.699915 141.223260 129.603950 107.946940 66.576059 166.727721 0.000000 39.218614
0.000000 0.000000 0.000000 160.100487 0.000000 150.129885 158.991615 180.128155 106.353905 164.304965 0.000000 145.246065 0.000000 170.249348 0.000000 0.000000 0.000000 0.000000 0.000000 146.341870 0.000000 0.000000 0.000000 139.618372 0.000000 0.000000 0.000000 160.654032 0.000000 156.430435 0.000000 0.000000 0.000000 0.000000 92.794465 0.000000 139.743719 16.639356 100.080387 53.634845 56.920392 93.339613 69.750050 17.488253 168.180083 15.928486 0.000000 104.211611 61.118403 0.000000 0.000000 0.000000 0.000000 0.000000 0.000000 0.000000 0.000000 53.991742 0.000000 172.124682 160.649692 32.460507 111.061932 0.000000 0.000000 126.441232 0.000000 102.618620
0.000000 0.000000 132.042060 0.000000 0.000000 0.000000 154.164061 0.000000 71.876249 0.000000 0.000000 0.000000 0.000000 148.997772 0.000000 116.538799 149.054940 0.000000 0.000000 0.000000 122.759849 77.667049 124.157801 115.457851 0.000000 0.000000 120.119237 126.251157 142.256123 121.860852 0.000000 0.000000 0.000000 0.000000 92.013515 0.000000 57.755749 0.000000 0.000000 130.918370 73.605849 106.643718 53.112711 102.296401 96.107507 0.000000 0.000000 101.304809 0.000000 14.649629 63.492661 107.460622 94.825069 0.000000 0.000000 54.328452 30.764614 19.769501 0.000000 81.853727 62.763027 25.576766 98.312812 35.264806 0.000000 0.000000 82.087972 54.197905
0.000000 0.000000 57.468769 0.000000 0.000000 0.000000 92.154065 0.000000 0.000000 0.000000 129.279520 0.000000 125.812887 0.000000 0.000000 53.454994 0.000000 0.000000 0.000000 0.000000 63.932646 22.113654 64.378314 58.374581 0.000000 0.000000 46.701922 71.388272 75.047161 63.814593 0.000000 0.000000 0.000000 0.000000 0.000000 25.580681 53.049665 77.341655 113.492642 0.000000 93.783328 0.000000 43.493779 0.000000 93.102859 0.000000 80.881255 0.000000 96.902936 39.186250 0.000000 0.000000 95.255349 0.000000 54.328452 0.000000 59.126664 52.902748 61.672823 79.450015 34.279244 71.822201 111.553224 56.868834 90.156709 0.000000 0.000000 97.444489
0.000000 0.000000 101.357658 0.000000 0.000000 0.000000 0.000000 0.000000 0.000000 0.000000 0.000000 0.000000 0.000000 0.000000 0.000000 108.848723 111.161347 0.000000 132.435724 0.000000 126.146960 69.574359 111.060596 132.486161 0.000000 155.307565 99.933602 145.052746 0.000000 134.073104 0.000000 0.000000 0.000000 0.000000 93.062042 0.000000 34.724910 129.285028 0.000000 132.112247 83.001020 118.795817 0.000000 117.292222 99.406398 0.000000 0.000000 116.098034 0.000000 17.635475 25.511387 99.714793 80.202907 0.000000 30.764614 59.126664 0.000000 68.052111 0.000000 62.784824 39.635267 57.564080 27.907484 47.296006 0.000000 0.000000 15.824872 55.486534
118.920187 0.000000 144.217027 140.371907 0.000000 157.930611 127.582557 135.800559 57.069567 139.206470 192.990804 136.358736 184.088989 139.660308 0.000000 117.528977 198.802094 0.000000 0.000000 101.010387 122.036053 75.615905 133.621851 103.938109 0.000000 189.682103 163.317342 121.919950 139.287634 113.043591 0.000000 175.111780 124.128277 131.377762 85.753297 87.282874 102.175161 31.353738 98.427802 98.998027 61.689033 95.452176 33.986054 72.138031 161.522225 42.859239 153.590072 102.751235 76.728367 35.028419 145.857736 163.440877 148.102543 53.991742 19.769501 52.902748 68.052111 0.000000 130.503457 139.267515 90.598814 27.577935 97.101913 80.441330 159.951333 124.082922 74.833524 114.049067
0.000000 0.000000 0.000000 0.000000 0.000000 0.000000 0.000000 0.000000 0.000000 0.000000 62.678915 0.000000 56.534325 0.000000 0.000000 0.000000 0.000000 59.352694 74.139110 0.000000 0.000000 0.000000 0.000000 0.000000 16.641243 60.546269 62.695575 0.000000 0.000000 0.000000 60.507545 0.000000 0.000000 82.629280 0.000000 24.011429 0.000000 0.000000 0.000000 0.000000 150.436480 0.000000 121.837474 0.000000 29.142598 0.000000 21.496809 157.103618 0.000000 95.524113 68.814105 38.361805 47.700902 0.000000 0.000000 61.672823 0.000000 130.503457 0.000000 34.694359 30.052304 164.281708 0.000000 0.000000 38.901609 0.000000 0.000000 55.867224
0.000000 56.866604 96.893672 0.000000 0.000000 0.000000 214.227277 234.753387 185.402345 0.000000 85.975864 0.000000 89.791958 0.000000 0.000000 0.000000 100.429415 92.579462 100.121514 0.000000 0.000000 138.809135 157.520602 189.512815 59.346647 89.167387 89.255934 207.447049 168.763638 0.000000 93.927328 0.000000 0.000000 110.447535 135.150393 44.447885 30.983984 165.254150 194.573793 163.127300 126.303024 148.823111 130.564011 168.662993 26.254155 179.029881 34.703333 134.559554 171.521626 101.268230 28.835142 33.516020 32.855512 172.124682 81.853727 79.450015 62.784824 139.267515 34.694359 0.000000 39.380188 136.499771 125.488843 113.638158 23.676174 102.317517 0.000000 55.059792
