0.000000 0.000000 0.000507 0.000000 0.000000 0.000080 0.021800 0.000933 0.000707 0.000267 0.000133 0.000000 0.000000 0.039227 0.000000 0.000000 0.002427 0.000240 0.000773 0.000000 0.000173 0.000000 0.002960 0.000120 0.000000 0.000680 0.000067 0.000387 0.061480 0.021173 0.000000 0.000000 0.000000 0.000480 0.000000 0.000000 0.000000 0.000000 0.000000 0.000000 0.000000 0.000000 0.000000 0.000000 0.000000 0.000000 0.000000 0.000000 0.000000 0.000000 0.000000 0.000000 0.000000 0.000000 0.000000 0.000000 0.000000 0.000000 0.000000 0.000000 0.000000 0.000200 0.000107 0.000093 0.000000 0.000000 0.000000 0.000000
0.000000 0.000000 0.000067 0.000000 0.001627 0.000093 0.000000 0.000000 0.001133 0.000000 0.000000 0.000000 0.000360 0.000000 0.000827 0.000000 0.000000 0.000000 0.000000 0.000000 0.000000 0.000293 0.000000 0.015573 0.004853 0.000907 0.018187 0.000107 0.000000 0.000000 0.000200 0.000000 0.000000 0.000000 0.000000 0.000067 0.000067 0.000000 0.000000 0.000000 0.000000 0.000000 0.000000 0.000000 0.000000 0.000000 0.000000 0.000000 0.000000 0.000000 0.000067 0.000000 0.000120 0.000000 0.000000 0.000000 0.000000 0.000000 0.000000 0.000507 0.000360 0.000000 0.000000 0.000000 0.000000 0.000000 0.000000 0.000000
0.000507 0.000067 0.000000 0.000000 0.000000 0.000240 0.056080 0.012187 0.000000 0.002733 0.000160 0.000000 0.000000 0.014107 0.000000 0.000240 0.136293 0.000213 0.001547 0.000000 0.031067 0.000293 0.147000 0.009613 0.000000 0.084733 0.103040 0.020720 0.004080 0.008320 0.000000 0.000000 0.000107 0.004107 0.000000 0.000693 0.014213 0.000000 0.000000 0.000000 0.000000 0.000000 0.000000 0.000000 0.000000 0.000000 0.000000 0.000000 0.000000 0.000000 0.001427 0.000000 0.000467 0.000000 0.000000 0.000733 0.003600 0.000000 0.000000 0.003493 0.027720 0.000000 0.000000 0.000120 0.000000 0.000000 0.000000 0.000000
0.000000 0.000000 0.000000 0.000000 0.000253 0.000867 0.005693 0.000213 0.014147 0.140600 0.000000 0.005587 0.000000 0.000413 0.000747 0.000000 0.000000 0.000000 0.000000 0.046173 0.000000 0.000000 0.000000 0.016720 0.000000 0.000000 0.000000 0.120467 0.000467 0.000000 0.000000 0.000000 0.000000 0.000120 0.000000 0.000000 0.000000 0.005987 0.000093 0.000160 0.000893 0.000693 0.000200 0.001773 0.000000 0.000800 0.000000 0.000107 0.000000 0.000000 0.000000 0.000000 0.000000 0.000120 0.000000 0.000000 0.000000 0.002547 0.000000 0.000000 0.000000 0.010187 0.000160 0.000000 0.000000 0.000133 0.000000 0.000000
0.000000 0.001627 0.000000 0.000253 0.000000 0.003680 0.000640 0.001280 0.003280 0.001387 0.000067 0.001600 0.000253 0.000067 0.008400 0.000000 0.000000 0.000000 0.000000 0.000360 0.000000 0.003707 0.000000 0.003067 0.002413 0.000187 0.001213 0.004013 0.000093 0.000000 0.000160 0.000680 0.000000 0.001653 0.000000 0.000000 0.000000 0.000080 0.000000 0.000067 0.000000 0.000000 0.000000 0.000147 0.000000 0.000107 0.000000 0.000000 0.000000 0.000000 0.000000 0.000000 0.000000 0.000000 0.000000 0.000000 0.000000 0.000147 0.000000 0.000000 0.000000 0.000280 0.000000 0.000000 0.000000 0.000000 0.000000 0.000000
0.000080 0.000093 0.000240 0.000867 0.003680 0.000000 0.008227 0.117093 0.001267 0.185293 0.001413 0.020387 0.000840 0.016387 0.013933 0.000000 0.000187 0.000173 0.000253 0.001093 0.000000 0.000267 0.000453 0.001467 0.000200 0.000320 0.000240 0.013347 0.003160 0.000307 0.000000 0.002173 0.000000 0.002360 0.000000 0.000000 0.000000 0.000320 0.000067 0.000000 0.000080 0.000107 0.000067 0.000213 0.000000 0.000440 0.000000 0.000000 0.000000 0.000000 0.000000 0.000000 0.000000 0.000080 0.000000 0.000000 0.000000 0.000427 0.000000 0.000000 0.000000 0.001520 0.000093 0.000000 0.000000 0.000000 0.000000 0.000000
0.021800 0.000000 0.056080 0.005693 0.000640 0.008227 0.000000 0.095560 0.004653 0.208640 0.001067 0.000133 0.000800 0.204667 0.000680 0.000120 0.002200 0.000280 0.000360 0.000093 0.010587 0.000000 0.052227 0.042867 0.000000 0.003667 0.003293 0.391947 0.044280 0.047733 0.000000 0.000373 0.001227 0.004573 0.000000 0.000000 0.000120 0.000133 0.000000 0.000000 0.000120 0.000093 0.000173 0.000120 0.000000 0.000000 0.000000 0.000093 0.000000 0.000000 0.000000 0.000000 0.000000 0.000000 0.000000 0.000000 0.000000 0.000680 0.000000 0.000093 0.000080 0.001613 0.000120 0.000000 0.000000 0.000000 0.000000 0.000000
0.000933 0.000000 0.012187 0.000213 0.001280 0.117093 0.095560 0.000000 0.003773 0.112573 0.001880 0.003800 0.001347 0.172920 0.002693 0.000000 0.004307 0.000600 0.001320 0.000440 0.001467 0.000000 0.014147 0.000813 0.000000 0.004413 0.000933 0.007520 0.007373 0.007667 0.000000 0.009413 0.000000 0.001267 0.000000 0.000000 0.000000 0.000160 0.000000 0.000000 0.000427 0.000973 0.000267 0.000240 0.000000 0.000000 0.000000 0.000467 0.000000 0.000000 0.000000 0.000000 0.000000 0.000000 0.000000 0.000000 0.000000 0.001533 0.000000 0.000067 0.000147 0.004987 0.000907 0.000080 0.000000 0.000000 0.000067 0.000147
0.000707 0.001133 0.000000 0.014147 0.003280 0.001267 0.004653 0.003773 0.000000 0.007533 0.000200 0.004027 0.000413 0.003693 0.002413 0.000000 0.000067 0.000133 0.000000 0.001707 0.000000 0.002440 0.000093 0.035960 0.002133 0.000173 0.001293 0.044413 0.019893 0.002000 0.000133 0.000307 0.002147 0.000640 0.000000 0.000000 0.000000 0.000453 0.000000 0.000107 0.000200 0.000200 0.000000 0.000187 0.000000 0.000000 0.000000 0.000200 0.000000 0.000000 0.000000 0.000000 0.000000 0.000000 0.000000 0.000000 0.000000 0.000773 0.000000 0.000000 0.000000 0.004160 0.000773 0.000520 0.000000 0.000000 0.000000 0.000000
0.000267 0.000000 0.002733 0.140600 0.001387 0.185293 0.208640 0.112573 0.007533 0.000000 0.002733 0.077893 0.001680 0.037587 0.005120 0.000000 0.000187 0.000853 0.000347 0.161400 0.000173 0.000000 0.000613 0.008667 0.000000 0.000840 0.000387 0.362707 0.023173 0.000000 0.000133 0.001080 0.000000 0.007093 0.000000 0.000000 0.000000 0.007133 0.000067 0.000240 0.001400 0.001453 0.000480 0.001920 0.000080 0.000640 0.000000 0.000507 0.000000 0.000000 0.000000 0.000000 0.000000 0.000107 0.000000 0.000000 0.000000 0.003387 0.000000 0.000000 0.000000 0.014573 0.000813 0.000000 0.000000 0.000000 0.000000 0.000000
0.000133 0.000000 0.000160 0.000000 0.000067 0.001413 0.001067 0.001880 0.000200 0.002733 0.000000 0.000760 0.008387 0.006760 0.000000 0.000000 0.000467 0.070267 0.019760 0.000120 0.000000 0.000000 0.000120 0.000000 0.000560 0.023080 0.003920 0.000400 0.015107 0.000213 0.004147 0.007773 0.000000 0.026760 0.000000 0.000000 0.000000 0.000000 0.000000 0.000000 0.000000 0.000000 0.000000 0.000000 0.000347 0.000000 0.001840 0.000000 0.000000 0.000000 0.000000 0.000000 0.000000 0.000000 0.000000 0.000000 0.000000 0.000067 0.000267 0.001000 0.001227 0.000400 0.000080 0.000000 0.000907 0.000000 0.000000 0.000000
0.000000 0.000000 0.000000 0.005587 0.001600 0.020387 0.000133 0.003800 0.004027 0.077893 0.000760 0.000000 0.000480 0.005120 0.004280 0.000000 0.000000 0.000227 0.000107 0.012707 0.000000 0.000000 0.000000 0.000000 0.000000 0.000213 0.000107 0.006120 0.003787 0.000000 0.000000 0.000347 0.000000 0.001227 0.000000 0.000000 0.000000 0.001680 0.000187 0.000400 0.000213 0.000173 0.000000 0.001133 0.000000 0.000467 0.000000 0.000000 0.000000 0.000000 0.000000 0.000000 0.000000 0.000120 0.000000 0.000000 0.000000 0.000893 0.000000 0.000000 0.000000 0.004147 0.000000 0.000000 0.000000 0.000240 0.000000 0.000000
0.000000 0.000360 0.000000 0.000000 0.000253 0.000840 0.000800 0.001347 0.000413 0.001680 0.008387 0.000480 0.000000 0.002640 0.000067 0.000000 0.000000 0.000347 0.000000 0.000067 0.000000 0.000000 0.000000 0.000867 0.010893 0.011227 0.028107 0.000320 0.004693 0.000000 0.025120 0.003147 0.000000 0.004267 0.000000 0.000107 0.000000 0.000000 0.000000 0.000000 0.000000 0.000000 0.000000 0.000000 0.002813 0.000000 0.008107 0.000000 0.000000 0.000000 0.000000 0.000000 0.000000 0.000000 0.000000 0.000000 0.000000 0.000133 0.004093 0.006613 0.004800 0.000373 0.000000 0.000000 0.006680 0.000000 0.000000 0.000000
0.039227 0.000000 0.014107 0.000413 0.000067 0.016387 0.204667 0.172920 0.003693 0.037587 0.006760 0.005120 0.002640 0.000000 0.000067 0.000000 0.011960 0.002627 0.004747 0.000707 0.001960 0.000093 0.026387 0.000960 0.000000 0.008067 0.001440 0.006973 0.087200 0.046453 0.000160 0.004880 0.000000 0.006560 0.000000 0.000000 0.000000 0.000000 0.000000 0.000000 0.000107 0.000240 0.000280 0.000000 0.000000 0.000000 0.000000 0.000107 0.000000 0.000000 0.000000 0.000000 0.000000 0.000000 0.000067 0.000000 0.000000 0.000547 0.000000 0.000080 0.000093 0.001920 0.000440 0.000120 0.000000 0.000000 0.000000 0.000160
0.000000 0.000827 0.000000 0.000747 0.008400 0.013933 0.000680 0.002693 0.002413 0.005120 0.000000 0.004280 0.000067 0.000067 0.000000 0.000000 0.000000 0.000000 0.000000 0.003947 0.000000 0.002013 0.000000 0.002973 0.001267 0.000093 0.000440 0.004427 0.000000 0.000000 0.000107 0.000400 0.000000 0.000000 0.000000 0.000000 0.000000 0.000000 0.000000 0.000000 0.000000 0.000000 0.000000 0.000067 0.000000 0.000107 0.000000 0.000000 0.000000 0.000000 0.000000 0.000000 0.000000 0.000000 0.000000 0.000000 0.000000 0.000000 0.000000 0.000000 0.000000 0.000173 0.000000 0.000000 0.000000 0.000000 0.000000 0.000000
0.000000 0.000000 0.000240 0.000000 0.000000 0.000000 0.000120 0.000000 0.000000 0.000000 0.000000 0.000000 0.000000 0.000000 0.000000 0.000000 0.001040 0.000000 0.000227 0.000000 0.028533 0.052333 0.234987 0.018573 0.000000 0.000000 0.012413 0.020400 0.000000 0.013187 0.000000 0.000000 0.000000 0.000413 0.000000 0.000000 0.004907 0.000000 0.000000 0.000000 0.000000 0.000000 0.000000 0.000000 0.000000 0.000000 0.000000 0.000000 0.000000 0.009080 0.000147 0.000000 0.000000 0.000000 0.005000 0.009760 0.025053 0.000000 0.000000 0.000000 0.005907 0.000227 0.000000 0.001040 0.000000 0.000000 0.000000 0.000000
0.002427 0.000000 0.136293 0.000000 0.000000 0.000187 0.002200 0.004307 0.000067 0.000187 0.000467 0.000000 0.000000 0.011960 0.000000 0.001040 0.000000 0.008080 0.069173 0.000000 0.020067 0.000000 0.100093 0.000400 0.000000 0.075613 0.040920 0.001733 0.031307 0.027507 0.000000 0.000000 0.000000 0.012840 0.000000 0.000000 0.000000 0.000000 0.000000 0.000000 0.000000 0.000000 0.000000 0.000000 0.000000 0.000000 0.000000 0.000000 0.000000 0.000000 0.000000 0.000000 0.000000 0.000000 0.000067 0.000080 0.000000 0.000000 0.000000 0.000000 0.000133 0.000000 0.000000 0.000000 0.000000 0.000000 0.000000 0.000000
0.000240 0.000000 0.000213 0.000000 0.000000 0.000173 0.000280 0.000600 0.000133 0.000853 0.070267 0.000227 0.000347 0.002627 0.000000 0.000000 0.008080 0.000000 0.058720 0.000000 0.000200 0.000000 0.000667 0.000000 0.000000 0.024013 0.001573 0.000080 0.003907 0.000320 0.000200 0.000160 0.000000 0.015120 0.000000 0.000000 0.000000 0.000000 0.000000 0.000000 0.000000 0.000000 0.000000 0.000000 0.000000 0.000000 0.000000 0.000000 0.000000 0.000000 0.000000 0.000000 0.000000 0.000000 0.000000 0.000000 0.000000 0.000000 0.000000 0.000560 0.000213 0.000000 0.000000 0.000000 0.000000 0.000000 0.000000 0.000000
0.000773 0.000000 0.001547 0.000000 0.000000 0.000253 0.000360 0.001320 0.000000 0.000347 0.019760 0.000107 0.000000 0.004747 0.000000 0.000227 0.069173 0.058720 0.000000 0.000000 0.001947 0.000000 0.002147 0.000000 0.000000 0.033240 0.002800 0.000147 0.013413 0.003213 0.000000 0.000000 0.000080 0.031880 0.000000 0.000000 0.000000 0.000000 0.000000 0.000000 0.000000 0.000000 0.000000 0.000000 0.000000 0.000000 0.000000 0.000000 0.000000 0.000000 0.000000 0.000000 0.000000 0.000000 0.000000 0.000000 0.000000 0.000000 0.000000 0.000667 0.000227 0.000000 0.000000 0.000000 0.000000 0.000000 0.000000 0.000000
0.000000 0.000000 0.000000 0.046173 0.000360 0.001093 0.000093 0.000440 0.001707 0.161400 0.000120 0.012707 0.000067 0.000707 0.003947 0.000000 0.000000 0.000000 0.000000 0.000000 0.000000 0.000000 0.000000 0.000120 0.000000 0.000000 0.000000 0.042507 0.000520 0.000000 0.000000 0.000067 0.000000 0.000080 0.000000 0.000000 0.000000 0.012093 0.000120 0.000147 0.000173 0.000133 0.000000 0.000587 0.000000 0.000293 0.000000 0.000000 0.000000 0.000000 0.000000 0.000000 0.000000 0.000000 0.000000 0.000000 0.000000 0.000627 0.000000 0.000000 0.000000 0.002093 0.000000 0.000000 0.000000 0.000000 0.000000 0.000000
0.000173 0.000000 0.031067 0.000000 0.000000 0.000000 0.010587 0.001467 0.000000 0.000173 0.000000 0.000000 0.000000 0.001960 0.000000 0.028533 0.020067 0.000200 0.001947 0.000000 0.000000 0.005720 0.295600 0.002360 0.000000 0.000693 0.002080 0.067227 0.002693 0.095907 0.000000 0.000000 0.000000 0.009680 0.000000 0.000000 0.000693 0.000000 0.000000 0.000000 0.000000 0.000000 0.000000 0.000000 0.000000 0.000000 0.000000 0.000000 0.000000 0.008720 0.000000 0.000000 0.000000 0.000000 0.009827 0.004680 0.018453 0.000000 0.000000 0.000000 0.001307 0.000187 0.000000 0.002160 0.000000 0.000000 0.000000 0.000000
0.000000 0.000293 0.000293 0.000000 0.003707 0.000267 0.000000 0.000000 0.002440 0.000000 0.000000 0.000000 0.000000 0.000093 0.002013 0.052333 0.000000 0.000000 0.000000 0.000000 0.005720 0.000000 0.014760 0.034360 0.000453 0.000067 0.017907 0.002147 0.000720 0.002867 0.000000 0.000080 0.000067 0.000000 0.000000 0.000000 0.000453 0.000000 0.000000 0.000000 0.000000 0.000000 0.000000 0.000000 0.000000 0.000000 0.000000 0.000000 0.000000 0.004080 0.000000 0.000000 0.000000 0.000000 0.001013 0.000000 0.002867 0.000067 0.000000 0.000000 0.001040 0.000293 0.000173 0.001160 0.000000 0.000000 0.000000 0.000000
0.002960 0.000000 0.147000 0.000000 0.000000 0.000453 0.052227 0.014147 0.000093 0.000613 0.000120 0.000000 0.000000 0.026387 0.000000 0.234987 0.100093 0.000667 0.002147 0.000000 0.295600 0.014760 0.000000 0.017960 0.000000 0.035213 0.072240 0.084627 0.019920 0.075613 0.000000 0.000000 0.000000 0.031227 0.000000 0.000067 0.011187 0.000000 0.000000 0.000000 0.000000 0.000000 0.000000 0.000000 0.000000 0.000000 0.000000 0.000000 0.000000 0.009627 0.000320 0.000000 0.000000 0.000000 0.001613 0.006040 0.055773 0.000000 0.000000 0.000000 0.008613 0.000000 0.000000 0.000160 0.000000 0.000000 0.000000 0.000000
0.000120 0.015573 0.009613 0.016720 0.003067 0.001467 0.042867 0.000813 0.035960 0.008667 0.000000 0.000000 0.000867 0.000960 0.002973 0.018573 0.000400 0.000000 0.000000 0.000120 0.002360 0.034360 0.017960 0.000000 0.011427 0.001213 0.020813 0.138040 0.016360 0.007627 0.000800 0.000173 0.003213 0.001067 0.000000 0.000320 0.001480 0.000240 0.000000 0.000000 0.000187 0.000453 0.001520 0.000293 0.000000 0.000080 0.000000 0.000253 0.000000 0.001000 0.000000 0.000000 0.000000 0.000000 0.001947 0.002773 0.000347 0.001533 0.000000 0.000160 0.002787 0.007080 0.001427 0.001627 0.000000 0.000067 0.000133 0.000427
0.000000 0.004853 0.000000 0.000000 0.002413 0.000200 0.000000 0.000000 0.002133 0.000000 0.000560 0.000000 0.010893 0.000000 0.001267 0.000000 0.000000 0.000000 0.000000 0.000000 0.000000 0.000453 0.000000 0.011427 0.000000 0.000773 0.007827 0.000000 0.000000 0.000000 0.001120 0.000080 0.000000 0.000000 0.000000 0.000000 0.000000 0.000000 0.000000 0.000000 0.000000 0.000000 0.000000 0.000000 0.001013 0.000000 0.003080 0.000000 0.000000 0.000000 0.000000 0.000000 0.000000 0.000000 0.000000 0.000000 0.000000 0.000000 0.000720 0.000560 0.000373 0.000000 0.000000 0.000000 0.000907 0.000000 0.000000 0.000000
0.000680 0.000907 0.084733 0.000000 0.000187 0.000320 0.003667 0.004413 0.000173 0.000840 0.023080 0.000213 0.011227 0.008067 0.000093 0.000000 0.075613 0.024013 0.033240 0.000000 0.000693 0.000067 0.035213 0.001213 0.000773 0.000000 0.134987 0.000413 0.010293 0.001720 0.005813 0.000200 0.000000 0.028667 0.000000 0.003027 0.000933 0.000000 0.000000 0.000000 0.000067 0.000000 0.000000 0.000000 0.000773 0.000000 0.003147 0.000067 0.000000 0.000000 0.000813 0.000187 0.005693 0.000000 0.000000 0.000000 0.000000 0.000000 0.005880 0.041667 0.030720 0.000067 0.000000 0.000280 0.004200 0.000000 0.000000 0.000000
0.000067 0.018187 0.103040 0.000000 0.001213 0.000240 0.003293 0.000933 0.001293 0.000387 0.003920 0.000107 0.028107 0.001440 0.000440 0.012413 0.040920 0.001573 0.002800 0.000000 0.002080 0.017907 0.072240 0.020813 0.007827 0.134987 0.000000 0.028493 0.000867 0.000253 0.008973 0.000000 0.000000 0.018053 0.000000 0.019267 0.029067 0.000000 0.000000 0.000000 0.000120 0.000000 0.000000 0.000000 0.001467 0.000000 0.004560 0.000000 0.000000 0.000107 0.003573 0.000147 0.008627 0.000000 0.000093 0.003960 0.007227 0.000107 0.012520 0.070320 0.085120 0.000093 0.000000 0.000547 0.004493 0.000000 0.000000 0.000000
0.000387 0.000107 0.020720 0.120467 0.004013 0.013347 0.391947 0.007520 0.044413 0.362707 0.000400 0.006120 0.000320 0.006973 0.004427 0.020400 0.001733 0.000080 0.000147 0.042507 0.067227 0.002147 0.084627 0.138040 0.000000 0.000413 0.028493 0.000000 0.029640 0.191360 0.000000 0.000387 0.005640 0.005040 0.000173 0.000000 0.000267 0.005320 0.000147 0.000320 0.003507 0.003173 0.002093 0.004267 0.000080 0.000840 0.000000 0.001413 0.000067 0.000840 0.000000 0.000107 0.000000 0.000213 0.002920 0.001267 0.000373 0.009467 0.000000 0.000133 0.000453 0.041173 0.003440 0.003973 0.000000 0.000240 0.000160 0.000600
0.061480 0.000000 0.004080 0.000467 0.000093 0.003160 0.044280 0.007373 0.019893 0.023173 0.015107 0.003787 0.004693 0.087200 0.000000 0.000000 0.031307 0.003907 0.013413 0.000520 0.002693 0.000720 0.019920 0.016360 0.000000 0.010293 0.000867 0.029640 0.000000 0.073227 0.000173 0.007080 0.049280 0.043267 0.000187 0.000000 0.000000 0.000080 0.000000 0.000000 0.000227 0.000453 0.001600 0.000067 0.000000 0.000000 0.000000 0.000373 0.000000 0.000573 0.000000 0.000000 0.000000 0.000000 0.001267 0.001093 0.000080 0.001587 0.000000 0.000000 0.000000 0.007680 0.001840 0.003120 0.000000 0.000000 0.000240 0.000440
0.021173 0.000000 0.008320 0.000000 0.000000 0.000307 0.047733 0.007667 0.002000 0.000000 0.000213 0.000000 0.000000 0.046453 0.000000 0.013187 0.027507 0.000320 0.003213 0.000000 0.095907 0.002867 0.075613 0.007627 0.000000 0.001720 0.000253 0.191360 0.073227 0.000000 0.000000 0.000000 0.000000 0.004160 0.000000 0.000000 0.000000 0.000000 0.000000 0.000000 0.000000 0.000000 0.000160 0.000000 0.000000 0.000000 0.000000 0.000000 0.000000 0.004133 0.000000 0.000000 0.000000 0.000000 0.004973 0.004120 0.003720 0.000320 0.000000 0.000000 0.000000 0.001693 0.000333 0.002320 0.000000 0.000000 0.000000 0.000000
0.000000 0.000200 0.000000 0.000000 0.000160 0.000000 0.000000 0.000000 0.000133 0.000133 0.004147 0.000000 0.025120 0.000160 0.000107 0.000000 0.000000 0.000200 0.000000 0.000000 0.000000 0.000000 0.000000 0.000800 0.001120 0.005813 0.008973 0.000000 0.000173 0.000000 0.000000 0.000107 0.000000 0.000587 0.000000 0.000133 0.000000 0.000000 0.000000 0.000000 0.000000 0.000000 0.000000 0.000000 0.000387 0.000000 0.001293 0.000000 0.000000 0.000000 0.000000 0.000000 0.000000 0.000000 0.000000 0.000000 0.000000 0.000000 0.001267 0.002933 0.002293 0.000000 0.000000 0.000000 0.001467 0.000000 0.000000 0.000000
0.000000 0.000000 0.000000 0.000000 0.000680 0.002173 0.000373 0.009413 0.000307 0.001080 0.007773 0.000347 0.003147 0.004880 0.000400 0.000000 0.000000 0.000160 0.000000 0.000067 0.000000 0.000080 0.000000 0.000173 0.000080 0.000200 0.000000 0.000387 0.007080 0.000000 0.000107 0.000000 0.000000 0.046560 0.000000 0.000000 0.000000 0.000000 0.000000 0.000000 0.000000 0.000000 0.000000 0.000000 0.000000 0.000000 0.000000 0.000000 0.000000 0.000000 0.000000 0.000000 0.000000 0.000000 0.000000 0.000000 0.000000 0.000160 0.000000 0.000000 0.000000 0.000347 0.000093 0.000000 0.000000 0.000000 0.000000 0.000000
0.000000 0.000000 0.000107 0.000000 0.000000 0.000000 0.001227 0.000000 0.002147 0.000000 0.000000 0.000000 0.000000 0.000000 0.000000 0.000000 0.000000 0.000000 0.000080 0.000000 0.000000 0.000067 0.000000 0.003213 0.000000 0.000000 0.000000 0.005640 0.049280 0.000000 0.000000 0.000000 0.000000 0.003547 0.000000 0.000000 0.000000 0.000000 0.000000 0.000000 0.000000 0.000000 0.000133 0.000000 0.000000 0.000000 0.000000 0.000000 0.000000 0.000080 0.000000 0.000000 0.000000 0.000000 0.000173 0.000107 0.000000 0.000147 0.000000 0.000000 0.000000 0.000453 0.000107 0.000333 0.000000 0.000000 0.000000 0.000000
0.000480 0.000000 0.004107 0.000120 0.001653 0.002360 0.004573 0.001267 0.000640 0.007093 0.026760 0.001227 0.004267 0.006560 0.000000 0.000413 0.012840 0.015120 0.031880 0.000080 0.009680 0.000000 0.031227 0.001067 0.000000 0.028667 0.018053 0.005040 0.043267 0.004160 0.000587 0.046560 0.003547 0.000000 0.000000 0.000000 0.000000 0.000000 0.000000 0.000000 0.000093 0.000120 0.000000 0.000067 0.000067 0.000000 0.000000 0.000147 0.000000 0.000000 0.000000 0.000000 0.000000 0.000000 0.000107 0.000000 0.000000 0.000400 0.000067 0.000173 0.000133 0.001760 0.000280 0.000093 0.000067 0.000000 0.000000 0.000000
0.000000 0.000000 0.000000 0.000000 0.000000 0.000000 0.000000 0.000000 0.000000 0.000000 0.000000 0.000000 0.000000 0.000000 0.000000 0.000000 0.000000 0.000000 0.000000 0.000000 0.000000 0.000000 0.000000 0.000000 0.000000 0.000000 0.000000 0.000173 0.000187 0.000000 0.000000 0.000000 0.000000 0.000000 0.000000 0.000000 0.000640 0.000000 0.000000 0.000080 0.009707 0.004320 0.002280 0.000160 0.000067 0.000000 0.000000 0.093080 0.000000 0.000000 0.000227 0.000960 0.001387 0.000000 0.000000 0.000000 0.000067 0.000680 0.000000 0.002267 0.000133 0.001947 0.116133 0.051373 0.000000 0.000080 0.000000 0.000520
0.000000 0.000067 0.000693 0.000000 0.000000 0.000000 0.000000 0.000000 0.000000 0.000000 0.000000 0.000000 0.000107 0.000000 0.000000 0.000000 0.000000 0.000000 0.000000 0.000000 0.000000 0.000000 0.000067 0.000320 0.000000 0.003027 0.019267 0.000000 0.000000 0.000000 0.000133 0.000000 0.000000 0.000000 0.000000 0.000000 0.001667 0.000000 0.000200 0.000000 0.000120 0.000000 0.004000 0.000000 0.000280 0.000000 0.000813 0.000000 0.000400 0.000000 0.004587 0.000000 0.016533 0.000000 0.000000 0.002787 0.000000 0.003320 0.008067 0.013853 0.075387 0.000133 0.000000 0.000853 0.000400 0.000067 0.000000 0.000000
0.000000 0.000067 0.014213 0.000000 0.000000 0.000000 0.000120 0.000000 0.000000 0.000000 0.000000 0.000000 0.000000 0.000000 0.000000 0.004907 0.000000 0.000000 0.000000 0.000000 0.000693 0.000453 0.011187 0.001480 0.000000 0.000933 0.029067 0.000267 0.000000 0.000000 0.000000 0.000000 0.000000 0.000000 0.000640 0.001667 0.000000 0.000000 0.000000 0.000333 0.029333 0.011573 0.000000 0.001720 0.000107 0.000000 0.000000 0.019267 0.000000 0.000107 0.081347 0.000000 0.001947 0.000000 0.003987 0.004347 0.056013 0.000000 0.000000 0.021960 0.025200 0.006200 0.003280 0.016627 0.000093 0.000107 0.000000 0.000093
0.000000 0.000000 0.000000 0.005987 0.000080 0.000320 0.000133 0.000160 0.000453 0.007133 0.000000 0.001680 0.000000 0.000000 0.000000 0.000000 0.000000 0.000000 0.000000 0.012093 0.000000 0.000000 0.000000 0.000240 0.000000 0.000000 0.000000 0.005320 0.000080 0.000000 0.000000 0.000000 0.000000 0.000000 0.000000 0.000000 0.000000 0.000000 0.000000 0.003080 0.000693 0.002333 0.002880 0.061973 0.000120 0.040040 0.000000 0.001453 0.000160 0.000000 0.000000 0.000093 0.000000 0.115587 0.000000 0.000000 0.000000 0.045427 0.000000 0.000000 0.000160 0.054307 0.001293 0.000000 0.000000 0.000160 0.000000 0.000000
0.000000 0.000000 0.000000 0.000093 0.000000 0.000067 0.000000 0.000000 0.000000 0.000067 0.000000 0.000187 0.000000 0.000000 0.000000 0.000000 0.000000 0.000000 0.000000 0.000120 0.000000 0.000000 0.000000 0.000000 0.000000 0.000000 0.000000 0.000147 0.000000 0.000000 0.000000 0.000000 0.000000 0.000000 0.000000 0.000200 0.000000 0.000000 0.000000 0.019347 0.000000 0.000613 0.001733 0.000093 0.000373 0.000507 0.000067 0.000000 0.005960 0.000000 0.000000 0.000000 0.000000 0.000000 0.000000 0.001000 0.000000 0.005867 0.000133 0.000133 0.001187 0.001147 0.000133 0.000000 0.000000 0.013907 0.000000 0.005493
0.000000 0.000000 0.000000 0.000160 0.000067 0.000000 0.000000 0.000000 0.000107 0.000240 0.000000 0.000400 0.000000 0.000000 0.000000 0.000000 0.000000 0.000000 0.000000 0.000147 0.000000 0.000000 0.000000 0.000000 0.000000 0.000000 0.000000 0.000320 0.000000 0.000000 0.000000 0.000000 0.000000 0.000000 0.000080 0.000000 0.000333 0.003080 0.019347 0.000000 0.002360 0.123413 0.001547 0.126053 0.000707 0.006507 0.000000 0.003000 0.019000 0.000000 0.000000 0.000067 0.000000 0.000653 0.000000 0.000173 0.000067 0.003453 0.000067 0.000173 0.000240 0.006120 0.000853 0.000213 0.000000 0.018640 0.000000 0.002000
0.000000 0.000000 0.000000 0.000893 0.000000 0.000080 0.000120 0.000427 0.000200 0.001400 0.000000 0.000213 0.000000 0.000107 0.000000 0.000000 0.000000 0.000000 0.000000 0.000173 0.000000 0.000000 0.000000 0.000187 0.000000 0.000067 0.000120 0.003507 0.000227 0.000000 0.000000 0.000000 0.000000 0.000093 0.009707 0.000120 0.029333 0.000693 0.000000 0.002360 0.000000 0.128773 0.000933 0.144507 0.000613 0.000000 0.000080 0.242453 0.000000 0.000000 0.004293 0.001533 0.004747 0.000107 0.008347 0.000000 0.031747 0.010547 0.000000 0.016733 0.024107 0.421533 0.039893 0.070160 0.000107 0.001000 0.000200 0.003747
0.000000 0.000000 0.000000 0.000693 0.000000 0.000107 0.000093 0.000973 0.000200 0.001453 0.000000 0.000173 0.000000 0.000240 0.000000 0.000000 0.000000 0.000000 0.000000 0.000133 0.000000 0.000000 0.000000 0.000453 0.000000 0.000000 0.000000 0.003173 0.000453 0.000000 0.000000 0.000000 0.000000 0.000120 0.004320 0.000000 0.011573 0.002333 0.000613 0.123413 0.128773 0.000000 0.003347 0.215907 0.001347 0.004800 0.000093 0.205787 0.001680 0.000000 0.000360 0.000520 0.000987 0.002093 0.000640 0.000000 0.005240 0.001560 0.000000 0.004307 0.001533 0.031933 0.013000 0.009587 0.000080 0.076360 0.000000 0.002333
0.000000 0.000000 0.000000 0.000200 0.000000 0.000067 0.000173 0.000267 0.000000 0.000480 0.000000 0.000000 0.000000 0.000280 0.000000 0.000000 0.000000 0.000000 0.000000 0.000000 0.000000 0.000000 0.000000 0.001520 0.000000 0.000000 0.000000 0.002093 0.001600 0.000160 0.000000 0.000000 0.000133 0.000000 0.002280 0.004000 0.000000 0.002880 0.001733 0.001547 0.000933 0.003347 0.000000 0.002080 0.000147 0.004333 0.000080 0.005027 0.001640 0.000573 0.000000 0.000120 0.000080 0.000093 0.000480 0.015867 0.000000 0.038453 0.001467 0.000333 0.002960 0.041213 0.024560 0.011840 0.000000 0.001067 0.001173 0.000573
0.000000 0.000000 0.000000 0.001773 0.000147 0.000213 0.000120 0.000240 0.000187 0.001920 0.000000 0.001133 0.000000 0.000000 0.000067 0.000000 0.000000 0.000000 0.000000 0.000587 0.000000 0.000000 0.000000 0.000293 0.000000 0.000000 0.000000 0.004267 0.000067 0.000000 0.000000 0.000000 0.000000 0.000067 0.000160 0.000000 0.001720 0.061973 0.000093 0.126053 0.144507 0.215907 0.002080 0.000000 0.001933 0.017120 0.000213 0.030347 0.001480 0.000000 0.000000 0.001120 0.000520 0.092480 0.000067 0.000000 0.001133 0.010413 0.000000 0.001040 0.003547 0.479800 0.024053 0.000133 0.000187 0.002827 0.000000 0.001360
0.000000 0.000000 0.000000 0.000000 0.000000 0.000000 0.000000 0.000000 0.000000 0.000080 0.000347 0.000000 0.002813 0.000000 0.000000 0.000000 0.000000 0.000000 0.000000 0.000000 0.000000 0.000000 0.000000 0.000000 0.001013 0.000773 0.001467 0.000080 0.000000 0.000000 0.000387 0.000000 0.000000 0.000067 0.000067 0.000280 0.000107 0.000120 0.000373 0.000707 0.000613 0.001347 0.000147 0.001933 0.000000 0.000280 0.012053 0.001573 0.000000 0.000000 0.000000 0.113787 0.002960 0.000120 0.000093 0.000000 0.000107 0.000000 0.001093 0.075427 0.004160 0.000400 0.025987 0.000373 0.020747 0.018600 0.000000 0.018573
0.000000 0.000000 0.000000 0.000800 0.000107 0.000440 0.000000 0.000000 0.000000 0.000640 0.000000 0.000467 0.000000 0.000000 0.000107 0.000000 0.000000 0.000000 0.000000 0.000293 0.000000 0.000000 0.000000 0.000080 0.000000 0.000000 0.000000 0.000840 0.000000 0.000000 0.000000 0.000000 0.000000 0.000000 0.000000 0.000000 0.000000 0.040040 0.000507 0.006507 0.000000 0.004800 0.004333 0.017120 0.000280 0.000000 0.000000 0.003213 0.001253 0.000000 0.000000 0.000200 0.000107 0.006000 0.000000 0.000000 0.000000 0.003387 0.000000 0.000187 0.000080 0.021320 0.001453 0.000000 0.000000 0.000493 0.000000 0.000000
0.000000 0.000000 0.000000 0.000000 0.000000 0.000000 0.000000 0.000000 0.000000 0.000000 0.001840 0.000000 0.008107 0.000000 0.000000 0.000000 0.000000 0.000000 0.000000 0.000000 0.000000 0.000000 0.000000 0.000000 0.003080 0.003147 0.004560 0.000000 0.000000 0.000000 0.001293 0.000000 0.000000 0.000000 0.000000 0.000813 0.000000 0.000000 0.000067 0.000000 0.000080 0.000093 0.000080 0.000213 0.012053 0.000000 0.000000 0.000613 0.000000 0.000000 0.000000 0.000173 0.000000 0.000000 0.000000 0.000120 0.000000 0.000213 0.033387 0.001613 0.024987 0.000093 0.008920 0.000000 0.011427 0.005573 0.000000 0.005920
0.000000 0.000000 0.000000 0.000107 0.000000 0.000000 0.000093 0.000467 0.000200 0.000507 0.000000 0.000000 0.000000 0.000107 0.000000 0.000000 0.000000 0.000000 0.000000 0.000000 0.000000 0.000000 0.000000 0.000253 0.000000 0.000067 0.000000 0.001413 0.000373 0.000000 0.000000 0.000000 0.000000 0.000147 0.093080 0.000000 0.019267 0.001453 0.000000 0.003000 0.242453 0.205787 0.005027 0.030347 0.001573 0.003213 0.000613 0.000000 0.000000 0.000000 0.001067 0.002000 0.003960 0.001293 0.000520 0.000000 0.007453 0.000867 0.000000 0.010147 0.000720 0.013360 0.056773 0.040120 0.000107 0.014747 0.000000 0.001360
0.000000 0.000000 0.000000 0.000000 0.000000 0.000000 0.000000 0.000000 0.000000 0.000000 0.000000 0.000000 0.000000 0.000000 0.000000 0.000000 0.000000 0.000000 0.000000 0.000000 0.000000 0.000000 0.000000 0.000000 0.000000 0.000000 0.000000 0.000067 0.000000 0.000000 0.000000 0.000000 0.000000 0.000000 0.000000 0.000400 0.000000 0.000160 0.005960 0.019000 0.000000 0.001680 0.001640 0.001480 0.000000 0.001253 0.000000 0.000000 0.000000 0.000000 0.000000 0.000000 0.000000 0.000000 0.000000 0.001387 0.000000 0.005773 0.000267 0.000133 0.001493 0.000613 0.000133 0.000000 0.000000 0.003480 0.000000 0.000000
0.000000 0.000000 0.000000 0.000000 0.000000 0.000000 0.000000 0.000000 0.000000 0.000000 0.000000 0.000000 0.000000 0.000000 0.000000 0.009080 0.000000 0.000000 0.000000 0.000000 0.008720 0.004080 0.009627 0.001000 0.000000 0.000000 0.000107 0.000840 0.000573 0.004133 0.000000 0.000000 0.000080 0.000000 0.000000 0.000000 0.000107 0.000000 0.000000 0.000000 0.000000 0.000000 0.000573 0.000000 0.000000 0.000000 0.000000 0.000000 0.000000 0.000000 0.001000 0.000147 0.000147 0.000000 0.051387 0.073000 0.080147 0.014587 0.000000 0.000240 0.007627 0.007987 0.000000 0.008027 0.000000 0.000000 0.000000 0.000973
0.000000 0.000067 0.001427 0.000000 0.000000 0.000000 0.000000 0.000000 0.000000 0.000000 0.000000 0.000000 0.000000 0.000000 0.000000 0.000147 0.000000 0.000000 0.000000 0.000000 0.000000 0.000000 0.000320 0.000000 0.000000 0.000813 0.003573 0.000000 0.000000 0.000000 0.000000 0.000000 0.000000 0.000000 0.000227 0.004587 0.081347 0.000000 0.000000 0.000000 0.004293 0.000360 0.000000 0.000000 0.000000 0.000000 0.000000 0.001067 0.000000 0.001000 0.000000 0.000893 0.018840 0.000000 0.007493 0.000107 0.032000 0.000160 0.000000 0.050640 0.068347 0.002800 0.000560 0.030120 0.000000 0.000000 0.000000 0.007733
0.000000 0.000000 0.000000 0.000000 0.000000 0.000000 0.000000 0.000000 0.000000 0.000000 0.000000 0.000000 0.000000 0.000000 0.000000 0.000000 0.000000 0.000000 0.000000 0.000000 0.000000 0.000000 0.000000 0.000000 0.000000 0.000187 0.000147 0.000107 0.000000 0.000000 0.000000 0.000000 0.000000 0.000000 0.000960 0.000000 0.000000 0.000093 0.000000 0.000067 0.001533 0.000520 0.000120 0.001120 0.113787 0.000200 0.000173 0.002000 0.000000 0.000147 0.000893 0.000000 0.063413 0.000093 0.001027 0.000000 0.001573 0.000173 0.000107 0.042907 0.000520 0.000840 0.006600 0.008067 0.001400 0.000187 0.000000 0.010813
0.000000 0.000120 0.000467 0.000000 0.000000 0.000000 0.000000 0.000000 0.000000 0.000000 0.000000 0.000000 0.000000 0.000000 0.000000 0.000000 0.000000 0.000000 0.000000 0.000000 0.000000 0.000000 0.000000 0.000000 0.000000 0.005693 0.008627 0.000000 0.000000 0.000000 0.000000 0.000000 0.000000 0.000000 0.001387 0.016533 0.001947 0.000000 0.000000 0.000000 0.004747 0.000987 0.000080 0.000520 0.002960 0.000107 0.000000 0.003960 0.000000 0.000147 0.018840 0.063413 0.000000 0.000000 0.001587 0.000000 0.003480 0.000107 0.000000 0.041653 0.018267 0.001467 0.007587 0.025960 0.000067 0.000080 0.000000 0.011400
0.000000 0.000000 0.000000 0.000120 0.000000 0.000080 0.000000 0.000000 0.000000 0.000107 0.000000 0.000120 0.000000 0.000000 0.000000 0.000000 0.000000 0.000000 0.000000 0.000000 0.000000 0.000000 0.000000 0.000000 0.000000 0.000000 0.000000 0.000213 0.000000 0.000000 0.000000 0.000000 0.000000 0.000000 0.000000 0.000000 0.000000 0.115587 0.000000 0.000653 0.000107 0.002093 0.000093 0.092480 0.000120 0.006000 0.000000 0.001293 0.000000 0.000000 0.000000 0.000093 0.000000 0.000000 0.000000 0.000000 0.000000 0.000867 0.000000 0.000000 0.000000 0.026880 0.000840 0.000000 0.000000 0.000133 0.000000 0.000000
0.000000 0.000000 0.000000 0.000000 0.000000 0.000000 0.000000 0.000000 0.000000 0.000000 0.000000 0.000000 0.000000 0.000067 0.000000 0.005000 0.000067 0.000000 0.000000 0.000000 0.009827 0.001013 0.001613 0.001947 0.000000 0.000000 0.000093 0.002920 0.001267 0.004973 0.000000 0.000000 0.000173 0.000107 0.000000 0.000000 0.003987 0.000000 0.000000 0.000000 0.008347 0.000640 0.000480 0.000067 0.000093 0.000000 0.000000 0.000520 0.000000 0.051387 0.007493 0.001027 0.001587 0.000000 0.000000 0.010600 0.193947 0.003640 0.000000 0.000947 0.005213 0.049547 0.000133 0.088707 0.000000 0.000000 0.000080 0.017360
0.000000 0.000000 0.000733 0.000000 0.000000 0.000000 0.000000 0.000000 0.000000 0.000000 0.000000 0.000000 0.000000 0.000000 0.000000 0.009760 0.000080 0.000000 0.000000 0.000000 0.004680 0.000000 0.006040 0.002773 0.000000 0.000000 0.003960 0.001267 0.001093 0.004120 0.000000 0.000000 0.000107 0.000000 0.000000 0.002787 0.004347 0.000000 0.001000 0.000173 0.000000 0.000000 0.015867 0.000000 0.000000 0.000000 0.000120 0.000000 0.001387 0.073000 0.000107 0.000000 0.000000 0.000000 0.010600 0.000000 0.017067 0.024000 0.001373 0.000893 0.041053 0.003307 0.000240 0.008760 0.000000 0.000240 0.000000 0.000000
0.000000 0.000000 0.003600 0.000000 0.000000 0.000000 0.000000 0.000000 0.000000 0.000000 0.000000 0.000000 0.000000 0.000000 0.000000 0.025053 0.000000 0.000000 0.000000 0.000000 0.018453 0.002867 0.055773 0.000347 0.000000 0.000000 0.007227 0.000373 0.000080 0.003720 0.000000 0.000000 0.000000 0.000000 0.000067 0.000000 0.056013 0.000000 0.000000 0.000067 0.031747 0.005240 0.000000 0.001133 0.000107 0.000000 0.000000 0.007453 0.000000 0.080147 0.032000 0.001573 0.003480 0.000000 0.193947 0.017067 0.000000 0.009880 0.000000 0.038347 0.042120 0.075347 0.000987 0.034187 0.000000 0.000000 0.000000 0.003893
0.000000 0.000000 0.000000 0.002547 0.000147 0.000427 0.000680 0.001533 0.000773 0.003387 0.000067 0.000893 0.000133 0.000547 0.000000 0.000000 0.000000 0.000000 0.000000 0.000627 0.000000 0.000067 0.000000 0.001533 0.000000 0.000000 0.000107 0.009467 0.001587 0.000320 0.000000 0.000160 0.000147 0.000400 0.000680 0.003320 0.000000 0.045427 0.005867 0.003453 0.010547 0.001560 0.038453 0.010413 0.000000 0.003387 0.000213 0.000867 0.005773 0.014587 0.000160 0.000173 0.000107 0.000867 0.003640 0.024000 0.009880 0.000000 0.002053 0.002000 0.040333 0.170240 0.013387 0.005507 0.000160 0.001787 0.002707 0.002760
0.000000 0.000000 0.000000 0.000000 0.000000 0.000000 0.000000 0.000000 0.000000 0.000000 0.000267 0.000000 0.004093 0.000000 0.000000 0.000000 0.000000 0.000000 0.000000 0.000000 0.000000 0.000000 0.000000 0.000000 0.000720 0.005880 0.012520 0.000000 0.000000 0.000000 0.001267 0.000000 0.000000 0.000067 0.000000 0.008067 0.000000 0.000000 0.000133 0.000067 0.000000 0.000000 0.001467 0.000000 0.001093 0.000000 0.033387 0.000000 0.000267 0.000000 0.000000 0.000107 0.000000 0.000000 0.000000 0.001373 0.000000 0.002053 0.000000 0.020013 0.048307 0.000000 0.000000 0.000000 0.008187 0.000080 0.000000 0.000000
0.000000 0.000507 0.003493 0.000000 0.000000 0.000000 0.000093 0.000067 0.000000 0.000000 0.001000 0.000000 0.006613 0.000080 0.000000 0.000000 0.000000 0.000560 0.000667 0.000000 0.000000 0.000000 0.000000 0.000160 0.000560 0.041667 0.070320 0.000133 0.000000 0.000000 0.002933 0.000000 0.000000 0.000173 0.002267 0.013853 0.021960 0.000000 0.000133 0.000173 0.016733 0.004307 0.000333 0.001040 0.075427 0.000187 0.001613 0.010147 0.000133 0.000240 0.050640 0.042907 0.041653 0.000000 0.000947 0.000893 0.038347 0.002000 0.020013 0.000000 0.069200 0.001907 0.010520 0.033480 0.015053 0.000440 0.000000 0.004240
0.000000 0.000360 0.027720 0.000000 0.000000 0.000000 0.000080 0.000147 0.000000 0.000000 0.001227 0.000000 0.004800 0.000093 0.000000 0.005907 0.000133 0.000213 0.000227 0.000000 0.001307 0.001040 0.008613 0.002787 0.000373 0.030720 0.085120 0.000453 0.000000 0.000000 0.002293 0.000000 0.000000 0.000133 0.000133 0.075387 0.025200 0.000160 0.001187 0.000240 0.024107 0.001533 0.002960 0.003547 0.004160 0.000080 0.024987 0.000720 0.001493 0.007627 0.068347 0.000520 0.018267 0.000000 0.005213 0.041053 0.042120 0.040333 0.048307 0.069200 0.000000 0.034253 0.001253 0.001160 0.011973 0.000280 0.000000 0.001733
0.000200 0.000000 0.000000 0.010187 0.000280 0.001520 0.001613 0.004987 0.004160 0.014573 0.000400 0.004147 0.000373 0.001920 0.000173 0.000227 0.000000 0.000000 0.000000 0.002093 0.000187 0.000293 0.000000 0.007080 0.000000 0.000067 0.000093 0.041173 0.007680 0.001693 0.000000 0.000347 0.000453 0.001760 0.001947 0.000133 0.006200 0.054307 0.001147 0.006120 0.421533 0.031933 0.041213 0.479800 0.000400 0.021320 0.000093 0.013360 0.000613 0.007987 0.002800 0.000840 0.001467 0.026880 0.049547 0.003307 0.075347 0.170240 0.000000 0.001907 0.034253 0.000000 0.064613 0.083307 0.000000 0.000800 0.013320 0.017160
0.000107 0.000000 0.000000 0.000160 0.000000 0.000093 0.000120 0.000907 0.000773 0.000813 0.000080 0.000000 0.000000 0.000440 0.000000 0.000000 0.000000 0.000000 0.000000 0.000000 0.000000 0.000173 0.000000 0.001427 0.000000 0.000000 0.000000 0.003440 0.001840 0.000333 0.000000 0.000093 0.000107 0.000280 0.116133 0.000000 0.003280 0.001293 0.000133 0.000853 0.039893 0.013000 0.024560 0.024053 0.025987 0.001453 0.008920 0.056773 0.000133 0.000000 0.000560 0.006600 0.007587 0.000840 0.000133 0.000240 0.000987 0.013387 0.000000 0.010520 0.001253 0.064613 0.000000 0.159067 0.001000 0.008093 0.029293 0.037680
0.000093 0.000000 0.000120 0.000000 0.000000 0.000000 0.000000 0.000080 0.000520 0.000000 0.000000 0.000000 0.000000 0.000120 0.000000 0.001040 0.000000 0.000000 0.000000 0.000000 0.002160 0.001160 0.000160 0.001627 0.000000 0.000280 0.000547 0.003973 0.003120 0.002320 0.000000 0.000000 0.000333 0.000093 0.051373 0.000853 0.016627 0.000000 0.000000 0.000213 0.070160 0.009587 0.011840 0.000133 0.000373 0.000000 0.000000 0.040120 0.000000 0.008027 0.030120 0.008067 0.025960 0.000000 0.088707 0.008760 0.034187 0.005507 0.000000 0.033480 0.001160 0.083307 0.159067 0.000000 0.000000 0.000240 0.000587 0.003547
0.000000 0.000000 0.000000 0.000000 0.000000 0.000000 0.000000 0.000000 0.000000 0.000000 0.000907 0.000000 0.006680 0.000000 0.000000 0.000000 0.000000 0.000000 0.000000 0.000000 0.000000 0.000000 0.000000 0.000000 0.000907 0.004200 0.004493 0.000000 0.000000 0.000000 0.001467 0.000000 0.000000 0.000067 0.000000 0.000400 0.000093 0.000000 0.000000 0.000000 0.000107 0.000080 0.000000 0.000187 0.020747 0.000000 0.011427 0.000107 0.000000 0.000000 0.000000 0.001400 0.000067 0.000000 0.000000 0.000000 0.000000 0.000160 0.008187 0.015053 0.011973 0.000000 0.001000 0.000000 0.000000 0.000147 0.000000 0.000827
