0.000000000000000000e+00 0.000000000000000000e+00 9.850475199999999631e+01 0.000000000000000000e+00 0.000000000000000000e+00 1.052491990000000044e+02 2.970683500000000166e+01 5.161548899999999662e+01 6.540521200000000590e+01 7.608117799999999420e+01 0.000000000000000000e+00 9.199356799999999623e+01 0.000000000000000000e+00 2.798412899999999937e+01 0.000000000000000000e+00 0.000000000000000000e+00 9.789699699999999893e+01 1.313518970000000081e+02 1.227449880000000064e+02 0.000000000000000000e+00 8.830164100000000360e+01 6.674075600000000463e+01 9.045771700000000237e+01 8.675555699999999604e+01 0.000000000000000000e+00 1.270039440000000042e+02 0.000000000000000000e+00 8.259403799999999762e+01 2.509479599999999877e+01 3.407692300000000074e+01 0.000000000000000000e+00 0.000000000000000000e+00 3.419278299999999859e+01 6.345049099999999953e+01 0.000000000000000000e+00 0.000000000000000000e+00 0.000000000000000000e+00 0.000000000000000000e+00 0.000000000000000000e+00 0.000000000000000000e+00 0.000000000000000000e+00 0.000000000000000000e+00 0.000000000000000000e+00 0.000000000000000000e+00 0.000000000000000000e+00 0.000000000000000000e+00 0.000000000000000000e+00 1.627798740000000066e+02 0.000000000000000000e+00 0.000000000000000000e+00 0.000000000000000000e+00 0.000000000000000000e+00 0.000000000000000000e+00 0.000000000000000000e+00 1.484088629999999966e+02 0.000000000000000000e+00 0.000000000000000000e+00 1.229542419999999936e+02 0.000000000000000000e+00 0.000000000000000000e+00 0.000000000000000000e+00 1.369650300000000129e+02 1.436682079999999928e+02 0.000000000000000000e+00 0.000000000000000000e+00 0.000000000000000000e+00 0.000000000000000000e+00 0.000000000000000000e+00
0.000000000000000000e+00 0.000000000000000000e+00 4.567989699999999686e+01 0.000000000000000000e+00 1.321197139999999877e+02 0.000000000000000000e+00 0.000000000000000000e+00 0.000000000000000000e+00 7.472378000000000497e+01 0.000000000000000000e+00 6.327559200000000317e+01 0.000000000000000000e+00 4.928258900000000153e+01 0.000000000000000000e+00 1.173601560000000035e+02 0.000000000000000000e+00 4.648778200000000282e+01 0.000000000000000000e+00 0.000000000000000000e+00 0.000000000000000000e+00 0.000000000000000000e+00 3.075850700000000160e+01 0.000000000000000000e+00 8.331658500000000345e+01 2.198956799999999845e+01 5.044723199999999963e+01 3.152270599999999945e+01 0.000000000000000000e+00 0.000000000000000000e+00 0.000000000000000000e+00 5.870510300000000115e+01 1.545257909999999981e+02 0.000000000000000000e+00 6.420799800000000346e+01 0.000000000000000000e+00 0.000000000000000000e+00 5.539444100000000049e+01 0.000000000000000000e+00 0.000000000000000000e+00 0.000000000000000000e+00 0.000000000000000000e+00 0.000000000000000000e+00 0.000000000000000000e+00 0.000000000000000000e+00 0.000000000000000000e+00 0.000000000000000000e+00 1.076029149999999959e+02 0.000000000000000000e+00 0.000000000000000000e+00 0.000000000000000000e+00 6.058212499999999778e+01 0.000000000000000000e+00 0.000000000000000000e+00 0.000000000000000000e+00 0.000000000000000000e+00 0.000000000000000000e+00 0.000000000000000000e+00 0.000000000000000000e+00 0.000000000000000000e+00 7.052243199999999490e+01 4.234319099999999736e+01 0.000000000000000000e+00 0.000000000000000000e+00 0.000000000000000000e+00 0.000000000000000000e+00 0.000000000000000000e+00 0.000000000000000000e+00 0.000000000000000000e+00
9.850475199999999631e+01 4.567989699999999686e+01 0.000000000000000000e+00 0.000000000000000000e+00 0.000000000000000000e+00 0.000000000000000000e+00 9.860999499999999784e+01 1.160942809999999952e+02 0.000000000000000000e+00 1.219770740000000018e+02 0.000000000000000000e+00 0.000000000000000000e+00 0.000000000000000000e+00 1.149377709999999979e+02 0.000000000000000000e+00 7.625107599999999763e+01 4.267298699999999911e+01 9.374886399999999753e+01 7.352872399999999686e+01 0.000000000000000000e+00 7.375794799999999896e+01 4.977815199999999862e+01 4.036188500000000090e+01 9.250765900000000386e+01 0.000000000000000000e+00 4.064857800000000054e+01 3.485920600000000036e+01 9.390306599999999548e+01 1.085427119999999945e+02 9.271510499999999411e+01 1.000172170000000023e+02 0.000000000000000000e+00 0.000000000000000000e+00 8.184886699999999848e+01 0.000000000000000000e+00 5.073810799999999688e+01 9.493300000000000693e+01 0.000000000000000000e+00 0.000000000000000000e+00 0.000000000000000000e+00 0.000000000000000000e+00 0.000000000000000000e+00 0.000000000000000000e+00 0.000000000000000000e+00 0.000000000000000000e+00 0.000000000000000000e+00 0.000000000000000000e+00 0.000000000000000000e+00 0.000000000000000000e+00 1.255990359999999981e+02 1.092422370000000029e+02 0.000000000000000000e+00 1.184967780000000062e+02 0.000000000000000000e+00 0.000000000000000000e+00 0.000000000000000000e+00 1.113599690000000066e+02 1.612500239999999962e+02 0.000000000000000000e+00 1.014435129999999958e+02 9.208424599999999316e+01 1.543451369999999940e+02 0.000000000000000000e+00 0.000000000000000000e+00 1.255996119999999934e+02 0.000000000000000000e+00 0.000000000000000000e+00 9.757548900000000458e+01
0.000000000000000000e+00 0.000000000000000000e+00 0.000000000000000000e+00 0.000000000000000000e+00 1.236560889999999944e+02 7.322268599999999594e+01 5.273289599999999666e+01 1.132957870000000042e+02 7.138504500000000519e+01 2.389564400000000077e+01 0.000000000000000000e+00 4.290844200000000086e+01 0.000000000000000000e+00 1.164750449999999944e+02 9.932216599999999573e+01 0.000000000000000000e+00 0.000000000000000000e+00 0.000000000000000000e+00 0.000000000000000000e+00 1.386229400000000034e+01 0.000000000000000000e+00 0.000000000000000000e+00 0.000000000000000000e+00 4.123284400000000005e+01 0.000000000000000000e+00 1.806920499999999947e+02 1.855604580000000112e+02 2.297012799999999899e+01 1.201310239999999965e+02 0.000000000000000000e+00 0.000000000000000000e+00 1.437986989999999992e+02 0.000000000000000000e+00 9.730104000000000042e+01 0.000000000000000000e+00 0.000000000000000000e+00 0.000000000000000000e+00 3.953559899999999772e+01 0.000000000000000000e+00 1.307498190000000022e+02 1.392470629999999971e+02 1.705531259999999918e+02 8.965500600000000020e+01 9.957289000000000101e+01 0.000000000000000000e+00 1.007798729999999949e+02 0.000000000000000000e+00 1.629059530000000109e+02 0.000000000000000000e+00 0.000000000000000000e+00 0.000000000000000000e+00 0.000000000000000000e+00 0.000000000000000000e+00 3.377068100000000328e+01 0.000000000000000000e+00 0.000000000000000000e+00 0.000000000000000000e+00 1.075945150000000012e+02 0.000000000000000000e+00 0.000000000000000000e+00 0.000000000000000000e+00 1.321871669999999881e+02 1.659248690000000011e+02 0.000000000000000000e+00 0.000000000000000000e+00 0.000000000000000000e+00 0.000000000000000000e+00 1.602276380000000131e+02
0.000000000000000000e+00 1.321197139999999877e+02 0.000000000000000000e+00 1.236560889999999944e+02 0.000000000000000000e+00 1.917476600000000175e+01 1.127788469999999990e+02 7.373849699999999530e+01 5.995743900000000082e+01 1.110859569999999934e+02 5.226353999999999900e+01 6.228395299999999679e+01 6.693981700000000501e+01 0.000000000000000000e+00 2.017905100000000118e+01 0.000000000000000000e+00 0.000000000000000000e+00 7.575638700000000370e+01 7.730943700000000263e+01 9.843286999999999409e+01 0.000000000000000000e+00 8.708491999999999678e+01 0.000000000000000000e+00 9.538288199999999506e+01 0.000000000000000000e+00 8.685794599999999832e+01 1.577982460000000060e+02 1.091299779999999942e+02 0.000000000000000000e+00 0.000000000000000000e+00 1.245848359999999957e+02 1.565315700000000021e+01 0.000000000000000000e+00 9.723872000000000071e+00 0.000000000000000000e+00 0.000000000000000000e+00 0.000000000000000000e+00 1.560861749999999972e+02 0.000000000000000000e+00 0.000000000000000000e+00 0.000000000000000000e+00 0.000000000000000000e+00 8.205268900000000087e+01 0.000000000000000000e+00 0.000000000000000000e+00 1.598696030000000121e+02 0.000000000000000000e+00 0.000000000000000000e+00 0.000000000000000000e+00 0.000000000000000000e+00 0.000000000000000000e+00 0.000000000000000000e+00 0.000000000000000000e+00 0.000000000000000000e+00 0.000000000000000000e+00 0.000000000000000000e+00 0.000000000000000000e+00 0.000000000000000000e+00 0.000000000000000000e+00 0.000000000000000000e+00 0.000000000000000000e+00 1.643785880000000077e+02 0.000000000000000000e+00 0.000000000000000000e+00 0.000000000000000000e+00 0.000000000000000000e+00 0.000000000000000000e+00 8.642401099999999303e+01
1.052491990000000044e+02 0.000000000000000000e+00 0.000000000000000000e+00 7.322268599999999594e+01 1.917476600000000175e+01 0.000000000000000000e+00 5.322926700000000011e+01 2.783156299999999916e+01 6.386273599999999817e+01 3.670307799999999787e+01 1.073008410000000055e+02 4.783921999999999741e+01 9.805622300000000280e+01 5.970065499999999759e+01 2.390647799999999989e+01 0.000000000000000000e+00 0.000000000000000000e+00 1.180609489999999937e+02 1.177254970000000043e+02 7.739101700000000505e+01 1.433608020000000067e+02 0.000000000000000000e+00 0.000000000000000000e+00 7.724257900000000632e+01 0.000000000000000000e+00 1.498118359999999996e+02 1.471458059999999932e+02 5.956488000000000227e+01 7.572212100000000135e+01 1.214206769999999977e+02 0.000000000000000000e+00 3.657682499999999948e+01 0.000000000000000000e+00 7.837328499999999565e+01 0.000000000000000000e+00 0.000000000000000000e+00 0.000000000000000000e+00 1.722451130000000035e+02 0.000000000000000000e+00 1.734705199999999934e+02 1.557572319999999877e+02 1.695344190000000140e+02 0.000000000000000000e+00 1.749906029999999930e+02 0.000000000000000000e+00 1.388415840000000117e+02 0.000000000000000000e+00 1.869808380000000056e+02 0.000000000000000000e+00 0.000000000000000000e+00 0.000000000000000000e+00 0.000000000000000000e+00 0.000000000000000000e+00 1.621125539999999887e+02 0.000000000000000000e+00 0.000000000000000000e+00 0.000000000000000000e+00 1.576380430000000104e+02 0.000000000000000000e+00 0.000000000000000000e+00 0.000000000000000000e+00 1.599493060000000071e+02 1.844502109999999959e+02 0.000000000000000000e+00 0.000000000000000000e+00 0.000000000000000000e+00 0.000000000000000000e+00 0.000000000000000000e+00
2.970683500000000166e+01 0.000000000000000000e+00 9.860999499999999784e+01 5.273289599999999666e+01 1.127788469999999990e+02 5.322926700000000011e+01 0.000000000000000000e+00 5.686376700000000284e+01 5.906426400000000143e+01 2.660871099999999956e+01 1.292859479999999905e+02 6.629698600000000397e+01 1.510218169999999986e+02 5.812962100000000021e+01 8.851319399999999860e+01 7.945549699999999405e+01 9.647328299999999501e+01 1.311780630000000087e+02 1.209312630000000013e+02 7.847503199999999879e+01 7.828196300000000463e+01 6.414194399999999519e+01 8.844780500000000245e+01 5.404479500000000058e+01 0.000000000000000000e+00 1.276131799999999998e+02 1.211977370000000036e+02 3.944408500000000117e+01 8.503112000000000137e+01 2.765481899999999982e+01 0.000000000000000000e+00 1.241003900000000044e+02 0.000000000000000000e+00 7.134433900000000506e+01 0.000000000000000000e+00 0.000000000000000000e+00 0.000000000000000000e+00 1.537495250000000055e+02 0.000000000000000000e+00 1.563937300000000050e+02 1.269018499999999960e+02 1.554343010000000049e+02 7.273218500000000120e+01 1.522503829999999994e+02 0.000000000000000000e+00 0.000000000000000000e+00 0.000000000000000000e+00 1.483013280000000123e+02 0.000000000000000000e+00 0.000000000000000000e+00 0.000000000000000000e+00 0.000000000000000000e+00 0.000000000000000000e+00 1.416233939999999905e+02 1.549324159999999893e+02 0.000000000000000000e+00 0.000000000000000000e+00 1.177239110000000011e+02 0.000000000000000000e+00 0.000000000000000000e+00 0.000000000000000000e+00 1.395542670000000101e+02 1.727940240000000074e+02 0.000000000000000000e+00 0.000000000000000000e+00 0.000000000000000000e+00 0.000000000000000000e+00 1.450478029999999876e+02
5.161548899999999662e+01 0.000000000000000000e+00 1.160942809999999952e+02 1.132957870000000042e+02 7.373849699999999530e+01 2.783156299999999916e+01 5.686376700000000284e+01 0.000000000000000000e+00 8.600310199999999838e+01 5.985766300000000228e+01 8.701830099999999391e+01 8.955191600000000562e+01 7.734172700000000589e+01 2.729732900000000129e+01 6.229832999999999998e+01 0.000000000000000000e+00 1.192695099999999968e+02 1.111571440000000024e+02 1.255291169999999994e+02 9.631025900000000206e+01 1.003109220000000050e+02 1.082890830000000051e+02 1.081442650000000043e+02 8.671189699999999334e+01 0.000000000000000000e+00 1.360571750000000009e+02 1.379797059999999931e+02 8.094043399999999622e+01 6.453233400000000586e+01 6.647939399999999921e+01 1.163146069999999952e+02 2.920579800000000148e+01 0.000000000000000000e+00 5.960453900000000260e+01 0.000000000000000000e+00 0.000000000000000000e+00 0.000000000000000000e+00 1.809848770000000115e+02 0.000000000000000000e+00 0.000000000000000000e+00 1.540926310000000115e+02 1.690591579999999965e+02 8.794575700000000040e+01 1.866491210000000081e+02 0.000000000000000000e+00 0.000000000000000000e+00 0.000000000000000000e+00 1.714485520000000065e+02 0.000000000000000000e+00 0.000000000000000000e+00 0.000000000000000000e+00 0.000000000000000000e+00 0.000000000000000000e+00 1.749610749999999939e+02 0.000000000000000000e+00 0.000000000000000000e+00 0.000000000000000000e+00 1.416318719999999871e+02 0.000000000000000000e+00 1.703369020000000091e+02 0.000000000000000000e+00 1.624563440000000014e+02 1.759116380000000106e+02 1.755704220000000078e+02 0.000000000000000000e+00 0.000000000000000000e+00 0.000000000000000000e+00 1.314718399999999860e+02
6.540521200000000590e+01 7.472378000000000497e+01 0.000000000000000000e+00 7.138504500000000519e+01 5.995743900000000082e+01 6.386273599999999817e+01 5.906426400000000143e+01 8.600310199999999838e+01 0.000000000000000000e+00 7.364891400000000488e+01 1.501512020000000120e+02 5.825229399999999913e+01 1.277878560000000050e+02 9.101040399999999408e+01 4.665294699999999750e+01 0.000000000000000000e+00 0.000000000000000000e+00 0.000000000000000000e+00 0.000000000000000000e+00 6.082139999999999702e+01 0.000000000000000000e+00 2.892916400000000010e+01 1.089456150000000036e+02 3.012178600000000017e+01 1.018305880000000059e+02 1.322999920000000031e+02 1.064842280000000017e+02 5.961081200000000280e+01 8.276208800000000565e+01 6.208819400000000144e+01 1.335289349999999899e+02 7.392703400000000613e+01 7.527215300000000298e+01 7.666834699999999714e+01 0.000000000000000000e+00 0.000000000000000000e+00 0.000000000000000000e+00 9.442293200000000297e+01 0.000000000000000000e+00 0.000000000000000000e+00 7.237711600000000089e+01 0.000000000000000000e+00 0.000000000000000000e+00 9.350507600000000252e+01 0.000000000000000000e+00 0.000000000000000000e+00 0.000000000000000000e+00 1.012265620000000013e+02 0.000000000000000000e+00 0.000000000000000000e+00 0.000000000000000000e+00 0.000000000000000000e+00 0.000000000000000000e+00 7.848945600000000411e+01 0.000000000000000000e+00 0.000000000000000000e+00 0.000000000000000000e+00 5.466445399999999921e+01 0.000000000000000000e+00 0.000000000000000000e+00 0.000000000000000000e+00 8.175721299999999303e+01 0.000000000000000000e+00 0.000000000000000000e+00 0.000000000000000000e+00 0.000000000000000000e+00 0.000000000000000000e+00 0.000000000000000000e+00
7.608117799999999420e+01 0.000000000000000000e+00 1.219770740000000018e+02 2.389564400000000077e+01 1.110859569999999934e+02 3.670307799999999787e+01 2.660871099999999956e+01 5.985766300000000228e+01 7.364891400000000488e+01 0.000000000000000000e+00 1.526964509999999962e+02 3.695444799999999930e+01 1.420818730000000016e+02 9.043983099999999808e+01 6.318679099999999949e+01 0.000000000000000000e+00 1.421004240000000038e+02 1.648762509999999963e+02 1.663625199999999893e+02 1.825288300000000064e+01 9.701127999999999929e+01 0.000000000000000000e+00 1.088347469999999930e+02 5.730805399999999850e+01 0.000000000000000000e+00 1.659631029999999896e+02 1.636298229999999876e+02 3.668263199999999813e+01 1.090191609999999969e+02 1.171931929999999937e+02 1.739645030000000077e+02 1.222733319999999964e+02 0.000000000000000000e+00 9.284169400000000394e+01 0.000000000000000000e+00 0.000000000000000000e+00 0.000000000000000000e+00 1.738224649999999940e+02 0.000000000000000000e+00 1.610748629999999935e+02 1.494934350000000052e+02 1.799435279999999864e+02 9.580833300000000463e+01 1.760478599999999858e+02 0.000000000000000000e+00 1.578714139999999873e+02 0.000000000000000000e+00 1.811878780000000120e+02 0.000000000000000000e+00 0.000000000000000000e+00 0.000000000000000000e+00 0.000000000000000000e+00 0.000000000000000000e+00 1.598206230000000119e+02 0.000000000000000000e+00 0.000000000000000000e+00 0.000000000000000000e+00 1.395237710000000106e+02 0.000000000000000000e+00 0.000000000000000000e+00 0.000000000000000000e+00 1.636464039999999898e+02 1.861773310000000095e+02 0.000000000000000000e+00 0.000000000000000000e+00 0.000000000000000000e+00 0.000000000000000000e+00 0.000000000000000000e+00
0.000000000000000000e+00 6.327559200000000317e+01 0.000000000000000000e+00 0.000000000000000000e+00 5.226353999999999900e+01 1.073008410000000055e+02 1.292859479999999905e+02 8.701830099999999391e+01 1.501512020000000120e+02 1.526964509999999962e+02 0.000000000000000000e+00 1.462031049999999937e+02 2.586457199999999901e+01 8.316364900000000659e+01 0.000000000000000000e+00 0.000000000000000000e+00 4.488951500000000294e+01 2.428431300000000093e+01 2.525486000000000075e+01 1.390791989999999885e+02 0.000000000000000000e+00 0.000000000000000000e+00 0.000000000000000000e+00 1.459295040000000085e+02 3.712534600000000040e+01 2.241715599999999853e+01 6.521003600000000233e+01 1.538274289999999951e+02 7.283166500000000099e+01 9.862942800000000432e+01 3.341770000000000351e+01 6.755643899999999746e+01 0.000000000000000000e+00 3.581230699999999700e+01 0.000000000000000000e+00 8.159915999999999769e+01 0.000000000000000000e+00 0.000000000000000000e+00 0.000000000000000000e+00 0.000000000000000000e+00 0.000000000000000000e+00 0.000000000000000000e+00 0.000000000000000000e+00 0.000000000000000000e+00 7.681790200000000368e+01 0.000000000000000000e+00 7.690774000000000399e+01 1.362794690000000060e+02 0.000000000000000000e+00 0.000000000000000000e+00 0.000000000000000000e+00 1.075319860000000034e+02 1.148990830000000045e+02 0.000000000000000000e+00 0.000000000000000000e+00 0.000000000000000000e+00 0.000000000000000000e+00 1.897948269999999980e+02 6.114232899999999660e+01 9.953852200000000039e+01 1.013009839999999997e+02 1.975463009999999997e+02 1.322593290000000081e+02 0.000000000000000000e+00 9.717845900000000370e+01 1.037605279999999937e+02 0.000000000000000000e+00 7.815004899999999566e+01
9.199356799999999623e+01 0.000000000000000000e+00 0.000000000000000000e+00 4.290844200000000086e+01 6.228395299999999679e+01 4.783921999999999741e+01 6.629698600000000397e+01 8.955191600000000562e+01 5.825229399999999913e+01 3.695444799999999930e+01 1.462031049999999937e+02 0.000000000000000000e+00 1.340797029999999950e+02 1.026098709999999983e+02 3.223339200000000204e+01 0.000000000000000000e+00 0.000000000000000000e+00 1.629059890000000053e+02 1.541979640000000131e+02 2.670623399999999847e+01 0.000000000000000000e+00 0.000000000000000000e+00 0.000000000000000000e+00 9.178993499999999983e+01 0.000000000000000000e+00 1.652171690000000126e+02 1.694416899999999941e+02 4.591300199999999876e+01 1.079060340000000053e+02 0.000000000000000000e+00 0.000000000000000000e+00 9.411541499999999871e+01 0.000000000000000000e+00 9.012788700000000119e+01 0.000000000000000000e+00 0.000000000000000000e+00 0.000000000000000000e+00 1.694284550000000138e+02 0.000000000000000000e+00 0.000000000000000000e+00 0.000000000000000000e+00 1.680311580000000049e+02 0.000000000000000000e+00 1.634450190000000021e+02 0.000000000000000000e+00 1.432848370000000102e+02 0.000000000000000000e+00 0.000000000000000000e+00 0.000000000000000000e+00 0.000000000000000000e+00 0.000000000000000000e+00 0.000000000000000000e+00 0.000000000000000000e+00 1.512894909999999982e+02 0.000000000000000000e+00 0.000000000000000000e+00 0.000000000000000000e+00 1.392227520000000140e+02 0.000000000000000000e+00 0.000000000000000000e+00 0.000000000000000000e+00 1.564149449999999888e+02 0.000000000000000000e+00 0.000000000000000000e+00 0.000000000000000000e+00 0.000000000000000000e+00 0.000000000000000000e+00 0.000000000000000000e+00
0.000000000000000000e+00 4.928258900000000153e+01 0.000000000000000000e+00 0.000000000000000000e+00 6.693981700000000501e+01 9.805622300000000280e+01 1.510218169999999986e+02 7.734172700000000589e+01 1.277878560000000050e+02 1.420818730000000016e+02 2.586457199999999901e+01 1.340797029999999950e+02 0.000000000000000000e+00 8.125598300000000052e+01 1.687731780000000015e+02 0.000000000000000000e+00 1.049308060000000040e+02 5.024994699999999881e+01 7.596059599999999534e+01 1.434088690000000099e+02 0.000000000000000000e+00 8.372491899999999987e+01 0.000000000000000000e+00 1.382976529999999968e+02 2.198770400000000080e+01 4.784695599999999871e+01 4.211415900000000079e+01 1.412651260000000093e+02 7.426228100000000154e+01 0.000000000000000000e+00 2.402490399999999937e+01 7.004680899999999610e+01 0.000000000000000000e+00 3.734908999999999679e+01 0.000000000000000000e+00 8.813352600000000336e+01 0.000000000000000000e+00 0.000000000000000000e+00 0.000000000000000000e+00 0.000000000000000000e+00 0.000000000000000000e+00 1.061132049999999936e+02 0.000000000000000000e+00 0.000000000000000000e+00 7.495370200000000693e+01 0.000000000000000000e+00 7.381578100000000120e+01 1.088337899999999934e+02 0.000000000000000000e+00 0.000000000000000000e+00 0.000000000000000000e+00 1.013732159999999993e+02 0.000000000000000000e+00 0.000000000000000000e+00 0.000000000000000000e+00 0.000000000000000000e+00 0.000000000000000000e+00 1.739827249999999879e+02 4.875548899999999719e+01 9.418277100000000246e+01 8.905229599999999834e+01 2.068883820000000071e+02 1.336157790000000034e+02 0.000000000000000000e+00 9.307184200000000374e+01 9.855020100000000127e+01 0.000000000000000000e+00 7.540176099999999337e+01
2.798412899999999937e+01 0.000000000000000000e+00 1.149377709999999979e+02 1.164750449999999944e+02 0.000000000000000000e+00 5.970065499999999759e+01 5.812962100000000021e+01 2.729732900000000129e+01 9.101040399999999408e+01 9.043983099999999808e+01 8.316364900000000659e+01 1.026098709999999983e+02 8.125598300000000052e+01 0.000000000000000000e+00 1.158284419999999955e+02 0.000000000000000000e+00 1.164948250000000058e+02 9.998823500000000308e+01 1.173211689999999976e+02 1.033205009999999930e+02 9.856868099999999799e+01 1.002805960000000027e+02 1.059651269999999954e+02 9.729744499999999618e+01 0.000000000000000000e+00 1.312279369999999972e+02 1.209441340000000054e+02 9.251810100000000148e+01 3.890698799999999835e+01 6.514594499999999755e+01 1.074831039999999973e+02 2.429088899999999995e+01 0.000000000000000000e+00 5.159780299999999897e+01 1.685144490000000133e+02 0.000000000000000000e+00 0.000000000000000000e+00 1.956509350000000040e+02 0.000000000000000000e+00 0.000000000000000000e+00 1.554546039999999891e+02 1.785232629999999858e+02 0.000000000000000000e+00 1.936427590000000123e+02 0.000000000000000000e+00 0.000000000000000000e+00 0.000000000000000000e+00 1.833202210000000036e+02 0.000000000000000000e+00 1.573881930000000011e+02 0.000000000000000000e+00 0.000000000000000000e+00 0.000000000000000000e+00 0.000000000000000000e+00 1.597284630000000050e+02 0.000000000000000000e+00 0.000000000000000000e+00 1.443279180000000110e+02 0.000000000000000000e+00 1.548764679999999885e+02 1.542005650000000117e+02 1.631108159999999998e+02 1.751809910000000059e+02 1.624352959999999939e+02 0.000000000000000000e+00 0.000000000000000000e+00 0.000000000000000000e+00 1.425447179999999889e+02
0.000000000000000000e+00 1.173601560000000035e+02 0.000000000000000000e+00 9.932216599999999573e+01 2.017905100000000118e+01 2.390647799999999989e+01 8.851319399999999860e+01 6.229832999999999998e+01 4.665294699999999750e+01 6.318679099999999949e+01 0.000000000000000000e+00 3.223339200000000204e+01 1.687731780000000015e+02 1.158284419999999955e+02 0.000000000000000000e+00 0.000000000000000000e+00 0.000000000000000000e+00 0.000000000000000000e+00 0.000000000000000000e+00 0.000000000000000000e+00 0.000000000000000000e+00 7.035886000000000706e+01 0.000000000000000000e+00 7.384465400000000557e+01 1.466617860000000064e+02 0.000000000000000000e+00 1.442153729999999996e+02 8.487720699999999852e+01 0.000000000000000000e+00 0.000000000000000000e+00 0.000000000000000000e+00 3.892996099999999871e+01 0.000000000000000000e+00 0.000000000000000000e+00 0.000000000000000000e+00 0.000000000000000000e+00 0.000000000000000000e+00 1.443134980000000098e+02 0.000000000000000000e+00 0.000000000000000000e+00 0.000000000000000000e+00 0.000000000000000000e+00 0.000000000000000000e+00 0.000000000000000000e+00 0.000000000000000000e+00 1.484596009999999922e+02 0.000000000000000000e+00 0.000000000000000000e+00 0.000000000000000000e+00 0.000000000000000000e+00 0.000000000000000000e+00 0.000000000000000000e+00 0.000000000000000000e+00 0.000000000000000000e+00 0.000000000000000000e+00 0.000000000000000000e+00 0.000000000000000000e+00 0.000000000000000000e+00 0.000000000000000000e+00 0.000000000000000000e+00 0.000000000000000000e+00 1.412234799999999950e+02 0.000000000000000000e+00 0.000000000000000000e+00 0.000000000000000000e+00 0.000000000000000000e+00 0.000000000000000000e+00 0.000000000000000000e+00
0.000000000000000000e+00 0.000000000000000000e+00 7.625107599999999763e+01 0.000000000000000000e+00 0.000000000000000000e+00 0.000000000000000000e+00 7.945549699999999405e+01 0.000000000000000000e+00 0.000000000000000000e+00 0.000000000000000000e+00 0.000000000000000000e+00 0.000000000000000000e+00 0.000000000000000000e+00 0.000000000000000000e+00 0.000000000000000000e+00 0.000000000000000000e+00 1.014783120000000025e+02 0.000000000000000000e+00 0.000000000000000000e+00 0.000000000000000000e+00 2.312812200000000118e+01 3.139210900000000137e+01 2.134882400000000047e+01 3.148310299999999984e+01 0.000000000000000000e+00 1.089868380000000059e+02 1.687379999999999924e+01 3.941632800000000003e+01 1.039367550000000051e+02 8.506808700000000556e+01 0.000000000000000000e+00 0.000000000000000000e+00 0.000000000000000000e+00 7.520189899999999739e+01 0.000000000000000000e+00 0.000000000000000000e+00 1.011283379999999994e+02 0.000000000000000000e+00 0.000000000000000000e+00 0.000000000000000000e+00 1.328272890000000075e+02 0.000000000000000000e+00 0.000000000000000000e+00 0.000000000000000000e+00 0.000000000000000000e+00 0.000000000000000000e+00 0.000000000000000000e+00 1.516386889999999994e+02 0.000000000000000000e+00 1.086325640000000021e+02 1.711344640000000084e+02 0.000000000000000000e+00 0.000000000000000000e+00 0.000000000000000000e+00 1.196751909999999981e+02 5.280384899999999959e+01 1.089823200000000014e+02 1.229019339999999971e+02 0.000000000000000000e+00 0.000000000000000000e+00 1.066613930000000039e+02 1.209471199999999982e+02 1.367878379999999936e+02 1.255918580000000020e+02 0.000000000000000000e+00 0.000000000000000000e+00 0.000000000000000000e+00 1.164721530000000058e+02
9.789699699999999893e+01 4.648778200000000282e+01 4.267298699999999911e+01 0.000000000000000000e+00 0.000000000000000000e+00 0.000000000000000000e+00 9.647328299999999501e+01 1.192695099999999968e+02 0.000000000000000000e+00 1.421004240000000038e+02 4.488951500000000294e+01 0.000000000000000000e+00 1.049308060000000040e+02 1.164948250000000058e+02 0.000000000000000000e+00 1.014783120000000025e+02 0.000000000000000000e+00 4.751906699999999972e+01 2.156891600000000153e+01 0.000000000000000000e+00 4.784072299999999700e+01 6.175237500000000068e+01 3.955457899999999682e+01 0.000000000000000000e+00 0.000000000000000000e+00 3.657589000000000112e+01 6.402154600000000073e+01 1.101341680000000025e+02 9.325480000000000302e+01 7.008352200000000209e+01 7.911656200000000183e+01 1.039987119999999976e+02 0.000000000000000000e+00 2.301127599999999873e+01 0.000000000000000000e+00 6.233492900000000247e+01 1.042097320000000025e+02 0.000000000000000000e+00 0.000000000000000000e+00 0.000000000000000000e+00 0.000000000000000000e+00 0.000000000000000000e+00 0.000000000000000000e+00 0.000000000000000000e+00 1.263024029999999982e+02 0.000000000000000000e+00 1.222952659999999980e+02 0.000000000000000000e+00 0.000000000000000000e+00 0.000000000000000000e+00 1.123047410000000070e+02 0.000000000000000000e+00 0.000000000000000000e+00 0.000000000000000000e+00 0.000000000000000000e+00 0.000000000000000000e+00 1.174865589999999997e+02 0.000000000000000000e+00 0.000000000000000000e+00 1.057397739999999970e+02 1.047710469999999958e+02 0.000000000000000000e+00 0.000000000000000000e+00 0.000000000000000000e+00 1.287589890000000139e+02 0.000000000000000000e+00 0.000000000000000000e+00 0.000000000000000000e+00
1.313518970000000081e+02 0.000000000000000000e+00 9.374886399999999753e+01 0.000000000000000000e+00 7.575638700000000370e+01 1.180609489999999937e+02 1.311780630000000087e+02 1.111571440000000024e+02 0.000000000000000000e+00 1.648762509999999963e+02 2.428431300000000093e+01 1.629059890000000053e+02 5.024994699999999881e+01 9.998823500000000308e+01 0.000000000000000000e+00 0.000000000000000000e+00 4.751906699999999972e+01 0.000000000000000000e+00 1.967374999999999829e+01 1.599109339999999975e+02 0.000000000000000000e+00 0.000000000000000000e+00 0.000000000000000000e+00 0.000000000000000000e+00 0.000000000000000000e+00 2.571572199999999953e+01 7.000966300000000331e+01 0.000000000000000000e+00 9.013056699999999921e+01 1.152552850000000007e+02 4.502704599999999857e+01 8.918308000000000391e+01 0.000000000000000000e+00 4.468328300000000297e+01 0.000000000000000000e+00 0.000000000000000000e+00 0.000000000000000000e+00 0.000000000000000000e+00 0.000000000000000000e+00 0.000000000000000000e+00 0.000000000000000000e+00 0.000000000000000000e+00 0.000000000000000000e+00 0.000000000000000000e+00 9.569858100000000434e+01 0.000000000000000000e+00 9.181408700000000067e+01 0.000000000000000000e+00 0.000000000000000000e+00 0.000000000000000000e+00 0.000000000000000000e+00 1.079954730000000040e+02 0.000000000000000000e+00 0.000000000000000000e+00 0.000000000000000000e+00 0.000000000000000000e+00 0.000000000000000000e+00 0.000000000000000000e+00 0.000000000000000000e+00 1.008471059999999966e+02 9.566502900000000409e+01 0.000000000000000000e+00 0.000000000000000000e+00 0.000000000000000000e+00 1.017248709999999932e+02 0.000000000000000000e+00 0.000000000000000000e+00 0.000000000000000000e+00
1.227449880000000064e+02 0.000000000000000000e+00 7.352872399999999686e+01 0.000000000000000000e+00 7.730943700000000263e+01 1.177254970000000043e+02 1.209312630000000013e+02 1.255291169999999994e+02 0.000000000000000000e+00 1.663625199999999893e+02 2.525486000000000075e+01 1.541979640000000131e+02 7.596059599999999534e+01 1.173211689999999976e+02 0.000000000000000000e+00 0.000000000000000000e+00 2.156891600000000153e+01 1.967374999999999829e+01 0.000000000000000000e+00 1.559646689999999865e+02 8.492509200000000646e+01 0.000000000000000000e+00 8.349059699999999395e+01 0.000000000000000000e+00 5.644573400000000163e+01 3.503602599999999967e+01 6.273402500000000259e+01 1.593888220000000047e+02 1.036004530000000017e+02 1.003224869999999953e+02 6.957310599999999567e+01 8.989254300000000342e+01 0.000000000000000000e+00 3.829848100000000244e+01 0.000000000000000000e+00 0.000000000000000000e+00 1.145533230000000060e+02 0.000000000000000000e+00 0.000000000000000000e+00 0.000000000000000000e+00 0.000000000000000000e+00 0.000000000000000000e+00 0.000000000000000000e+00 0.000000000000000000e+00 1.086946089999999998e+02 0.000000000000000000e+00 1.123782870000000003e+02 0.000000000000000000e+00 0.000000000000000000e+00 0.000000000000000000e+00 1.087997919999999965e+02 1.072226739999999978e+02 1.134789959999999951e+02 0.000000000000000000e+00 0.000000000000000000e+00 0.000000000000000000e+00 0.000000000000000000e+00 0.000000000000000000e+00 6.754083699999999624e+01 1.045652280000000047e+02 1.019924579999999992e+02 0.000000000000000000e+00 0.000000000000000000e+00 0.000000000000000000e+00 1.134656789999999944e+02 0.000000000000000000e+00 0.000000000000000000e+00 0.000000000000000000e+00
0.000000000000000000e+00 0.000000000000000000e+00 0.000000000000000000e+00 1.386229400000000034e+01 9.843286999999999409e+01 7.739101700000000505e+01 7.847503199999999879e+01 9.631025900000000206e+01 6.082139999999999702e+01 1.825288300000000064e+01 1.390791989999999885e+02 2.670623399999999847e+01 1.434088690000000099e+02 1.033205009999999930e+02 0.000000000000000000e+00 0.000000000000000000e+00 0.000000000000000000e+00 1.599109339999999975e+02 1.559646689999999865e+02 0.000000000000000000e+00 0.000000000000000000e+00 0.000000000000000000e+00 0.000000000000000000e+00 4.231081499999999807e+01 0.000000000000000000e+00 1.635562470000000133e+02 1.654942299999999875e+02 2.875548099999999963e+01 1.093497320000000030e+02 0.000000000000000000e+00 0.000000000000000000e+00 1.213196729999999945e+02 0.000000000000000000e+00 8.963845100000000343e+01 0.000000000000000000e+00 0.000000000000000000e+00 0.000000000000000000e+00 1.664070450000000108e+02 0.000000000000000000e+00 1.548789270000000045e+02 1.454531680000000051e+02 1.795964999999999918e+02 8.301933800000000474e+01 1.605500720000000001e+02 0.000000000000000000e+00 1.516862289999999973e+02 0.000000000000000000e+00 1.606787060000000054e+02 0.000000000000000000e+00 0.000000000000000000e+00 0.000000000000000000e+00 0.000000000000000000e+00 0.000000000000000000e+00 1.493378549999999905e+02 0.000000000000000000e+00 0.000000000000000000e+00 0.000000000000000000e+00 1.309513969999999858e+02 0.000000000000000000e+00 0.000000000000000000e+00 0.000000000000000000e+00 1.539975190000000111e+02 0.000000000000000000e+00 0.000000000000000000e+00 0.000000000000000000e+00 0.000000000000000000e+00 0.000000000000000000e+00 0.000000000000000000e+00
8.830164100000000360e+01 0.000000000000000000e+00 7.375794799999999896e+01 0.000000000000000000e+00 0.000000000000000000e+00 1.433608020000000067e+02 7.828196300000000463e+01 1.003109220000000050e+02 0.000000000000000000e+00 9.701127999999999929e+01 0.000000000000000000e+00 0.000000000000000000e+00 0.000000000000000000e+00 9.856868099999999799e+01 0.000000000000000000e+00 2.312812200000000118e+01 4.784072299999999700e+01 0.000000000000000000e+00 8.492509200000000646e+01 0.000000000000000000e+00 0.000000000000000000e+00 5.698969400000000007e+01 4.155512699999999882e+01 4.548979200000000134e+01 0.000000000000000000e+00 9.821875900000000570e+01 8.236154999999999404e+01 2.014948300000000003e+01 7.755689399999999978e+01 5.143553800000000109e+01 0.000000000000000000e+00 0.000000000000000000e+00 0.000000000000000000e+00 5.110521299999999911e+01 1.390965250000000140e+02 0.000000000000000000e+00 0.000000000000000000e+00 0.000000000000000000e+00 0.000000000000000000e+00 0.000000000000000000e+00 0.000000000000000000e+00 0.000000000000000000e+00 0.000000000000000000e+00 0.000000000000000000e+00 0.000000000000000000e+00 0.000000000000000000e+00 0.000000000000000000e+00 1.612546790000000101e+02 0.000000000000000000e+00 1.177694039999999944e+02 1.666144690000000139e+02 0.000000000000000000e+00 0.000000000000000000e+00 0.000000000000000000e+00 1.297206740000000025e+02 6.588655099999999720e+01 1.320128400000000113e+02 1.284906579999999963e+02 0.000000000000000000e+00 0.000000000000000000e+00 1.372520130000000051e+02 1.300432629999999961e+02 1.461609799999999950e+02 1.353844870000000071e+02 0.000000000000000000e+00 0.000000000000000000e+00 0.000000000000000000e+00 1.303870039999999904e+02
6.674075600000000463e+01 3.075850700000000160e+01 4.977815199999999862e+01 0.000000000000000000e+00 8.708491999999999678e+01 0.000000000000000000e+00 6.414194399999999519e+01 1.082890830000000051e+02 2.892916400000000010e+01 0.000000000000000000e+00 0.000000000000000000e+00 0.000000000000000000e+00 8.372491899999999987e+01 1.002805960000000027e+02 7.035886000000000706e+01 3.139210900000000137e+01 6.175237500000000068e+01 0.000000000000000000e+00 0.000000000000000000e+00 0.000000000000000000e+00 5.698969400000000007e+01 0.000000000000000000e+00 5.427410499999999871e+01 3.702736600000000067e+01 5.986278200000000282e+01 8.999090400000000045e+01 3.997969899999999654e+01 5.185000300000000095e+01 7.744767899999999372e+01 6.010622000000000043e+01 9.241058999999999912e+01 1.111420219999999972e+02 0.000000000000000000e+00 6.336304599999999709e+01 0.000000000000000000e+00 0.000000000000000000e+00 0.000000000000000000e+00 0.000000000000000000e+00 0.000000000000000000e+00 0.000000000000000000e+00 0.000000000000000000e+00 0.000000000000000000e+00 0.000000000000000000e+00 0.000000000000000000e+00 0.000000000000000000e+00 0.000000000000000000e+00 0.000000000000000000e+00 8.696540400000000659e+01 0.000000000000000000e+00 5.524309499999999673e+01 0.000000000000000000e+00 0.000000000000000000e+00 0.000000000000000000e+00 0.000000000000000000e+00 6.811228300000000502e+01 0.000000000000000000e+00 6.513535699999999906e+01 4.957188399999999717e+01 0.000000000000000000e+00 0.000000000000000000e+00 4.396017100000000255e+01 8.247405399999999531e+01 8.769432299999999714e+01 7.172578900000000601e+01 0.000000000000000000e+00 0.000000000000000000e+00 0.000000000000000000e+00 0.000000000000000000e+00
9.045771700000000237e+01 0.000000000000000000e+00 4.036188500000000090e+01 0.000000000000000000e+00 0.000000000000000000e+00 0.000000000000000000e+00 8.844780500000000245e+01 1.081442650000000043e+02 1.089456150000000036e+02 1.088347469999999930e+02 0.000000000000000000e+00 0.000000000000000000e+00 0.000000000000000000e+00 1.059651269999999954e+02 0.000000000000000000e+00 2.134882400000000047e+01 3.955457899999999682e+01 0.000000000000000000e+00 8.349059699999999395e+01 0.000000000000000000e+00 4.155512699999999882e+01 5.427410499999999871e+01 0.000000000000000000e+00 7.106849200000000621e+01 0.000000000000000000e+00 7.923790499999999781e+01 4.508523100000000028e+01 4.669069999999999965e+01 9.285066000000000486e+01 5.484818299999999880e+01 0.000000000000000000e+00 0.000000000000000000e+00 0.000000000000000000e+00 2.843123699999999943e+01 0.000000000000000000e+00 0.000000000000000000e+00 1.031891339999999957e+02 0.000000000000000000e+00 0.000000000000000000e+00 0.000000000000000000e+00 1.561519330000000139e+02 0.000000000000000000e+00 0.000000000000000000e+00 0.000000000000000000e+00 0.000000000000000000e+00 0.000000000000000000e+00 0.000000000000000000e+00 1.813185489999999902e+02 0.000000000000000000e+00 1.183182869999999980e+02 1.647187519999999950e+02 0.000000000000000000e+00 0.000000000000000000e+00 0.000000000000000000e+00 1.323563200000000109e+02 8.051734899999999584e+01 1.174033579999999972e+02 1.392961899999999957e+02 0.000000000000000000e+00 0.000000000000000000e+00 1.056304530000000028e+02 1.402467100000000073e+02 1.532598580000000084e+02 1.343651729999999986e+02 0.000000000000000000e+00 0.000000000000000000e+00 0.000000000000000000e+00 1.286041960000000017e+02
