0.000000 0.000000 0.000000 0.000000 0.000000 102.501210 28.915156 60.761285 81.291502 80.224473 120.812840 0.000000 0.000000 32.290382 0.000000 0.000000 114.493728 151.997330 138.602658 0.000000 76.490190 0.000000 101.263475 92.760758 0.000000 141.062607 178.938057 95.193274 20.294701 34.082532 0.000000 76.520129 0.000000 74.550722 0.000000 0.000000 0.000000 0.000000 0.000000 0.000000 0.000000 0.000000 0.000000 0.000000 0.000000 0.000000 0.000000 0.000000 0.000000 0.000000 0.000000 0.000000 0.000000 0.000000 0.000000 0.000000 0.000000 0.000000 0.000000 0.000000 0.000000 0.000000 0.000000 0.000000 0.000000 0.000000 0.000000 0.000000
0.000000 0.000000 42.635540 0.000000 161.757317 0.000000 118.983519 143.479401 81.678924 0.000000 0.000000 0.000000 63.377578 145.259611 136.872098 67.734732 56.545396 77.858367 82.248264 0.000000 0.000000 21.332669 53.695572 86.040898 32.611857 68.548729 41.052863 109.233872 0.000000 116.713280 0.000000 0.000000 0.000000 72.271558 0.000000 0.000000 50.799895 0.000000 0.000000 0.000000 0.000000 0.000000 0.000000 0.000000 0.000000 0.000000 0.000000 0.000000 0.000000 0.000000 66.661158 0.000000 0.000000 0.000000 0.000000 0.000000 74.820411 0.000000 0.000000 115.690988 46.519503 0.000000 0.000000 0.000000 0.000000 0.000000 0.000000 0.000000
0.000000 42.635540 0.000000 140.970927 0.000000 150.155550 109.985569 130.074318 0.000000 117.364363 0.000000 0.000000 0.000000 129.870206 0.000000 0.000000 39.821276 92.579573 68.722029 0.000000 72.775974 40.223709 36.612417 116.640873 0.000000 39.208080 33.275335 108.279810 139.280298 88.662438 0.000000 0.000000 0.000000 56.382177 0.000000 52.146172 93.095798 0.000000 0.000000 0.000000 0.000000 0.000000 0.000000 0.000000 0.000000 0.000000 0.000000 0.000000 0.000000 0.000000 108.458506 151.309827 114.671798 0.000000 0.000000 56.604294 106.845969 177.745979 0.000000 98.588880 93.377888 0.000000 0.000000 0.000000 0.000000 0.000000 0.000000 104.584372
0.000000 0.000000 140.970927 0.000000 134.946866 97.720363 47.693077 112.214261 62.868742 23.545020 165.422672 45.953049 0.000000 117.300152 100.176429 0.000000 0.000000 0.000000 0.000000 17.042216 0.000000 0.000000 0.000000 20.579794 0.000000 178.838582 0.000000 29.905436 123.660354 0.000000 0.000000 141.147330 0.000000 117.911851 0.000000 0.000000 0.000000 147.118550 0.000000 168.462178 168.880659 178.050787 97.122712 155.263569 0.000000 146.180939 0.000000 196.003882 0.000000 0.000000 0.000000 0.000000 0.000000 155.068093 0.000000 0.000000 0.000000 117.611153 0.000000 0.000000 0.000000 154.111074 193.392029 0.000000 0.000000 0.000000 0.000000 0.000000
0.000000 161.757317 0.000000 134.946866 0.000000 23.115161 0.000000 43.159914 86.170809 140.541834 71.910677 129.523745 163.871754 175.673117 26.688230 0.000000 216.077621 0.000000 210.018073 117.645665 0.000000 125.898163 0.000000 112.716475 216.003336 208.916213 199.601955 134.850779 178.129215 0.000000 0.000000 14.266302 0.000000 15.339911 0.000000 0.000000 0.000000 0.000000 0.000000 0.000000 0.000000 0.000000 0.000000 0.000000 0.000000 0.000000 0.000000 0.000000 0.000000 0.000000 0.000000 0.000000 0.000000 0.000000 0.000000 0.000000 0.000000 0.000000 0.000000 0.000000 0.000000 0.000000 0.000000 0.000000 0.000000 0.000000 0.000000 0.000000
102.501210 0.000000 150.155550 97.720363 23.115161 0.000000 60.533062 31.859813 87.922454 37.114907 99.373256 46.781320 109.116628 74.557875 29.239700 0.000000 173.407722 113.785059 177.597190 87.308896 0.000000 128.744905 135.306891 94.016093 0.000000 159.265736 162.466514 73.949069 68.856910 106.940934 134.395795 31.560126 0.000000 73.349873 0.000000 0.000000 0.000000 164.454163 0.000000 191.746778 182.942228 191.381572 104.414926 180.090279 0.000000 0.000000 0.000000 200.596241 0.000000 0.000000 0.000000 0.000000 0.000000 0.000000 0.000000 0.000000 0.000000 148.630442 0.000000 0.000000 0.000000 169.531856 208.947873 0.000000 0.000000 0.000000 0.000000 210.792072
28.915156 118.983519 109.985569 47.693077 0.000000 60.533062 0.000000 62.580791 79.365792 24.552753 157.392710 83.822602 163.409938 46.333111 124.438687 0.000000 118.874162 153.804461 137.899268 64.714210 71.995457 0.000000 97.939499 49.709210 0.000000 135.660937 137.743315 38.594388 75.799974 31.981991 0.000000 136.612745 0.000000 93.509424 0.000000 0.000000 0.000000 0.000000 0.000000 188.166897 0.000000 0.000000 81.457116 166.958863 0.000000 0.000000 0.000000 0.000000 0.000000 0.000000 0.000000 0.000000 0.000000 0.000000 0.000000 0.000000 0.000000 146.047943 0.000000 0.000000 0.000000 166.010388 0.000000 0.000000 0.000000 0.000000 0.000000 0.000000
60.761285 143.479401 130.074318 112.214261 43.159914 31.859813 62.580791 0.000000 100.113879 57.335598 103.853725 102.797468 97.557487 32.967452 80.625699 0.000000 143.542283 151.471992 161.336048 104.557048 100.828036 130.144315 121.585620 91.776280 0.000000 152.742253 161.535135 92.611508 63.103732 77.023761 120.918859 36.642525 0.000000 74.290314 0.000000 0.000000 0.000000 166.213056 0.000000 188.916606 173.336184 186.673152 167.671364 198.763418 0.000000 196.525144 0.000000 213.589411 0.000000 0.000000 0.000000 0.000000 0.000000 0.000000 0.000000 0.000000 0.000000 159.301830 0.000000 0.000000 0.000000 173.389835 206.573180 0.000000 0.000000 0.000000 0.000000 206.862337
81.291502 81.678924 0.000000 62.868742 86.170809 87.922454 79.365792 100.113879 0.000000 73.242708 161.551504 59.805922 145.453897 115.638451 67.197010 0.000000 144.061348 162.496423 169.391070 48.197886 0.000000 38.494570 0.000000 34.703739 124.966626 150.197893 132.728458 63.201577 97.723030 63.372333 156.079208 133.873465 69.490621 105.109729 0.000000 0.000000 0.000000 160.379811 0.000000 0.000000 0.000000 0.000000 47.251561 157.464611 0.000000 0.000000 0.000000 0.000000 0.000000 0.000000 0.000000 0.000000 0.000000 0.000000 0.000000 0.000000 0.000000 97.571226 0.000000 196.391307 196.495120 132.028173 101.288126 0.000000 0.000000 0.000000 0.000000 121.145848
80.224473 0.000000 117.364363 23.545020 140.541834 37.114907 24.552753 57.335598 73.242708 0.000000 163.644936 30.816480 170.871755 96.797393 114.906154 0.000000 125.667685 168.859886 179.155446 21.157567 91.216535 0.000000 106.309972 60.071858 0.000000 165.526785 192.531284 37.217051 123.080135 75.510053 187.167175 138.811189 0.000000 103.639925 0.000000 0.000000 0.000000 158.953569 0.000000 177.896752 169.681527 173.870295 88.945889 167.930225 0.000000 167.871086 0.000000 206.362329 0.000000 0.000000 0.000000 0.000000 0.000000 159.073210 0.000000 0.000000 0.000000 134.109539 0.000000 0.000000 207.966919 160.544913 199.188005 0.000000 0.000000 0.000000 0.000000 200.733965
120.812840 0.000000 0.000000 165.422672 71.910677 99.373256 157.392710 103.853725 161.551504 163.644936 0.000000 164.083562 30.512905 90.733584 0.000000 0.000000 62.431706 22.488727 18.262296 157.827313 0.000000 0.000000 189.602685 164.688416 48.709768 33.641176 55.497979 174.882291 76.873822 105.377850 39.485701 70.976118 0.000000 28.920144 0.000000 0.000000 0.000000 0.000000 0.000000 0.000000 0.000000 0.000000 0.000000 0.000000 89.734319 0.000000 87.416004 0.000000 0.000000 0.000000 0.000000 98.411325 0.000000 0.000000 0.000000 0.000000 0.000000 212.290966 80.461897 112.000247 106.481464 221.733539 0.000000 0.000000 104.714952 0.000000 0.000000 0.000000
0.000000 0.000000 0.000000 45.953049 129.523745 46.781320 83.822602 102.797468 59.805922 30.816480 164.083562 0.000000 172.245638 112.693754 118.973813 0.000000 0.000000 167.014778 0.000000 22.187408 0.000000 0.000000 0.000000 40.520689 0.000000 180.283672 188.269974 56.262900 122.557502 0.000000 169.632851 123.488955 0.000000 105.825055 0.000000 0.000000 0.000000 150.347585 0.000000 198.866350 0.000000 194.375430 105.010960 167.270962 0.000000 148.993896 0.000000 0.000000 0.000000 0.000000 0.000000 0.000000 0.000000 0.000000 0.000000 0.000000 0.000000 137.258505 0.000000 0.000000 223.042933 163.211655 0.000000 0.000000 0.000000 0.000000 0.000000 0.000000
0.000000 63.377578 0.000000 0.000000 163.871754 109.116628 163.409938 97.557487 145.453897 170.871755 30.512905 172.245638 0.000000 90.297561 206.776974 0.000000 0.000000 61.750453 97.827512 0.000000 0.000000 94.791037 0.000000 154.623307 27.497457 40.552059 35.012282 170.848878 79.704900 0.000000 25.343943 80.660364 0.000000 38.310316 0.000000 0.000000 0.000000 0.000000 0.000000 0.000000 0.000000 0.000000 0.000000 0.000000 79.643105 0.000000 77.477418 166.986740 0.000000 0.000000 0.000000 98.191670 112.953865 0.000000 0.000000 0.000000 0.000000 0.000000 60.105087 89.932747 95.716310 0.000000 143.953677 0.000000 94.305078 121.236493 0.000000 91.035455
32.290382 145.259611 129.870206 117.300152 175.673117 74.557875 46.333111 32.967452 115.638451 96.797393 90.733584 112.693754 90.297561 0.000000 114.787365 0.000000 134.646761 149.208411 156.072511 111.402784 94.987235 0.000000 118.614351 108.676271 0.000000 147.791147 156.576693 103.734802 33.460327 65.948824 122.663990 28.470281 0.000000 70.015290 0.000000 0.000000 0.000000 0.000000 0.000000 208.452141 0.000000 206.992825 135.549964 213.366420 0.000000 0.000000 0.000000 227.360316 0.000000 0.000000 0.000000 0.000000 0.000000 0.000000 0.000000 0.000000 0.000000 177.125668 0.000000 208.696638 204.242056 191.610950 218.330000 0.000000 0.000000 0.000000 0.000000 215.128355
0.000000 136.872098 0.000000 100.176429 26.688230 29.239700 124.438687 80.625699 67.197010 114.906154 0.000000 118.973813 206.776974 114.787365 0.000000 0.000000 0.000000 0.000000 0.000000 0.000000 0.000000 97.113750 0.000000 84.726053 180.526778 0.000000 180.191649 105.235986 99.693312 0.000000 0.000000 41.872780 0.000000 102.802294 0.000000 0.000000 0.000000 0.000000 0.000000 0.000000 0.000000 0.000000 0.000000 0.000000 0.000000 0.000000 0.000000 0.000000 0.000000 0.000000 0.000000 0.000000 0.000000 0.000000 0.000000 0.000000 0.000000 0.000000 0.000000 0.000000 0.000000 0.000000 0.000000 0.000000 0.000000 0.000000 0.000000 0.000000
0.000000 67.734732 0.000000 0.000000 0.000000 0.000000 0.000000 0.000000 0.000000 0.000000 0.000000 0.000000 0.000000 0.000000 0.000000 0.000000 115.125034 0.000000 138.031556 0.000000 26.077525 34.289082 29.790424 26.391449 0.000000 128.917988 44.114361 42.809261 0.000000 76.002824 0.000000 0.000000 0.000000 80.093898 0.000000 85.716417 114.893703 0.000000 0.000000 0.000000 0.000000 0.000000 0.000000 0.000000 0.000000 0.000000 0.000000 0.000000 0.000000 95.341331 137.597163 0.000000 0.000000 0.000000 109.789366 48.170688 106.165254 116.861936 0.000000 0.000000 91.547744 119.462490 0.000000 0.000000 0.000000 0.000000 0.000000 0.000000
114.493728 56.545396 39.821276 0.000000 216.077621 173.407722 118.874162 143.542283 144.061348 125.667685 62.431706 0.000000 0.000000 134.646761 0.000000 115.125034 0.000000 59.450990 28.478920 0.000000 65.382132 72.377355 47.285951 139.428393 0.000000 43.629820 72.514610 125.235724 115.375946 78.232475 0.000000 0.000000 0.000000 28.938718 0.000000 66.513797 107.063589 0.000000 0.000000 0.000000 0.000000 0.000000 0.000000 0.000000 0.000000 0.000000 0.000000 0.000000 0.000000 0.000000 119.050847 0.000000 127.238548 0.000000 0.000000 93.182007 132.168807 183.391531 81.547336 113.971697 108.444016 0.000000 0.000000 0.000000 0.000000 0.000000 0.000000 116.652369
151.997330 77.858367 92.579573 0.000000 0.000000 113.785059 153.804461 151.471992 162.496423 168.859886 22.488727 167.014778 61.750453 149.208411 0.000000 0.000000 59.450990 0.000000 27.640016 0.000000 122.806093 124.346391 107.180916 167.675313 60.855141 26.508655 74.373914 168.917561 128.174928 124.836589 49.889432 94.559596 0.000000 47.899940 0.000000 83.791794 0.000000 0.000000 0.000000 0.000000 0.000000 0.000000 0.000000 0.000000 94.321867 0.000000 102.356576 0.000000 0.000000 0.000000 0.000000 108.056781 123.447018 0.000000 0.000000 0.000000 0.000000 0.000000 69.544415 107.725385 110.941693 0.000000 0.000000 0.000000 110.904711 0.000000 0.000000 0.000000
138.602658 82.248264 68.722029 0.000000 210.018073 177.597190 137.899268 161.336048 169.391070 179.155446 18.262296 0.000000 97.827512 156.072511 0.000000 138.031556 28.478920 27.640016 0.000000 0.000000 98.102142 105.319139 83.841475 158.151969 68.096317 37.505471 77.173354 141.305804 137.473956 106.562944 79.960466 153.455382 137.593590 41.183123 0.000000 67.749140 124.084740 0.000000 0.000000 0.000000 0.000000 0.000000 0.000000 0.000000 0.000000 0.000000 138.937962 0.000000 0.000000 179.557724 129.970611 123.345718 120.476788 0.000000 0.000000 143.549950 171.667114 202.925529 72.867695 110.839275 109.035651 0.000000 0.000000 198.517325 163.412569 0.000000 0.000000 123.429829
0.000000 0.000000 0.000000 17.042216 117.645665 87.308896 64.714210 104.557048 48.197886 21.157567 157.827313 22.187408 0.000000 111.402784 0.000000 0.000000 0.000000 0.000000 0.000000 0.000000 0.000000 0.000000 0.000000 13.775479 0.000000 177.722682 184.806002 33.005293 120.559927 0.000000 0.000000 124.405998 0.000000 108.674910 0.000000 0.000000 0.000000 140.540452 0.000000 164.023612 0.000000 0.000000 0.000000 156.196211 0.000000 129.554060 0.000000 0.000000 0.000000 0.000000 0.000000 0.000000 0.000000 0.000000 0.000000 0.000000 0.000000 126.154739 0.000000 0.000000 0.000000 152.101517 0.000000 0.000000 0.000000 0.000000 0.000000 0.000000
76.490190 0.000000 72.775974 0.000000 0.000000 0.000000 71.995457 100.828036 0.000000 91.216535 0.000000 0.000000 0.000000 94.987235 0.000000 26.077525 65.382132 122.806093 98.102142 0.000000 0.000000 60.474026 47.706882 102.125551 0.000000 105.155678 82.479233 34.915042 79.176153 42.352488 0.000000 0.000000 0.000000 40.531983 0.000000 0.000000 0.000000 0.000000 0.000000 0.000000 0.000000 0.000000 0.000000 0.000000 0.000000 0.000000 0.000000 0.000000 0.000000 113.190719 0.000000 0.000000 0.000000 0.000000 0.000000 82.671070 127.218794 0.000000 0.000000 0.000000 128.402718 131.006030 0.000000 0.000000 0.000000 0.000000 0.000000 0.000000
0.000000 21.332669 40.223709 0.000000 125.898163 128.744905 0.000000 130.144315 38.494570 0.000000 0.000000 0.000000 94.791037 0.000000 97.113750 34.289082 72.377355 124.346391 105.319139 0.000000 60.474026 0.000000 54.489407 44.560923 69.315488 106.418025 54.575546 59.102399 88.403532 59.963336 98.717854 0.000000 0.000000 78.418272 0.000000 0.000000 0.000000 0.000000 0.000000 0.000000 0.000000 0.000000 0.000000 0.000000 0.000000 0.000000 0.000000 0.000000 0.000000 50.291921 91.630845 0.000000 133.453485 0.000000 70.193089 11.544951 64.936943 68.360837 0.000000 149.508549 56.019874 72.949036 0.000000 0.000000 0.000000 0.000000 0.000000 0.000000
101.263475 53.695572 36.612417 0.000000 0.000000 135.306891 97.939499 121.585620 0.000000 106.309972 189.602685 0.000000 0.000000 118.614351 0.000000 29.790424 47.285951 107.180916 83.841475 0.000000 47.706882 54.489407 0.000000 74.829775 0.000000 73.750338 44.701032 63.174392 103.561285 63.248690 0.000000 0.000000 0.000000 38.957804 0.000000 71.146993 111.395776 0.000000 0.000000 0.000000 0.000000 0.000000 0.000000 0.000000 0.000000 0.000000 0.000000 0.000000 0.000000 108.299039 124.639868 0.000000 159.561185 0.000000 128.728977 64.797050 119.273652 133.720216 0.000000 180.323342 105.824455 137.778750 0.000000 0.000000 0.000000 0.000000 0.000000 122.913592
92.760758 86.040898 116.640873 20.579794 112.716475 94.016093 49.709210 91.776280 34.703739 60.071858 164.688416 40.520689 154.623307 108.676271 84.726053 26.391449 139.428393 167.675313 158.151969 13.775479 102.125551 44.560923 74.829775 0.000000 131.126541 146.274238 94.647251 33.943863 103.520047 75.853295 0.000000 137.302090 84.517125 100.758013 0.000000 124.220415 0.000000 140.145053 0.000000 151.794138 0.000000 151.509891 59.782498 145.822681 0.000000 122.730112 0.000000 157.183888 0.000000 103.799835 167.375073 0.000000 0.000000 0.000000 0.000000 61.561979 154.290347 108.339698 0.000000 196.158010 171.395852 130.702778 149.580224 0.000000 0.000000 182.245967 134.108859 140.554734
0.000000 32.611857 0.000000 0.000000 216.003336 0.000000 0.000000 0.000000 124.966626 0.000000 48.709768 0.000000 27.497457 0.000000 180.526778 0.000000 0.000000 60.855141 68.096317 0.000000 0.000000 69.315488 0.000000 131.126541 0.000000 45.509493 43.208231 0.000000 0.000000 0.000000 45.338457 0.000000 0.000000 70.261836 0.000000 0.000000 0.000000 0.000000 0.000000 0.000000 0.000000 0.000000 0.000000 0.000000 52.680448 0.000000 69.826669 0.000000 0.000000 0.000000 0.000000 0.000000 0.000000 0.000000 0.000000 0.000000 0.000000 0.000000 43.595848 122.148698 0.000000 0.000000 0.000000 0.000000 0.000000 0.000000 0.000000 0.000000
141.062607 68.548729 39.208080 178.838582 208.916213 159.265736 135.660937 152.742253 150.197893 165.526785 33.641176 180.283672 40.552059 147.791147 0.000000 128.917988 43.629820 26.508655 37.505471 177.722682 105.155678 106.418025 73.750338 146.274238 45.509493 0.000000 52.185833 147.485745 134.245840 114.185907 25.510211 106.724071 0.000000 68.590162 0.000000 60.898535 100.482533 0.000000 0.000000 0.000000 0.000000 0.000000 200.854366 0.000000 107.641353 0.000000 96.991764 0.000000 0.000000 155.746921 118.382697 104.276439 111.378580 0.000000 0.000000 0.000000 161.207006 202.728113 60.728839 99.838924 99.963439 238.369517 0.000000 0.000000 110.509876 0.000000 0.000000 120.254587
178.938057 41.052863 33.275335 0.000000 199.601955 162.466514 137.743315 161.535135 132.728458 192.531284 55.497979 188.269974 35.012282 156.576693 180.191649 44.114361 72.514610 74.373914 77.173354 184.806002 82.479233 54.575546 44.701032 94.647251 43.208231 52.185833 0.000000 78.845450 132.826559 148.729505 31.536329 113.531315 0.000000 69.770280 0.000000 51.697245 97.715325 0.000000 0.000000 0.000000 196.859802 0.000000 201.858816 0.000000 110.167497 0.000000 104.466349 0.000000 0.000000 93.725968 110.403688 115.236865 113.591468 0.000000 123.738485 56.142880 108.561364 189.739078 64.009332 103.459338 96.894782 185.098858 0.000000 192.242425 117.095160 0.000000 0.000000 107.019275
95.193274 109.233872 108.279810 29.905436 134.850779 73.949069 38.594388 92.611508 63.201577 37.217051 174.882291 56.262900 170.848878 103.734802 105.235986 42.809261 125.235724 168.917561 141.305804 33.005293 34.915042 59.102399 63.174392 33.943863 0.000000 147.485745 78.845450 0.000000 105.806503 60.494399 0.000000 148.817168 84.878263 82.722764 0.000000 126.950977 0.000000 141.266958 0.000000 174.984410 158.890060 175.048910 81.189474 162.605446 0.000000 157.746280 0.000000 197.691963 0.000000 112.820406 189.482832 0.000000 0.000000 157.689142 110.579785 64.953740 162.866017 123.257989 0.000000 0.000000 181.933389 153.153188 169.371660 0.000000 0.000000 0.000000 0.000000 170.736164
20.294701 0.000000 139.280298 123.660354 178.129215 68.856910 75.799974 63.103732 97.723030 123.080135 76.873822 122.557502 79.704900 33.460327 99.693312 0.000000 115.375946 128.174928 137.473956 120.559927 79.176153 88.403532 103.561285 103.520047 0.000000 134.245840 132.826559 105.806503 0.000000 42.485343 108.945318 29.457497 24.859761 39.182967 0.000000 0.000000 0.000000 0.000000 0.000000 209.610189 203.001965 198.896989 104.491198 206.544653 0.000000 0.000000 0.000000 204.063410 0.000000 117.585965 0.000000 0.000000 0.000000 0.000000 0.000000 0.000000 0.000000 156.033759 0.000000 0.000000 191.740443 170.385933 197.484185 0.000000 0.000000 0.000000 182.672009 185.984948
34.082532 116.713280 88.662438 0.000000 0.000000 106.940934 31.981991 77.023761 63.372333 75.510053 105.377850 0.000000 0.000000 65.948824 0.000000 76.002824 78.232475 124.836589 106.562944 0.000000 42.352488 59.963336 63.248690 75.853295 0.000000 114.185907 148.729505 60.494399 42.485343 0.000000 0.000000 123.563261 38.567336 32.034044 0.000000 0.000000 0.000000 0.000000 0.000000 0.000000 0.000000 0.000000 74.610768 0.000000 0.000000 0.000000 0.000000 0.000000 0.000000 111.766541 0.000000 0.000000 0.000000 0.000000 0.000000 74.918333 0.000000 126.392891 0.000000 194.683792 208.312161 130.931998 161.717029 0.000000 0.000000 0.000000 0.000000 153.086115
0.000000 0.000000 0.000000 0.000000 0.000000 134.395795 0.000000 120.918859 156.079208 187.167175 39.485701 169.632851 25.343943 122.663990 0.000000 0.000000 0.000000 49.889432 79.960466 0.000000 0.000000 98.717854 0.000000 0.000000 45.338457 25.510211 31.536329 0.000000 108.945318 0.000000 0.000000 108.767459 0.000000 76.377905 0.000000 0.000000 0.000000 0.000000 0.000000 0.000000 0.000000 0.000000 0.000000 0.000000 99.843054 0.000000 96.174889 0.000000 0.000000 0.000000 0.000000 110.798737 123.232889 0.000000 0.000000 0.000000 0.000000 0.000000 85.535343 107.700614 109.200759 0.000000 0.000000 0.000000 110.935649 0.000000 0.000000 0.000000
76.520129 0.000000 0.000000 141.147330 14.266302 31.560126 136.612745 36.642525 133.873465 138.811189 70.976118 123.488955 80.660364 28.470281 41.872780 0.000000 0.000000 94.559596 153.455382 124.405998 0.000000 0.000000 0.000000 137.302090 0.000000 106.724071 113.531315 148.817168 29.457497 123.563261 108.767459 0.000000 0.000000 24.552913 0.000000 0.000000 0.000000 0.000000 0.000000 0.000000 0.000000 236.413524 0.000000 0.000000 0.000000 0.000000 0.000000 0.000000 0.000000 0.000000 0.000000 0.000000 0.000000 0.000000 0.000000 0.000000 0.000000 193.443268 0.000000 0.000000 0.000000 216.878819 231.307018 0.000000 0.000000 0.000000 0.000000 0.000000
0.000000 0.000000 0.000000 0.000000 0.000000 0.000000 0.000000 0.000000 69.490621 0.000000 0.000000 0.000000 0.000000 0.000000 0.000000 0.000000 0.000000 0.000000 137.593590 0.000000 0.000000 0.000000 0.000000 84.517125 0.000000 0.000000 0.000000 84.878263 24.859761 38.567336 0.000000 0.000000 0.000000 30.270792 0.000000 0.000000 0.000000 0.000000 0.000000 0.000000 0.000000 0.000000 0.000000 0.000000 0.000000 0.000000 0.000000 0.000000 0.000000 0.000000 0.000000 0.000000 0.000000 0.000000 0.000000 0.000000 0.000000 124.675125 0.000000 0.000000 0.000000 0.000000 0.000000 0.000000 0.000000 0.000000 0.000000 0.000000
74.550722 72.271558 56.382177 117.911851 15.339911 73.349873 93.509424 74.290314 105.109729 103.639925 28.920144 105.825055 38.310316 70.015290 102.802294 80.093898 28.938718 47.899940 41.183123 108.674910 40.531983 78.418272 38.957804 100.758013 70.261836 68.590162 69.770280 82.722764 39.182967 32.034044 76.377905 24.552913 30.270792 0.000000 0.000000 63.691611 106.368026 0.000000 0.000000 0.000000 0.000000 192.077756 148.713048 200.181212 0.000000 0.000000 142.783756 192.868706 0.000000 112.360991 119.524686 0.000000 125.970945 0.000000 135.811515 0.000000 119.894279 142.792876 82.535030 122.345094 111.708842 161.807073 190.556182 0.000000 0.000000 0.000000 0.000000 166.847499
0.000000 0.000000 0.000000 0.000000 0.000000 0.000000 0.000000 0.000000 0.000000 0.000000 0.000000 0.000000 0.000000 0.000000 0.000000 0.000000 0.000000 0.000000 0.000000 0.000000 0.000000 0.000000 0.000000 0.000000 0.000000 0.000000 0.000000 0.000000 0.000000 0.000000 0.000000 0.000000 0.000000 0.000000 0.000000 0.000000 134.245767 0.000000 0.000000 0.000000 39.424171 58.379594 82.487392 89.962084 134.997048 0.000000 0.000000 32.993908 0.000000 0.000000 109.846572 146.423362 137.211000 0.000000 90.547607 0.000000 100.145474 96.233306 0.000000 138.142148 162.109027 91.625456 27.105243 35.173029 0.000000 104.081874 0.000000 80.877344
0.000000 0.000000 52.146172 0.000000 0.000000 0.000000 0.000000 0.000000 0.000000 0.000000 0.000000 0.000000 0.000000 0.000000 0.000000 85.716417 66.513797 83.791794 67.749140 0.000000 0.000000 0.000000 71.146993 124.220415 0.000000 60.898535 51.697245 126.950977 0.000000 0.000000 0.000000 0.000000 0.000000 63.691611 0.000000 0.000000 42.041995 0.000000 169.887215 174.450260 0.000000 0.000000 87.492684 0.000000 65.014758 0.000000 50.508249 0.000000 145.575052 72.117852 55.174554 78.936367 56.075207 0.000000 0.000000 30.060572 62.126653 97.596696 26.490524 49.763729 34.987116 124.148872 0.000000 127.037155 0.000000 0.000000 0.000000 65.954548
0.000000 50.799895 93.095798 0.000000 0.000000 0.000000 0.000000 0.000000 0.000000 0.000000 0.000000 0.000000 0.000000 0.000000 0.000000 114.893703 107.063589 0.000000 124.084740 0.000000 0.000000 0.000000 111.395776 0.000000 0.000000 100.482533 97.715325 0.000000 0.000000 0.000000 0.000000 0.000000 0.000000 106.368026 134.245767 42.041995 0.000000 0.000000 0.000000 169.561774 124.845183 149.418849 0.000000 148.362542 83.446292 0.000000 0.000000 141.811414 0.000000 103.009294 40.366134 0.000000 61.801414 0.000000 71.448737 48.413668 41.546310 108.395599 0.000000 39.920476 37.057751 114.569803 168.586230 106.213756 0.000000 0.000000 0.000000 55.794651
0.000000 0.000000 0.000000 147.118550 0.000000 164.454163 0.000000 166.213056 160.379811 158.953569 0.000000 150.347585 0.000000 0.000000 0.000000 0.000000 0.000000 0.000000 0.000000 140.540452 0.000000 0.000000 0.000000 140.145053 0.000000 0.000000 0.000000 141.266958 0.000000 0.000000 0.000000 0.000000 0.000000 0.000000 0.000000 0.000000 0.000000 0.000000 0.000000 66.546056 75.533362 116.678480 67.208805 15.625123 0.000000 40.115067 0.000000 127.908730 120.729323 0.000000 0.000000 0.000000 0.000000 14.808288 0.000000 0.000000 0.000000 33.591143 0.000000 0.000000 0.000000 20.250330 123.974818 0.000000 0.000000 0.000000 0.000000 111.269038
0.000000 0.000000 0.000000 0.000000 0.000000 0.000000 0.000000 0.000000 0.000000 0.000000 0.000000 0.000000 0.000000 0.000000 0.000000 0.000000 0.000000 0.000000 0.000000 0.000000 0.000000 0.000000 0.000000 0.000000 0.000000 0.000000 0.000000 0.000000 0.000000 0.000000 0.000000 0.000000 0.000000 0.000000 0.000000 169.887215 0.000000 0.000000 0.000000 14.046282 143.828818 31.953518 89.999865 142.572686 71.292189 113.112561 109.984406 68.522597 26.205605 0.000000 0.000000 115.738613 0.000000 0.000000 0.000000 131.323710 0.000000 117.166308 170.481407 172.306541 192.423749 139.204267 46.875872 0.000000 110.741235 17.663671 0.000000 18.910903
0.000000 0.000000 0.000000 168.462178 0.000000 191.746778 188.166897 188.916606 0.000000 177.896752 0.000000 198.866350 0.000000 208.452141 0.000000 0.000000 0.000000 0.000000 0.000000 164.023612 0.000000 0.000000 0.000000 151.794138 0.000000 0.000000 0.000000 174.984410 209.610189 0.000000 0.000000 0.000000 0.000000 0.000000 0.000000 174.450260 169.561774 66.546056 14.046282 0.000000 69.062723 29.771412 98.364285 42.761504 122.659089 53.572117 143.020534 77.424451 24.995203 0.000000 0.000000 145.263178 162.751707 74.843217 134.513159 135.313155 147.748324 108.361981 192.650800 175.926210 197.813321 83.791383 78.300848 135.138349 164.696095 30.704371 0.000000 59.827448
0.000000 0.000000 0.000000 168.880659 0.000000 182.942228 0.000000 173.336184 0.000000 169.681527 0.000000 0.000000 0.000000 0.000000 0.000000 0.000000 0.000000 0.000000 0.000000 0.000000 0.000000 0.000000 0.000000 0.000000 0.000000 0.000000 196.859802 158.890060 203.001965 0.000000 0.000000 0.000000 0.000000 0.000000 39.424171 0.000000 124.845183 75.533362 143.828818 69.062723 0.000000 63.860781 85.452547 39.991141 151.992465 63.745274 190.205929 60.403365 102.537641 0.000000 112.327446 156.901412 141.656673 73.902239 79.457086 0.000000 100.740862 54.509517 151.175220 138.488538 170.290201 43.138022 103.845802 41.500885 189.246606 148.583073 0.000000 106.019424
0.000000 0.000000 0.000000 178.050787 0.000000 191.381572 0.000000 186.673152 0.000000 173.870295 0.000000 194.375430 0.000000 206.992825 0.000000 0.000000 0.000000 0.000000 0.000000 0.000000 0.000000 0.000000 0.000000 151.509891 0.000000 0.000000 0.000000 175.048910 198.896989 0.000000 0.000000 236.413524 0.000000 192.077756 58.379594 0.000000 149.418849 116.678480 31.953518 29.771412 63.860781 0.000000 87.382319 68.821244 100.543220 108.755519 102.320893 30.408721 64.520225 0.000000 139.049050 134.904874 159.144871 94.526960 115.715437 0.000000 128.098891 87.121611 127.857446 158.786298 161.353955 103.001636 51.856473 74.087190 143.872042 27.449793 0.000000 73.783278
0.000000 0.000000 0.000000 97.122712 0.000000 104.414926 81.457116 167.671364 47.251561 88.945889 0.000000 105.010960 0.000000 135.549964 0.000000 0.000000 0.000000 0.000000 0.000000 0.000000 0.000000 0.000000 0.000000 59.782498 0.000000 200.854366 201.858816 81.189474 104.491198 74.610768 0.000000 0.000000 0.000000 148.713048 82.487392 87.492684 0.000000 67.208805 89.999865 98.364285 85.452547 87.382319 0.000000 80.630446 150.775294 49.919363 146.285333 97.305597 35.167984 81.456370 0.000000 163.416351 164.228865 43.443256 86.781503 33.807540 0.000000 36.546891 124.128732 139.100974 122.750500 66.122171 98.132778 111.631302 0.000000 131.783343 78.268174 103.918923
0.000000 0.000000 0.000000 155.263569 0.000000 180.090279 166.958863 198.763418 157.464611 167.930225 0.000000 167.270962 0.000000 213.366420 0.000000 0.000000 0.000000 0.000000 0.000000 156.196211 0.000000 0.000000 0.000000 145.822681 0.000000 0.000000 0.000000 162.605446 206.544653 0.000000 0.000000 0.000000 0.000000 200.181212 89.962084 0.000000 148.362542 15.625123 142.572686 42.761504 39.991141 68.821244 80.630446 0.000000 157.912322 24.101854 178.665916 106.735196 112.634764 0.000000 177.959564 179.094214 178.760419 15.399411 120.030775 0.000000 138.593317 60.278534 0.000000 188.660903 191.113180 46.464468 114.644537 137.360557 194.708701 140.529041 0.000000 112.403124
0.000000 0.000000 0.000000 0.000000 0.000000 0.000000 0.000000 0.000000 0.000000 0.000000 89.734319 0.000000 79.643105 0.000000 0.000000 0.000000 0.000000 94.321867 0.000000 0.000000 0.000000 0.000000 0.000000 0.000000 52.680448 107.641353 110.167497 0.000000 0.000000 0.000000 99.843054 0.000000 0.000000 0.000000 134.997048 65.014758 83.446292 0.000000 71.292189 122.659089 151.992465 100.543220 150.775294 157.912322 0.000000 156.820345 28.484156 88.060250 0.000000 125.374345 65.404906 23.752095 37.524224 149.848196 102.703480 112.745909 93.602401 163.594263 40.235403 30.123172 63.918436 152.291236 77.383733 125.738192 28.044408 64.255027 0.000000 24.493127
0.000000 0.000000 0.000000 146.180939 0.000000 0.000000 0.000000 196.525144 0.000000 167.871086 0.000000 148.993896 0.000000 0.000000 0.000000 0.000000 0.000000 0.000000 0.000000 129.554060 0.000000 0.000000 0.000000 122.730112 0.000000 0.000000 0.000000 157.746280 0.000000 0.000000 0.000000 0.000000 0.000000 0.000000 0.000000 0.000000 0.000000 40.115067 113.112561 53.572117 63.745274 108.755519 49.919363 24.101854 156.820345 0.000000 168.636501 113.069480 0.000000 0.000000 0.000000 175.720485 178.977106 11.406159 0.000000 0.000000 0.000000 34.009963 0.000000 181.443336 188.369947 55.499613 120.877400 0.000000 181.952808 133.797030 0.000000 113.955341
0.000000 0.000000 0.000000 0.000000 0.000000 0.000000 0.000000 0.000000 0.000000 0.000000 87.416004 0.000000 77.477418 0.000000 0.000000 0.000000 0.000000 102.356576 138.937962 0.000000 0.000000 0.000000 0.000000 0.000000 69.826669 96.991764 104.466349 0.000000 0.000000 0.000000 96.174889 0.000000 0.000000 142.783756 0.000000 50.508249 0.000000 0.000000 109.984406 143.020534 190.205929 102.320893 146.285333 178.665916 28.484156 168.636501 0.000000 93.775964 0.000000 0.000000 97.410241 59.709662 77.988341 0.000000 0.000000 94.523811 0.000000 158.043820 26.917942 41.258583 33.031498 169.635732 80.178874 0.000000 26.090325 83.206587 0.000000 45.500614
0.000000 0.000000 0.000000 196.003882 0.000000 200.596241 0.000000 213.589411 0.000000 206.362329 0.000000 0.000000 166.986740 227.360316 0.000000 0.000000 0.000000 0.000000 0.000000 0.000000 0.000000 0.000000 0.000000 157.183888 0.000000 0.000000 0.000000 197.691963 204.063410 0.000000 0.000000 0.000000 0.000000 192.868706 32.993908 0.000000 141.811414 127.908730 68.522597 77.424451 60.403365 30.408721 97.305597 106.735196 88.060250 113.069480 93.775964 0.000000 80.583733 0.000000 131.123117 132.635787 151.771185 111.825646 105.225203 0.000000 119.949617 104.502148 139.034373 149.164641 150.496140 113.849010 42.132432 64.483093 119.820081 32.524176 0.000000 62.516201
0.000000 0.000000 0.000000 0.000000 0.000000 0.000000 0.000000 0.000000 0.000000 0.000000 0.000000 0.000000 0.000000 0.000000 0.000000 0.000000 0.000000 0.000000 0.000000 0.000000 0.000000 0.000000 0.000000 0.000000 0.000000 0.000000 0.000000 0.000000 0.000000 0.000000 0.000000 0.000000 0.000000 0.000000 0.000000 145.575052 0.000000 120.729323 26.205605 24.995203 102.537641 64.520225 35.167984 112.634764 0.000000 0.000000 0.000000 80.583733 0.000000 0.000000 0.000000 0.000000 0.000000 0.000000 0.000000 108.135552 0.000000 86.054588 0.000000 0.000000 175.947980 109.988761 146.997779 0.000000 0.000000 42.629038 0.000000 134.098067
0.000000 0.000000 0.000000 0.000000 0.000000 0.000000 0.000000 0.000000 0.000000 0.000000 0.000000 0.000000 0.000000 0.000000 0.000000 95.341331 0.000000 0.000000 179.557724 0.000000 113.190719 50.291921 108.299039 103.799835 0.000000 155.746921 93.725968 112.820406 117.585965 111.766541 0.000000 0.000000 0.000000 112.360991 0.000000 72.117852 103.009294 0.000000 0.000000 0.000000 0.000000 0.000000 81.456370 0.000000 125.374345 0.000000 0.000000 0.000000 0.000000 0.000000 107.377298 140.231288 124.349502 0.000000 56.940228 36.430621 25.980329 26.089298 92.979010 122.141512 40.902009 27.357162 0.000000 71.036612 0.000000 0.000000 0.000000 91.525441
0.000000 66.661158 108.458506 0.000000 0.000000 0.000000 0.000000 0.000000 0.000000 0.000000 0.000000 0.000000 0.000000 0.000000 0.000000 137.597163 119.050847 0.000000 129.970611 0.000000 0.000000 91.630845 124.639868 167.375073 0.000000 118.382697 110.403688 189.482832 0.000000 0.000000 0.000000 0.000000 0.000000 119.524686 109.846572 55.174554 40.366134 0.000000 0.000000 0.000000 112.327446 139.049050 0.000000 177.959564 65.404906 0.000000 97.410241 131.123117 0.000000 107.377298 0.000000 57.572377 31.600772 0.000000 67.294714 73.768391 39.529341 137.344798 69.511707 43.645872 72.703004 116.945083 121.478423 82.845087 97.274556 0.000000 0.000000 34.956456
0.000000 0.000000 151.309827 0.000000 0.000000 0.000000 0.000000 0.000000 0.000000 0.000000 98.411325 0.000000 98.191670 0.000000 0.000000 0.000000 0.000000 108.056781 123.345718 0.000000 0.000000 0.000000 0.000000 0.000000 0.000000 104.276439 115.236865 0.000000 0.000000 0.000000 110.798737 0.000000 0.000000 0.000000 146.423362 78.936367 0.000000 0.000000 115.738613 145.263178 156.901412 134.904874 163.416351 179.094214 23.752095 175.720485 59.709662 132.635787 0.000000 140.231288 57.572377 0.000000 23.041913 0.000000 110.418032 0.000000 99.267021 0.000000 48.994576 28.196168 65.384316 178.472205 124.536197 135.360477 55.784711 91.511781 0.000000 52.512527
0.000000 0.000000 114.671798 0.000000 0.000000 0.000000 0.000000 0.000000 0.000000 0.000000 0.000000 0.000000 112.953865 0.000000 0.000000 0.000000 127.238548 123.447018 120.476788 0.000000 0.000000 133.453485 159.561185 0.000000 0.000000 111.378580 113.591468 0.000000 0.000000 0.000000 123.232889 0.000000 0.000000 125.970945 137.211000 56.075207 61.801414 0.000000 0.000000 162.751707 141.656673 159.144871 164.228865 178.760419 37.524224 178.977106 77.988341 151.771185 0.000000 124.349502 31.600772 23.041913 0.000000 0.000000 94.573377 102.255315 77.607308 154.593519 54.787152 35.852343 70.172299 147.743838 141.697192 115.647521 72.132404 107.561428 0.000000 44.671845
0.000000 0.000000 0.000000 155.068093 0.000000 0.000000 0.000000 0.000000 0.000000 159.073210 0.000000 0.000000 0.000000 0.000000 0.000000 0.000000 0.000000 0.000000 0.000000 0.000000 0.000000 0.000000 0.000000 0.000000 0.000000 0.000000 0.000000 157.689142 0.000000 0.000000 0.000000 0.000000 0.000000 0.000000 0.000000 0.000000 0.000000 14.808288 0.000000 74.843217 73.902239 94.526960 43.443256 15.399411 149.848196 11.406159 0.000000 111.825646 0.000000 0.000000 0.000000 0.000000 0.000000 0.000000 0.000000 0.000000 0.000000 16.567854 0.000000 0.000000 0.000000 33.358123 118.052532 0.000000 0.000000 0.000000 0.000000 115.927022
0.000000 0.000000 0.000000 0.000000 0.000000 0.000000 0.000000 0.000000 0.000000 0.000000 0.000000 0.000000 0.000000 0.000000 0.000000 109.789366 0.000000 0.000000 0.000000 0.000000 0.000000 70.193089 128.728977 0.000000 0.000000 0.000000 123.738485 110.579785 0.000000 0.000000 0.000000 0.000000 0.000000 135.811515 90.547607 0.000000 71.448737 0.000000 0.000000 134.513159 79.457086 115.715437 86.781503 120.030775 102.703480 0.000000 0.000000 105.225203 0.000000 56.940228 67.294714 110.418032 94.573377 0.000000 0.000000 59.741694 42.812434 69.886673 134.746342 101.469305 84.565479 52.164219 48.099929 43.776243 0.000000 0.000000 30.855495 63.879354
0.000000 0.000000 56.604294 0.000000 0.000000 0.000000 0.000000 0.000000 0.000000 0.000000 0.000000 0.000000 0.000000 0.000000 0.000000 48.170688 93.182007 0.000000 143.549950 0.000000 82.671070 11.544951 64.797050 61.561979 0.000000 0.000000 56.142880 64.953740 0.000000 74.918333 0.000000 0.000000 0.000000 0.000000 0.000000 30.060572 48.413668 0.000000 131.323710 135.313155 0.000000 0.000000 33.807540 0.000000 112.745909 0.000000 94.523811 0.000000 108.135552 36.430621 73.768391 0.000000 102.255315 0.000000 59.741694 0.000000 56.975512 48.825921 67.857961 99.255721 52.729595 61.059439 0.000000 109.865504 0.000000 149.700865 0.000000 99.592266
0.000000 74.820411 106.845969 0.000000 0.000000 0.000000 0.000000 0.000000 0.000000 0.000000 0.000000 0.000000 0.000000 0.000000 0.000000 106.165254 132.168807 0.000000 171.667114 0.000000 127.218794 64.936943 119.273652 154.290347 0.000000 161.207006 108.561364 162.866017 0.000000 0.000000 0.000000 0.000000 0.000000 119.894279 100.145474 62.126653 41.546310 0.000000 0.000000 147.748324 100.740862 128.098891 0.000000 138.593317 93.602401 0.000000 0.000000 119.949617 0.000000 25.980329 39.529341 99.267021 77.607308 0.000000 42.812434 56.975512 0.000000 79.909384 0.000000 73.684896 47.637986 72.339563 112.583631 59.976579 0.000000 0.000000 0.000000 52.319740
0.000000 0.000000 177.745979 117.611153 0.000000 148.630442 146.047943 159.301830 97.571226 134.109539 212.290966 137.258505 0.000000 177.125668 0.000000 116.861936 183.391531 0.000000 202.925529 126.154739 0.000000 68.360837 133.720216 108.339698 0.000000 202.728113 189.739078 123.257989 156.033759 126.392891 0.000000 193.443268 124.675125 142.792876 96.233306 97.596696 108.395599 33.591143 117.166308 108.361981 54.509517 87.121611 36.546891 60.278534 163.594263 34.009963 158.043820 104.502148 86.054588 26.089298 137.344798 0.000000 154.593519 16.567854 69.886673 48.825921 79.909384 0.000000 131.332264 137.454950 106.634515 30.443204 104.268150 79.388473 175.188327 135.850456 94.321053 103.438755
0.000000 0.000000 0.000000 0.000000 0.000000 0.000000 0.000000 0.000000 0.000000 0.000000 80.461897 0.000000 60.105087 0.000000 0.000000 0.000000 81.547336 69.544415 72.867695 0.000000 0.000000 0.000000 0.000000 0.000000 43.595848 60.728839 64.009332 0.000000 0.000000 0.000000 85.535343 0.000000 0.000000 82.535030 0.000000 26.490524 0.000000 0.000000 170.481407 192.650800 151.175220 127.857446 124.128732 0.000000 40.235403 0.000000 26.917942 139.034373 0.000000 92.979010 69.511707 48.994576 54.787152 0.000000 134.746342 67.857961 0.000000 131.332264 0.000000 44.661215 34.507211 170.236412 118.633697 134.887969 48.722157 99.586634 0.000000 53.175694
0.000000 115.690988 98.588880 0.000000 0.000000 0.000000 0.000000 0.000000 196.391307 0.000000 112.000247 0.000000 89.932747 208.696638 0.000000 0.000000 113.971697 107.725385 110.839275 0.000000 0.000000 149.508549 180.323342 196.158010 122.148698 99.838924 103.459338 0.000000 0.000000 194.683792 107.700614 0.000000 0.000000 122.345094 138.142148 49.763729 39.920476 0.000000 172.306541 175.926210 138.488538 158.786298 139.100974 188.660903 30.123172 181.443336 41.258583 149.164641 0.000000 122.141512 43.645872 28.196168 35.852343 0.000000 101.469305 99.255721 73.684896 137.454950 44.661215 0.000000 48.539244 142.173964 151.982623 126.169948 32.806350 105.500504 0.000000 59.237441
