0.000000 0.000000 0.000000 0.000000 0.000000 0.000133 0.009827 0.000613 0.000160 0.000253 0.000107 0.000000 0.000000 0.037013 0.000000 0.000000 0.001547 0.000160 0.001880 0.000000 0.000507 0.000000 0.000800 0.000520 0.000000 0.000573 0.000093 0.001013 0.082613 0.024200 0.000000 0.000093 0.000000 0.000760 0.000000 0.000000 0.000000 0.000000 0.000000 0.000000 0.000000 0.000000 0.000000 0.000000 0.000000 0.000000 0.000000 0.000000 0.000000 0.000000 0.000000 0.000000 0.000000 0.000000 0.000000 0.000000 0.000000 0.000000 0.000000 0.000000 0.000000 0.000000 0.000000 0.000000 0.000000 0.000000 0.000000 0.000000
0.000000 0.000000 0.002587 0.000000 0.000600 0.000000 0.000067 0.000067 0.005880 0.000000 0.000000 0.000000 0.007133 0.000107 0.000280 0.000133 0.002880 0.000213 0.000493 0.000000 0.000000 0.012213 0.002453 0.004453 0.009613 0.000880 0.016213 0.000360 0.000000 0.000067 0.000000 0.000000 0.000000 0.000347 0.000000 0.000000 0.000640 0.000000 0.000000 0.000000 0.000000 0.000000 0.000000 0.000000 0.000000 0.000000 0.000000 0.000000 0.000000 0.000000 0.000373 0.000000 0.000000 0.000000 0.000000 0.000000 0.000080 0.000000 0.000000 0.000133 0.001333 0.000000 0.000000 0.000000 0.000000 0.000000 0.000000 0.000000
0.000000 0.002587 0.000000 0.000067 0.000000 0.000480 0.008573 0.002760 0.000000 0.000973 0.000000 0.000000 0.000000 0.002920 0.000000 0.000000 0.075840 0.000227 0.004213 0.000000 0.010387 0.002387 0.062493 0.001293 0.000000 0.134480 0.098427 0.007827 0.000333 0.002133 0.000000 0.000000 0.000000 0.002707 0.000000 0.001760 0.005893 0.000000 0.000000 0.000000 0.000000 0.000000 0.000000 0.000000 0.000000 0.000000 0.000000 0.000000 0.000000 0.000000 0.007720 0.000067 0.000413 0.000000 0.000000 0.000147 0.004027 0.000080 0.000000 0.003867 0.009253 0.000000 0.000000 0.000000 0.000000 0.000000 0.000000 0.000560
0.000000 0.000000 0.000067 0.000000 0.000280 0.001173 0.001187 0.001480 0.008600 0.021960 0.000067 0.028013 0.000000 0.001320 0.000387 0.000000 0.000000 0.000000 0.000000 0.017733 0.000000 0.000000 0.000000 0.008867 0.000000 0.000093 0.000000 0.043480 0.001093 0.000000 0.000000 0.000520 0.000000 0.000307 0.000000 0.000000 0.000000 0.000800 0.000000 0.000307 0.000133 0.000387 0.000120 0.001573 0.000000 0.000307 0.000000 0.000093 0.000000 0.000000 0.000000 0.000000 0.000000 0.000093 0.000000 0.000000 0.000000 0.000973 0.000000 0.000000 0.000000 0.003787 0.000080 0.000000 0.000000 0.000000 0.000000 0.000000
0.000000 0.000600 0.000000 0.000280 0.000000 0.017427 0.000000 0.002160 0.001320 0.000707 0.000307 0.000400 0.000387 0.000133 0.039333 0.000000 0.000067 0.000000 0.000067 0.000107 0.000000 0.001933 0.000000 0.002253 0.000173 0.000093 0.001267 0.000707 0.000213 0.000000 0.000000 0.002707 0.000000 0.010200 0.000000 0.000000 0.000000 0.000000 0.000000 0.000000 0.000000 0.000000 0.000000 0.000000 0.000000 0.000000 0.000000 0.000000 0.000000 0.000000 0.000000 0.000000 0.000000 0.000000 0.000000 0.000000 0.000000 0.000000 0.000000 0.000000 0.000000 0.000000 0.000000 0.000000 0.000000 0.000000 0.000000 0.000000
0.000133 0.000000 0.000480 0.001173 0.017427 0.000000 0.031840 0.098133 0.002520 0.194840 0.001507 0.027373 0.000800 0.011933 0.008040 0.000000 0.000187 0.000307 0.000133 0.001067 0.000000 0.000200 0.000280 0.001547 0.000000 0.000480 0.000347 0.012667 0.009987 0.000120 0.000107 0.041253 0.000000 0.002373 0.000000 0.000000 0.000000 0.000267 0.000000 0.000813 0.000213 0.001227 0.000160 0.001760 0.000000 0.000000 0.000000 0.000387 0.000000 0.000000 0.000000 0.000000 0.000000 0.000000 0.000000 0.000000 0.000000 0.002253 0.000000 0.000000 0.000000 0.004053 0.000547 0.000000 0.000000 0.000000 0.000000 0.000173
0.009827 0.000067 0.008573 0.001187 0.000000 0.031840 0.000000 0.038640 0.000520 0.138747 0.000293 0.000347 0.000200 0.097387 0.000067 0.000000 0.005493 0.000293 0.003413 0.000160 0.006053 0.000000 0.013440 0.025187 0.000000 0.003827 0.001347 0.257480 0.009547 0.052747 0.000000 0.000467 0.000000 0.002360 0.000000 0.000000 0.000000 0.000000 0.000000 0.000107 0.000000 0.000000 0.000080 0.000213 0.000000 0.000000 0.000000 0.000000 0.000000 0.000000 0.000000 0.000000 0.000000 0.000000 0.000000 0.000000 0.000000 0.000080 0.000000 0.000000 0.000000 0.000280 0.000000 0.000000 0.000000 0.000000 0.000000 0.000000
0.000613 0.000067 0.002760 0.001480 0.002160 0.098133 0.038640 0.000000 0.001867 0.063520 0.001533 0.008080 0.000787 0.133893 0.000907 0.000000 0.003680 0.000387 0.003227 0.001613 0.001520 0.000080 0.004067 0.002893 0.000000 0.003747 0.000640 0.013987 0.011573 0.003600 0.000173 0.033573 0.000000 0.001973 0.000000 0.000000 0.000000 0.000093 0.000000 0.000333 0.000080 0.000520 0.000080 0.000467 0.000000 0.000093 0.000000 0.000280 0.000000 0.000000 0.000000 0.000000 0.000000 0.000000 0.000000 0.000000 0.000000 0.000880 0.000000 0.000000 0.000000 0.001387 0.000253 0.000000 0.000000 0.000000 0.000000 0.000200
0.000160 0.005880 0.000000 0.008600 0.001320 0.002520 0.000520 0.001867 0.000000 0.007173 0.000213 0.003893 0.002973 0.001827 0.000667 0.000000 0.000520 0.000133 0.000440 0.002893 0.000000 0.020293 0.000000 0.117533 0.002427 0.001000 0.009280 0.016160 0.006013 0.001667 0.000093 0.000360 0.000173 0.001160 0.000000 0.000000 0.000000 0.000147 0.000000 0.000000 0.000000 0.000000 0.000160 0.000347 0.000000 0.000000 0.000000 0.000000 0.000000 0.000000 0.000000 0.000000 0.000000 0.000000 0.000000 0.000000 0.000000 0.000467 0.000000 0.000120 0.000067 0.000693 0.000067 0.000000 0.000000 0.000000 0.000000 0.000093
0.000253 0.000000 0.000973 0.021960 0.000707 0.194840 0.138747 0.063520 0.007173 0.000000 0.001453 0.008333 0.000627 0.028293 0.000760 0.000000 0.000533 0.000267 0.000280 0.012747 0.000213 0.000000 0.000853 0.002280 0.000000 0.001240 0.000680 0.114773 0.010720 0.000293 0.000160 0.002947 0.000000 0.005133 0.000000 0.000000 0.000000 0.001027 0.000000 0.002627 0.000400 0.001973 0.001000 0.006307 0.000000 0.000200 0.000000 0.000453 0.000000 0.000000 0.000000 0.000000 0.000000 0.000107 0.000000 0.000000 0.000000 0.002867 0.000000 0.000000 0.000067 0.009627 0.000533 0.000000 0.000000 0.000000 0.000000 0.000293
0.000107 0.000000 0.000000 0.000067 0.000307 0.001507 0.000293 0.001533 0.000213 0.001453 0.000000 0.000893 0.054853 0.004173 0.000000 0.000000 0.000613 0.024333 0.036680 0.000133 0.000000 0.000000 0.000080 0.000187 0.000133 0.044733 0.010347 0.000413 0.005573 0.000733 0.018507 0.005133 0.000000 0.045880 0.000000 0.000000 0.000000 0.000000 0.000000 0.000000 0.000000 0.000000 0.000000 0.000000 0.000240 0.000000 0.001613 0.000000 0.000000 0.000000 0.000000 0.000093 0.000000 0.000000 0.000000 0.000000 0.000000 0.000107 0.000160 0.000347 0.000653 0.000067 0.000000 0.000000 0.000240 0.000000 0.000000 0.000000
0.000000 0.000000 0.000000 0.028013 0.000400 0.027373 0.000347 0.008080 0.003893 0.008333 0.000893 0.000000 0.000200 0.009560 0.000240 0.000000 0.000000 0.000240 0.000000 0.009080 0.000000 0.000000 0.000000 0.006427 0.000000 0.000453 0.000413 0.016733 0.005480 0.000000 0.000080 0.003093 0.000000 0.001573 0.000000 0.000000 0.000000 0.000640 0.000000 0.000120 0.000000 0.000067 0.000107 0.000627 0.000000 0.000360 0.000000 0.000000 0.000000 0.000000 0.000000 0.000000 0.000000 0.000000 0.000000 0.000000 0.000000 0.000560 0.000000 0.000000 0.000080 0.002067 0.000000 0.000000 0.000000 0.000000 0.000000 0.000000
0.000000 0.007133 0.000000 0.000000 0.000387 0.000800 0.000200 0.000787 0.002973 0.000627 0.054853 0.000200 0.000000 0.001907 0.000267 0.000000 0.000000 0.000080 0.000280 0.000000 0.000000 0.004840 0.000000 0.001880 0.031733 0.002507 0.030520 0.000147 0.002507 0.000000 0.039880 0.003520 0.000000 0.012773 0.000000 0.000000 0.000000 0.000000 0.000000 0.000000 0.000000 0.000000 0.000000 0.000000 0.004040 0.000000 0.018520 0.000067 0.000000 0.000000 0.000000 0.000467 0.000147 0.000000 0.000000 0.000000 0.000000 0.000000 0.001293 0.003467 0.003253 0.000000 0.000067 0.000000 0.004187 0.000093 0.000000 0.000480
0.037013 0.000107 0.002920 0.001320 0.000133 0.011933 0.097387 0.133893 0.001827 0.028293 0.004173 0.009560 0.001907 0.000000 0.000333 0.000000 0.011080 0.001573 0.011480 0.001707 0.003360 0.000000 0.008387 0.004520 0.000000 0.007720 0.001013 0.014187 0.097813 0.029587 0.000453 0.014027 0.000000 0.006053 0.000000 0.000000 0.000000 0.000000 0.000000 0.000227 0.000000 0.000387 0.000093 0.000360 0.000000 0.000000 0.000000 0.000187 0.000000 0.000000 0.000000 0.000000 0.000000 0.000000 0.000000 0.000000 0.000000 0.000680 0.000000 0.000093 0.000067 0.001213 0.000400 0.000000 0.000000 0.000000 0.000000 0.000187
0.000000 0.000280 0.000000 0.000387 0.039333 0.008040 0.000067 0.000907 0.000667 0.000760 0.000000 0.000240 0.000267 0.000333 0.000000 0.000000 0.000000 0.000000 0.000000 0.000000 0.000000 0.001320 0.000000 0.004507 0.000133 0.000000 0.000907 0.001133 0.000360 0.000000 0.000000 0.002373 0.000000 0.000160 0.000000 0.000000 0.000000 0.000000 0.000000 0.000000 0.000000 0.000000 0.000000 0.000000 0.000000 0.000000 0.000000 0.000000 0.000000 0.000000 0.000000 0.000000 0.000000 0.000000 0.000000 0.000000 0.000000 0.000000 0.000000 0.000000 0.000000 0.000000 0.000000 0.000000 0.000000 0.000000 0.000000 0.000000
0.000000 0.000133 0.000000 0.000000 0.000000 0.000000 0.000000 0.000000 0.000000 0.000000 0.000000 0.000000 0.000000 0.000000 0.000000 0.000000 0.001027 0.000000 0.000227 0.000000 0.035333 0.058667 0.057560 0.005280 0.000000 0.000280 0.028813 0.001160 0.000000 0.001893 0.000000 0.000000 0.000000 0.000840 0.000000 0.000067 0.000067 0.000000 0.000000 0.000000 0.000000 0.000000 0.000000 0.000000 0.000000 0.000000 0.000000 0.000000 0.000000 0.015187 0.000373 0.000000 0.000000 0.000000 0.001507 0.005320 0.017427 0.000493 0.000000 0.000000 0.001933 0.000547 0.000000 0.000000 0.000000 0.000000 0.000000 0.000000
0.001547 0.002880 0.075840 0.000000 0.000067 0.000187 0.005493 0.003680 0.000520 0.000533 0.000613 0.000000 0.000000 0.011080 0.000000 0.001027 0.000000 0.002680 0.048427 0.000000 0.012173 0.001293 0.048880 0.002187 0.000000 0.016107 0.075453 0.002920 0.008680 0.013800 0.000000 0.000000 0.000000 0.004480 0.000000 0.001680 0.006067 0.000000 0.000000 0.000000 0.000000 0.000000 0.000000 0.000000 0.000000 0.000000 0.000000 0.000000 0.000000 0.000000 0.004667 0.000000 0.001067 0.000000 0.000000 0.000093 0.000800 0.000133 0.000067 0.002853 0.006907 0.000000 0.000000 0.000000 0.000000 0.000000 0.000000 0.000253
0.000160 0.000213 0.000227 0.000000 0.000000 0.000307 0.000293 0.000387 0.000133 0.000267 0.024333 0.000240 0.000080 0.001573 0.000000 0.000000 0.002680 0.000000 0.035267 0.000000 0.000160 0.000120 0.000413 0.000093 0.000293 0.032653 0.005573 0.000187 0.001267 0.000480 0.000653 0.000507 0.000000 0.007080 0.000000 0.000120 0.000000 0.000000 0.000000 0.000000 0.000000 0.000000 0.000000 0.000000 0.000093 0.000000 0.000400 0.000000 0.000000 0.000000 0.000000 0.000173 0.000200 0.000000 0.000000 0.000000 0.000000 0.000000 0.000240 0.001173 0.001413 0.000000 0.000000 0.000000 0.000280 0.000000 0.000000 0.000000
0.001880 0.000493 0.004213 0.000000 0.000067 0.000133 0.003413 0.003227 0.000440 0.000280 0.036680 0.000000 0.000280 0.011480 0.000000 0.000227 0.048427 0.035267 0.000000 0.000000 0.003587 0.000347 0.005387 0.000680 0.000613 0.087693 0.050640 0.001107 0.012187 0.010933 0.000387 0.000107 0.000067 0.009853 0.000000 0.001973 0.000667 0.000000 0.000000 0.000000 0.000000 0.000000 0.000000 0.000000 0.000000 0.000000 0.000280 0.000000 0.000000 0.000093 0.000920 0.000133 0.005707 0.000000 0.000000 0.000067 0.000120 0.000187 0.000453 0.009587 0.011733 0.000000 0.000000 0.000067 0.000187 0.000000 0.000000 0.000253
0.000000 0.000000 0.000000 0.017733 0.000107 0.001067 0.000160 0.001613 0.002893 0.012747 0.000133 0.009080 0.000000 0.001707 0.000000 0.000000 0.000000 0.000000 0.000000 0.000000 0.000000 0.000000 0.000000 0.003160 0.000000 0.000080 0.000093 0.008640 0.001200 0.000000 0.000000 0.000547 0.000000 0.000187 0.000000 0.000000 0.000000 0.000507 0.000000 0.000093 0.000000 0.000000 0.000000 0.000200 0.000000 0.000333 0.000000 0.000000 0.000000 0.000000 0.000000 0.000000 0.000000 0.000000 0.000000 0.000000 0.000000 0.000173 0.000000 0.000000 0.000000 0.001373 0.000000 0.000000 0.000000 0.000000 0.000000 0.000000
0.000507 0.000000 0.010387 0.000000 0.000000 0.000000 0.006053 0.001520 0.000000 0.000213 0.000000 0.000000 0.000000 0.003360 0.000000 0.035333 0.012173 0.000160 0.003587 0.000000 0.000000 0.001000 0.265187 0.000427 0.000000 0.001707 0.006173 0.039427 0.001600 0.072800 0.000000 0.000000 0.000000 0.025173 0.000000 0.000000 0.000000 0.000000 0.000000 0.000000 0.000000 0.000000 0.000000 0.000000 0.000000 0.000000 0.000000 0.000000 0.000000 0.000467 0.000000 0.000000 0.000000 0.000000 0.000000 0.000147 0.000360 0.000000 0.000000 0.000000 0.000080 0.000107 0.000000 0.000000 0.000000 0.000000 0.000000 0.000000
0.000000 0.012213 0.002387 0.000000 0.001933 0.000200 0.000000 0.000080 0.020293 0.000000 0.000000 0.000000 0.004840 0.000000 0.001320 0.058667 0.001293 0.000120 0.000347 0.000000 0.001000 0.000000 0.034907 0.041387 0.003493 0.000840 0.026787 0.004427 0.000347 0.001320 0.000093 0.000000 0.000000 0.000533 0.000000 0.000000 0.000000 0.000000 0.000000 0.000000 0.000000 0.000000 0.000000 0.000000 0.000000 0.000000 0.000000 0.000000 0.000000 0.002347 0.000093 0.000000 0.000067 0.000000 0.000160 0.000240 0.002227 0.000227 0.000000 0.000133 0.000800 0.000307 0.000000 0.000000 0.000000 0.000000 0.000000 0.000000
0.000800 0.002453 0.062493 0.000000 0.000000 0.000280 0.013440 0.004067 0.000000 0.000853 0.000080 0.000000 0.000000 0.008387 0.000000 0.057560 0.048880 0.000413 0.005387 0.000000 0.265187 0.034907 0.000000 0.004173 0.000000 0.016973 0.255533 0.045120 0.004227 0.027000 0.000000 0.000000 0.000000 0.038920 0.000000 0.000427 0.001013 0.000000 0.000000 0.000000 0.000000 0.000000 0.000000 0.000000 0.000000 0.000000 0.000000 0.000000 0.000000 0.011200 0.002840 0.000000 0.000200 0.000000 0.000840 0.003027 0.028333 0.000307 0.000000 0.000187 0.012187 0.000213 0.000000 0.000000 0.000000 0.000000 0.000000 0.000187
0.000520 0.004453 0.001293 0.008867 0.002253 0.001547 0.025187 0.002893 0.117533 0.002280 0.000187 0.006427 0.001880 0.004520 0.004507 0.005280 0.002187 0.000093 0.000680 0.003160 0.000427 0.041387 0.004173 0.000000 0.001347 0.001640 0.031360 0.047853 0.014467 0.009053 0.000000 0.000427 0.000880 0.004053 0.000000 0.000107 0.000000 0.000280 0.000000 0.000427 0.000000 0.000453 0.000707 0.001093 0.000000 0.000067 0.000000 0.000253 0.000000 0.000347 0.000347 0.000000 0.000000 0.000000 0.000000 0.000267 0.000133 0.002773 0.000000 0.000120 0.000267 0.002853 0.001347 0.000000 0.000000 0.000080 0.000093 0.000960
0.000000 0.009613 0.000000 0.000000 0.000173 0.000000 0.000000 0.000000 0.002427 0.000000 0.000133 0.000000 0.031733 0.000000 0.000133 0.000000 0.000000 0.000293 0.000613 0.000000 0.000000 0.003493 0.000000 0.001347 0.000000 0.002613 0.019200 0.000000 0.000000 0.000000 0.000560 0.000000 0.000000 0.000507 0.000000 0.000000 0.000000 0.000000 0.000000 0.000000 0.000000 0.000000 0.000000 0.000000 0.000093 0.000000 0.000253 0.000000 0.000000 0.000000 0.000000 0.000000 0.000000 0.000000 0.000000 0.000000 0.000000 0.000000 0.000067 0.000080 0.000000 0.000000 0.000000 0.000000 0.000000 0.000000 0.000000 0.000000
0.000573 0.000880 0.134480 0.000093 0.000093 0.000480 0.003827 0.003747 0.001000 0.001240 0.044733 0.000453 0.002507 0.007720 0.000000 0.000280 0.016107 0.032653 0.087693 0.000080 0.001707 0.000840 0.016973 0.001640 0.002613 0.000000 0.136480 0.001853 0.003600 0.002587 0.002773 0.000720 0.000000 0.010053 0.000000 0.001507 0.001987 0.000000 0.000000 0.000000 0.000000 0.000000 0.000093 0.000000 0.000600 0.000000 0.004373 0.000000 0.000000 0.000067 0.001227 0.001053 0.002920 0.000000 0.000000 0.000000 0.000080 0.000160 0.002413 0.014973 0.016720 0.000080 0.000000 0.000000 0.001893 0.000000 0.000000 0.000253
0.000093 0.016213 0.098427 0.000000 0.001267 0.000347 0.001347 0.000640 0.009280 0.000680 0.010347 0.000413 0.030520 0.001013 0.000907 0.028813 0.075453 0.005573 0.050640 0.000093 0.006173 0.026787 0.255533 0.031360 0.019200 0.136480 0.000000 0.038653 0.001280 0.000467 0.003067 0.000573 0.000000 0.035933 0.000000 0.004880 0.008600 0.000000 0.000000 0.000000 0.000067 0.000000 0.000080 0.000000 0.000960 0.000000 0.005493 0.000000 0.000000 0.003427 0.009733 0.000987 0.005400 0.000000 0.000427 0.002440 0.022133 0.000493 0.002013 0.015880 0.040373 0.000147 0.000000 0.000200 0.002387 0.000000 0.000000 0.000720
0.001013 0.000360 0.007827 0.043480 0.000707 0.012667 0.257480 0.013987 0.016160 0.114773 0.000413 0.016733 0.000147 0.014187 0.001133 0.001160 0.002920 0.000187 0.001107 0.008640 0.039427 0.004427 0.045120 0.047853 0.000000 0.001853 0.038653 0.000000 0.024253 0.098400 0.000000 0.000827 0.001560 0.012800 0.000000 0.000120 0.000000 0.001200 0.000000 0.001880 0.000227 0.001040 0.001013 0.004453 0.000000 0.000467 0.000000 0.000360 0.000000 0.000427 0.000147 0.000000 0.000000 0.000120 0.000067 0.000133 0.000253 0.003333 0.000000 0.000000 0.000133 0.007920 0.000707 0.000000 0.000000 0.000000 0.000000 0.000520
0.082613 0.000000 0.000333 0.001093 0.000213 0.009987 0.009547 0.011573 0.006013 0.010720 0.005573 0.005480 0.002507 0.097813 0.000360 0.000000 0.008680 0.001267 0.012187 0.001200 0.001600 0.000347 0.004227 0.014467 0.000000 0.003600 0.001280 0.024253 0.000000 0.053973 0.000307 0.012840 0.075213 0.032600 0.000000 0.000000 0.000000 0.000000 0.000000 0.000227 0.000107 0.000787 0.000280 0.000293 0.000000 0.000000 0.000000 0.000720 0.000000 0.000080 0.000000 0.000000 0.000000 0.000000 0.000000 0.000000 0.000000 0.002147 0.000000 0.000000 0.000120 0.002253 0.001587 0.000000 0.000000 0.000000 0.000107 0.000973
0.024200 0.000067 0.002133 0.000000 0.000000 0.000120 0.052747 0.003600 0.001667 0.000293 0.000733 0.000000 0.000000 0.029587 0.000000 0.001893 0.013800 0.000480 0.010933 0.000000 0.072800 0.001320 0.027000 0.009053 0.000000 0.002587 0.000467 0.098400 0.053973 0.000000 0.000000 0.000093 0.000827 0.014533 0.000000 0.000000 0.000000 0.000000 0.000000 0.000000 0.000000 0.000000 0.000267 0.000000 0.000000 0.000000 0.000000 0.000000 0.000000 0.000213 0.000000 0.000000 0.000000 0.000000 0.000000 0.000240 0.000000 0.000747 0.000000 0.000067 0.000067 0.000533 0.000360 0.000000 0.000000 0.000000 0.000000 0.000387
0.000000 0.000000 0.000000 0.000000 0.000000 0.000107 0.000000 0.000173 0.000093 0.000160 0.018507 0.000080 0.039880 0.000453 0.000000 0.000000 0.000000 0.000653 0.000387 0.000000 0.000000 0.000093 0.000000 0.000000 0.000560 0.002773 0.003067 0.000000 0.000307 0.000000 0.000000 0.000480 0.000000 0.001307 0.000000 0.000000 0.000000 0.000000 0.000000 0.000000 0.000000 0.000000 0.000000 0.000000 0.000960 0.000000 0.004680 0.000000 0.000000 0.000000 0.000000 0.000227 0.000080 0.000000 0.000000 0.000000 0.000000 0.000000 0.000333 0.000813 0.001267 0.000000 0.000000 0.000000 0.001013 0.000000 0.000000 0.000000
0.000093 0.000000 0.000000 0.000520 0.002707 0.041253 0.000467 0.033573 0.000360 0.002947 0.005133 0.003093 0.003520 0.014027 0.002373 0.000000 0.000000 0.000507 0.000107 0.000547 0.000000 0.000000 0.000000 0.000427 0.000000 0.000720 0.000573 0.000827 0.012840 0.000093 0.000480 0.000000 0.000000 0.032627 0.000000 0.000000 0.000000 0.000000 0.000000 0.000000 0.000000 0.000093 0.000000 0.000000 0.000000 0.000000 0.000000 0.000000 0.000000 0.000000 0.000000 0.000000 0.000000 0.000000 0.000000 0.000000 0.000000 0.000120 0.000000 0.000000 0.000000 0.000147 0.000093 0.000000 0.000000 0.000000 0.000000 0.000000
0.000000 0.000000 0.000000 0.000000 0.000000 0.000000 0.000000 0.000000 0.000173 0.000000 0.000000 0.000000 0.000000 0.000000 0.000000 0.000000 0.000000 0.000000 0.000067 0.000000 0.000000 0.000000 0.000000 0.000880 0.000000 0.000000 0.000000 0.001560 0.075213 0.000827 0.000000 0.000000 0.000000 0.001160 0.000000 0.000000 0.000000 0.000000 0.000000 0.000000 0.000000 0.000000 0.000000 0.000000 0.000000 0.000000 0.000000 0.000000 0.000000 0.000000 0.000000 0.000000 0.000000 0.000000 0.000000 0.000000 0.000000 0.000080 0.000000 0.000000 0.000000 0.000000 0.000000 0.000000 0.000000 0.000000 0.000000 0.000000
0.000760 0.000347 0.002707 0.000307 0.010200 0.002373 0.002360 0.001973 0.001160 0.005133 0.045880 0.001573 0.012773 0.006053 0.000160 0.000840 0.004480 0.007080 0.009853 0.000187 0.025173 0.000533 0.038920 0.004053 0.000507 0.010053 0.035933 0.012800 0.032600 0.014533 0.001307 0.032627 0.001160 0.000000 0.000000 0.000360 0.000600 0.000000 0.000000 0.000000 0.000000 0.000320 0.000067 0.000147 0.000000 0.000000 0.000147 0.000227 0.000000 0.000187 0.000667 0.000000 0.000573 0.000000 0.000080 0.000000 0.000667 0.001480 0.000133 0.001013 0.002707 0.001293 0.000493 0.000000 0.000000 0.000000 0.000000 0.000320
0.000000 0.000000 0.000000 0.000000 0.000000 0.000000 0.000000 0.000000 0.000000 0.000000 0.000000 0.000000 0.000000 0.000000 0.000000 0.000000 0.000000 0.000000 0.000000 0.000000 0.000000 0.000000 0.000000 0.000000 0.000000 0.000000 0.000000 0.000000 0.000000 0.000000 0.000000 0.000000 0.000000 0.000000 0.000000 0.000000 0.000120 0.000000 0.000000 0.000000 0.025787 0.002133 0.000120 0.000427 0.000547 0.000000 0.000000 0.051733 0.000000 0.000000 0.000747 0.000427 0.001800 0.000000 0.000333 0.000000 0.000560 0.000453 0.000000 0.001320 0.000253 0.001520 0.056467 0.048093 0.000000 0.000067 0.000000 0.001613
0.000000 0.000000 0.001760 0.000000 0.000000 0.000000 0.000000 0.000000 0.000000 0.000000 0.000000 0.000000 0.000000 0.000000 0.000000 0.000067 0.001680 0.000120 0.001973 0.000000 0.000000 0.000000 0.000427 0.000107 0.000000 0.001507 0.004880 0.000120 0.000000 0.000000 0.000000 0.000000 0.000000 0.000360 0.000000 0.000000 0.008413 0.000000 0.000867 0.000307 0.000000 0.000000 0.003707 0.000000 0.000387 0.000000 0.005520 0.000000 0.000120 0.000733 0.016000 0.000107 0.005040 0.000000 0.000000 0.019173 0.001120 0.007440 0.018000 0.002773 0.051747 0.000467 0.000000 0.000093 0.000000 0.000000 0.000000 0.000920
0.000000 0.000640 0.005893 0.000000 0.000000 0.000000 0.000000 0.000000 0.000000 0.000000 0.000000 0.000000 0.000000 0.000000 0.000000 0.000067 0.006067 0.000000 0.000667 0.000000 0.000000 0.000000 0.001013 0.000000 0.000000 0.001987 0.008600 0.000000 0.000000 0.000000 0.000000 0.000000 0.000000 0.000600 0.000120 0.008413 0.000000 0.000000 0.000000 0.000307 0.014933 0.002760 0.000000 0.000427 0.000160 0.000000 0.000000 0.003787 0.000000 0.000107 0.078747 0.000000 0.004053 0.000000 0.004880 0.000400 0.059133 0.000347 0.000000 0.083053 0.068160 0.005773 0.000893 0.000493 0.000000 0.000000 0.000000 0.004907
0.000000 0.000000 0.000000 0.000800 0.000000 0.000267 0.000000 0.000093 0.000147 0.001027 0.000000 0.000640 0.000000 0.000000 0.000000 0.000000 0.000000 0.000000 0.000000 0.000507 0.000000 0.000000 0.000000 0.000280 0.000000 0.000000 0.000000 0.001200 0.000000 0.000000 0.000000 0.000000 0.000000 0.000000 0.000000 0.000000 0.000000 0.000000 0.000000 0.000213 0.000107 0.000440 0.004053 0.018413 0.000000 0.024240 0.000000 0.000253 0.000067 0.000000 0.000000 0.000000 0.000000 0.047560 0.000000 0.000000 0.000000 0.005413 0.000000 0.000000 0.000000 0.052187 0.000120 0.000000 0.000000 0.000000 0.000000 0.000067
0.000000 0.000000 0.000000 0.000000 0.000000 0.000000 0.000000 0.000000 0.000000 0.000000 0.000000 0.000000 0.000000 0.000000 0.000000 0.000000 0.000000 0.000000 0.000000 0.000000 0.000000 0.000000 0.000000 0.000000 0.000000 0.000000 0.000000 0.000000 0.000000 0.000000 0.000000 0.000000 0.000000 0.000000 0.000000 0.000867 0.000000 0.000000 0.000000 0.079080 0.000173 0.009947 0.001507 0.000507 0.000707 0.000107 0.000293 0.000840 0.045293 0.000000 0.000000 0.000107 0.000000 0.000000 0.000000 0.001467 0.000000 0.002093 0.000107 0.000360 0.002507 0.001227 0.001800 0.000000 0.000093 0.010013 0.000000 0.014720
0.000000 0.000000 0.000000 0.000307 0.000000 0.000813 0.000107 0.000333 0.000000 0.002627 0.000000 0.000120 0.000000 0.000227 0.000000 0.000000 0.000000 0.000000 0.000000 0.000093 0.000000 0.000000 0.000000 0.000427 0.000000 0.000000 0.000000 0.001880 0.000227 0.000000 0.000000 0.000000 0.000000 0.000000 0.000000 0.000307 0.000307 0.000213 0.079080 0.000000 0.049333 0.188067 0.001440 0.161587 0.000587 0.014827 0.000227 0.014053 0.024347 0.000000 0.000000 0.000200 0.000227 0.000200 0.000187 0.000547 0.000267 0.001867 0.000093 0.000520 0.000973 0.016053 0.006293 0.000093 0.000133 0.036987 0.000000 0.003240
0.000000 0.000000 0.000000 0.000133 0.000000 0.000213 0.000000 0.000080 0.000000 0.000400 0.000000 0.000000 0.000000 0.000000 0.000000 0.000000 0.000000 0.000000 0.000000 0.000000 0.000000 0.000000 0.000000 0.000000 0.000000 0.000000 0.000067 0.000227 0.000107 0.000000 0.000000 0.000000 0.000000 0.000000 0.025787 0.000000 0.014933 0.000107 0.000173 0.049333 0.000000 0.102840 0.000947 0.188640 0.001707 0.001360 0.000107 0.148080 0.000187 0.000000 0.009947 0.001493 0.007920 0.000160 0.037053 0.000000 0.024427 0.006507 0.000107 0.013613 0.001320 0.295507 0.017800 0.085120 0.000173 0.000800 0.000000 0.003987
0.000000 0.000000 0.000000 0.000387 0.000000 0.001227 0.000000 0.000520 0.000000 0.001973 0.000000 0.000067 0.000000 0.000387 0.000000 0.000000 0.000000 0.000000 0.000000 0.000000 0.000000 0.000000 0.000000 0.000453 0.000000 0.000000 0.000000 0.001040 0.000787 0.000000 0.000000 0.000093 0.000000 0.000320 0.002133 0.000000 0.002760 0.000440 0.009947 0.188067 0.102840 0.000000 0.004667 0.065480 0.002747 0.007800 0.000520 0.320880 0.001187 0.000000 0.001133 0.001053 0.001973 0.000453 0.001867 0.000000 0.002040 0.000587 0.000120 0.003800 0.000547 0.008160 0.030827 0.011547 0.000307 0.082307 0.000000 0.002573
0.000000 0.000000 0.000000 0.000120 0.000000 0.000160 0.000080 0.000080 0.000160 0.001000 0.000000 0.000107 0.000000 0.000093 0.000000 0.000000 0.000000 0.000000 0.000000 0.000000 0.000000 0.000000 0.000000 0.000707 0.000000 0.000093 0.000080 0.001013 0.000280 0.000267 0.000000 0.000000 0.000000 0.000067 0.000120 0.003707 0.000000 0.004053 0.001507 0.001440 0.000947 0.004667 0.000000 0.003707 0.000307 0.005480 0.000533 0.004213 0.000560 0.000173 0.000000 0.000067 0.000387 0.000520 0.000107 0.025707 0.000000 0.104533 0.001067 0.000720 0.008733 0.031493 0.006293 0.000080 0.000000 0.000267 0.000227 0.001320
0.000000 0.000000 0.000000 0.001573 0.000000 0.001760 0.000213 0.000467 0.000347 0.006307 0.000000 0.000627 0.000000 0.000360 0.000000 0.000000 0.000000 0.000000 0.000000 0.000200 0.000000 0.000000 0.000000 0.001093 0.000000 0.000000 0.000000 0.004453 0.000293 0.000000 0.000000 0.000000 0.000000 0.000147 0.000427 0.000000 0.000427 0.018413 0.000507 0.161587 0.188640 0.065480 0.003707 0.000000 0.002387 0.070453 0.000293 0.031613 0.000467 0.000000 0.000093 0.000787 0.000693 0.043547 0.000120 0.000000 0.000200 0.002840 0.000000 0.000680 0.000773 0.119187 0.022533 0.000120 0.000173 0.002360 0.000000 0.008853
0.000000 0.000000 0.000000 0.000000 0.000000 0.000000 0.000000 0.000000 0.000000 0.000000 0.000240 0.000000 0.004040 0.000000 0.000000 0.000000 0.000000 0.000093 0.000000 0.000000 0.000000 0.000000 0.000000 0.000000 0.000093 0.000600 0.000960 0.000000 0.000000 0.000000 0.000960 0.000000 0.000000 0.000000 0.000547 0.000387 0.000160 0.000000 0.000707 0.000587 0.001707 0.002747 0.000307 0.002387 0.000000 0.001093 0.059453 0.011373 0.000000 0.000067 0.001827 0.116973 0.015880 0.000067 0.001573 0.000133 0.003573 0.000200 0.001653 0.053573 0.007413 0.000760 0.010467 0.004187 0.056440 0.007547 0.000000 0.065413
0.000000 0.000000 0.000000 0.000307 0.000000 0.000000 0.000000 0.000093 0.000000 0.000200 0.000000 0.000360 0.000000 0.000000 0.000000 0.000000 0.000000 0.000000 0.000000 0.000333 0.000000 0.000000 0.000000 0.000067 0.000000 0.000000 0.000000 0.000467 0.000000 0.000000 0.000000 0.000000 0.000000 0.000000 0.000000 0.000000 0.000000 0.024240 0.000107 0.014827 0.001360 0.007800 0.005480 0.070453 0.001093 0.000000 0.000253 0.012440 0.000000 0.000000 0.000000 0.000373 0.000360 0.019293 0.000000 0.000000 0.000000 0.009133 0.000000 0.000267 0.000293 0.033573 0.005453 0.000000 0.000067 0.001200 0.000000 0.002400
0.000000 0.000000 0.000000 0.000000 0.000000 0.000000 0.000000 0.000000 0.000000 0.000000 0.001613 0.000000 0.018520 0.000000 0.000000 0.000000 0.000000 0.000400 0.000280 0.000000 0.000000 0.000000 0.000000 0.000000 0.000253 0.004373 0.005493 0.000000 0.000000 0.000000 0.004680 0.000000 0.000000 0.000147 0.000000 0.005520 0.000000 0.000000 0.000293 0.000227 0.000107 0.000520 0.000533 0.000293 0.059453 0.000253 0.000000 0.002387 0.000000 0.000000 0.000107 0.003360 0.001827 0.000000 0.000000 0.000827 0.000000 0.000707 0.047640 0.012560 0.052080 0.000147 0.001747 0.000000 0.023320 0.001787 0.000000 0.009680
0.000000 0.000000 0.000000 0.000093 0.000000 0.000387 0.000000 0.000280 0.000000 0.000453 0.000000 0.000000 0.000067 0.000187 0.000000 0.000000 0.000000 0.000000 0.000000 0.000000 0.000000 0.000000 0.000000 0.000253 0.000000 0.000000 0.000000 0.000360 0.000720 0.000000 0.000000 0.000000 0.000000 0.000227 0.051733 0.000000 0.003787 0.000253 0.000840 0.014053 0.148080 0.320880 0.004213 0.031613 0.011373 0.012440 0.002387 0.000000 0.000293 0.000000 0.003840 0.003507 0.006760 0.000667 0.002267 0.000000 0.003013 0.002253 0.000240 0.009213 0.001520 0.013813 0.112827 0.077653 0.000813 0.015720 0.000000 0.011040
0.000000 0.000000 0.000000 0.000000 0.000000 0.000000 0.000000 0.000000 0.000000 0.000000 0.000000 0.000000 0.000000 0.000000 0.000000 0.000000 0.000000 0.000000 0.000000 0.000000 0.000000 0.000000 0.000000 0.000000 0.000000 0.000000 0.000000 0.000000 0.000000 0.000000 0.000000 0.000000 0.000000 0.000000 0.000000 0.000120 0.000000 0.000067 0.045293 0.024347 0.000187 0.001187 0.000560 0.000467 0.000000 0.000000 0.000000 0.000293 0.000000 0.000000 0.000000 0.000000 0.000000 0.000000 0.000000 0.000333 0.000000 0.002613 0.000000 0.000000 0.000453 0.001293 0.000173 0.000000 0.000000 0.001627 0.000000 0.000093
0.000000 0.000000 0.000000 0.000000 0.000000 0.000000 0.000000 0.000000 0.000000 0.000000 0.000000 0.000000 0.000000 0.000000 0.000000 0.015187 0.000000 0.000000 0.000093 0.000000 0.000467 0.002347 0.011200 0.000347 0.000000 0.000067 0.003427 0.000427 0.000080 0.000213 0.000000 0.000000 0.000000 0.000187 0.000000 0.000733 0.000107 0.000000 0.000000 0.000000 0.000000 0.000000 0.000173 0.000000 0.000067 0.000000 0.000000 0.000000 0.000000 0.000000 0.001427 0.000093 0.000560 0.000000 0.015867 0.057813 0.134400 0.032747 0.000107 0.000707 0.047480 0.011467 0.000000 0.002960 0.000000 0.000000 0.000000 0.000720
0.000000 0.000373 0.007720 0.000000 0.000000 0.000000 0.000000 0.000000 0.000000 0.000000 0.000000 0.000000 0.000000 0.000000 0.000000 0.000373 0.004667 0.000000 0.000920 0.000000 0.000000 0.000093 0.002840 0.000347 0.000000 0.001227 0.009733 0.000147 0.000000 0.000000 0.000000 0.000000 0.000000 0.000667 0.000747 0.016000 0.078747 0.000000 0.000000 0.000000 0.009947 0.001133 0.000000 0.000093 0.001827 0.000000 0.000107 0.003840 0.000000 0.001427 0.000000 0.004227 0.074387 0.000000 0.009267 0.001067 0.055413 0.001080 0.000093 0.029160 0.064307 0.002253 0.002000 0.026733 0.000067 0.000000 0.000000 0.012653
0.000000 0.000000 0.000067 0.000000 0.000000 0.000000 0.000000 0.000000 0.000000 0.000000 0.000093 0.000000 0.000467 0.000000 0.000000 0.000000 0.000000 0.000173 0.000133 0.000000 0.000000 0.000000 0.000000 0.000000 0.000000 0.001053 0.000987 0.000000 0.000000 0.000000 0.000227 0.000000 0.000000 0.000000 0.000427 0.000107 0.000000 0.000000 0.000107 0.000200 0.001493 0.001053 0.000067 0.000787 0.116973 0.000373 0.003360 0.003507 0.000000 0.000093 0.004227 0.000000 0.101080 0.000000 0.000787 0.000000 0.001733 0.000000 0.000267 0.074867 0.011720 0.000240 0.002227 0.004507 0.006173 0.000827 0.000000 0.007760
0.000000 0.000000 0.000413 0.000000 0.000000 0.000000 0.000000 0.000000 0.000000 0.000000 0.000000 0.000000 0.000147 0.000000 0.000000 0.000000 0.001067 0.000200 0.005707 0.000000 0.000000 0.000067 0.000200 0.000000 0.000000 0.002920 0.005400 0.000000 0.000000 0.000000 0.000080 0.000000 0.000000 0.000573 0.001800 0.005040 0.004053 0.000000 0.000000 0.000227 0.007920 0.001973 0.000387 0.000693 0.015880 0.000360 0.001827 0.006760 0.000000 0.000560 0.074387 0.101080 0.000000 0.000000 0.005040 0.000480 0.009733 0.000840 0.002013 0.161747 0.074360 0.001173 0.005200 0.030080 0.001373 0.000467 0.000000 0.019440
0.000000 0.000000 0.000000 0.000093 0.000000 0.000000 0.000000 0.000000 0.000000 0.000107 0.000000 0.000000 0.000000 0.000000 0.000000 0.000000 0.000000 0.000000 0.000000 0.000000 0.000000 0.000000 0.000000 0.000000 0.000000 0.000000 0.000000 0.000120 0.000000 0.000000 0.000000 0.000000 0.000000 0.000000 0.000000 0.000000 0.000000 0.047560 0.000000 0.000200 0.000160 0.000453 0.000520 0.043547 0.000067 0.019293 0.000000 0.000667 0.000000 0.000000 0.000000 0.000000 0.000000 0.000000 0.000000 0.000000 0.000000 0.001747 0.000000 0.000000 0.000000 0.015147 0.000360 0.000000 0.000000 0.000000 0.000000 0.000067
0.000000 0.000000 0.000000 0.000000 0.000000 0.000000 0.000000 0.000000 0.000000 0.000000 0.000000 0.000000 0.000000 0.000000 0.000000 0.001507 0.000000 0.000000 0.000000 0.000000 0.000000 0.000160 0.000840 0.000000 0.000000 0.000000 0.000427 0.000067 0.000000 0.000000 0.000000 0.000000 0.000000 0.000080 0.000333 0.000000 0.004880 0.000000 0.000000 0.000187 0.037053 0.001867 0.000107 0.000120 0.001573 0.000000 0.000000 0.002267 0.000000 0.015867 0.009267 0.000787 0.005040 0.000000 0.000000 0.004947 0.175693 0.001120 0.000067 0.005613 0.006440 0.085413 0.001760 0.095573 0.000000 0.000000 0.000560 0.025280
0.000000 0.000000 0.000147 0.000000 0.000000 0.000000 0.000000 0.000000 0.000000 0.000000 0.000000 0.000000 0.000000 0.000000 0.000000 0.005320 0.000093 0.000000 0.000067 0.000000 0.000147 0.000240 0.003027 0.000267 0.000000 0.000000 0.002440 0.000133 0.000000 0.000240 0.000000 0.000000 0.000000 0.000000 0.000000 0.019173 0.000400 0.000000 0.001467 0.000547 0.000000 0.000000 0.025707 0.000000 0.000133 0.000000 0.000827 0.000000 0.000333 0.057813 0.001067 0.000000 0.000480 0.000000 0.004947 0.000000 0.024893 0.048693 0.002413 0.000453 0.016773 0.007173 0.000000 0.000107 0.000000 0.000120 0.000000 0.000333
0.000000 0.000080 0.004027 0.000000 0.000000 0.000000 0.000000 0.000000 0.000000 0.000000 0.000000 0.000000 0.000000 0.000000 0.000000 0.017427 0.000800 0.000000 0.000120 0.000000 0.000360 0.002227 0.028333 0.000133 0.000000 0.000080 0.022133 0.000253 0.000000 0.000000 0.000000 0.000000 0.000000 0.000667 0.000560 0.001120 0.059133 0.000000 0.000000 0.000267 0.024427 0.002040 0.000000 0.000200 0.003573 0.000000 0.000000 0.003013 0.000000 0.134400 0.055413 0.001733 0.009733 0.000000 0.175693 0.024893 0.000000 0.002360 0.000000 0.019547 0.169000 0.044640 0.001307 0.042520 0.000000 0.000000 0.000000 0.019787
0.000000 0.000000 0.000080 0.000973 0.000000 0.002253 0.000080 0.000880 0.000467 0.002867 0.000107 0.000560 0.000000 0.000680 0.000000 0.000493 0.000133 0.000000 0.000187 0.000173 0.000000 0.000227 0.000307 0.002773 0.000000 0.000160 0.000493 0.003333 0.002147 0.000747 0.000000 0.000120 0.000080 0.001480 0.000453 0.007440 0.000347 0.005413 0.002093 0.001867 0.006507 0.000587 0.104533 0.002840 0.000200 0.009133 0.000707 0.002253 0.002613 0.032747 0.001080 0.000000 0.000840 0.001747 0.001120 0.048693 0.002360 0.000000 0.001440 0.003000 0.029853 0.085947 0.012413 0.002867 0.000080 0.000187 0.001040 0.004107
0.000000 0.000000 0.000000 0.000000 0.000000 0.000000 0.000000 0.000000 0.000000 0.000000 0.000160 0.000000 0.001293 0.000000 0.000000 0.000000 0.000067 0.000240 0.000453 0.000000 0.000000 0.000000 0.000000 0.000000 0.000067 0.002413 0.002013 0.000000 0.000000 0.000000 0.000333 0.000000 0.000000 0.000133 0.000000 0.018000 0.000000 0.000000 0.000107 0.000093 0.000107 0.000120 0.001067 0.000000 0.001653 0.000000 0.047640 0.000240 0.000000 0.000107 0.000093 0.000267 0.002013 0.000000 0.000067 0.002413 0.000000 0.001440 0.000000 0.005093 0.031653 0.000080 0.000160 0.000280 0.001600 0.000160 0.000000 0.001400
0.000000 0.000133 0.003867 0.000000 0.000000 0.000000 0.000000 0.000000 0.000120 0.000000 0.000347 0.000000 0.003467 0.000093 0.000000 0.000000 0.002853 0.001173 0.009587 0.000000 0.000000 0.000133 0.000187 0.000120 0.000080 0.014973 0.015880 0.000000 0.000000 0.000067 0.000813 0.000000 0.000000 0.001013 0.001320 0.002773 0.083053 0.000000 0.000360 0.000520 0.013613 0.003800 0.000720 0.000680 0.053573 0.000267 0.012560 0.009213 0.000000 0.000707 0.029160 0.074867 0.161747 0.000000 0.005613 0.000453 0.019547 0.003000 0.005093 0.000000 0.101880 0.002747 0.003400 0.008360 0.022680 0.000413 0.000000 0.010707
0.000000 0.001333 0.009253 0.000000 0.000000 0.000000 0.000000 0.000000 0.000067 0.000067 0.000653 0.000080 0.003253 0.000067 0.000000 0.001933 0.006907 0.001413 0.011733 0.000000 0.000080 0.000800 0.012187 0.000267 0.000000 0.016720 0.040373 0.000133 0.000120 0.000067 0.001267 0.000000 0.000000 0.002707 0.000253 0.051747 0.068160 0.000000 0.002507 0.000973 0.001320 0.000547 0.008733 0.000773 0.007413 0.000293 0.052080 0.001520 0.000453 0.047480 0.064307 0.011720 0.074360 0.000000 0.006440 0.016773 0.169000 0.029853 0.031653 0.101880 0.000000 0.027547 0.001400 0.002120 0.004773 0.000333 0.000000 0.023467
0.000000 0.000000 0.000000 0.003787 0.000000 0.004053 0.000280 0.001387 0.000693 0.009627 0.000067 0.002067 0.000000 0.001213 0.000000 0.000547 0.000000 0.000000 0.000000 0.001373 0.000107 0.000307 0.000213 0.002853 0.000000 0.000080 0.000147 0.007920 0.002253 0.000533 0.000000 0.000147 0.000000 0.001293 0.001520 0.000467 0.005773 0.052187 0.001227 0.016053 0.295507 0.008160 0.031493 0.119187 0.000760 0.033573 0.000147 0.013813 0.001293 0.011467 0.002253 0.000240 0.001173 0.015147 0.085413 0.007173 0.044640 0.085947 0.000080 0.002747 0.027547 0.000000 0.050400 0.060573 0.000067 0.000453 0.003867 0.021773
0.000000 0.000000 0.000000 0.000080 0.000000 0.000547 0.000000 0.000253 0.000067 0.000533 0.000000 0.000000 0.000067 0.000400 0.000000 0.000000 0.000000 0.000000 0.000000 0.000000 0.000000 0.000000 0.000000 0.001347 0.000000 0.000000 0.000000 0.000707 0.001587 0.000360 0.000000 0.000093 0.000000 0.000493 0.056467 0.000000 0.000893 0.000120 0.001800 0.006293 0.017800 0.030827 0.006293 0.022533 0.010467 0.005453 0.001747 0.112827 0.000173 0.000000 0.002000 0.002227 0.005200 0.000360 0.001760 0.000000 0.001307 0.012413 0.000160 0.003400 0.001400 0.050400 0.000000 0.093587 0.000613 0.013693 0.030907 0.037987
0.000000 0.000000 0.000000 0.000000 0.000000 0.000000 0.000000 0.000000 0.000000 0.000000 0.000000 0.000000 0.000000 0.000000 0.000000 0.000000 0.000000 0.000000 0.000067 0.000000 0.000000 0.000000 0.000000 0.000000 0.000000 0.000000 0.000200 0.000000 0.000000 0.000000 0.000000 0.000000 0.000000 0.000000 0.048093 0.000093 0.000493 0.000000 0.000000 0.000093 0.085120 0.011547 0.000080 0.000120 0.004187 0.000000 0.000000 0.077653 0.000000 0.002960 0.026733 0.004507 0.030080 0.000000 0.095573 0.000107 0.042520 0.002867 0.000280 0.008360 0.002120 0.060573 0.093587 0.000000 0.000080 0.000000 0.001653 0.011347
0.000000 0.000000 0.000000 0.000000 0.000000 0.000000 0.000000 0.000000 0.000000 0.000000 0.000240 0.000000 0.004187 0.000000 0.000000 0.000000 0.000000 0.000280 0.000187 0.000000 0.000000 0.000000 0.000000 0.000000 0.000000 0.001893 0.002387 0.000000 0.000000 0.000000 0.001013 0.000000 0.000000 0.000000 0.000000 0.000000 0.000000 0.000000 0.000093 0.000133 0.000173 0.000307 0.000000 0.000173 0.056440 0.000067 0.023320 0.000813 0.000000 0.000000 0.000067 0.006173 0.001373 0.000000 0.000000 0.000000 0.000000 0.000080 0.001600 0.022680 0.004773 0.000067 0.000613 0.000080 0.000000 0.000347 0.000000 0.000960
