0.000000 0.000000 89.620211 0.000000 0.000000 85.847576 38.330906 52.243897 66.028498 93.278625 124.558858 0.000000 0.000000 27.249300 0.000000 0.000000 98.866328 135.497411 123.183481 0.000000 72.867165 0.000000 86.431523 0.000000 0.000000 131.358366 130.434016 93.055828 22.280010 28.262010 0.000000 91.203653 0.000000 63.818647 0.000000 0.000000 0.000000 0.000000 0.000000 0.000000 0.000000 0.000000 0.000000 0.000000 0.000000 0.000000 0.000000 0.000000 0.000000 0.000000 0.000000 0.000000 0.000000 0.000000 0.000000 0.000000 0.000000 121.794478 0.000000 0.000000 0.000000 130.459722 0.000000 0.000000 0.000000 0.000000 0.000000 0.000000
0.000000 0.000000 0.000000 0.000000 130.810357 0.000000 0.000000 0.000000 67.676520 0.000000 64.978754 0.000000 47.610805 0.000000 98.430598 0.000000 0.000000 0.000000 0.000000 0.000000 0.000000 23.205087 0.000000 76.082931 25.649929 52.491791 37.460272 96.319216 0.000000 0.000000 56.727222 108.855965 0.000000 81.464402 0.000000 28.881210 73.502858 0.000000 0.000000 0.000000 0.000000 0.000000 0.000000 0.000000 96.822092 0.000000 104.586203 0.000000 0.000000 0.000000 85.550334 0.000000 0.000000 0.000000 0.000000 0.000000 0.000000 0.000000 0.000000 86.978988 70.829588 0.000000 0.000000 0.000000 115.920337 0.000000 0.000000 0.000000
89.620211 0.000000 0.000000 130.654791 0.000000 116.533908 96.912400 111.613575 0.000000 115.824179 81.782822 0.000000 193.722692 106.390304 0.000000 88.318504 53.641548 84.837112 68.613131 0.000000 67.383423 0.000000 37.122095 93.660282 0.000000 39.113041 39.158833 97.655967 107.704236 82.701424 0.000000 168.644988 0.000000 73.314013 0.000000 46.544692 94.170073 0.000000 0.000000 0.000000 170.067388 0.000000 0.000000 0.000000 0.000000 0.000000 0.000000 0.000000 0.000000 121.681147 104.038798 0.000000 108.711192 0.000000 154.256617 0.000000 104.910862 152.766885 0.000000 97.826250 88.691561 152.416388 0.000000 0.000000 0.000000 0.000000 0.000000 0.000000
0.000000 0.000000 130.654791 0.000000 89.508920 62.449088 64.037879 111.061769 59.047656 23.157123 168.786414 43.054793 0.000000 115.436627 74.316462 0.000000 0.000000 0.000000 0.000000 15.216345 0.000000 0.000000 0.000000 30.560490 0.000000 155.569038 152.528518 20.652150 119.543931 0.000000 0.000000 118.328596 94.534170 101.671776 0.000000 0.000000 0.000000 96.740687 0.000000 154.544575 148.299267 159.105330 95.250748 159.191354 0.000000 102.392267 0.000000 172.805383 0.000000 0.000000 0.000000 0.000000 0.000000 86.241195 0.000000 0.000000 0.000000 130.265104 0.000000 0.000000 0.000000 150.692402 186.192153 0.000000 0.000000 0.000000 0.000000 0.000000
0.000000 130.810357 0.000000 89.508920 0.000000 43.583970 108.726911 43.776492 59.922166 108.149352 90.418418 99.878099 166.556607 119.485098 21.261865 0.000000 0.000000 0.000000 0.000000 100.850310 0.000000 90.618840 145.617617 97.487434 164.632849 160.150039 166.398416 108.677214 144.895002 0.000000 0.000000 14.530415 0.000000 9.066830 0.000000 0.000000 0.000000 0.000000 0.000000 0.000000 0.000000 0.000000 0.000000 0.000000 0.000000 0.000000 0.000000 0.000000 0.000000 0.000000 0.000000 0.000000 0.000000 0.000000 0.000000 0.000000 0.000000 0.000000 0.000000 0.000000 0.000000 190.902603 0.000000 0.000000 0.000000 0.000000 0.000000 0.000000
85.847576 0.000000 116.533908 62.449088 43.583970 0.000000 53.576908 32.660506 67.551252 36.824353 114.262529 33.282714 108.695523 73.569483 39.099085 0.000000 148.782187 158.761893 154.616096 48.047567 97.795303 0.000000 109.873190 66.983109 0.000000 141.838224 134.712773 57.773056 89.666033 102.866932 0.000000 53.102932 0.000000 78.119720 0.000000 0.000000 0.000000 152.628393 0.000000 149.256686 143.787992 154.823397 0.000000 159.908383 0.000000 45.037723 0.000000 176.048507 0.000000 0.000000 0.000000 0.000000 0.000000 126.978990 0.000000 0.000000 0.000000 135.973242 0.000000 0.000000 0.000000 151.083677 178.931843 0.000000 0.000000 0.000000 0.000000 0.000000
38.330906 0.000000 96.912400 64.037879 108.726911 53.576908 0.000000 59.689266 51.687207 31.131760 145.704068 122.078133 139.225814 50.144275 69.098212 87.062054 106.157720 137.973746 126.386020 0.000000 65.933625 78.093658 77.086432 54.773425 0.000000 135.798996 101.562403 46.613407 73.870564 27.131931 0.000000 116.544449 70.392710 69.374976 129.308492 0.000000 0.000000 141.078908 0.000000 152.652734 128.650310 147.045547 64.421308 146.448467 206.297836 152.706281 0.000000 153.970761 0.000000 0.000000 0.000000 0.000000 0.000000 155.752639 0.000000 0.000000 158.392464 115.044638 0.000000 203.624212 174.018559 127.652067 154.419724 127.886725 0.000000 0.000000 0.000000 149.583635
52.243897 0.000000 111.613575 111.061769 43.776492 32.660506 59.689266 0.000000 77.426272 72.365789 101.440471 90.248982 81.440380 28.662796 68.514100 0.000000 121.913633 143.323817 140.895748 96.172484 94.574141 0.000000 104.723823 109.701458 81.517554 134.355566 120.297665 97.556730 49.396288 70.196661 104.986566 28.694996 0.000000 51.910332 0.000000 0.000000 0.000000 168.262405 0.000000 181.628390 163.717727 153.860282 87.763512 182.033730 0.000000 103.612385 0.000000 177.400162 0.000000 0.000000 0.000000 0.000000 0.000000 169.028561 0.000000 0.000000 0.000000 145.739549 0.000000 0.000000 0.000000 160.391546 183.090268 165.642069 0.000000 134.739367 0.000000 0.000000
66.028498 67.676520 0.000000 59.047656 59.922166 67.551252 51.687207 77.426272 0.000000 71.227289 134.795923 34.820299 120.729329 80.287472 37.853678 0.000000 0.000000 0.000000 0.000000 54.676289 0.000000 23.207265 0.000000 30.869857 103.338781 124.058244 117.276341 59.902376 74.658285 53.525284 128.671074 82.372709 56.857644 84.040012 78.806254 0.000000 0.000000 78.573682 0.000000 0.000000 79.043302 100.310973 0.000000 98.425812 0.000000 84.023466 0.000000 107.457990 0.000000 0.000000 0.000000 0.000000 0.000000 90.320550 0.000000 0.000000 0.000000 52.900264 0.000000 0.000000 0.000000 75.928933 100.632952 76.008206 0.000000 0.000000 0.000000 0.000000
93.278625 0.000000 115.824179 23.157123 108.149352 36.824353 31.131760 72.365789 71.227289 0.000000 151.731262 27.279564 147.413045 84.680566 74.534999 0.000000 151.165215 172.240985 160.722423 15.516914 90.752642 86.121582 104.841993 55.402994 0.000000 154.997511 127.920281 32.175121 106.450761 119.326746 0.000000 115.950701 90.505233 90.143555 0.000000 0.000000 0.000000 156.616496 0.000000 164.283351 153.533917 167.457820 106.784419 166.611217 0.000000 66.224522 0.000000 184.764494 0.000000 0.000000 0.000000 0.000000 0.000000 123.635946 0.000000 0.000000 0.000000 137.592119 0.000000 0.000000 0.000000 156.897572 193.326173 0.000000 0.000000 0.000000 0.000000 170.076949
124.558858 64.978754 81.782822 168.786414 90.418418 114.262529 145.704068 101.440471 134.795923 151.731262 0.000000 138.316366 23.306464 109.264398 158.336252 123.252661 49.504137 24.722088 20.859622 150.738781 0.000000 92.208611 97.416478 144.919917 24.352952 31.998090 58.149952 153.627159 98.983050 113.370372 40.057176 59.735541 114.995713 26.184131 0.000000 0.000000 0.000000 0.000000 0.000000 0.000000 210.716141 195.960318 0.000000 0.000000 69.108652 155.843204 71.227959 131.174441 0.000000 0.000000 0.000000 90.348513 106.893777 0.000000 0.000000 0.000000 0.000000 189.302684 77.241142 83.660780 99.163302 208.140977 126.132101 0.000000 84.835475 0.000000 0.000000 68.856586
0.000000 0.000000 0.000000 43.054793 99.878099 33.282714 122.078133 90.248982 34.820299 27.279564 138.316366 0.000000 147.383366 99.953615 54.380272 0.000000 183.462711 163.679928 150.047432 21.856714 0.000000 0.000000 186.319138 30.891404 0.000000 172.661261 169.510364 48.138538 110.099257 0.000000 0.000000 112.455852 0.000000 90.324122 0.000000 0.000000 0.000000 144.670931 0.000000 162.514432 137.210471 158.315393 0.000000 156.536579 0.000000 34.961776 0.000000 185.793152 0.000000 0.000000 0.000000 0.000000 0.000000 157.087702 0.000000 0.000000 0.000000 144.311666 0.000000 0.000000 0.000000 158.530485 0.000000 0.000000 0.000000 0.000000 0.000000 0.000000
0.000000 47.610805 193.722692 0.000000 166.556607 108.695523 139.225814 81.440380 120.729329 147.413045 23.306464 147.383366 0.000000 87.685612 145.838901 131.973760 128.383836 58.643627 88.527565 153.257828 0.000000 72.932811 179.228778 130.168872 20.306075 31.273177 34.007650 154.576908 75.276911 0.000000 16.707588 65.712358 0.000000 24.731641 0.000000 85.017032 0.000000 0.000000 0.000000 0.000000 196.012276 128.166318 0.000000 0.000000 66.949079 0.000000 73.054830 121.400192 0.000000 0.000000 0.000000 88.671979 106.828250 0.000000 0.000000 0.000000 0.000000 190.584980 65.769539 84.429244 100.596366 204.438108 100.209681 0.000000 84.811038 90.031107 0.000000 70.121807
27.249300 0.000000 106.390304 115.436627 119.485098 73.569483 50.144275 28.662796 80.287472 84.680566 109.264398 99.953615 87.685612 0.000000 97.727400 0.000000 120.256256 134.364369 136.482760 103.477898 87.001588 0.000000 101.260835 109.856528 89.215731 128.243221 114.349239 96.165471 37.963352 62.866106 0.000000 36.223543 0.000000 44.922851 0.000000 0.000000 0.000000 184.277484 0.000000 0.000000 159.694640 178.993430 0.000000 183.525259 0.000000 121.399600 0.000000 180.266919 0.000000 0.000000 0.000000 0.000000 0.000000 182.411914 0.000000 0.000000 0.000000 152.340408 0.000000 171.096394 0.000000 159.076414 179.199824 0.000000 0.000000 0.000000 0.000000 0.000000
0.000000 98.430598 0.000000 74.316462 21.261865 39.099085 69.098212 68.514100 37.853678 74.534999 158.336252 54.380272 145.838901 97.727400 0.000000 0.000000 0.000000 0.000000 0.000000 61.366636 0.000000 64.204247 94.489667 67.525292 139.081189 143.210522 145.440769 80.331405 97.340126 0.000000 0.000000 42.782419 0.000000 142.765081 0.000000 0.000000 0.000000 0.000000 0.000000 0.000000 0.000000 0.000000 0.000000 0.000000 0.000000 0.000000 0.000000 0.000000 0.000000 0.000000 0.000000 0.000000 0.000000 0.000000 0.000000 0.000000 0.000000 0.000000 0.000000 0.000000 0.000000 0.000000 0.000000 0.000000 0.000000 0.000000 0.000000 0.000000
0.000000 0.000000 88.318504 0.000000 0.000000 0.000000 87.062054 0.000000 0.000000 0.000000 123.252661 0.000000 131.973760 0.000000 0.000000 0.000000 108.166690 0.000000 0.000000 0.000000 16.354877 35.536863 18.388095 25.541835 0.000000 109.643603 25.095710 25.649149 0.000000 88.618684 0.000000 0.000000 0.000000 78.734089 0.000000 0.000000 98.052498 0.000000 0.000000 0.000000 0.000000 0.000000 0.000000 0.000000 0.000000 0.000000 0.000000 0.000000 0.000000 98.859685 0.000000 0.000000 0.000000 0.000000 120.266260 58.354883 104.727210 122.077676 0.000000 0.000000 95.661143 124.030146 145.917356 116.457875 0.000000 0.000000 0.000000 0.000000
98.866328 0.000000 53.641548 0.000000 0.000000 148.782187 106.157720 121.913633 0.000000 151.165215 49.504137 183.462711 128.383836 120.256256 0.000000 108.166690 0.000000 51.616898 26.216086 0.000000 87.694790 0.000000 43.816279 120.516473 0.000000 38.360449 65.630790 130.005203 102.999204 74.677674 0.000000 132.094597 104.330251 33.464828 0.000000 56.363824 102.423315 0.000000 0.000000 0.000000 0.000000 0.000000 0.000000 0.000000 0.000000 0.000000 0.000000 0.000000 0.000000 0.000000 111.606134 0.000000 124.797533 0.000000 0.000000 0.000000 136.655832 165.527229 0.000000 101.223987 98.195065 0.000000 0.000000 0.000000 0.000000 0.000000 0.000000 0.000000
135.497411 0.000000 84.837112 0.000000 0.000000 158.761893 137.973746 143.323817 0.000000 172.240985 24.722088 163.679928 58.643627 134.364369 0.000000 0.000000 51.616898 0.000000 22.720350 0.000000 122.849352 0.000000 84.124605 144.950403 0.000000 29.895894 56.343781 169.050154 123.747106 112.746185 55.059328 88.816530 130.870722 54.050051 0.000000 0.000000 0.000000 0.000000 0.000000 0.000000 0.000000 0.000000 0.000000 0.000000 83.228196 0.000000 86.389378 0.000000 0.000000 0.000000 0.000000 96.969995 120.813308 0.000000 0.000000 0.000000 0.000000 0.000000 0.000000 91.139887 101.923717 0.000000 0.000000 0.000000 96.532742 0.000000 0.000000 0.000000
123.183481 0.000000 68.613131 0.000000 0.000000 154.616096 126.386020 140.895748 0.000000 160.722423 20.859622 150.047432 88.527565 136.482760 0.000000 0.000000 26.216086 22.720350 0.000000 0.000000 113.770164 0.000000 72.186810 0.000000 0.000000 28.517187 64.026869 141.309744 124.514554 101.729604 73.255986 109.836847 123.077975 45.485020 0.000000 0.000000 118.012065 0.000000 0.000000 0.000000 0.000000 0.000000 0.000000 0.000000 0.000000 0.000000 0.000000 0.000000 0.000000 0.000000 0.000000 108.240175 110.000675 0.000000 0.000000 0.000000 0.000000 0.000000 0.000000 100.540908 103.794687 0.000000 0.000000 0.000000 107.587523 0.000000 0.000000 0.000000
0.000000 0.000000 0.000000 15.216345 100.850310 48.047567 0.000000 96.172484 54.676289 15.516914 150.738781 21.856714 153.257828 103.477898 61.366636 0.000000 0.000000 0.000000 0.000000 0.000000 0.000000 0.000000 0.000000 31.973852 0.000000 0.000000 0.000000 21.773788 110.014240 0.000000 0.000000 115.079099 0.000000 92.159380 0.000000 0.000000 0.000000 115.670985 0.000000 0.000000 137.144901 145.596403 0.000000 149.171861 0.000000 34.377884 0.000000 0.000000 0.000000 0.000000 0.000000 0.000000 0.000000 64.961526 0.000000 0.000000 0.000000 112.601569 0.000000 0.000000 0.000000 140.758540 162.981542 0.000000 0.000000 0.000000 0.000000 0.000000
72.867165 0.000000 67.383423 0.000000 0.000000 97.795303 65.933625 94.574141 0.000000 90.752642 0.000000 0.000000 0.000000 87.001588 0.000000 16.354877 87.694790 122.849352 113.770164 0.000000 0.000000 54.177647 37.376671 17.950227 0.000000 107.426900 63.859852 21.602884 70.923968 41.587732 0.000000 147.308558 72.884601 24.821586 0.000000 0.000000 0.000000 0.000000 0.000000 0.000000 134.067022 0.000000 0.000000 0.000000 0.000000 0.000000 0.000000 0.000000 0.000000 117.836228 0.000000 0.000000 0.000000 0.000000 126.607878 68.934121 126.115742 123.200432 0.000000 0.000000 136.259815 132.179018 148.370544 120.683397 0.000000 0.000000 0.000000 0.000000
0.000000 23.205087 0.000000 0.000000 90.618840 0.000000 78.093658 0.000000 23.207265 86.121582 92.208611 0.000000 72.932811 0.000000 64.204247 35.536863 0.000000 0.000000 0.000000 0.000000 54.177647 0.000000 55.533600 42.085610 55.285158 84.409910 34.859182 55.088109 75.680064 52.424056 82.527527 113.253074 0.000000 83.149355 0.000000 0.000000 0.000000 0.000000 0.000000 0.000000 0.000000 0.000000 0.000000 0.000000 114.319946 0.000000 0.000000 0.000000 0.000000 57.018310 0.000000 0.000000 0.000000 0.000000 68.310798 0.000000 65.612693 61.678420 0.000000 0.000000 55.411894 79.154996 92.677820 65.537171 0.000000 0.000000 0.000000 0.000000
86.431523 0.000000 37.122095 0.000000 145.617617 109.873190 77.086432 104.723823 0.000000 104.841993 97.416478 186.319138 179.228778 101.260835 94.489667 18.388095 43.816279 84.124605 72.186810 0.000000 37.376671 55.533600 0.000000 49.194200 0.000000 64.037376 43.224872 57.941110 93.743436 63.407142 0.000000 156.858896 0.000000 27.130753 0.000000 0.000000 102.903606 0.000000 0.000000 0.000000 170.232635 0.000000 0.000000 0.000000 0.000000 0.000000 0.000000 0.000000 0.000000 105.520196 117.438553 0.000000 0.000000 0.000000 131.167572 67.768631 111.761977 140.228277 0.000000 127.290239 102.204610 143.613923 0.000000 129.333415 0.000000 0.000000 0.000000 0.000000
0.000000 76.082931 93.660282 30.560490 97.487434 66.983109 54.773425 109.701458 30.869857 55.402994 144.919917 30.891404 130.168872 109.856528 67.525292 25.541835 120.516473 144.950403 0.000000 31.973852 17.950227 42.085610 49.194200 0.000000 111.061118 125.448813 101.421204 22.424455 95.305249 69.495397 137.873283 126.547249 74.621446 109.589987 122.221029 0.000000 138.489747 113.536885 0.000000 150.203024 120.196804 138.672590 59.959855 131.080692 174.489027 105.998536 184.152659 148.416047 0.000000 112.987413 0.000000 199.305840 0.000000 131.668104 117.991829 53.195514 128.537266 87.159903 0.000000 193.847734 144.493567 119.609918 141.476252 119.087071 192.978376 0.000000 129.877435 131.570590
0.000000 25.649929 0.000000 0.000000 164.632849 0.000000 0.000000 81.517554 103.338781 0.000000 24.352952 0.000000 20.306075 89.215731 139.081189 0.000000 0.000000 0.000000 0.000000 0.000000 0.000000 55.285158 0.000000 111.061118 0.000000 30.158457 27.015224 136.906754 72.632843 0.000000 34.290631 82.595672 0.000000 45.126241 0.000000 0.000000 0.000000 0.000000 0.000000 0.000000 0.000000 0.000000 0.000000 0.000000 53.335372 0.000000 56.748752 87.448967 0.000000 0.000000 0.000000 87.313673 0.000000 0.000000 0.000000 0.000000 0.000000 0.000000 0.000000 73.008213 76.976875 0.000000 75.293869 0.000000 76.509117 0.000000 0.000000 45.417133
131.358366 52.491791 39.113041 155.569038 160.150039 141.838224 135.798996 134.355566 124.058244 154.997511 31.998090 172.661261 31.273177 128.243221 143.210522 109.643603 38.360449 29.895894 28.517187 0.000000 107.426900 84.409910 64.037376 125.448813 30.158457 0.000000 35.354523 136.869086 110.625262 114.830571 17.025487 93.354658 0.000000 55.568769 0.000000 60.343212 98.813354 0.000000 0.000000 0.000000 172.030496 0.000000 0.000000 0.000000 80.841391 0.000000 80.972731 0.000000 0.000000 156.417801 101.299765 92.536733 101.895027 0.000000 0.000000 0.000000 137.952427 167.933618 46.532086 86.215788 87.762012 207.551996 187.666697 0.000000 90.800486 0.000000 0.000000 102.358838
130.434016 37.460272 39.158833 152.528518 166.398416 134.712773 101.562403 120.297665 117.276341 127.920281 58.149952 169.510364 34.007650 114.349239 145.440769 25.095710 65.630790 56.343781 64.026869 0.000000 63.859852 34.859182 43.224872 101.421204 27.015224 35.354523 0.000000 81.064662 103.550361 111.727308 29.142613 120.895454 0.000000 60.580929 0.000000 44.806607 91.598367 0.000000 0.000000 0.000000 168.901484 0.000000 0.000000 195.780403 97.892734 0.000000 89.333696 0.000000 0.000000 87.244549 102.001001 97.263787 103.834240 0.000000 148.093800 41.325213 97.575492 143.226238 45.707507 89.015307 85.981743 150.043176 0.000000 0.000000 99.160781 0.000000 0.000000 103.396021
93.055828 96.319216 97.655967 20.652150 108.677214 57.773056 46.613407 97.556730 59.902376 32.175121 153.627159 48.138538 154.576908 96.165471 80.331405 25.649149 130.005203 169.050154 141.309744 21.773788 21.602884 55.088109 57.941110 22.424455 136.906754 136.869086 81.064662 0.000000 96.020430 50.383938 157.609531 130.122131 75.094438 76.974982 142.031007 0.000000 156.690969 142.818220 0.000000 159.392387 130.437814 151.585404 73.669749 154.020494 210.261668 130.946035 0.000000 160.929105 0.000000 122.149646 0.000000 0.000000 0.000000 116.370438 128.499644 86.416635 136.028480 117.881483 0.000000 219.127047 154.430417 139.043689 152.052221 124.981055 0.000000 0.000000 149.893195 143.602384
22.280010 0.000000 107.704236 119.543931 144.895002 89.666033 73.870564 49.396288 74.658285 106.450761 98.983050 110.099257 75.276911 37.963352 97.340126 0.000000 102.999204 123.747106 124.514554 110.014240 70.923968 75.680064 93.743436 95.305249 72.632843 110.625262 103.550361 96.020430 0.000000 43.504059 109.449150 23.067158 21.434599 32.554451 0.000000 0.000000 0.000000 167.651552 0.000000 0.000000 153.422601 176.964332 83.509544 188.449685 0.000000 126.404509 0.000000 180.342845 0.000000 129.703621 0.000000 0.000000 0.000000 0.000000 143.485092 0.000000 0.000000 137.821592 0.000000 166.557738 142.471709 148.104212 174.037547 139.200437 0.000000 0.000000 0.000000 0.000000
28.262010 0.000000 82.701424 0.000000 0.000000 102.866932 27.131931 70.196661 53.525284 119.326746 113.370372 0.000000 0.000000 62.866106 0.000000 88.618684 74.677674 112.746185 101.729604 0.000000 41.587732 52.424056 63.407142 69.495397 0.000000 114.830571 111.727308 50.383938 43.504059 0.000000 0.000000 112.487848 49.413595 36.671255 132.905827 0.000000 0.000000 0.000000 0.000000 184.280960 128.355647 151.415630 67.321419 153.837802 0.000000 0.000000 0.000000 161.727794 0.000000 118.973661 0.000000 0.000000 0.000000 0.000000 124.618126 66.602051 129.159694 118.092950 0.000000 0.000000 0.000000 125.528646 145.988847 120.293262 0.000000 0.000000 135.120711 130.437513
0.000000 56.727222 0.000000 0.000000 0.000000 0.000000 0.000000 104.986566 128.671074 0.000000 40.057176 0.000000 16.707588 0.000000 0.000000 0.000000 0.000000 55.059328 73.255986 0.000000 0.000000 82.527527 0.000000 137.873283 34.290631 17.025487 29.142613 157.609531 109.449150 0.000000 0.000000 95.293633 0.000000 68.389288 0.000000 0.000000 0.000000 0.000000 0.000000 0.000000 0.000000 0.000000 0.000000 0.000000 79.684535 0.000000 82.459633 0.000000 0.000000 0.000000 0.000000 97.186376 0.000000 0.000000 0.000000 0.000000 0.000000 0.000000 0.000000 88.957853 96.472130 0.000000 0.000000 0.000000 95.071737 0.000000 0.000000 0.000000
91.203653 108.855965 168.644988 118.328596 14.530415 53.102932 116.544449 28.694996 82.372709 115.950701 59.735541 112.455852 65.712358 36.223543 42.782419 0.000000 132.094597 88.816530 109.836847 115.079099 147.308558 113.253074 156.858896 126.547249 82.595672 93.354658 120.895454 130.122131 23.067158 112.487848 95.293633 0.000000 0.000000 15.996464 0.000000 0.000000 0.000000 0.000000 0.000000 0.000000 187.193504 157.454543 0.000000 211.111155 0.000000 0.000000 0.000000 181.970748 0.000000 0.000000 0.000000 0.000000 0.000000 0.000000 0.000000 0.000000 0.000000 177.062940 0.000000 0.000000 0.000000 193.624192 0.000000 0.000000 0.000000 0.000000 0.000000 0.000000
0.000000 0.000000 0.000000 94.534170 0.000000 0.000000 70.392710 0.000000 56.857644 90.505233 114.995713 0.000000 0.000000 0.000000 0.000000 0.000000 104.330251 130.870722 123.077975 0.000000 72.884601 0.000000 0.000000 74.621446 0.000000 0.000000 0.000000 75.094438 21.434599 49.413595 0.000000 0.000000 0.000000 15.452459 0.000000 0.000000 0.000000 0.000000 0.000000 0.000000 0.000000 0.000000 0.000000 0.000000 0.000000 0.000000 0.000000 0.000000 0.000000 0.000000 0.000000 0.000000 0.000000 0.000000 0.000000 0.000000 0.000000 0.000000 0.000000 0.000000 0.000000 0.000000 0.000000 0.000000 0.000000 0.000000 0.000000 0.000000
63.818647 81.464402 73.314013 101.671776 9.066830 78.119720 69.374976 51.910332 84.040012 90.143555 26.184131 90.324122 24.731641 44.922851 142.765081 78.734089 33.464828 54.050051 45.485020 92.159380 24.821586 83.149355 27.130753 109.589987 45.126241 55.568769 60.580929 76.974982 32.554451 36.671255 68.389288 15.996464 15.452459 0.000000 0.000000 0.000000 0.000000 0.000000 0.000000 0.000000 144.210096 0.000000 0.000000 171.659416 147.411227 98.341794 0.000000 169.567322 0.000000 0.000000 0.000000 0.000000 0.000000 0.000000 0.000000 0.000000 0.000000 129.228868 0.000000 106.660310 102.235569 152.676935 164.821815 138.168195 0.000000 0.000000 0.000000 0.000000
0.000000 0.000000 0.000000 0.000000 0.000000 0.000000 129.308492 0.000000 78.806254 0.000000 0.000000 0.000000 0.000000 0.000000 0.000000 0.000000 0.000000 0.000000 0.000000 0.000000 0.000000 0.000000 0.000000 122.221029 0.000000 0.000000 0.000000 142.031007 0.000000 132.905827 0.000000 0.000000 0.000000 0.000000 0.000000 0.000000 102.083696 91.763024 0.000000 96.514041 36.714218 51.687969 61.371077 78.469956 112.125542 95.946425 0.000000 20.964047 0.000000 0.000000 104.475890 122.555432 116.015762 106.242646 90.778140 62.889003 91.393691 87.077396 0.000000 112.055938 128.212851 84.356589 24.506255 26.558993 135.073480 0.000000 33.813845 60.483112
0.000000 28.881210 46.544692 0.000000 0.000000 0.000000 0.000000 0.000000 0.000000 0.000000 0.000000 0.000000 85.017032 0.000000 0.000000 0.000000 56.363824 0.000000 0.000000 0.000000 0.000000 0.000000 0.000000 0.000000 0.000000 60.343212 44.806607 0.000000 0.000000 0.000000 0.000000 0.000000 0.000000 0.000000 0.000000 0.000000 0.000000 0.000000 124.775321 147.551048 0.000000 0.000000 55.694108 0.000000 59.191862 0.000000 48.185454 0.000000 0.000000 0.000000 48.308501 0.000000 51.423198 0.000000 0.000000 21.672825 55.844633 76.030645 23.174149 49.643452 35.479554 95.003557 0.000000 0.000000 61.143505 0.000000 0.000000 62.958880
0.000000 73.502858 94.170073 0.000000 0.000000 0.000000 0.000000 0.000000 0.000000 0.000000 0.000000 0.000000 0.000000 0.000000 0.000000 98.052498 102.423315 0.000000 118.012065 0.000000 0.000000 0.000000 102.903606 138.489747 0.000000 98.813354 91.598367 156.690969 0.000000 0.000000 0.000000 0.000000 0.000000 0.000000 102.083696 0.000000 0.000000 119.234843 0.000000 123.059168 93.453546 116.641935 0.000000 106.009052 87.701110 0.000000 88.955190 111.269915 0.000000 60.807645 46.339906 76.957035 52.708038 0.000000 61.427252 0.000000 27.657166 105.781291 0.000000 32.699621 36.436258 94.596586 137.653374 86.752474 90.414955 0.000000 0.000000 54.049329
0.000000 0.000000 0.000000 96.740687 0.000000 152.628393 141.078908 168.262405 78.573682 156.616496 0.000000 144.670931 0.000000 184.277484 0.000000 0.000000 0.000000 0.000000 0.000000 115.670985 0.000000 0.000000 0.000000 113.536885 0.000000 0.000000 0.000000 142.818220 167.651552 0.000000 0.000000 0.000000 0.000000 0.000000 91.763024 0.000000 119.234843 0.000000 105.898520 92.401472 57.670246 110.037623 61.253738 26.368631 162.763710 47.576556 0.000000 116.293091 75.857861 0.000000 146.813159 0.000000 0.000000 21.942366 0.000000 0.000000 0.000000 27.181621 0.000000 148.957956 136.600772 19.400337 116.448560 113.178172 0.000000 123.779200 0.000000 103.941051
0.000000 0.000000 0.000000 0.000000 0.000000 0.000000 0.000000 0.000000 0.000000 0.000000 0.000000 0.000000 0.000000 0.000000 0.000000 0.000000 0.000000 0.000000 0.000000 0.000000 0.000000 0.000000 0.000000 0.000000 0.000000 0.000000 0.000000 0.000000 0.000000 0.000000 0.000000 0.000000 0.000000 0.000000 0.000000 124.775321 0.000000 105.898520 0.000000 18.958256 121.005581 104.860092 81.704534 122.374874 176.716412 0.000000 182.241159 109.235696 25.210718 0.000000 0.000000 202.436020 175.516890 0.000000 0.000000 97.900273 0.000000 94.225122 158.629206 176.335568 168.404255 116.566445 130.157735 0.000000 196.036294 21.022116 0.000000 28.931591
0.000000 0.000000 0.000000 154.544575 0.000000 149.256686 152.652734 181.628390 0.000000 164.283351 0.000000 162.514432 0.000000 0.000000 0.000000 0.000000 0.000000 0.000000 0.000000 0.000000 0.000000 0.000000 0.000000 150.203024 0.000000 0.000000 0.000000 159.392387 0.000000 184.280960 0.000000 0.000000 0.000000 0.000000 96.514041 147.551048 123.059168 92.401472 18.958256 0.000000 58.643651 34.622290 48.010132 37.722658 121.376789 45.913424 163.064154 65.363268 38.665344 0.000000 163.649192 138.718595 0.000000 63.178128 0.000000 115.307774 121.002808 103.859859 176.726260 171.211150 174.585133 81.371083 96.155859 121.618247 205.960324 36.512910 0.000000 66.841913
0.000000 0.000000 170.067388 148.299267 0.000000 143.787992 128.650310 163.717727 79.043302 153.533917 210.716141 137.210471 196.012276 159.694640 0.000000 0.000000 0.000000 0.000000 0.000000 137.144901 134.067022 0.000000 170.232635 120.196804 0.000000 172.030496 168.901484 130.437814 153.422601 128.355647 0.000000 187.193504 0.000000 144.210096 36.714218 0.000000 93.453546 57.670246 121.005581 58.643651 0.000000 61.590307 62.209167 26.660933 127.327506 89.628328 159.102504 47.167781 96.376779 0.000000 100.665467 127.223272 109.252307 93.530150 68.529818 74.439243 75.166414 49.417882 0.000000 115.990021 101.539248 36.507005 87.455009 35.726644 157.069260 122.239728 87.756725 78.700380
0.000000 0.000000 0.000000 159.105330 0.000000 154.823397 147.045547 153.860282 100.310973 167.457820 195.960318 158.315393 128.166318 178.993430 0.000000 0.000000 0.000000 0.000000 0.000000 145.596403 0.000000 0.000000 0.000000 138.672590 0.000000 0.000000 0.000000 151.585404 176.964332 151.415630 0.000000 157.454543 0.000000 0.000000 51.687969 0.000000 116.641935 110.037623 104.860092 34.622290 61.590307 0.000000 73.976219 56.459212 94.324060 86.753416 96.657101 23.502974 89.361487 0.000000 133.787312 134.087680 138.379364 92.686414 116.332484 101.708794 102.264483 95.898685 94.858740 132.169727 144.701503 88.998492 50.090096 66.395866 136.394065 19.040388 0.000000 43.019805
0.000000 0.000000 0.000000 95.250748 0.000000 0.000000 64.421308 87.763512 0.000000 106.784419 0.000000 0.000000 0.000000 0.000000 0.000000 0.000000 0.000000 0.000000 0.000000 0.000000 0.000000 0.000000 0.000000 59.959855 0.000000 0.000000 0.000000 73.669749 83.509544 67.321419 0.000000 0.000000 0.000000 0.000000 61.371077 55.694108 0.000000 61.253738 81.704534 48.010132 62.209167 73.976219 0.000000 67.409211 0.000000 50.253600 117.185068 89.846849 46.496190 0.000000 0.000000 0.000000 0.000000 63.949515 0.000000 19.389691 0.000000 40.297996 93.471428 117.488948 111.031637 63.249883 82.504489 62.179602 127.180642 0.000000 0.000000 0.000000
0.000000 0.000000 0.000000 159.191354 0.000000 159.908383 146.448467 182.033730 98.425812 166.611217 0.000000 156.536579 0.000000 183.525259 0.000000 0.000000 0.000000 0.000000 0.000000 149.171861 0.000000 0.000000 0.000000 131.080692 0.000000 0.000000 195.780403 154.020494 188.449685 153.837802 0.000000 211.111155 0.000000 171.659416 78.469956 0.000000 106.009052 26.368631 122.374874 37.722658 26.660933 56.459212 67.409211 0.000000 147.961765 28.966338 162.446679 79.141611 80.678374 0.000000 140.409022 165.712920 162.932155 16.783712 0.000000 95.449827 92.928385 51.121466 0.000000 144.994152 138.797555 41.224591 101.489554 107.576813 169.725895 115.004599 0.000000 95.125707
0.000000 96.822092 0.000000 0.000000 0.000000 0.000000 206.297836 0.000000 0.000000 0.000000 69.108652 0.000000 66.949079 0.000000 0.000000 0.000000 0.000000 83.228196 0.000000 0.000000 0.000000 114.319946 0.000000 174.489027 53.335372 80.841391 97.892734 210.261668 0.000000 0.000000 79.684535 0.000000 0.000000 147.411227 112.125542 59.191862 87.701110 162.763710 176.716412 121.376789 127.327506 94.324060 0.000000 147.961765 0.000000 143.483368 17.114454 87.027448 0.000000 0.000000 44.885231 16.245841 20.098583 147.194305 77.348163 89.815889 86.506977 141.946715 27.127954 26.799760 50.192643 149.530419 75.023160 95.568671 34.449996 49.047441 0.000000 21.716834
0.000000 0.000000 0.000000 102.392267 0.000000 45.037723 152.706281 103.612385 84.023466 66.224522 155.843204 34.961776 0.000000 121.399600 0.000000 0.000000 0.000000 0.000000 0.000000 34.377884 0.000000 0.000000 0.000000 105.998536 0.000000 0.000000 0.000000 130.946035 126.404509 0.000000 0.000000 0.000000 0.000000 98.341794 95.946425 0.000000 0.000000 47.576556 0.000000 45.913424 89.628328 86.753416 50.253600 28.966338 143.483368 0.000000 151.470455 100.873501 0.000000 0.000000 0.000000 155.725534 161.012280 23.171138 0.000000 0.000000 0.000000 33.759191 0.000000 158.497651 166.429346 56.850843 107.825584 0.000000 163.495219 114.545970 0.000000 93.787780
0.000000 104.586203 0.000000 0.000000 0.000000 0.000000 0.000000 0.000000 0.000000 0.000000 71.227959 0.000000 73.054830 0.000000 0.000000 0.000000 0.000000 86.389378 0.000000 0.000000 0.000000 0.000000 0.000000 184.152659 56.748752 80.972731 89.333696 0.000000 0.000000 0.000000 82.459633 0.000000 0.000000 0.000000 0.000000 48.185454 88.955190 0.000000 182.241159 163.064154 159.102504 96.657101 117.185068 162.446679 17.114454 151.470455 0.000000 86.361397 160.121145 133.598947 136.226064 55.471915 78.736393 155.113068 0.000000 73.333206 102.751418 133.795489 24.133055 35.373218 32.180826 156.264652 70.281662 107.720537 21.376293 65.797451 0.000000 38.587901
0.000000 0.000000 0.000000 172.805383 0.000000 176.048507 153.970761 177.400162 107.457990 184.764494 131.174441 185.793152 121.400192 180.266919 0.000000 0.000000 0.000000 0.000000 0.000000 0.000000 0.000000 0.000000 0.000000 148.416047 87.448967 0.000000 0.000000 160.929105 180.342845 161.727794 0.000000 181.970748 0.000000 169.567322 20.964047 0.000000 111.269915 116.293091 109.235696 65.363268 47.167781 23.502974 89.846849 79.141611 87.027448 100.873501 86.361397 0.000000 0.000000 0.000000 124.413747 124.612064 131.433731 104.201783 100.073302 110.837424 96.390968 103.508438 75.396060 121.781057 133.819555 99.189632 30.225688 60.887432 120.241385 28.003626 0.000000 46.054034
0.000000 0.000000 0.000000 0.000000 0.000000 0.000000 0.000000 0.000000 0.000000 0.000000 0.000000 0.000000 0.000000 0.000000 0.000000 0.000000 0.000000 0.000000 0.000000 0.000000 0.000000 0.000000 0.000000 0.000000 0.000000 0.000000 0.000000 0.000000 0.000000 0.000000 0.000000 0.000000 0.000000 0.000000 0.000000 0.000000 0.000000 75.857861 25.210718 38.665344 96.376779 89.361487 46.496190 80.678374 0.000000 0.000000 160.121145 0.000000 0.000000 0.000000 0.000000 0.000000 0.000000 72.141287 0.000000 70.692058 0.000000 65.231461 0.000000 153.256654 139.448556 88.369642 0.000000 0.000000 165.154758 36.526327 0.000000 0.000000
0.000000 0.000000 121.681147 0.000000 0.000000 0.000000 0.000000 0.000000 0.000000 0.000000 0.000000 0.000000 0.000000 0.000000 0.000000 98.859685 0.000000 0.000000 0.000000 0.000000 117.836228 57.018310 105.520196 112.987413 0.000000 156.417801 87.244549 122.149646 129.703621 118.973661 0.000000 0.000000 0.000000 0.000000 0.000000 0.000000 60.807645 0.000000 0.000000 0.000000 0.000000 0.000000 0.000000 0.000000 0.000000 0.000000 133.598947 0.000000 0.000000 0.000000 105.709864 0.000000 120.279081 0.000000 26.332738 40.430518 27.757200 26.957672 0.000000 109.624943 26.231445 34.046280 95.089755 75.594145 139.589331 0.000000 0.000000 69.599277
0.000000 85.550334 104.038798 0.000000 0.000000 0.000000 0.000000 0.000000 0.000000 0.000000 0.000000 0.000000 0.000000 0.000000 0.000000 0.000000 111.606134 0.000000 0.000000 0.000000 0.000000 0.000000 117.438553 0.000000 0.000000 101.299765 102.001001 0.000000 0.000000 0.000000 0.000000 0.000000 0.000000 0.000000 104.475890 48.308501 46.339906 146.813159 0.000000 163.649192 100.665467 133.787312 0.000000 140.409022 44.885231 0.000000 136.226064 124.413747 0.000000 105.709864 0.000000 50.160344 24.326131 0.000000 83.055854 0.000000 33.542563 123.357870 0.000000 39.639283 66.333931 116.941295 110.834626 68.926558 0.000000 0.000000 0.000000 17.065020
0.000000 0.000000 0.000000 0.000000 0.000000 0.000000 0.000000 0.000000 0.000000 0.000000 90.348513 0.000000 88.671979 0.000000 0.000000 0.000000 0.000000 96.969995 108.240175 0.000000 0.000000 0.000000 0.000000 199.305840 87.313673 92.536733 97.263787 0.000000 0.000000 0.000000 97.186376 0.000000 0.000000 0.000000 122.555432 0.000000 76.957035 0.000000 202.436020 138.718595 127.223272 134.087680 0.000000 165.712920 16.245841 155.725534 55.471915 124.612064 0.000000 0.000000 50.160344 0.000000 23.456107 158.330799 82.189928 0.000000 90.343066 161.774190 40.642095 33.905571 56.357419 155.702729 123.621378 105.550473 51.790488 80.223152 0.000000 43.224102
0.000000 0.000000 108.711192 0.000000 0.000000 0.000000 0.000000 0.000000 0.000000 0.000000 106.893777 0.000000 106.828250 0.000000 0.000000 0.000000 124.797533 120.813308 110.000675 0.000000 0.000000 0.000000 0.000000 0.000000 0.000000 101.895027 103.834240 0.000000 0.000000 0.000000 0.000000 0.000000 0.000000 0.000000 116.015762 51.423198 52.708038 0.000000 175.516890 0.000000 109.252307 138.379364 0.000000 162.932155 20.098583 161.012280 78.736393 131.433731 0.000000 120.279081 24.326131 23.456107 0.000000 0.000000 96.612190 93.677042 63.566909 130.219353 60.460212 36.842568 61.801245 127.636816 119.858748 97.708995 64.329333 0.000000 0.000000 42.346399
0.000000 0.000000 0.000000 86.241195 0.000000 126.978990 155.752639 169.028561 90.320550 123.635946 0.000000 157.087702 0.000000 182.411914 0.000000 0.000000 0.000000 0.000000 0.000000 64.961526 0.000000 0.000000 0.000000 131.668104 0.000000 0.000000 0.000000 116.370438 0.000000 0.000000 0.000000 0.000000 0.000000 0.000000 106.242646 0.000000 0.000000 21.942366 0.000000 63.178128 93.530150 92.686414 63.949515 16.783712 147.194305 23.171138 155.113068 104.201783 72.141287 0.000000 0.000000 158.330799 0.000000 0.000000 0.000000 0.000000 0.000000 36.625778 0.000000 167.652328 165.534889 31.047463 110.962956 115.341195 0.000000 122.200276 0.000000 101.825307
0.000000 0.000000 154.256617 0.000000 0.000000 0.000000 0.000000 0.000000 0.000000 0.000000 0.000000 0.000000 0.000000 0.000000 0.000000 120.266260 0.000000 0.000000 0.000000 0.000000 126.607878 68.310798 131.167572 117.991829 0.000000 0.000000 148.093800 128.499644 143.485092 124.618126 0.000000 0.000000 0.000000 0.000000 90.778140 0.000000 61.427252 0.000000 0.000000 0.000000 68.529818 116.332484 0.000000 0.000000 77.348163 0.000000 0.000000 100.073302 0.000000 26.332738 83.055854 82.189928 96.612190 0.000000 0.000000 56.733419 33.928584 80.121097 0.000000 103.563915 74.808726 30.495354 102.498775 37.076412 139.420199 0.000000 27.874315 53.270047
0.000000 0.000000 0.000000 0.000000 0.000000 0.000000 0.000000 0.000000 0.000000 0.000000 0.000000 0.000000 0.000000 0.000000 0.000000 58.354883 0.000000 0.000000 0.000000 0.000000 68.934121 0.000000 67.768631 53.195514 0.000000 0.000000 41.325213 86.416635 0.000000 66.602051 0.000000 0.000000 0.000000 0.000000 62.889003 21.672825 0.000000 0.000000 97.900273 115.307774 74.439243 101.708794 19.389691 95.449827 89.815889 0.000000 73.333206 110.837424 70.692058 40.430518 0.000000 0.000000 93.677042 0.000000 56.733419 0.000000 47.471418 52.908558 55.872319 80.262153 51.168458 64.449085 76.952510 56.351008 85.770817 113.942263 0.000000 0.000000
0.000000 0.000000 104.910862 0.000000 0.000000 0.000000 158.392464 0.000000 0.000000 0.000000 0.000000 0.000000 0.000000 0.000000 0.000000 104.727210 136.655832 0.000000 0.000000 0.000000 126.115742 65.612693 111.761977 128.537266 0.000000 137.952427 97.575492 136.028480 0.000000 129.159694 0.000000 0.000000 0.000000 0.000000 91.393691 55.844633 27.657166 0.000000 0.000000 121.002808 75.166414 102.264483 0.000000 92.928385 86.506977 0.000000 102.751418 96.390968 0.000000 27.757200 33.542563 90.343066 63.566909 0.000000 33.928584 47.471418 0.000000 64.508660 0.000000 59.302828 50.549918 57.302445 113.710126 44.995757 107.864353 0.000000 11.759085 37.946754
121.794478 0.000000 152.766885 130.265104 0.000000 135.973242 115.044638 145.739549 52.900264 137.592119 189.302684 144.311666 190.584980 152.340408 0.000000 122.077676 165.527229 0.000000 0.000000 112.601569 123.200432 61.678420 140.228277 87.159903 0.000000 167.933618 143.226238 117.881483 137.821592 118.092950 0.000000 177.062940 0.000000 129.228868 87.077396 76.030645 105.781291 27.181621 94.225122 103.859859 49.417882 95.898685 40.297996 51.121466 141.946715 33.759191 133.795489 103.508438 65.231461 26.957672 123.357870 161.774190 130.219353 36.625778 80.121097 52.908558 64.508660 0.000000 106.488178 125.008212 100.858069 17.641493 100.600140 82.906232 141.008802 108.726479 93.955184 95.543170
0.000000 0.000000 0.000000 0.000000 0.000000 0.000000 0.000000 0.000000 0.000000 0.000000 77.241142 0.000000 65.769539 0.000000 0.000000 0.000000 0.000000 0.000000 0.000000 0.000000 0.000000 0.000000 0.000000 0.000000 0.000000 46.532086 45.707507 0.000000 0.000000 0.000000 0.000000 0.000000 0.000000 0.000000 0.000000 23.174149 0.000000 0.000000 158.629206 176.726260 0.000000 94.858740 93.471428 0.000000 27.127954 0.000000 24.133055 75.396060 0.000000 0.000000 0.000000 40.642095 60.460212 0.000000 0.000000 55.872319 0.000000 106.488178 0.000000 32.403125 28.921008 123.816790 63.787131 0.000000 37.995409 67.287202 0.000000 32.548524
0.000000 86.978988 97.826250 0.000000 0.000000 0.000000 203.624212 0.000000 0.000000 0.000000 83.660780 0.000000 84.429244 171.096394 0.000000 0.000000 101.223987 91.139887 100.540908 0.000000 0.000000 0.000000 127.290239 193.847734 73.008213 86.215788 89.015307 219.127047 166.557738 0.000000 88.957853 0.000000 0.000000 106.660310 112.055938 49.643452 32.699621 148.957956 176.335568 171.211150 115.990021 132.169727 117.488948 144.994152 26.799760 158.497651 35.373218 121.781057 153.256654 109.624943 39.639283 33.905571 36.842568 167.652328 103.563915 80.262153 59.302828 125.008212 32.403125 0.000000 40.338558 136.915633 115.536084 99.475854 24.351216 122.562306 0.000000 54.532708
