0.000000 0.000000 0.000200 0.000000 0.000000 0.000107 0.022733 0.004387 0.000173 0.000493 0.000467 0.000000 0.000000 0.048613 0.000000 0.000000 0.001387 0.000520 0.000800 0.000000 0.000840 0.000000 0.003200 0.000000 0.000000 0.000280 0.000067 0.000200 0.090427 0.024427 0.000000 0.000173 0.000000 0.000320 0.000000 0.000000 0.000000 0.000000 0.000000 0.000000 0.000000 0.000000 0.000000 0.000000 0.000000 0.000000 0.000000 0.000000 0.000000 0.000000 0.000000 0.000000 0.000000 0.000000 0.000000 0.000000 0.000000 0.000147 0.000000 0.000000 0.000000 0.000080 0.000000 0.000000 0.000000 0.000000 0.000000 0.000000
0.000000 0.000000 0.000000 0.000000 0.000200 0.000000 0.000000 0.000000 0.000373 0.000000 0.000667 0.000000 0.008307 0.000000 0.000067 0.000000 0.000000 0.000000 0.000000 0.000000 0.000000 0.000653 0.000000 0.005907 0.012227 0.000467 0.015600 0.000360 0.000000 0.000000 0.000467 0.000147 0.000000 0.000213 0.000000 0.000253 0.002147 0.000000 0.000000 0.000000 0.000000 0.000000 0.000000 0.000000 0.000267 0.000000 0.000093 0.000000 0.000000 0.000000 0.000133 0.000000 0.000000 0.000000 0.000000 0.000000 0.000000 0.000000 0.000000 0.000440 0.005360 0.000000 0.000000 0.000000 0.000093 0.000000 0.000000 0.000000
0.000200 0.000000 0.000000 0.000173 0.000000 0.002053 0.013493 0.008813 0.000000 0.002747 0.001040 0.000000 0.000080 0.006467 0.000000 0.000080 0.030827 0.000787 0.003787 0.000000 0.007267 0.000000 0.089240 0.000280 0.000000 0.101000 0.044733 0.003080 0.000907 0.002627 0.000000 0.000160 0.000000 0.000147 0.000000 0.000120 0.009867 0.000000 0.000000 0.000000 0.000080 0.000000 0.000000 0.000000 0.000000 0.000000 0.000000 0.000000 0.000000 0.000213 0.000973 0.000000 0.000227 0.000000 0.000107 0.000000 0.001373 0.000560 0.000000 0.002013 0.017013 0.000400 0.000000 0.000000 0.000000 0.000000 0.000000 0.000000
0.000000 0.000000 0.000173 0.000000 0.000853 0.008760 0.000573 0.001760 0.011893 0.225560 0.000120 0.019307 0.000000 0.001067 0.000733 0.000000 0.000000 0.000000 0.000000 0.187000 0.000000 0.000000 0.000000 0.026107 0.000000 0.000160 0.000240 0.195293 0.001467 0.000000 0.000000 0.000453 0.000107 0.000600 0.000000 0.000000 0.000000 0.003680 0.000000 0.000293 0.000467 0.000600 0.000120 0.003747 0.000000 0.001347 0.000000 0.000267 0.000000 0.000000 0.000000 0.000000 0.000000 0.002080 0.000000 0.000000 0.000000 0.001147 0.000000 0.000000 0.000000 0.004680 0.000147 0.000000 0.000000 0.000000 0.000000 0.000000
0.000000 0.000200 0.000000 0.000853 0.000000 0.010827 0.000453 0.002960 0.002013 0.002387 0.000293 0.000707 0.000213 0.000347 0.017307 0.000000 0.000000 0.000000 0.000000 0.000107 0.000000 0.002507 0.000080 0.001627 0.000173 0.000213 0.001427 0.002733 0.000227 0.000000 0.000000 0.006160 0.000000 0.005827 0.000000 0.000000 0.000000 0.000000 0.000000 0.000000 0.000000 0.000000 0.000000 0.000000 0.000000 0.000000 0.000000 0.000000 0.000000 0.000000 0.000000 0.000000 0.000000 0.000000 0.000000 0.000000 0.000000 0.000000 0.000000 0.000000 0.000000 0.000093 0.000000 0.000000 0.000000 0.000000 0.000000 0.000000
0.000107 0.000000 0.002053 0.008760 0.010827 0.000000 0.025640 0.144907 0.001053 0.316293 0.001080 0.052827 0.000600 0.006960 0.003853 0.000000 0.000573 0.000240 0.000293 0.008253 0.001120 0.000000 0.003333 0.001533 0.000000 0.001080 0.000613 0.030880 0.005027 0.000187 0.000000 0.018507 0.000000 0.001173 0.000000 0.000000 0.000000 0.000640 0.000000 0.000080 0.000333 0.000320 0.000000 0.000880 0.000000 0.001693 0.000000 0.000280 0.000000 0.000000 0.000000 0.000000 0.000000 0.000253 0.000000 0.000000 0.000000 0.000560 0.000000 0.000000 0.000000 0.002400 0.000107 0.000000 0.000000 0.000000 0.000000 0.000000
0.022733 0.000000 0.013493 0.000573 0.000453 0.025640 0.000000 0.062920 0.001693 0.083400 0.000947 0.000160 0.000213 0.110507 0.000400 0.000200 0.003693 0.000720 0.001187 0.000000 0.023600 0.000280 0.041560 0.015493 0.000000 0.006800 0.012667 0.202307 0.040667 0.054640 0.000000 0.001080 0.004200 0.004027 0.000067 0.000000 0.000000 0.000600 0.000000 0.000200 0.001413 0.001040 0.000213 0.001360 0.000093 0.000213 0.000000 0.000787 0.000000 0.000000 0.000000 0.000000 0.000000 0.000240 0.000000 0.000000 0.000067 0.003253 0.000000 0.000080 0.000093 0.008667 0.000747 0.000253 0.000000 0.000000 0.000000 0.000400
0.004387 0.000000 0.008813 0.001760 0.002960 0.144907 0.062920 0.000000 0.000973 0.046187 0.007360 0.011133 0.002173 0.122173 0.000693 0.000000 0.007760 0.003093 0.005467 0.003040 0.004547 0.000000 0.024920 0.000800 0.000133 0.004707 0.001147 0.004467 0.021093 0.006680 0.000093 0.065653 0.000000 0.002213 0.000000 0.000000 0.000000 0.000107 0.000000 0.000067 0.000467 0.000293 0.000067 0.000360 0.000000 0.000280 0.000000 0.000387 0.000000 0.000000 0.000000 0.000000 0.000000 0.000147 0.000000 0.000000 0.000000 0.000933 0.000000 0.000000 0.000000 0.001533 0.000200 0.000107 0.000000 0.000080 0.000000 0.000000
0.000173 0.000373 0.000000 0.011893 0.002013 0.001053 0.001693 0.000973 0.000000 0.006240 0.000253 0.003307 0.000813 0.000680 0.001400 0.000000 0.000000 0.000000 0.000000 0.001560 0.000000 0.011400 0.000000 0.013347 0.000453 0.000200 0.001667 0.013093 0.002333 0.004533 0.000067 0.000653 0.000227 0.000120 0.000147 0.000000 0.000000 0.000173 0.000000 0.000000 0.000227 0.000293 0.000000 0.000253 0.000000 0.000067 0.000000 0.000480 0.000000 0.000000 0.000000 0.000000 0.000000 0.000093 0.000000 0.000000 0.000000 0.001053 0.000000 0.000000 0.000000 0.001107 0.000427 0.000480 0.000000 0.000000 0.000000 0.000000
0.000493 0.000000 0.002747 0.225560 0.002387 0.316293 0.083400 0.046187 0.006240 0.000000 0.001267 0.080107 0.000747 0.024600 0.001440 0.000000 0.000413 0.000307 0.000320 0.288693 0.001707 0.000280 0.002707 0.008293 0.000000 0.002573 0.003253 0.357760 0.016680 0.000253 0.000000 0.003413 0.000400 0.005640 0.000000 0.000000 0.000000 0.003213 0.000000 0.000400 0.001320 0.001480 0.000200 0.005573 0.000000 0.002840 0.000000 0.000867 0.000000 0.000000 0.000000 0.000000 0.000000 0.002093 0.000000 0.000000 0.000000 0.002040 0.000000 0.000000 0.000000 0.009107 0.000307 0.000000 0.000000 0.000000 0.000000 0.000133
0.000467 0.000667 0.001040 0.000120 0.000293 0.001080 0.000947 0.007360 0.000253 0.001267 0.000000 0.000667 0.050960 0.005347 0.000107 0.000067 0.023747 0.076440 0.019773 0.000120 0.000000 0.000213 0.001493 0.001640 0.005333 0.057507 0.013253 0.000773 0.012747 0.000920 0.003320 0.009107 0.000360 0.027973 0.000000 0.000000 0.000000 0.000000 0.000000 0.000000 0.000093 0.000080 0.000000 0.000000 0.003493 0.000067 0.007853 0.000160 0.000000 0.000000 0.000000 0.001053 0.000067 0.000000 0.000000 0.000000 0.000000 0.000200 0.000187 0.003720 0.002360 0.000200 0.000107 0.000000 0.001960 0.000000 0.000000 0.000133
0.000000 0.000000 0.000000 0.019307 0.000707 0.052827 0.000160 0.011133 0.003307 0.080107 0.000667 0.000000 0.000373 0.004680 0.000720 0.000000 0.000067 0.000160 0.000080 0.055160 0.000000 0.000000 0.000067 0.001400 0.000000 0.000173 0.000120 0.006200 0.003827 0.000000 0.000000 0.001627 0.000000 0.001187 0.000000 0.000000 0.000000 0.000360 0.000000 0.000067 0.000160 0.000147 0.000000 0.000773 0.000000 0.002013 0.000000 0.000093 0.000000 0.000000 0.000000 0.000000 0.000000 0.000120 0.000000 0.000000 0.000000 0.000200 0.000000 0.000000 0.000000 0.000627 0.000000 0.000000 0.000000 0.000000 0.000000 0.000000
0.000000 0.008307 0.000080 0.000000 0.000213 0.000600 0.000213 0.002173 0.000813 0.000747 0.050960 0.000373 0.000000 0.001280 0.000280 0.000133 0.000147 0.000960 0.000253 0.000080 0.000000 0.002347 0.000120 0.006493 0.086773 0.011987 0.057107 0.000453 0.001547 0.000000 0.020720 0.003520 0.000000 0.012027 0.000000 0.000093 0.000000 0.000000 0.000000 0.000000 0.000080 0.000107 0.000000 0.000000 0.010013 0.000000 0.010853 0.000413 0.000000 0.000000 0.000000 0.001560 0.000067 0.000000 0.000000 0.000000 0.000000 0.000227 0.000373 0.007787 0.003213 0.000080 0.000387 0.000000 0.004000 0.000267 0.000000 0.000973
0.048613 0.000000 0.006467 0.001067 0.000347 0.006960 0.110507 0.122173 0.000680 0.024600 0.005347 0.004680 0.001280 0.000000 0.000160 0.000000 0.006720 0.003027 0.003653 0.001200 0.006027 0.000000 0.021933 0.000667 0.000147 0.004013 0.001280 0.004800 0.084027 0.022227 0.000000 0.009880 0.000000 0.002813 0.000000 0.000000 0.000000 0.000067 0.000000 0.000000 0.000307 0.000227 0.000000 0.000200 0.000000 0.000227 0.000000 0.000213 0.000000 0.000000 0.000000 0.000000 0.000000 0.000080 0.000000 0.000000 0.000000 0.000667 0.000000 0.000093 0.000000 0.001013 0.000173 0.000000 0.000000 0.000000 0.000000 0.000000
0.000000 0.000067 0.000000 0.000733 0.017307 0.003853 0.000400 0.000693 0.001400 0.001440 0.000107 0.000720 0.000280 0.000160 0.000000 0.000000 0.000000 0.000000 0.000000 0.000200 0.000000 0.002493 0.000067 0.001533 0.000187 0.000067 0.000947 0.002387 0.000373 0.000000 0.000000 0.008533 0.000000 0.000080 0.000000 0.000000 0.000000 0.000000 0.000000 0.000000 0.000000 0.000000 0.000000 0.000000 0.000000 0.000000 0.000000 0.000000 0.000000 0.000000 0.000000 0.000000 0.000000 0.000000 0.000000 0.000000 0.000000 0.000000 0.000000 0.000000 0.000000 0.000000 0.000000 0.000000 0.000000 0.000000 0.000000 0.000000
0.000000 0.000000 0.000080 0.000000 0.000000 0.000000 0.000200 0.000000 0.000000 0.000000 0.000067 0.000000 0.000133 0.000000 0.000000 0.000000 0.000293 0.000000 0.000000 0.000000 0.125493 0.023373 0.170720 0.005000 0.000000 0.000653 0.036267 0.012027 0.000000 0.000133 0.000000 0.000000 0.000000 0.000280 0.000000 0.000000 0.000213 0.000000 0.000000 0.000000 0.000000 0.000000 0.000000 0.000000 0.000000 0.000000 0.000000 0.000000 0.000000 0.016840 0.000000 0.000000 0.000000 0.000000 0.004880 0.000987 0.012107 0.000640 0.000000 0.000000 0.002587 0.000667 0.000093 0.001053 0.000000 0.000000 0.000000 0.000000
0.001387 0.000000 0.030827 0.000000 0.000000 0.000573 0.003693 0.007760 0.000000 0.000413 0.023747 0.000067 0.000147 0.006720 0.000000 0.000293 0.000000 0.018360 0.062067 0.000000 0.001067 0.000000 0.075147 0.001800 0.000000 0.010960 0.083187 0.002080 0.011947 0.009600 0.000000 0.000253 0.000133 0.012600 0.000000 0.000067 0.002440 0.000000 0.000000 0.000000 0.000000 0.000000 0.000000 0.000000 0.000000 0.000000 0.000000 0.000000 0.000000 0.000000 0.000307 0.000000 0.000147 0.000000 0.000000 0.000000 0.000187 0.000080 0.000000 0.001307 0.004853 0.000000 0.000000 0.000000 0.000000 0.000000 0.000000 0.000000
0.000520 0.000000 0.000787 0.000000 0.000000 0.000240 0.000720 0.003093 0.000000 0.000307 0.076440 0.000160 0.000960 0.003027 0.000000 0.000000 0.018360 0.000000 0.051187 0.000000 0.000133 0.000000 0.004560 0.000067 0.000000 0.047000 0.009040 0.000120 0.005653 0.000893 0.000253 0.001027 0.000093 0.007693 0.000000 0.000000 0.000000 0.000000 0.000000 0.000000 0.000000 0.000000 0.000000 0.000000 0.000787 0.000000 0.001360 0.000000 0.000000 0.000000 0.000000 0.001000 0.000107 0.000000 0.000000 0.000000 0.000000 0.000000 0.000000 0.003533 0.001813 0.000000 0.000000 0.000000 0.000573 0.000000 0.000000 0.000000
0.000800 0.000000 0.003787 0.000000 0.000000 0.000293 0.001187 0.005467 0.000000 0.000320 0.019773 0.000080 0.000253 0.003653 0.000000 0.000000 0.062067 0.051187 0.000000 0.000000 0.000120 0.000000 0.013147 0.000000 0.000000 0.072427 0.011307 0.000187 0.008347 0.002560 0.000067 0.000373 0.000160 0.021960 0.000000 0.000000 0.000200 0.000000 0.000000 0.000000 0.000000 0.000000 0.000000 0.000000 0.000000 0.000000 0.000000 0.000000 0.000000 0.000000 0.000000 0.000200 0.000120 0.000000 0.000000 0.000000 0.000000 0.000000 0.000000 0.001707 0.001787 0.000000 0.000000 0.000000 0.000093 0.000000 0.000000 0.000000
0.000000 0.000000 0.000000 0.187000 0.000107 0.008253 0.000000 0.003040 0.001560 0.288693 0.000120 0.055160 0.000080 0.001200 0.000200 0.000000 0.000000 0.000000 0.000000 0.000000 0.000000 0.000000 0.000000 0.001373 0.000000 0.000000 0.000000 0.048080 0.000947 0.000000 0.000000 0.000320 0.000000 0.000280 0.000000 0.000000 0.000000 0.000880 0.000000 0.000000 0.000240 0.000253 0.000000 0.001453 0.000000 0.003360 0.000000 0.000000 0.000000 0.000000 0.000000 0.000000 0.000000 0.000640 0.000000 0.000000 0.000000 0.000280 0.000000 0.000000 0.000000 0.001573 0.000080 0.000000 0.000000 0.000000 0.000000 0.000000
0.000840 0.000000 0.007267 0.000000 0.000000 0.001120 0.023600 0.004547 0.000000 0.001707 0.000000 0.000000 0.000000 0.006027 0.000000 0.125493 0.001067 0.000133 0.000120 0.000000 0.000000 0.006320 0.182000 0.010027 0.000000 0.001107 0.003653 0.031147 0.008040 0.104107 0.000000 0.000200 0.000147 0.013773 0.000000 0.000000 0.000000 0.000000 0.000000 0.000000 0.000240 0.000000 0.000000 0.000000 0.000000 0.000000 0.000000 0.000000 0.000000 0.004453 0.000000 0.000000 0.000000 0.000000 0.009093 0.000653 0.003387 0.001760 0.000000 0.000000 0.000133 0.001680 0.000787 0.004040 0.000000 0.000000 0.000000 0.000000
0.000000 0.000653 0.000000 0.000000 0.002507 0.000000 0.000280 0.000000 0.011400 0.000280 0.000213 0.000000 0.002347 0.000000 0.002493 0.023373 0.000000 0.000000 0.000000 0.000000 0.006320 0.000000 0.002800 0.027027 0.001880 0.000293 0.011293 0.004240 0.000640 0.004213 0.000067 0.000227 0.000000 0.000133 0.000000 0.000000 0.000000 0.000000 0.000000 0.000000 0.000000 0.000000 0.000000 0.000000 0.000160 0.000000 0.000000 0.000000 0.000000 0.001667 0.000000 0.000000 0.000000 0.000000 0.001107 0.000000 0.000627 0.000427 0.000000 0.000000 0.000480 0.000187 0.000240 0.000507 0.000000 0.000000 0.000000 0.000000
0.003200 0.000000 0.089240 0.000000 0.000080 0.003333 0.041560 0.024920 0.000000 0.002707 0.001493 0.000067 0.000120 0.021933 0.000067 0.170720 0.075147 0.004560 0.013147 0.000000 0.182000 0.002800 0.000000 0.003880 0.000000 0.027480 0.157053 0.053747 0.015547 0.045747 0.000000 0.000373 0.000000 0.029840 0.000000 0.000000 0.005653 0.000000 0.000000 0.000000 0.000080 0.000000 0.000000 0.000000 0.000000 0.000000 0.000000 0.000000 0.000000 0.016587 0.000120 0.000000 0.000000 0.000000 0.002400 0.000520 0.016493 0.001040 0.000000 0.000320 0.014253 0.000667 0.000000 0.000213 0.000000 0.000000 0.000000 0.000000
0.000000 0.005907 0.000280 0.026107 0.001627 0.001533 0.015493 0.000800 0.013347 0.008293 0.001640 0.001400 0.006493 0.000667 0.001533 0.005000 0.001800 0.000067 0.000000 0.001373 0.010027 0.027027 0.003880 0.000000 0.005107 0.004560 0.037640 0.114093 0.005253 0.001707 0.000680 0.000827 0.002293 0.000907 0.000333 0.000000 0.000120 0.000787 0.000000 0.000240 0.003227 0.001640 0.000880 0.001653 0.000547 0.000227 0.000187 0.002027 0.000000 0.000160 0.000000 0.000160 0.000000 0.000213 0.000680 0.000120 0.000173 0.010360 0.000000 0.000187 0.000333 0.012813 0.003040 0.002173 0.000187 0.000000 0.000080 0.000440
0.000000 0.012227 0.000000 0.000000 0.000173 0.000000 0.000000 0.000133 0.000453 0.000000 0.005333 0.000000 0.086773 0.000147 0.000187 0.000000 0.000000 0.000000 0.000000 0.000000 0.000000 0.001880 0.000000 0.005107 0.000000 0.001507 0.010427 0.000107 0.000160 0.000000 0.001893 0.000453 0.000000 0.000587 0.000000 0.000000 0.000000 0.000000 0.000000 0.000000 0.000000 0.000000 0.000000 0.000000 0.000960 0.000000 0.000640 0.000133 0.000000 0.000000 0.000000 0.000173 0.000000 0.000000 0.000000 0.000000 0.000000 0.000000 0.000000 0.000680 0.000453 0.000000 0.000080 0.000000 0.000307 0.000000 0.000000 0.000213
0.000280 0.000467 0.101000 0.000160 0.000213 0.001080 0.006800 0.004707 0.000200 0.002573 0.057507 0.000173 0.011987 0.004013 0.000067 0.000653 0.010960 0.047000 0.072427 0.000000 0.001107 0.000293 0.027480 0.004560 0.001507 0.000000 0.181693 0.004600 0.003173 0.000787 0.003120 0.001120 0.000000 0.010787 0.000000 0.000307 0.001840 0.000000 0.000000 0.000000 0.000067 0.000000 0.000000 0.000000 0.004507 0.000000 0.011107 0.000000 0.000000 0.000093 0.001520 0.006827 0.004467 0.000000 0.000000 0.000000 0.000133 0.000373 0.001800 0.056573 0.054720 0.000160 0.000080 0.000000 0.004720 0.000000 0.000000 0.000227
0.000067 0.015600 0.044733 0.000240 0.001427 0.000613 0.012667 0.001147 0.001667 0.003253 0.013253 0.000120 0.057107 0.001280 0.000947 0.036267 0.083187 0.009040 0.011307 0.000000 0.003653 0.011293 0.157053 0.037640 0.010427 0.181693 0.000000 0.031147 0.001773 0.000347 0.011627 0.000813 0.000000 0.029027 0.000000 0.001293 0.017747 0.000000 0.000000 0.000000 0.000253 0.000000 0.000000 0.000080 0.002333 0.000000 0.003680 0.000000 0.000000 0.008600 0.002373 0.003600 0.003600 0.000000 0.000253 0.000853 0.011027 0.002533 0.001733 0.047240 0.105453 0.001107 0.000000 0.000000 0.002240 0.000000 0.000000 0.000400
0.000200 0.000360 0.003080 0.195293 0.002733 0.030880 0.202307 0.004467 0.013093 0.357760 0.000773 0.006200 0.000453 0.004800 0.002387 0.012027 0.002080 0.000120 0.000187 0.048080 0.031147 0.004240 0.053747 0.114093 0.000107 0.004600 0.031147 0.000000 0.018013 0.079480 0.000067 0.001187 0.008013 0.004453 0.000227 0.000000 0.000107 0.003293 0.000000 0.000373 0.003480 0.002013 0.000280 0.005307 0.000160 0.001027 0.000000 0.001813 0.000000 0.000360 0.000000 0.000000 0.000000 0.001640 0.001613 0.000227 0.000347 0.006640 0.000000 0.000080 0.000253 0.015440 0.002853 0.002893 0.000000 0.000000 0.000067 0.000227
0.090427 0.000000 0.000907 0.001467 0.000227 0.005027 0.040667 0.021093 0.002333 0.016680 0.012747 0.003827 0.001547 0.084027 0.000373 0.000000 0.011947 0.005653 0.008347 0.000947 0.008040 0.000640 0.015547 0.005253 0.000160 0.003173 0.001773 0.018013 0.000000 0.090693 0.000160 0.004840 0.033133 0.019040 0.000000 0.000000 0.000000 0.000107 0.000000 0.000000 0.000693 0.000227 0.000107 0.000173 0.000000 0.000147 0.000000 0.000227 0.000000 0.000067 0.000000 0.000000 0.000000 0.000000 0.000227 0.000000 0.000000 0.002253 0.000000 0.000133 0.000067 0.002613 0.000533 0.000467 0.000000 0.000000 0.000000 0.000000
0.024427 0.000000 0.002627 0.000000 0.000000 0.000187 0.054640 0.006680 0.004533 0.000253 0.000920 0.000000 0.000000 0.022227 0.000000 0.000133 0.009600 0.000893 0.002560 0.000000 0.104107 0.004213 0.045747 0.001707 0.000000 0.000787 0.000347 0.079480 0.090693 0.000000 0.000000 0.000147 0.000520 0.003493 0.000213 0.000000 0.000000 0.000000 0.000000 0.000067 0.001667 0.000333 0.000467 0.000160 0.000000 0.000000 0.000000 0.000587 0.000000 0.000920 0.000000 0.000000 0.000000 0.000000 0.006613 0.000880 0.000453 0.009080 0.000000 0.000000 0.000000 0.010720 0.002840 0.008293 0.000000 0.000000 0.000080 0.000347
0.000000 0.000467 0.000000 0.000000 0.000000 0.000000 0.000000 0.000093 0.000067 0.000000 0.003320 0.000000 0.020720 0.000000 0.000000 0.000000 0.000000 0.000253 0.000067 0.000000 0.000000 0.000067 0.000000 0.000680 0.001893 0.003120 0.011627 0.000067 0.000160 0.000000 0.000000 0.000067 0.000000 0.000120 0.000000 0.000000 0.000000 0.000000 0.000000 0.000000 0.000000 0.000000 0.000000 0.000000 0.000493 0.000000 0.000960 0.000000 0.000000 0.000000 0.000000 0.000320 0.000000 0.000000 0.000000 0.000000 0.000000 0.000000 0.000000 0.000987 0.000573 0.000000 0.000000 0.000000 0.000427 0.000000 0.000000 0.000000
0.000173 0.000147 0.000160 0.000453 0.006160 0.018507 0.001080 0.065653 0.000653 0.003413 0.009107 0.001627 0.003520 0.009880 0.008533 0.000000 0.000253 0.001027 0.000373 0.000320 0.000200 0.000227 0.000373 0.000827 0.000453 0.001120 0.000813 0.001187 0.004840 0.000147 0.000067 0.000000 0.000000 0.037960 0.000000 0.000000 0.000000 0.000000 0.000000 0.000000 0.000107 0.000147 0.000000 0.000080 0.000000 0.000000 0.000000 0.000133 0.000000 0.000000 0.000000 0.000000 0.000000 0.000000 0.000000 0.000000 0.000000 0.000320 0.000000 0.000000 0.000000 0.000253 0.000000 0.000000 0.000000 0.000000 0.000000 0.000000
0.000000 0.000000 0.000000 0.000107 0.000000 0.000000 0.004200 0.000000 0.000227 0.000400 0.000360 0.000000 0.000000 0.000000 0.000000 0.000000 0.000133 0.000093 0.000160 0.000000 0.000147 0.000000 0.000000 0.002293 0.000000 0.000000 0.000000 0.008013 0.033133 0.000520 0.000000 0.000000 0.000000 0.004213 0.000000 0.000000 0.000000 0.000000 0.000000 0.000000 0.000000 0.000000 0.000000 0.000000 0.000000 0.000000 0.000000 0.000000 0.000000 0.000000 0.000000 0.000000 0.000000 0.000000 0.000000 0.000000 0.000000 0.000000 0.000000 0.000000 0.000000 0.000000 0.000000 0.000000 0.000000 0.000000 0.000000 0.000000
0.000320 0.000213 0.000147 0.000600 0.005827 0.001173 0.004027 0.002213 0.000120 0.005640 0.027973 0.001187 0.012027 0.002813 0.000080 0.000280 0.012600 0.007693 0.021960 0.000280 0.013773 0.000133 0.029840 0.000907 0.000587 0.010787 0.029027 0.004453 0.019040 0.003493 0.000120 0.037960 0.004213 0.000000 0.000000 0.000000 0.000000 0.000000 0.000000 0.000000 0.000227 0.000000 0.000000 0.000173 0.000067 0.000067 0.000000 0.000213 0.000000 0.000000 0.000000 0.000000 0.000000 0.000000 0.000000 0.000000 0.000000 0.000240 0.000000 0.000573 0.000587 0.000507 0.000160 0.000067 0.000000 0.000000 0.000000 0.000000
0.000000 0.000000 0.000000 0.000000 0.000000 0.000000 0.000067 0.000000 0.000147 0.000000 0.000000 0.000000 0.000000 0.000000 0.000000 0.000000 0.000000 0.000000 0.000000 0.000000 0.000000 0.000000 0.000000 0.000333 0.000000 0.000000 0.000000 0.000227 0.000000 0.000213 0.000000 0.000000 0.000000 0.000000 0.000000 0.000000 0.000347 0.000187 0.000000 0.000133 0.033907 0.002467 0.000240 0.003040 0.001640 0.000093 0.000000 0.087307 0.000000 0.000000 0.001147 0.001333 0.001680 0.000173 0.000173 0.000160 0.000760 0.002067 0.000000 0.001813 0.000413 0.006680 0.085960 0.035787 0.000067 0.000000 0.000160 0.000827
0.000000 0.000253 0.000120 0.000000 0.000000 0.000000 0.000000 0.000000 0.000000 0.000000 0.000000 0.000000 0.000093 0.000000 0.000000 0.000000 0.000067 0.000000 0.000000 0.000000 0.000000 0.000000 0.000000 0.000000 0.000000 0.000307 0.001293 0.000000 0.000000 0.000000 0.000000 0.000000 0.000000 0.000000 0.000000 0.000000 0.000000 0.000000 0.000147 0.000093 0.000000 0.000000 0.000200 0.000000 0.000280 0.000000 0.006627 0.000000 0.000000 0.000000 0.000173 0.000000 0.000400 0.000000 0.000000 0.001013 0.000067 0.003520 0.013733 0.002507 0.028880 0.000267 0.000000 0.000000 0.001773 0.000000 0.000000 0.000187
0.000000 0.002147 0.009867 0.000000 0.000000 0.000000 0.000000 0.000000 0.000000 0.000000 0.000000 0.000000 0.000000 0.000000 0.000000 0.000213 0.002440 0.000000 0.000200 0.000000 0.000000 0.000000 0.005653 0.000120 0.000000 0.001840 0.017747 0.000107 0.000000 0.000000 0.000000 0.000000 0.000000 0.000000 0.000347 0.000000 0.000000 0.000173 0.000000 0.000560 0.021787 0.009267 0.000000 0.005013 0.001027 0.000000 0.000360 0.006733 0.000000 0.000120 0.037267 0.000560 0.009160 0.000000 0.002627 0.000000 0.092240 0.000373 0.000000 0.123680 0.102120 0.004027 0.000640 0.000653 0.000667 0.000000 0.000000 0.000680
0.000000 0.000000 0.000000 0.003680 0.000000 0.000640 0.000600 0.000107 0.000173 0.003213 0.000000 0.000360 0.000000 0.000067 0.000000 0.000000 0.000000 0.000000 0.000000 0.000880 0.000000 0.000000 0.000000 0.000787 0.000000 0.000000 0.000000 0.003293 0.000107 0.000000 0.000000 0.000000 0.000000 0.000000 0.000187 0.000000 0.000173 0.000000 0.000787 0.003373 0.000760 0.003040 0.005107 0.161960 0.000160 0.012933 0.000000 0.002680 0.000280 0.000000 0.000080 0.000000 0.000000 0.064720 0.000000 0.000000 0.000000 0.032120 0.000000 0.000253 0.000200 0.042347 0.002440 0.000147 0.000000 0.000600 0.000000 0.000640
0.000000 0.000000 0.000000 0.000000 0.000000 0.000000 0.000000 0.000000 0.000000 0.000000 0.000000 0.000000 0.000000 0.000000 0.000000 0.000000 0.000000 0.000000 0.000000 0.000000 0.000000 0.000000 0.000000 0.000000 0.000000 0.000000 0.000000 0.000000 0.000000 0.000000 0.000000 0.000000 0.000000 0.000000 0.000000 0.000147 0.000000 0.000787 0.000000 0.010480 0.000453 0.000747 0.000347 0.000307 0.000120 0.000000 0.000453 0.000413 0.002187 0.000000 0.000000 0.000067 0.000107 0.000000 0.000000 0.001493 0.000000 0.005053 0.000173 0.000920 0.002773 0.003347 0.000267 0.000000 0.000200 0.002173 0.000000 0.000707
0.000000 0.000000 0.000000 0.000293 0.000000 0.000080 0.000200 0.000067 0.000000 0.000400 0.000000 0.000067 0.000000 0.000000 0.000000 0.000000 0.000000 0.000000 0.000000 0.000000 0.000000 0.000000 0.000000 0.000240 0.000000 0.000000 0.000000 0.000373 0.000000 0.000067 0.000000 0.000000 0.000000 0.000000 0.000133 0.000093 0.000560 0.003373 0.010480 0.000000 0.020333 0.115467 0.000813 0.252267 0.000307 0.029307 0.000280 0.009387 0.001560 0.000000 0.000120 0.000080 0.000000 0.007147 0.000000 0.000280 0.000387 0.003213 0.000067 0.000747 0.001213 0.012787 0.002267 0.000160 0.000147 0.008013 0.000000 0.000813
0.000000 0.000000 0.000080 0.000467 0.000000 0.000333 0.001413 0.000467 0.000227 0.001320 0.000093 0.000160 0.000080 0.000307 0.000000 0.000000 0.000000 0.000000 0.000000 0.000240 0.000240 0.000000 0.000080 0.003227 0.000000 0.000067 0.000253 0.003480 0.000693 0.001667 0.000000 0.000107 0.000000 0.000227 0.033907 0.000000 0.021787 0.000760 0.000453 0.020333 0.000000 0.088027 0.001147 0.208120 0.002307 0.000213 0.000453 0.170760 0.000133 0.000000 0.012067 0.002293 0.007507 0.000187 0.007800 0.000453 0.072240 0.003840 0.000000 0.014467 0.009000 0.291147 0.033720 0.094267 0.000480 0.000427 0.000373 0.006040
0.000000 0.000000 0.000000 0.000600 0.000000 0.000320 0.001040 0.000293 0.000293 0.001480 0.000080 0.000147 0.000107 0.000227 0.000000 0.000000 0.000000 0.000000 0.000000 0.000253 0.000000 0.000000 0.000000 0.001640 0.000000 0.000000 0.000000 0.002013 0.000227 0.000333 0.000000 0.000147 0.000000 0.000000 0.002467 0.000000 0.009267 0.003040 0.000747 0.115467 0.088027 0.000000 0.001413 0.103920 0.003347 0.016107 0.000947 0.218480 0.000107 0.000000 0.003053 0.000960 0.001907 0.008120 0.000093 0.000093 0.011387 0.001787 0.000080 0.007733 0.000880 0.016560 0.013467 0.010533 0.000333 0.014400 0.000000 0.003773
0.000000 0.000000 0.000000 0.000120 0.000000 0.000000 0.000213 0.000067 0.000000 0.000200 0.000000 0.000000 0.000000 0.000000 0.000000 0.000000 0.000000 0.000000 0.000000 0.000000 0.000000 0.000000 0.000000 0.000880 0.000000 0.000000 0.000000 0.000280 0.000107 0.000467 0.000000 0.000000 0.000000 0.000000 0.000240 0.000200 0.000000 0.005107 0.000347 0.000813 0.001147 0.001413 0.000000 0.004947 0.000000 0.001027 0.000293 0.000947 0.000093 0.000000 0.000000 0.000000 0.000000 0.000893 0.000000 0.004680 0.000000 0.009440 0.000227 0.000347 0.001480 0.011987 0.001493 0.001640 0.000120 0.000000 0.000000 0.000000
0.000000 0.000000 0.000000 0.003747 0.000000 0.000880 0.001360 0.000360 0.000253 0.005573 0.000000 0.000773 0.000000 0.000200 0.000000 0.000000 0.000000 0.000000 0.000000 0.001453 0.000000 0.000000 0.000000 0.001653 0.000000 0.000000 0.000080 0.005307 0.000173 0.000160 0.000000 0.000080 0.000000 0.000173 0.003040 0.000000 0.005013 0.161960 0.000307 0.252267 0.208120 0.103920 0.004947 0.000000 0.001627 0.115133 0.000267 0.050320 0.000107 0.000000 0.000267 0.000547 0.000253 0.546720 0.000000 0.000080 0.003040 0.006760 0.000000 0.002747 0.001093 0.145867 0.037613 0.001013 0.000280 0.002413 0.000000 0.005613
0.000000 0.000267 0.000000 0.000000 0.000000 0.000000 0.000093 0.000000 0.000000 0.000000 0.003493 0.000000 0.010013 0.000000 0.000000 0.000000 0.000000 0.000787 0.000000 0.000000 0.000000 0.000160 0.000000 0.000547 0.000960 0.004507 0.002333 0.000160 0.000000 0.000000 0.000493 0.000000 0.000000 0.000067 0.001640 0.000280 0.001027 0.000160 0.000120 0.000307 0.002307 0.003347 0.000000 0.001627 0.000000 0.000840 0.044880 0.011627 0.000000 0.000000 0.003320 0.100720 0.025200 0.000520 0.000427 0.000067 0.002267 0.000840 0.001253 0.045587 0.009867 0.000920 0.013987 0.004453 0.014787 0.004267 0.000000 0.046133
0.000000 0.000000 0.000000 0.001347 0.000000 0.001693 0.000213 0.000280 0.000067 0.002840 0.000067 0.002013 0.000000 0.000227 0.000000 0.000000 0.000000 0.000000 0.000000 0.003360 0.000000 0.000000 0.000000 0.000227 0.000000 0.000000 0.000000 0.001027 0.000147 0.000000 0.000000 0.000000 0.000000 0.000067 0.000093 0.000000 0.000000 0.012933 0.000000 0.029307 0.000213 0.016107 0.001027 0.115133 0.000840 0.000000 0.000267 0.014373 0.000000 0.000000 0.000000 0.000200 0.000107 0.075880 0.000000 0.000000 0.000000 0.000960 0.000000 0.000373 0.000133 0.005880 0.007947 0.000000 0.000133 0.000707 0.000000 0.001533
0.000000 0.000093 0.000000 0.000000 0.000000 0.000000 0.000000 0.000000 0.000000 0.000000 0.007853 0.000000 0.010853 0.000000 0.000000 0.000000 0.000000 0.001360 0.000000 0.000000 0.000000 0.000000 0.000000 0.000187 0.000640 0.011107 0.003680 0.000000 0.000000 0.000000 0.000960 0.000000 0.000000 0.000000 0.000000 0.006627 0.000360 0.000000 0.000453 0.000280 0.000453 0.000947 0.000293 0.000267 0.044880 0.000267 0.000000 0.004333 0.000120 0.000093 0.000067 0.001200 0.000227 0.000093 0.000000 0.000973 0.000133 0.003920 0.027693 0.005680 0.086707 0.000720 0.006267 0.000080 0.041253 0.002653 0.000000 0.013240
0.000000 0.000000 0.000000 0.000267 0.000000 0.000280 0.000787 0.000387 0.000480 0.000867 0.000160 0.000093 0.000413 0.000213 0.000000 0.000000 0.000000 0.000000 0.000000 0.000000 0.000000 0.000000 0.000000 0.002027 0.000133 0.000000 0.000000 0.001813 0.000227 0.000587 0.000000 0.000133 0.000000 0.000213 0.087307 0.000000 0.006733 0.002680 0.000413 0.009387 0.170760 0.218480 0.000947 0.050320 0.011627 0.014373 0.004333 0.000000 0.000000 0.000000 0.005693 0.002947 0.003947 0.007053 0.000493 0.000093 0.012147 0.002107 0.000467 0.011760 0.001507 0.014253 0.177547 0.032733 0.000720 0.021400 0.000000 0.013813
0.000000 0.000000 0.000000 0.000000 0.000000 0.000000 0.000000 0.000000 0.000000 0.000000 0.000000 0.000000 0.000000 0.000000 0.000000 0.000000 0.000000 0.000000 0.000000 0.000000 0.000000 0.000000 0.000000 0.000000 0.000000 0.000000 0.000000 0.000000 0.000000 0.000000 0.000000 0.000000 0.000000 0.000000 0.000000 0.000000 0.000000 0.000280 0.002187 0.001560 0.000133 0.000107 0.000093 0.000107 0.000000 0.000000 0.000120 0.000000 0.000000 0.000000 0.000000 0.000000 0.000000 0.000080 0.000000 0.000240 0.000000 0.002027 0.000000 0.000253 0.000693 0.000760 0.000000 0.000000 0.000107 0.000107 0.000000 0.000000
0.000000 0.000000 0.000213 0.000000 0.000000 0.000000 0.000000 0.000000 0.000000 0.000000 0.000000 0.000000 0.000000 0.000000 0.000000 0.016840 0.000000 0.000000 0.000000 0.000000 0.004453 0.001667 0.016587 0.000160 0.000000 0.000093 0.008600 0.000360 0.000067 0.000920 0.000000 0.000000 0.000000 0.000000 0.000000 0.000000 0.000120 0.000000 0.000000 0.000000 0.000000 0.000000 0.000000 0.000000 0.000000 0.000000 0.000093 0.000000 0.000000 0.000000 0.000493 0.000000 0.000187 0.000000 0.036747 0.008347 0.062213 0.009280 0.000000 0.000760 0.012013 0.010707 0.000440 0.000680 0.000120 0.000000 0.000000 0.000520
0.000000 0.000133 0.000973 0.000000 0.000000 0.000000 0.000000 0.000000 0.000000 0.000000 0.000000 0.000000 0.000000 0.000000 0.000000 0.000000 0.000307 0.000000 0.000000 0.000000 0.000000 0.000000 0.000120 0.000000 0.000000 0.001520 0.002373 0.000000 0.000000 0.000000 0.000000 0.000000 0.000000 0.000000 0.001147 0.000173 0.037267 0.000080 0.000000 0.000120 0.012067 0.003053 0.000000 0.000267 0.003320 0.000000 0.000067 0.005693 0.000000 0.000493 0.000000 0.008707 0.056213 0.000000 0.002547 0.000000 0.075627 0.003480 0.000000 0.017627 0.088333 0.003067 0.002480 0.012653 0.000000 0.000000 0.000000 0.025680
0.000000 0.000000 0.000000 0.000000 0.000000 0.000000 0.000000 0.000000 0.000000 0.000000 0.001053 0.000000 0.001560 0.000000 0.000000 0.000000 0.000000 0.001000 0.000200 0.000000 0.000000 0.000000 0.000000 0.000160 0.000173 0.006827 0.003600 0.000000 0.000000 0.000000 0.000320 0.000000 0.000000 0.000000 0.001333 0.000000 0.000560 0.000000 0.000067 0.000080 0.002293 0.000960 0.000000 0.000547 0.100720 0.000200 0.001200 0.002947 0.000000 0.000000 0.008707 0.000000 0.078040 0.000173 0.000600 0.000000 0.002507 0.000200 0.000173 0.034693 0.019973 0.000387 0.004227 0.005427 0.002213 0.000080 0.000000 0.019653
0.000000 0.000000 0.000227 0.000000 0.000000 0.000000 0.000000 0.000000 0.000000 0.000000 0.000067 0.000000 0.000067 0.000000 0.000000 0.000000 0.000147 0.000107 0.000120 0.000000 0.000000 0.000000 0.000000 0.000000 0.000000 0.004467 0.003600 0.000000 0.000000 0.000000 0.000000 0.000000 0.000000 0.000000 0.001680 0.000400 0.009160 0.000000 0.000107 0.000000 0.007507 0.001907 0.000000 0.000253 0.025200 0.000107 0.000227 0.003947 0.000000 0.000187 0.056213 0.078040 0.000000 0.000000 0.001280 0.000093 0.009747 0.002040 0.000093 0.069960 0.046067 0.001413 0.003547 0.008040 0.000413 0.000000 0.000000 0.027773
0.000000 0.000000 0.000000 0.002080 0.000000 0.000253 0.000240 0.000147 0.000093 0.002093 0.000000 0.000120 0.000000 0.000080 0.000000 0.000000 0.000000 0.000000 0.000000 0.000640 0.000000 0.000000 0.000000 0.000213 0.000000 0.000000 0.000000 0.001640 0.000000 0.000000 0.000000 0.000000 0.000000 0.000000 0.000173 0.000000 0.000000 0.064720 0.000000 0.007147 0.000187 0.008120 0.000893 0.546720 0.000520 0.075880 0.000093 0.007053 0.000080 0.000000 0.000000 0.000173 0.000000 0.000000 0.000000 0.000000 0.000000 0.002240 0.000000 0.000213 0.000080 0.022347 0.004880 0.000173 0.000000 0.000333 0.000000 0.000880
0.000000 0.000000 0.000107 0.000000 0.000000 0.000000 0.000000 0.000000 0.000000 0.000000 0.000000 0.000000 0.000000 0.000000 0.000000 0.004880 0.000000 0.000000 0.000000 0.000000 0.009093 0.001107 0.002400 0.000680 0.000000 0.000000 0.000253 0.001613 0.000227 0.006613 0.000000 0.000000 0.000000 0.000000 0.000173 0.000000 0.002627 0.000000 0.000000 0.000000 0.007800 0.000093 0.000000 0.000000 0.000427 0.000000 0.000000 0.000493 0.000000 0.036747 0.002547 0.000600 0.001280 0.000000 0.000000 0.001947 0.223947 0.000200 0.000000 0.001440 0.003520 0.027933 0.003653 0.084893 0.000107 0.000000 0.003947 0.015960
0.000000 0.000000 0.000000 0.000000 0.000000 0.000000 0.000000 0.000000 0.000000 0.000000 0.000000 0.000000 0.000000 0.000000 0.000000 0.000987 0.000000 0.000000 0.000000 0.000000 0.000653 0.000000 0.000520 0.000120 0.000000 0.000000 0.000853 0.000227 0.000000 0.000880 0.000000 0.000000 0.000000 0.000000 0.000160 0.001013 0.000000 0.000000 0.001493 0.000280 0.000453 0.000093 0.004680 0.000080 0.000067 0.000000 0.000973 0.000093 0.000240 0.008347 0.000000 0.000000 0.000093 0.000000 0.001947 0.000000 0.001653 0.005653 0.000973 0.000493 0.005933 0.002013 0.001507 0.001893 0.000293 0.000360 0.000000 0.000000
0.000000 0.000000 0.001373 0.000000 0.000000 0.000000 0.000067 0.000000 0.000000 0.000000 0.000000 0.000000 0.000000 0.000000 0.000000 0.012107 0.000187 0.000000 0.000000 0.000000 0.003387 0.000627 0.016493 0.000173 0.000000 0.000133 0.011027 0.000347 0.000000 0.000453 0.000000 0.000000 0.000000 0.000000 0.000760 0.000067 0.092240 0.000000 0.000000 0.000387 0.072240 0.011387 0.000000 0.003040 0.002267 0.000000 0.000133 0.012147 0.000000 0.062213 0.075627 0.002507 0.009747 0.000000 0.223947 0.001653 0.000000 0.007453 0.000000 0.021080 0.091440 0.077333 0.000853 0.033533 0.000187 0.000000 0.000133 0.019707
0.000147 0.000000 0.000560 0.001147 0.000000 0.000560 0.003253 0.000933 0.001053 0.002040 0.000200 0.000200 0.000227 0.000667 0.000000 0.000640 0.000080 0.000000 0.000000 0.000280 0.001760 0.000427 0.001040 0.010360 0.000000 0.000373 0.002533 0.006640 0.002253 0.009080 0.000000 0.000320 0.000000 0.000240 0.002067 0.003520 0.000373 0.032120 0.005053 0.003213 0.003840 0.001787 0.009440 0.006760 0.000840 0.000960 0.003920 0.002107 0.002027 0.009280 0.003480 0.000200 0.002040 0.002240 0.000200 0.005653 0.007453 0.000000 0.005547 0.010213 0.038520 0.082040 0.015053 0.011080 0.002413 0.002800 0.000653 0.002253
0.000000 0.000000 0.000000 0.000000 0.000000 0.000000 0.000000 0.000000 0.000000 0.000000 0.000187 0.000000 0.000373 0.000000 0.000000 0.000000 0.000000 0.000000 0.000000 0.000000 0.000000 0.000000 0.000000 0.000000 0.000000 0.001800 0.001733 0.000000 0.000000 0.000000 0.000000 0.000000 0.000000 0.000000 0.000000 0.013733 0.000000 0.000000 0.000173 0.000067 0.000000 0.000080 0.000227 0.000000 0.001253 0.000000 0.027693 0.000467 0.000000 0.000000 0.000000 0.000173 0.000093 0.000000 0.000000 0.000973 0.000000 0.005547 0.000000 0.006867 0.028733 0.000160 0.000560 0.000000 0.003013 0.000280 0.000000 0.001373
0.000000 0.000440 0.002013 0.000000 0.000000 0.000000 0.000080 0.000000 0.000000 0.000000 0.003720 0.000000 0.007787 0.000093 0.000000 0.000000 0.001307 0.003533 0.001707 0.000000 0.000000 0.000000 0.000320 0.000187 0.000680 0.056573 0.047240 0.000080 0.000133 0.000000 0.000987 0.000000 0.000000 0.000573 0.001813 0.002507 0.123680 0.000253 0.000920 0.000747 0.014467 0.007733 0.000347 0.002747 0.045587 0.000373 0.005680 0.011760 0.000253 0.000760 0.017627 0.034693 0.069960 0.000213 0.001440 0.000493 0.021080 0.010213 0.006867 0.000000 0.133000 0.005267 0.004440 0.003160 0.017800 0.000480 0.000000 0.011973
0.000000 0.005360 0.017013 0.000000 0.000000 0.000000 0.000093 0.000000 0.000000 0.000000 0.002360 0.000000 0.003213 0.000000 0.000000 0.002587 0.004853 0.001813 0.001787 0.000000 0.000133 0.000480 0.014253 0.000333 0.000453 0.054720 0.105453 0.000253 0.000067 0.000000 0.000573 0.000000 0.000000 0.000587 0.000413 0.028880 0.102120 0.000200 0.002773 0.001213 0.009000 0.000880 0.001480 0.001093 0.009867 0.000133 0.086707 0.001507 0.000693 0.012013 0.088333 0.019973 0.046067 0.000080 0.003520 0.005933 0.091440 0.038520 0.028733 0.133000 0.000000 0.023560 0.001400 0.001027 0.033400 0.000733 0.000000 0.022653
0.000080 0.000000 0.000400 0.004680 0.000093 0.002400 0.008667 0.001533 0.001107 0.009107 0.000200 0.000627 0.000080 0.001013 0.000000 0.000667 0.000000 0.000000 0.000000 0.001573 0.001680 0.000187 0.000667 0.012813 0.000000 0.000160 0.001107 0.015440 0.002613 0.010720 0.000000 0.000253 0.000000 0.000507 0.006680 0.000267 0.004027 0.042347 0.003347 0.012787 0.291147 0.016560 0.011987 0.145867 0.000920 0.005880 0.000720 0.014253 0.000760 0.010707 0.003067 0.000387 0.001413 0.022347 0.027933 0.002013 0.077333 0.082040 0.000160 0.005267 0.023560 0.000000 0.046827 0.084107 0.000733 0.001200 0.001987 0.015013
0.000000 0.000000 0.000000 0.000147 0.000000 0.000107 0.000747 0.000200 0.000427 0.000307 0.000107 0.000000 0.000387 0.000173 0.000000 0.000093 0.000000 0.000000 0.000000 0.000080 0.000787 0.000240 0.000000 0.003040 0.000080 0.000080 0.000000 0.002853 0.000533 0.002840 0.000000 0.000000 0.000000 0.000160 0.085960 0.000000 0.000640 0.002440 0.000267 0.002267 0.033720 0.013467 0.001493 0.037613 0.013987 0.007947 0.006267 0.177547 0.000000 0.000440 0.002480 0.004227 0.003547 0.004880 0.003653 0.001507 0.000853 0.015053 0.000560 0.004440 0.001400 0.046827 0.000000 0.107960 0.000627 0.016280 0.042787 0.054787
0.000000 0.000000 0.000000 0.000000 0.000000 0.000000 0.000253 0.000107 0.000480 0.000000 0.000000 0.000000 0.000000 0.000000 0.000000 0.001053 0.000000 0.000000 0.000000 0.000000 0.004040 0.000507 0.000213 0.002173 0.000000 0.000000 0.000000 0.002893 0.000467 0.008293 0.000000 0.000000 0.000000 0.000067 0.035787 0.000000 0.000653 0.000147 0.000000 0.000160 0.094267 0.010533 0.001640 0.001013 0.004453 0.000000 0.000080 0.032733 0.000000 0.000680 0.012653 0.005427 0.008040 0.000173 0.084893 0.001893 0.033533 0.011080 0.000000 0.003160 0.001027 0.084107 0.107960 0.000000 0.000067 0.000000 0.001493 0.011093
0.000000 0.000093 0.000000 0.000000 0.000000 0.000000 0.000000 0.000000 0.000000 0.000000 0.001960 0.000000 0.004000 0.000000 0.000000 0.000000 0.000000 0.000573 0.000093 0.000000 0.000000 0.000000 0.000000 0.000187 0.000307 0.004720 0.002240 0.000000 0.000000 0.000000 0.000427 0.000000 0.000000 0.000000 0.000067 0.001773 0.000667 0.000000 0.000200 0.000147 0.000480 0.000333 0.000120 0.000280 0.014787 0.000133 0.041253 0.000720 0.000107 0.000120 0.000000 0.002213 0.000413 0.000000 0.000107 0.000293 0.000187 0.002413 0.003013 0.017800 0.033400 0.000733 0.000627 0.000067 0.000000 0.000213 0.000000 0.000987
